Simulation Number Dipole.photonEnergy Dipole.numberRays Dipole.sourceWidth Dipole.sourceHeight Dipole.verEbeamDiv
0                     2000                  250000.0              0.01715               0.0024300000000000003 0.81                 
1                     2250                  250000.0              0.01715               0.0024300000000000003 0.81                 
2                     2500                  250000.0              0.01715               0.0024300000000000003 0.81                 
3                     2750                  250000.0              0.01715               0.0024300000000000003 0.81                 
4                     3000                  250000.0              0.01715               0.0024300000000000003 0.81                 
5                     3250                  250000.0              0.01715               0.0024300000000000003 0.81                 
6                     3500                  250000.0              0.01715               0.0024300000000000003 0.81                 
7                     3750                  250000.0              0.01715               0.0024300000000000003 0.81                 
8                     4000                  250000.0              0.01715               0.0024300000000000003 0.81                 
9                     4250                  250000.0              0.01715               0.0024300000000000003 0.81                 
10                    4500                  250000.0              0.01715               0.0024300000000000003 0.81                 
11                    4750                  250000.0              0.01715               0.0024300000000000003 0.81                 
12                    5000                  250000.0              0.01715               0.0024300000000000003 0.81                 
13                    5250                  250000.0              0.01715               0.0024300000000000003 0.81                 
14                    5500                  250000.0              0.01715               0.0024300000000000003 0.81                 
15                    5750                  250000.0              0.01715               0.0024300000000000003 0.81                 
16                    6000                  250000.0              0.01715               0.0024300000000000003 0.81                 
17                    6250                  250000.0              0.01715               0.0024300000000000003 0.81                 
18                    6500                  250000.0              0.01715               0.0024300000000000003 0.81                 
19                    6750                  250000.0              0.01715               0.0024300000000000003 0.81                 
20                    7000                  250000.0              0.01715               0.0024300000000000003 0.81                 
21                    7250                  250000.0              0.01715               0.0024300000000000003 0.81                 
22                    7500                  250000.0              0.01715               0.0024300000000000003 0.81                 
23                    7750                  250000.0              0.01715               0.0024300000000000003 0.81                 
24                    8000                  250000.0              0.01715               0.0024300000000000003 0.81                 
25                    8250                  250000.0              0.01715               0.0024300000000000003 0.81                 
26                    8500                  250000.0              0.01715               0.0024300000000000003 0.81                 
27                    8750                  250000.0              0.01715               0.0024300000000000003 0.81                 
28                    9000                  250000.0              0.01715               0.0024300000000000003 0.81                 
29                    9250                  250000.0              0.01715               0.0024300000000000003 0.81                 
30                    9500                  250000.0              0.01715               0.0024300000000000003 0.81                 
31                    9750                  250000.0              0.01715               0.0024300000000000003 0.81                 
32                    10000                 250000.0              0.01715               0.0024300000000000003 0.81                 
33                    11000                 250000.0              0.01715               0.0024300000000000003 0.81                 
34                    12000                 250000.0              0.01715               0.0024300000000000003 0.81                 
35                    13000                 250000.0              0.01715               0.0024300000000000003 0.81                 
36                    14000                 250000.0              0.01715               0.0024300000000000003 0.81                 
37                    15000                 250000.0              0.01715               0.0024300000000000003 0.81                 
38                    16000                 250000.0              0.01715               0.0024300000000000003 0.81                 
39                    17000                 250000.0              0.01715               0.0024300000000000003 0.81                 
40                    18000                 250000.0              0.01715               0.0024300000000000003 0.81                 
41                    19000                 250000.0              0.01715               0.0024300000000000003 0.81                 
42                    20000                 250000.0              0.01715               0.0024300000000000003 0.81                 
43                    21000                 250000.0              0.01715               0.0024300000000000003 0.81                 
44                    22000                 250000.0              0.01715               0.0024300000000000003 0.81                 
45                    23000                 250000.0              0.01715               0.0024300000000000003 0.81                 
46                    24000                 250000.0              0.01715               0.0024300000000000003 0.81                 
47                    25000                 250000.0              0.01715               0.0024300000000000003 0.81                 
48                    26000                 250000.0              0.01715               0.0024300000000000003 0.81                 
49                    27000                 250000.0              0.01715               0.0024300000000000003 0.81                 
50                    28000                 250000.0              0.01715               0.0024300000000000003 0.81                 
51                    29000                 250000.0              0.01715               0.0024300000000000003 0.81                 
52                    30000                 250000.0              0.01715               0.0024300000000000003 0.81                 
53                    31000                 250000.0              0.01715               0.0024300000000000003 0.81                 
54                    32000                 250000.0              0.01715               0.0024300000000000003 0.81                 
55                    33000                 250000.0              0.01715               0.0024300000000000003 0.81                 
56                    34000                 250000.0              0.01715               0.0024300000000000003 0.81                 
57                    35000                 250000.0              0.01715               0.0024300000000000003 0.81                 
58                    36000                 250000.0              0.01715               0.0024300000000000003 0.81                 
59                    37000                 250000.0              0.01715               0.0024300000000000003 0.81                 
60                    38000                 250000.0              0.01715               0.0024300000000000003 0.81                 
61                    39000                 250000.0              0.01715               0.0024300000000000003 0.81                 
62                    40000                 250000.0              0.01715               0.0024300000000000003 0.81                 
