0.0022798531837409496
0.0018615670429881857
3.609876562133286e-05
0.0029251179306543067
0.0023340140523739703
-0.000986793510547777
-0.0028767930494911693
0.001025386315132039
0.0023131718438887637
-1.7060259248867764e-05
-0.0016709111340665113
0.002047144365471991
-0.0014990241142884674
-0.0006815253156315141
0.0011622486323740813
-0.0009451656384645143
8.527836738915278e-05
0.0019907794433692136
-0.0019000059086153396
0.0015015572957666626
-0.000415948788708753
-0.0017423270658366112
0.002974159496504914
0.00264721286590634
-0.00019467765371239268
-0.00031671988506848034
0.0005543043954327974
0.0023499157599515957
0.0021332615513724945
-0.0023225014946775327
-0.0011527564667631576
-0.0002869175305996803
0.00098782377183912
8.644100597478234e-05
0.002210951776370507
-0.002626628435984977
-0.002267827555713799
0.0013489250800169097
0.0025830643729440553
0.0028390532497161837
-0.0005935568364998111
0.00046241336053099704
0.0020774627243920043
-0.002397882001362837
0.0006222865695507613
0.0024371123396299222
-0.0010636041410323905
-0.002534875850504119
0.0018199107849355516
0.0014210963943069562
-0.0020468858332014723
0.0027171672150628984
0.0014802468287247444
-0.0011042894923466355
-0.0026255883004134752
-0.002076399974300375
0.0004352028585228626
0.00022214479651098138
0.0024875627795696055
0.002461174599210577
-0.0002947264135321182
-0.0012088178899332396
7.158260297358658e-05
0.002472474816893799
-0.0010950573667358238
-0.0028351494068951807
0.0015041636952558357
0.0014573506558412767
0.0028212777565998935
0.0008613101571984874
-0.002382915497845335
-0.0005950644129058824
0.00040791771417711875
-0.00013298529449715666
0.001325376487330443
-0.0004302979737308933
0.0018909124536313606
0.001723546355691172
-5.9651824553859194e-05
-0.002552282349693796
-0.00216809400552788
-0.0005584658715522433
0.0012654224280695325
-0.0021614719797327766
-0.0002666864816339453
-0.002609524800612324
-0.0004949223133491566
-0.0004967864892780572
0.0005550422464394435
-0.001613676815887551
-0.0007320705544382336
0.00048101542735481473
-0.0014984767040878422
0.002353544261659163
-0.00021232890795142446
-0.0017750719618719964
-0.0026153552747752652
0.000561775323540631
-0.0026102342686155264
0.0013411450530170614
0.0005104880906709034
0.0027362327282280394
0.001869251651357937
0.0013090241121367936
0.0015185613941483822
-0.0017116583900409397
0.0025266627337948997
0.002473454378038055
0.0009415069248882206
-0.0004297200686350531
0.0010689862105983114
-0.0021404306330404404
-0.0020911052089055923
-0.0029850018738580976
0.00048785245556999405
-0.0020788384523310437
-0.0010024042213481773
0.0005996642587347413
0.001770979503196349
0.0024951956912103966
0.0029525872152407684
-0.0010775355369106753
-0.002417446407214594
0.0016040035609878886
-0.0002949464010515339
0.0018672559261704632
0.001117684995542571
-0.00023345036373200725
-0.0003109322373226857
0.0009842509228098094
0.002399994814055055
-0.001383099246466031
0.0024622829364496276
0.0007939075755310269
0.0010061719406789793
-0.0017966205206216646
0.0008609809752788155
-0.00019677832647402305
-0.0004257226241900203
-0.00010677034883645924
-0.0004356542274823803
-0.0014528816697281974
-0.0019703742903489914
0.0005352840355847773
-0.002497990951662106
-0.002056174699030567
-0.0021511588035250107
-0.0014995918897130547
0.0012108740358591696
-0.0023176106827144678
-0.002142736659556622
0.0010232111382100098
-0.00034595785689023936
-0.002801282744235986
0.001902198140231447
0.0021658229099496464
-0.0013574939654564262
-0.0013993683019075949
-0.0016644731065560893
-0.0010052726387302685
-0.0007285443038840453
0.0026241239579418542
0.0016950015461000053
-0.0029307493459225266
-0.0011052550250248508
0.0019295568798302978
-0.00027990140587572316
-0.0017979171496829908
0.0004895520210458377
0.0016770681935862628
-0.0014946205100075916
-0.0005425355673749489
-0.0016416612347702076
0.0024272368771646406
0.0007403383865413195
-0.0009766037673592728
-0.0028199706526708056
-0.0008620722447456697
-0.0011637562330388432
-0.0008301544467242336
-0.0007939670977074372
0.001170261095393101
-0.002962954665662867
0.0017020742143545277
-0.002082603111837813
0.0028146319564188935
0.0006827479093783379
0.0005461255318132815
0.0002586912632461685
0.002034665782419034
-0.0006964334103127284
0.002779963209556543
0.0013938002548860495
0.002085656249683791
-0.00025886799303922233
-0.0013236118392427217
0.0017449723504979354
0.0021614505825746184
0.0027150090323170544
0.0022936622876770897
-0.0026699424567053712
-0.001452593156118401
-9.703393842758158e-05
-0.001083470973581184
-0.002031297523709602
-0.00028569149094874674
0.0021764454445488994
-0.0025785025649810896
0.0022102632528615274
0.0002122796081208381
0.002913197357468796
0.00037539682128260796
-0.00012631806039417473
-0.0028214836412264964
-0.0012516436987021968
0.00018407109053188153
-0.0006314390845264389
0.0026051923620348085
0.0014081704092815828
-0.0015769785167092584
-0.002217357076743969
0.002879205155476749
-0.0018875705643531739
-0.001105530083413749
-0.0002151001878339773
0.0022875817347787026
0.0024303780167840476
0.0004957754063221703
0.0018203354787901327
0.0007347265483855412
-0.0010030302839576263
0.00014320587648277783
0.0018822013730525082
-0.0016675127088125732
-0.0014935674118756591
-0.0008028070856764885
0.0019504510347432644
0.00177672707390097
0.0015174629098132072
0.000855886583413807
-0.0011544922449648568
-0.0019797119292734033
-0.00030129699154841363
-0.0024685895424460856
-0.0010928151528214899
0.001347519071942034
0.0018697922559619464
-0.0018767371415865889
0.0018301101790318035
0.0010642082046132097
-0.00040257275909569984
6.402775268664557e-05
0.0004994361906006085
0.00218327062658164
0.0005909880731352546
-0.001355499663944751
0.0014008685363782686
-0.0013833761935949144
-0.0007210898099335133
-0.0026624382430188963
-0.00025971235978458195
-0.0013095831624758921
0.0013555392897039763
1.052101463262442e-05
0.0020041660067256287
-0.0015366818664630732
0.0019481708357561708
0.0015300620799019527
0.00012788247862151369
8.292209994141325e-05
-0.0025245506621230053
-0.0016811054353500722
-0.0029865343034573316
-0.002227386295954353
-0.0002535290752051847
0.0029456120878573423
-0.0007511813563445924
0.002179642570786005
0.0007516327589710955
-0.0024821305614976443
-0.002234468122719508
-0.00013021192221113415
-0.00017409904677396018
0.0018975561187402432
0.0021804362737478334
-0.002890632540948585
0.0009570791499444575
-0.002678911988563318
-0.0006297071143714058
-0.0017649135045436635
0.0011272252249105589
-0.00013279120753339037
-0.0016753497495692149
-0.0005885546763276087
0.000540966626860847
-0.0007053963337965543
0.001963030410824613
0.0007702724019401372
0.0022642969491460723
0.001643793256890751
-0.0004397039200154766
-0.0012825801827428794
-4.53301923771768e-05
0.0024603877993541693
0.001035280611324899
0.0025620097265933433
-0.0026958600391906186
-0.00048819427943150133
-0.0009913077435645744
-0.0016491512909905105
-0.0025646770276543263
-0.002823993261382846
-0.0026418542800117004
-0.00151407793420564
-0.0021445846555105327
0.0006368472396462944
0.0005046625249902036
0.0019189847596101381
-0.0005377442463123812
0.00047161602502254676
-0.0010758225678088658
0.0001456636833253389
-0.0009420949037168289
-0.0016210387414169166
0.0009313318068640214
0.0021318602885224934
-0.0027814252368635836
0.0017912277745963205
-0.0028079975631622504
-0.0005208096183998666
0.0008481111121743153
-0.002266205751799447
0.0017833812073616935
0.00117994228191683
0.002579437284855518
0.002041297688243314
0.0024401885027638516
0.00238142664483017
-0.001286886286075002
-0.00031428428944208463
-0.0012250549216972684
-0.0003346018400734439
-0.0005575703965977536
-0.0020944740334935697
0.0006438723333273481
0.00011712345554824085
-0.002269940393714974
0.0024744669407757965
-0.0019823401977497397
-0.0017998872469813386
0.0022968942677363885
-0.002004993436707345
0.0021568245184934885
0.001652513939576477
-0.0023432747959357923
0.0028798893029771616
-0.0011332387775902998
-0.0013180420023055604
0.0007412189711156875
-0.0024760083760330957
0.0025881972920389273
0.0023623957929515835
0.0019133673506627358
0.001208382656680532
0.0009102256153251083
-0.0007122199411502706
-0.0014312247660977708
0.001339221769243469
-0.0014784049006192422
0.0011603803907334273
0.0029924559110796204
0.0015418701162920254
0.0022483602750937495
-0.0014949585363662622
0.0028055380351071383
0.002509966033718316
-0.0016611159463995964
0.0008138306488950763
0.0019540312693100553
-0.001744066496299575
-0.0010380241465254747
-0.001292278442084375
-0.0024959016359979496
0.0010862074189923448
-0.0029656043844329513
0.0018198772314051382
-0.00288904648639783
-0.0008542162123272787
0.00050385157496968
-0.001801541742035964
0.0003978665274244281
-0.0006437919906214945
-0.0018206181943919337
0.0017262897563612703
0.001943683562997115
-0.0015089423267069318
-0.002847340122370072
-0.00016456064214033592
-0.00299798831292312
0.0017646660584218696
0.002978269951294199
0.0015792078961024908
0.002881698729292971
0.0013598814149824107
-0.0015942546121508713
0.0026060895942348495
-0.0006703895457823511
-0.0015353904043898191
0.0005064608406988051
-0.0028395200063277433
0.000665556101578129
0.0014196929306769437
-0.0009608861423219812
-0.0013142897850518544
-0.0015284463746436095
-0.002662117644446068
0.00045633424016552643
0.0009915516035857571
0.002739741410343965
-0.0014092082087058164
0.0021856339763819633
0.0016217506115312865
0.0001229844082166619
-0.0017644857072572641
-0.002007216628565254
0.002224673700213224
0.002510754538377265
0.0001549582425023079
-0.0011182381022376963
0.00044100180017098015
-0.0007194974732146133
0.002081044036793051
-0.0011928318578720229
-7.100778588314555e-05
-0.0009442164366155093
0.0008001979317449658
-0.002996042614916699
-7.85606940218622e-05
-0.0023566366282341713
-0.002889166608658347
-0.0021691147733604813
0.0024050411581749134
0.0010854106316148578
-0.0023817348341346103
-0.002096876244103118
0.00014432815824823005
-0.0009867734430627608
-0.002003661924806054
0.0012745994655148666
-0.0028856610986348697
-0.000857247354855806
0.0010128049888267383
0.001558077882068576
-0.002407311401257761
0.001416792782339131
0.0007974362672128225
-0.0015190407993401303
0.001841821636257254
0.002244414974931533
0.002114666301800696
0.002049349813911308
-0.0028894902995139304
-0.0002718010937401466
0.0020700805336688003
0.0023483651522619555
0.000677717339718561
0.0010270632211124443
0.0010258860752356156
-0.00015683583352787576
0.00042203356371157876
-0.0007705753172781568
0.002043164140847587
-0.002686308846101447
-0.0005961426323766897
0.001094845481720323
0.001725265546415466
0.0004338942452360114
-0.001739770673650155
0.0005408638831691675
0.0016783754408033298
-9.883344446339056e-05
-0.0007776495421515281
0.001620688599826241
-0.0010328544742671886
0.0006322800423963779
-0.002102248002272432
-0.0026156160610016983
-0.0001008207495228927
-0.0028882584058343135
-0.001998540670393319
0.0024195682723357733
-0.0007181511708006854
0.0007090434823275771
-0.0006898752733284072
0.0019559349469395896
-0.002051868714450393
0.0029312052796230097
-0.0024031864430108666
-0.001691251319442783
0.00041269196720718215
-0.0013536934773165168
-0.00043266793055603747
-0.0005450226414947502
-7.626522978927035e-05
-0.0013963030394581752
0.0019907136957373036
0.000790800857528385
0.0028854581020706822
0.0018134772636574986
-0.0008239177847417945
0.0025626183814051323
0.0016523818728174672
-0.0003578396044224847
-0.0019353403559071941
-2.2014698519819565e-05
-0.002217448793439062
0.0002478916359953923
0.001888994906667601
-0.0018825322384813704
-0.0002476810137467
-0.002736868083374248
0.0012618871196646547
0.0020637440356332188
0.0017598693961231584
0.002680686149678266
-0.000969234422865613
0.00022086216033721968
-0.002758203704474131
0.0004125012265911612
0.0014135562699390276
0.0023699457309200147
-0.00249245005961561
-0.002960229721521778
-0.002009689163275977
0.0014033307310514186
0.0028091133011990538
0.0029443090761047735
-0.002093018041464669
0.0029405554121489765
0.0003325818449717421
-0.0026419346890199174
-0.00039905980069188324
-0.0029723391743919888
0.0028888965465921476
0.00220976788991675
-0.0007264796000383427
-0.0006849158129852537
0.0020446036494640787
0.0018742166677812684
-0.0027805926810666242
0.0018727633701768566
-0.0020127670096817783
0.00208809150973483
-0.0025849212001234374
-0.002137152534836758
0.0018468759409810288
-0.002308721841941665
0.001329284508426118
0.0005195151051067526
0.00014687507809501687
0.0011047809537522496
-0.0018364118596801322
0.00011887980083261475
0.00019148162497846207
-0.0003735574652691926
-0.0007024552208123726
0.001996664380858765
-0.0024816488635386598
-0.0016749303684875242
-0.002765338951593349
0.0019384983505071974
-0.0007971618806709817
-0.0016280111374145211
0.002503623826661302
-0.0023601508424644316
0.000450958510834805
0.002713961052070459
-0.0010361887677862798
0.001617039931873696
0.0025376393627839907
-0.00039666322196815415
-0.0003340977941926871
-0.002058299593404801
-0.002374731312962489
0.0002961391834584259
0.0021321007591232803
0.0027118747414651145
0.0011470892425452725
0.0020409640442879615
0.0019520046032918447
-0.0027172753012864497
0.002441836987774201
-0.002963338631645157
-0.0026137121546053973
-0.002014639425485533
-0.0008117729067600096
0.0015449569192336962
0.0003850621031498856
-0.0018730840934161055
0.00010453829296452584
0.0024609144941925313
0.0018086779689670002
0.002747850076550291
-0.002084825138388897
-0.002130395586923892
-0.002959605753201868
-0.000812548179942502
-0.000872828157766604
0.00045079463561143503
-0.002368093967009294
0.0005954829178474326
0.00010384950441300403
-0.00103390010005865
0.0005381124873297402
0.0027232872595188097
0.00279995612876667
0.0024990325082835576
-0.002651501261600509
0.0003971082082303043
0.00042679324938326487
-9.57642663499238e-05
0.0021137663739273158
0.0010722012152342975
0.0017696977754327941
-0.0026956014016257758
2.7479832727236517e-06
-0.0026283446000973623
0.0011793846336876123
-0.0022885523153661044
0.0003477305815828796
8.00811543786484e-05
0.0009739891892269715
-0.0003579051613883267
0.00014865670426928703
-0.000247864815721388
-0.0028247790741054903
-0.0011484428744759376
0.0013912653642463848
-0.0002488448623570536
-0.00019221078847932518
0.0013697160029280814
0.0008619785625325546
-0.0011076906588017097
-0.002148980259691163
-0.001646589919387001
0.0004438664791864056
-0.0009690105651107054
0.0009258320848149213
-0.0006494251453501424
-0.0005866743652639473
-0.0023003912936628767
-0.0015646458667263712
-1.1224274224751196e-05
4.671747953424472e-05
-0.001884933824045584
-0.0019507653894241456
0.0013744324201567914
0.0004045140909490928
-0.001700190185919184
-6.742601205842694e-05
0.0017521330336651752
0.0026810653173315237
-0.0021717303323007644
-0.002473721794080411
0.0024018594031583254
-0.0018910529271818988
0.001678508067047958
-0.0024796654061064695
0.002039065643046933
0.0008454395945300982
0.002853665094960615
0.0022257558009227216
-0.002484392348301763
0.002233594642796246
-0.001301305776349881
-0.0015368561703214421
0.0016329580020402173
0.0006075932844688014
-0.0028986053565630845
-0.0023228651943074247
0.00042721768060415043
-0.002096101447810095
-0.0007389095786021027
0.001318612911960575
0.00012941348406239487
-0.00021098888412943682
0.0020655959184735697
0.0002964114610708359
0.0005146452770720461
0.0019581388339526933
-0.0027912407330311245
-2.7541434629775596e-05
-0.002294222662916061
0.00011785632344432943
-0.0011872220348266146
0.0020231900417251878
-0.001879753301463106
0.0013684698388651152
-0.001613081466143143
-0.0021855947544346817
0.002437044029946038
0.0029806992487453722
0.0013021856937715888
0.00023541991701438907
-0.0024998877244209387
0.002931889294184904
-0.0017509591742868862
0.0012024103054878313
0.001955463015143922
0.0013420003769571767
-0.001215587146079915
-0.0018592554117241042
-0.0004324157454661179
0.002232942827697271
-0.0006845891825097024
-0.00029237976433025854
0.0009766869025115543
0.001649718651009829
0.0015216676424949938
-0.0022274749337783646
0.0029326469363697583
-0.0007779042114687642
-0.0013829100483138354
-0.0006168589452360249
0.0009369324106413167
0.0028628199621433164
-0.0017832150647797173
0.001226359235836228
-0.0006698398847791416
0.0006752220577753913
0.0007186092397405966
0.0028799433905796713
0.0005378925690380856
-0.0024832966344667225
-0.000834783148349596
-0.000478328722576003
-0.0023481255861555654
-0.0017129807714308216
-0.0018862891528172987
0.000860875159422536
0.0028805911676884925
0.0009135198164131495
-0.001096222294452667
-0.002232535767742719
0.00023236405945602136
0.0018399137993814338
-0.002843670037469266
-0.0018060576374095334
0.0010172424071229107
-0.00220772636048669
-0.0014776292843159634
-0.00227001416821448
-0.0023406128290717008
-0.0008037829725890382
-0.0023680150396314745
-3.656455189341877e-05
0.0028822786440626793
-0.0027921424163990867
0.0003079812978941912
-0.000655180387129378
-0.0011434738330379115
-0.0017686572826171507
-0.0029553110071278235
-1.0889402993760362e-05
0.00034666072088895264
-0.002177690330947263
0.0002634308301979662
-0.001357442354517068
0.0006429544753558348
0.001764374705713295
0.0016288800528324278
-0.0011210584825114814
0.0020227200208021625
-0.0015869932666622497
0.0028267196291296513
0.0012005028093529553
0.001934495960742074
0.0005898144651885354
0.001275003833867699
-0.0023685348561220836
-0.0018976094071018383
-0.0020961948957064725
0.00012819339961729756
0.0029068405292454217
0.002224530942454862
0.002308988267429611
0.001682694252960591
-0.0005862644411767002
-0.001295667341180232
-0.0019729439097429654
0.0022494968456121846
-0.002013692228173227
0.00271086595941085
-0.00020553791581042662
-0.0022165947559449044
0.0024320852475792484
0.00033076426281453044
-0.0007452624100408806
-0.0011849489519873105
0.001372122358810928
0.0017945999543055704
0.0027945634294349623
-0.002862623806742976
-0.0007108411924964895
0.0019617387419043003
0.0023345032138160603
-0.001174256886354672
-0.0023367976433969822
-0.002831877746285512
0.0009218274416041066
0.001967440827715097
0.00017817014787233727
0.002332728026149598
-0.0016091940278852247
0.0007832098648880926
0.00168546669041108
0.0016896508238929756
0.001046323426749679
0.0005063711788679671
-0.00211822202671718
-0.0009139944929699847
0.002631034710035984
0.0023189959789197637
0.0021522772320233903
0.0018151946412648112
-0.0027131462114461393
0.002280870027416236
0.0008072028846318837
0.0020365328830185417
-0.0026307213421777878
-0.002809676663126827
-0.002473960178226981
3.119395608557627e-05
-0.0005090374861238577
0.000822405131480092
0.0024095940953875903
0.0023154939962907427
-0.0009588041931367247
0.0019554690448882906
0.0022332180599443302
-0.0023413837214235214
-0.000749952688554201
-0.002270664010662836
-0.000628962682353447
0.002819644352964095
0.0015717623046461729
0.0002732184353245455
-0.0027194532718468117
0.0002481907986261996
0.0011652150082534993
0.0025637812166371043
-0.0006988481574256495
-0.002499742480849574
-0.0012949746509151128
-0.002369202241931963
0.000230479093016558
-0.0017199534880359669
0.0020251181784673973
-0.0017432115523353122
-0.0025790910461975297
0.0008343280021675527
-0.0007542490924942209
0.0006532010936116106
-2.4279950887989322e-05
-0.0004569002005491915
-0.002794151128847765
0.0012319036731072482
-0.00013564107932871649
0.000354740084558386
0.0005723556928016482
-0.0029066229956351223
-0.0012806194778168857
-0.00019537719481396883
0.00028844578721024146
-0.0005046685588435667
-0.0005019503439136681
-0.0019712532684259005
0.00284346394965244
0.0005071812871700484
-0.0014817410125874488
-0.0017202064359244731
0.0017200184155199269
0.0011113888046655968
0.0025335975036135114
-0.0009893856714914694
-0.0019689612010190182
0.0002368048923465471
-0.002526263613975633
-0.0025695415025459314
0.002824999732210097
0.002546146084110546
0.0015641183523171995
0.0011309276637947747
-0.0027005637520837017
-9.71111771491894e-05
-0.002025036536323758
0.0012159952852088401
-0.00039686751239746123
0.00024356174740721662
-0.00205009353539512
0.0005551940548874784
0.002627504004175242
-0.0020291705405130673
-0.0009501014357317841
-0.0015335289328030817
-0.0024918189968346307
-0.0024128454482589988
-0.0027972134877297453
0.0010169209070724815
-0.001251045032579986
-0.0003227742159405151
0.0025724455168509635
0.00016836765858830585
-0.002445307476838379
0.00032758841959453335
-0.0004281857629957085
0.0019447280447969333
8.729169868498549e-05
-0.00022350440356894933
-0.0005939643762449668
-0.0011506409781231939
-0.0017852538645402294
-0.0023776720865863535
0.0025014188979037358
-0.000220960136750339
0.0024748829904117963
1.574416908718939e-05
-0.0008180337557933369
0.0005419990045707171
0.0002984467987766303
-0.000498093490271381
-0.0025108513739637043
-0.0015046631573874775
0.00027432234605892026
-0.0010426364972575498
-0.001143738135397683
0.0012864926124549498
-0.001962971695672269
0.0020771125215681774
-0.002345390018090298
-0.001037680142852113
6.086202768680431e-05
0.0005966997403274226
-0.0005444480030064006
0.002043280105132231
0.0020729690753654977
-0.0014141097552741633
0.0017594511796233114
0.0013695505337959586
0.0008072067273810586
0.000667359528442912
0.001627536851842937
-0.0010181570611919812
0.0005535598386882962
0.00016591061702823755
-0.000426152932809681
-0.0009958845264296692
-0.00019788676714189426
-0.0003633470579289754
0.001827107169928354
0.0016393221074966343
0.0012975717656958626
0.00015434874726022018
0.002710450959166645
-0.002024171605867495
0.0006579107667089457
-0.0027195736015860955
0.0017227584893514452
-0.002142066705619672
-0.0008169863744134243
0.0009424681820432226
-0.0006734121640246675
-0.0020398885967041628
-0.0026327070090334296
-0.001478160540275244
0.001294181998517492
0.0003750384187894973
-0.0022666526167890106
0.0020022372205161718
0.0017755208995710835
-0.001650208886955703
-0.002624026109024349
-0.0007739776810237269
0.0017731376342548363
-0.0005777258382786915
0.002284392614198257
-0.0003018614475313705
0.0026110261842697347
0.0028277437522026046
-0.0018501111804077217
0.0012426227113199193
0.0017121560258730436
0.0017186682617445614
-0.002393525071455734
0.0022729545469337333
0.0021194953315569155
-0.0011327272149625367
-0.0010856157170842404
-0.0025699772574770898
-0.0018232176115275727
