0.00010711039618241586
-0.0004687279118137745
-0.0004051129357993988
-0.0003280973443317972
-0.00023622675773328814
0.0004957031484380684
-0.000279695788102313
0.00011592623807699456
-0.00028380333140275485
-0.00010631762816011228
-0.00023965474975765636
-0.00020199283086243545
0.00020175595558611162
0.00036484230480599987
0.00025780397490052123
-0.00032563289244129146
-0.0003262792538881936
-0.00013688759560735676
0.0003315668434322879
-0.0003318514606116343
-0.00038028077032376385
0.00014161870782916294
-0.0004919111048351153
0.0003190093708682367
0.00017554617032715825
-0.0003074194822234264
0.00032415244843167186
-6.113221361531986e-05
0.00022686872036014293
-0.0002835486644186415
0.00039510584823540214
-0.00015777078774042395
-0.00013488363348257182
0.00015711908154173262
0.0003592151990311483
-4.006279804987889e-05
0.0003694655269512679
0.00010267406785847998
-0.00032260834842411936
0.0004082173453005183
-0.0004242607475325614
-0.000157424171010749
-0.00011017446508461735
0.000359380772762461
-0.0002817421644352436
0.00038105316052753865
9.991890112299822e-05
0.00025288098343532464
0.00034453595181548535
0.00025301733761720906
-2.8797381095081113e-05
-0.00016251290567971386
0.00011127341191365212
0.0001163397594144401
-0.0003048095876189545
-0.00026480674475033847
-0.0001555988999452145
6.95398318644717e-05
-0.00027736385212396534
-0.0003179751069035795
-0.00027649713634264454
-0.00021196727786848855
-4.6667655101128474e-05
-4.553332693778132e-05
0.00040380355547949345
0.0002599552864518676
0.000442315983925943
0.00035214646933348073
5.173352304533598e-05
-0.00022562157236889248
-0.00046562375305244676
-0.00010257952884790969
-0.00040478454051141486
0.0004839486474436257
-0.00033362484270142126
-0.00025833053895207684
4.894771388988127e-05
9.431147291266977e-05
-4.0862159786589683e-05
0.0003925725873892918
-5.756703055403235e-05
-0.00019956865453608366
0.0003297247535243485
0.0003418316886408672
0.00015174245056572856
-0.0002026060857819496
0.0004816671819894546
0.00021117500159106102
-0.00045165429413242833
5.205815772429891e-05
0.0002326377281659628
0.0003890537762661168
0.00013849296862417386
-0.00014653518687320635
7.105447400922442e-05
-7.635621227791722e-05
0.0004210876908662738
8.976151465553677e-05
0.00012488264382575496
-0.00021866932550992615
-0.00014290472310354916
-0.00045543818179483853
-0.00039482678017253273
0.0004852728767194682
-0.0002934993314722594
1.6606398718454585e-05
0.0004437293931112623
-0.00028393136627676604
-0.00044375934246353377
0.0002869818886357908
0.0004603968507336893
0.00047854281468156807
-5.508676212876047e-06
-0.0002348985408026012
0.00016489791263919003
0.00012078900156912813
-0.00040059989829544597
-0.0003444417104002856
0.00034045982893964337
-0.0004804109743240557
-0.0001972425113149493
-0.00043789111219873266
-0.00021476899167898855
0.00020812506935027875
-0.00028028286008626715
-0.0004122869404961791
0.0002576593814108902
0.0002986180194273205
0.0004626508024331439
-0.0003126800815220249
0.00014540409175357752
-0.00034786921810455086
-0.00035397470192192305
0.0003530267584036117
-0.0002736383413678786
-0.0003216410889470478
0.000451994523525569
-0.00011160946864849651
-0.00012980551954301157
-0.00032827646018744383
-0.0004049635345449265
0.00037355646794879336
1.3451350450077856e-05
-0.00036439809741080896
0.00018446563269351995
0.00020876915901350997
-0.0001420759807250974
-0.00027232611320841425
0.00039761344205088234
0.00025955785945698116
0.00031830888076594293
-0.00026081330450864105
-0.0002815018534565351
-0.00037392557641174174
-6.431941377957562e-05
-0.0002814946413598266
0.00040383105754604617
-0.000331324126285353
0.00048801495444153855
0.00040951727814091837
-0.00017404367783229678
0.00046806583595826803
-0.00031878617994520874
-0.00033385254467089003
-0.00012391227891722135
3.4326738153387694e-05
-2.8174414472540007e-05
-0.00010720166199116075
-0.00017836207983914219
-0.0002946710844371951
-0.00015172800459113667
0.0004080099260426976
0.00020970012043254626
0.00033390250267378515
-0.00010410210905819386
-0.00020222681029733738
-0.00036882173666495286
0.00024213603443299465
0.00017693668087471939
0.00027774065221404087
3.670397787934544e-05
-4.707387853871792e-05
-0.0003762563311518953
0.00023502926868754312
-0.00015392738524301044
-0.00038685721257232785
0.0004908976122567517
-0.00034161822513533195
7.15046103915355e-05
-0.0004716364974090318
-0.0003581070067359607
5.032255285484198e-05
-0.00024567166942887874
-6.327353266225835e-05
0.00034951422340979055
0.00019442428605548475
-0.00014199127952790614
4.328741548310282e-05
0.0004957231467217194
-0.00043447316124549395
0.00022464930095056769
0.0003797481403123127
-0.00020453359508410608
0.00013458610448089292
3.116132386469768e-05
-0.00014372403157622207
0.0002790139337712122
4.291622385959096e-05
0.0001081262883876928
-0.00028831196241876043
0.00028636320357260645
0.0003269764299514658
-0.0004373434913286922
-0.000278627201046158
0.0004468376573680674
1.1049771705523765e-05
-0.00039933032702702974
-6.597921442784936e-05
0.0002065602247784381
6.365965656239254e-06
-0.0001378561684407982
-0.00048673470695865905
0.0003390110399288098
0.00010324386348026194
-0.0004902216118053853
-0.00017440952548510068
-8.158135374037391e-05
-0.00037865778887560586
-0.0004948962130598702
0.00023019299264999545
0.00040182238096775726
0.00011158057342918273
-0.00034295632303092005
-0.00012873596438609127
9.663695279054447e-05
0.00048479683862067227
-0.00010126401426858533
-0.00019744397608141762
-0.00013630857235510588
0.0004366798203702941
0.0002650932018881464
0.00010850453008185313
0.00015479007659640893
0.00022281341683488246
0.00047073647728218364
-0.0003144019979019217
0.0004337116761557316
-1.0086961179713483e-05
6.552350837500274e-05
-6.469314124805757e-05
-0.0002679362107157717
-0.0004780637938611732
-0.00033242097469659605
-0.00019423962753491007
0.00041906744712716035
9.35990344235496e-05
-9.777251154456944e-05
-0.0003886123485949485
0.00021290527401824808
-0.00040368802407376916
0.00045253251580205543
-0.0001462539618855243
0.0004902699857573262
0.0002778641215246206
0.00035929199242689704
0.0003766130643163059
0.00010360145344481006
0.0002092564571815254
-1.586912516270269e-05
0.0002970600950135882
-3.349042149259685e-05
0.0002507203018579471
-0.00047916171074333726
-0.00020981939314986995
-0.00025971679483911315
5.762417993868617e-05
-0.0003942415780616275
-0.0003317323037571885
-0.0004764408172527154
7.383315223593678e-05
-0.0004825367897627999
-7.78009985626791e-05
-1.0936897382121105e-05
0.00011297091494834246
0.00011199632978292596
-7.797682355383071e-05
-0.0004824882893632013
-0.00044779516609859296
0.00043853114705985304
0.0003545146491523262
-0.00024261986856842076
0.00040061533856143475
-0.0001635499585125163
-8.16030029279422e-05
-0.00016028488676100996
2.1027201961061766e-05
-3.3115398876032204e-05
-9.13555667124105e-05
-0.000295612265547983
0.0002931554441596998
0.00030853476554287785
-0.00048607852849893995
-0.0004296050287740939
-0.0004400611337945758
-0.0004328822956144409
0.00042506776252150937
3.1626321669623e-05
-5.8002189011515564e-05
0.00043539919459491044
-0.00013355335630314634
-0.00020176088261646195
-2.2022364704355596e-05
0.0001842345380494956
-6.9112478534865025e-06
-0.0003303663636137274
-0.00024126635370953564
0.00046580000990417995
-0.00035446893387660683
0.00012149606215424975
1.551481916609043e-05
-0.0004966471467381566
-0.00031100421789007906
-0.000261614916877839
3.553141997638949e-05
-8.353466654479393e-05
-0.00020477178595856637
0.00036454392080077997
-1.583500933544324e-05
-0.0004717825957454469
-0.00041824307384569757
0.0002324483112913678
-0.00024212753024150426
0.00011216566976346605
8.229415607799884e-05
-0.00021868651334006604
0.0001685192530938537
0.00033782649126298944
0.0004726035437054972
-0.0001799354943664956
0.00049674205191107
5.6161365614313774e-05
-0.00030546449578264137
0.0003153536425840055
0.00017092917394400373
-0.00024041428812005108
2.4193891200407353e-05
0.000494682203294159
0.00015977277226081777
0.0004255369190262055
-6.242199394659078e-05
-7.569638063625948e-05
8.809051986729047e-05
-0.00010336187786615726
-0.00048275899049921825
-0.00010646607081575777
-0.0003915955031703937
5.50649267158505e-05
0.0003506407458087384
0.00013787149047412824
5.472780177497483e-05
-0.0003869021598136617
-0.0002572480673483584
-0.00039245371044144826
0.00012267126270388738
9.84026719593878e-05
0.00040718852912164575
0.0004052442648867585
0.00038384510961689776
0.00019605973377878638
0.00041033195369139495
0.00023703017411153698
-0.00044319025797778854
-0.0004912634516697204
-7.67699088521161e-05
-0.0002559730615933121
-0.0003388268690848252
-3.3518946593910854e-05
-0.0003830191158945756
-0.0003014208575476636
0.0004836403397520308
-0.0003507420371006004
-0.0002366977484387274
0.00018993276628376438
-0.000200367351271693
-0.00046444522501954045
0.00022396596148463823
-0.00032482210163778326
2.630680442431018e-06
-0.00020201271112939658
0.0003245778130144038
0.00044655756626259507
-0.00012349680182125724
7.404956005235613e-05
5.8192638132040795e-05
-0.00010477766850823435
-5.087348075262819e-05
-0.00043820511829639064
-0.000419178360603914
0.00042082727038917603
-5.257870908736685e-05
-2.6934998685655546e-05
0.00026819842604813285
7.021313991511277e-05
-0.00015427082242509328
-9.195401375113998e-05
-0.000215121436829013
-0.0004307717056642351
-4.056567044105852e-05
0.00012909576161108688
-0.00047263359413031024
-0.0002615854456567055
-0.00018301160273967367
0.00032658218240460256
0.00040987608182185234
0.00021554841649085632
-1.8795115641253787e-05
0.0004817396717256533
0.00011530000250786776
0.00018144997990060215
-2.9586091191460807e-05
-0.00041350562428366046
-5.4053708656485414e-05
0.0003266412248005317
-0.00022948709623848496
0.00026087728827822265
0.00016059641420224037
7.097554031497519e-05
0.00022606381550247814
-0.00030977558669837606
-0.00023667471447512889
-9.584166897020052e-05
-0.0002162258704303759
-0.00013664465391100157
-2.8481393648443066e-05
0.00012150420099296688
-0.0004769107737672722
0.00018886563878754486
-6.547738876454181e-05
-0.00026487722042283147
0.0003155979284720726
-0.00018608075265256205
0.00018609857737795555
-0.000223084079274671
-0.00016165325071126055
0.0004491074756705045
2.111972128405711e-05
0.0003354894626558596
2.4504477528059475e-06
8.359424335180126e-05
0.00029626145958946244
0.0004030660149077777
0.0002779396776851578
-1.9611500628201816e-05
-0.00044188902930709586
-0.00012190045545041039
0.0004366241246455464
0.0002920014991693783
0.0002618191987211685
-0.0001438048337242058
-0.0001284177978515225
6.435090058098643e-05
-0.00014025505984312502
0.00023530585715967809
-0.0004156336044498812
0.0001474349048020549
0.0004941868265456485
2.842948100852756e-05
-3.2342795027417634e-05
-0.0003045014604249451
0.0004675309937695766
0.0003377804796942794
-0.0002166795034045258
-0.0004157755883803458
-0.00013888092166904477
0.00030556944775432396
7.429341195706125e-05
-0.0004108846306263619
7.939970709474394e-05
-4.223249630636418e-05
0.0004594877752725357
-3.48662134205874e-05
0.00010075381352829451
-3.0079277158595846e-05
-6.261395755293022e-05
-0.00024921997023841393
0.00028523333189459674
-9.668816138943106e-05
0.0003546159565834433
5.657225733676926e-05
0.00025568819978296817
-0.0004591833068491169
-0.00037275616395112554
-6.184321449345177e-05
0.00045401276519126685
0.0003684082828324249
-0.0004999318212769747
0.000417827337553003
0.0002545893743227395
0.00019535878122115252
-0.00046218817170854375
-0.00032652870441491765
0.00019470036971874153
0.00023963057830427568
0.00010869743132582114
0.00025832981127845735
-0.00031194579453554835
0.0003315822319457772
0.00013397154400954854
-0.00032676819488774165
-0.0001974935317956136
-0.00047852656319787723
-6.511676165331381e-05
-0.0003649978201150902
0.00045954417829439725
-4.708489271065098e-05
-7.538880078969434e-05
-0.0004292195452456924
0.00045642903203052814
-2.9666962998557873e-05
-0.00024137074315942774
-0.00038803060846725736
0.0001950051432049178
-0.0002081920823611484
0.0001296991918630923
-3.094715460318884e-05
-0.00039624263535839675
-0.0002873078330983886
-0.0004923496518107051
-0.00018456460073101866
-1.5019954342023877e-05
-0.00014727571761358806
0.0004394674587003025
0.00016118008229440656
0.0002146497917702992
-0.00027070969218678906
-9.811489043800648e-05
0.00023921503523898575
-0.0004621870261263063
0.00043455068955423394
-0.00016218068628610119
-0.0004037539323466239
-0.00039281475428536275
-0.0002900022359004821
0.00046205850508246
0.0002811558951063244
-0.0004696640704468266
3.333712783327135e-05
-0.00012006265953905314
-0.00011103910064775213
-0.0003417620502285443
0.00018172420934727375
-8.371717917134678e-05
-0.00048497406005390943
0.0001591818204979867
0.00023652717097379084
0.0002578816250682597
-0.0004042356280762381
1.224743645353494e-06
-0.0003951139355396991
-0.00019889673753408133
-0.00010391759261571553
0.00038122490395491775
-0.0003446345112340138
-0.0004947421335298438
-0.0004710289421098182
0.0003588763990697803
-3.6255316998956555e-05
0.00011645174204146956
-0.000329722488653625
-0.00045485170890936224
-0.00046946686177311346
0.00023793361576457438
7.875352785752525e-05
0.000140700919843508
-0.00031107931009382895
-0.0002521969975116456
-0.00033713848418302425
-0.00027639056395081096
-0.00032238473772993313
0.00034025189654083026
-0.000259413338471582
0.00033423104259787287
0.0004068241735306795
0.0001410727040550506
-0.0004631157622387767
-0.0004307730760380114
0.0002793683538026896
0.0003948306606715605
-0.0001484974048118726
0.00014270504496588336
-0.0001878852746591574
-0.00038182046157170826
0.00021889299950353868
0.0001610824317917329
0.0001281522403606734
-0.00040099180787841484
-0.00013493108422999665
-0.00043566508196502343
-0.00011012399088003932
0.0003247874695467632
-0.00032389240346088357
-0.00026090725503552525
-0.0003515537903734608
-0.0003053840477034495
-9.88907595303862e-05
0.0003385328743442064
-0.00032528705313884576
0.0002500103836063943
0.00033162092733536
0.00047472310278431386
0.00016437927840515655
0.0004095032455590328
0.00019270682189183124
3.320177915878595e-05
-0.00015361828710443203
0.0002204519104459287
-9.267494212544293e-05
0.0001407444573105881
0.0002635752465645541
0.0003058629658665684
-9.510727126541652e-05
-6.811611275863913e-05
2.092123051312619e-05
0.00011610053044840889
-0.0003944411944220807
0.00034889047211631135
-0.00011871148924929567
0.0003413445029113671
-0.00021265605271152257
0.00041340040997927294
-0.00024033036861118994
-3.057379957258386e-05
0.0001500616159905647
0.00019703242183718062
-0.0003235937413901828
-0.00010598355662118863
0.00040991357959858313
0.0001439569820609253
-0.00046384900955658725
-3.8559616052406755e-05
0.0003176662311077795
-9.100364040468635e-05
0.00016215100749609004
-0.00016747278287147647
-6.752537418810842e-05
-0.0003356026012387893
-0.00022087900376290394
-0.00047327346862225853
-0.00031168057796276873
0.00027383687963256954
-0.0004967233833254573
0.0004927116850188718
0.0001331154567411801
6.394342722215404e-05
0.0003262177256717709
-0.0002792038346550227
0.00041332392358413815
-0.000351692004831424
0.0003088502915508919
0.00044856084343227625
7.469093729945537e-06
8.157091771004597e-06
-8.618835221307496e-05
-2.6265696495361148e-05
-9.909688289621942e-05
-0.0004166808059283107
-0.0002493228820991688
-0.00011649510419747377
-0.0004880985565556814
-0.00012865204322278276
-0.00046383530123190943
5.235345755391489e-05
0.00019150813710285355
-0.00030471043979867917
0.00017276962399215593
0.0001745898282560724
0.0003199975306439531
-0.00027759907630649195
0.0004533942129749649
-0.00023376050203428644
1.7273830111117373e-06
0.00019578848275912306
2.8973119840695265e-05
-0.00013155524289464748
-0.0003665607592324468
-6.130990369504317e-05
-0.0001698266858938391
0.00012554424174042575
0.00021826723497166633
-0.0001288211694199963
0.00037925179785446093
0.0002964905387244568
0.00010449454360165675
7.877734057617353e-05
0.00011356458206425652
-0.00036173284320938125
-0.00043013852779986614
0.00045807211204429616
0.00048325828214712215
-0.000224505695150363
0.0004124954685120677
-0.00027271703093335496
-0.0001802496618149325
0.00042605204128766145
0.0004524318188169321
-0.00025805796128273295
-3.7363625051898967e-05
0.0003103840863550183
0.00022040558250460988
-5.400764515748268e-05
0.00014049670084000218
0.00010164179505409404
-0.000410861203062229
-0.00014517284898515523
-0.00032032884674611885
-0.00014723736436325077
-0.00040408211920054825
-0.00016540512078035065
0.0002500354981051743
-0.00030831512592936473
-0.0004714219318941906
-0.0003064624545216845
0.00024005138287596772
-0.0004999697491173521
-0.0001973351186418736
8.711992686227874e-05
0.00045081108128228685
0.00019210781422020922
-0.0004726964077162456
-0.0001650450517024963
0.00025092866414354884
-2.8900552594474896e-05
-3.209444664927343e-05
-0.00040429133364583615
0.00019327677002424612
-7.887183995597771e-05
0.00014068297513308479
-0.0004478884810873477
-0.00022558516513060802
-0.00011206815942856762
-0.0003757668252971539
-0.00039588300518288345
-0.0003902933082449211
0.00015736213170239614
0.00045305288632009426
0.0003762345592474212
-0.0003213853139338457
3.4589860658465086e-05
-6.808114577959245e-05
-0.0004814330330304424
-0.0003629439882567024
0.0002170972649679487
0.0001063442443149285
-0.00031365286418010745
-0.0002230787456087897
7.516111463228307e-05
0.00036294789310580076
-0.00011757965304425342
-0.0002020392257029362
-0.0004023691131742637
1.128578274217694e-05
-0.00027019001791917354
0.0004529424192061352
0.0002681639584718004
3.92256865202644e-05
-8.89010731531636e-06
0.0004207460274241292
-0.00029635192255517216
-8.736738994002426e-05
0.0004059889277498324
-0.0003334329729715388
-0.00020768692853523942
0.00030933304955048737
-0.00031224331316727946
0.0004191694540355928
-0.00011018424241327331
0.00044011152616997454
0.00022361049447100793
0.0001681373254116004
-0.0003666574556674626
-0.00017851520412374636
0.0003519476199255713
-0.0002428745372689295
0.0002654779738796905
1.4809019119139282e-05
0.00016570190205616455
-0.0004676023658027183
0.00038312600432485766
0.0002693412273727585
-0.00032358267431903073
-8.215141813989666e-05
-0.0003035990952504978
-0.00033961986433643753
0.0003712701428566146
0.0002469453183144869
-7.758506228716357e-05
0.00029057445457187573
0.000331124515963717
0.00038602614604803134
0.000352230134544541
-0.0002780800854555722
-0.0002341963881303789
9.410288630983085e-05
0.00043727788524264505
0.0004642813900267884
-0.0002976284434454345
0.0002038205063898213
0.00044584103657590495
-0.0003540659207011298
-0.00013891169899455768
-0.00024265915234642556
0.000301568026049665
0.0003497523958013618
-0.00039596128175385236
0.00037324522791617966
5.613063215609607e-05
-0.0002446641429107389
-0.00010326801008381128
-0.0004930852256296286
0.0004384628227678879
7.821794488310036e-05
0.0003201827173184527
0.00027938732442415873
-0.0004404062260798124
-0.0003632004822468099
-0.00025057036230441486
-2.5204432382269445e-05
0.00031367190471230275
-2.9917171840975658e-05
-0.00030074508932956446
0.0002776491008001878
-0.00034413494910520226
0.0003845270276956191
0.00011375170490716925
-0.0001223915876122609
4.825386988908194e-05
0.0002808609531635549
-0.00014200074500521375
0.0002574603253675127
0.00047623418566161203
9.472742469749263e-05
-0.00037552788707696783
-0.00028067086596068045
-0.0003212816368900149
-0.00034095564031637207
0.00046892920651048307
-0.0003560758755876863
-0.00041881639856780443
6.76832715629423e-05
0.00018741031890826942
-0.0001228877260750224
-0.00010991294249841963
0.00043842787871874905
-0.0001339151423156203
-0.0004284782391049669
-0.0002736586914718986
7.863276790276484e-05
0.00013665108631162116
-5.5649455018943485e-05
0.000328102428472151
-0.00023635311064560018
0.0003590566287291633
0.00023805443007564298
0.00017804883570294585
-0.000493399634532938
0.0002731136623694094
0.0004422616800542691
0.00047291236728177186
7.450961610410832e-05
-0.0003966379742337486
-0.0001705713728006795
-4.877198525237483e-05
0.00046464215866538793
-0.0004872853145646011
-0.00030476150231670675
0.00028755365016679135
0.00013369637270236863
-8.496231241045027e-05
4.7543737371852856e-05
7.152594900746649e-05
4.2205606916595234e-05
-0.00023350866769045474
-0.00028537400801819355
0.0003931318103603973
0.0002873372387488649
-0.0003935327445202932
4.838969894843431e-06
-0.0003577120527209189
0.00032881874275967574
-0.000377416285585554
7.820785490934628e-05
0.0004451519778834619
-0.00025862205092597645
6.203961020688758e-05
0.0003558090472527423
-0.00021507492993256075
-0.0004793784845672617
5.451145601820099e-05
4.731263457574881e-06
0.0003150182005415578
6.900699923728768e-05
-0.00045628010028980195
0.00037614630942334453
0.0004353800150690973
0.0004223324300195627
0.000304640014472001
6.607082157715895e-05
0.0003940087397423806
-0.00045568121430696284
-0.0001647973762943924
-0.00037570571932866125
-0.0002562752860010499
-0.00025733569232183986
-7.538197652065103e-05
-0.00025671559517512687
0.0002726702603364328
-7.91425182190299e-06
4.822906058203429e-06
-0.0003319260360157347
-0.0001547979182153967
4.1022724222579735e-05
0.00016851358244442767
0.0004719786311272974
0.0004999786449758549
3.796306523746573e-05
0.00045467936283143725
0.0002612873088620322
1.2442751350038054e-05
0.00040758215362337257
0.0003594657904981497
-0.00046470354655769685
0.0003680841581468725
0.00023635892180675765
0.00012898941997000065
-2.7326707743755788e-05
7.28300741319718e-05
0.00012921843837520816
-7.193563744998513e-05
0.000498778760909559
0.00018155723132839735
-0.00048208511961423306
-0.00021405171225521438
-0.0001592205242576982
-0.00018266719678450017
-0.00038077134965795945
-0.000434286506972158
-0.0001434840348444222
0.00043740266639075045
-0.0004983676177655894
0.00013050274897135803
0.00039585212744307425
0.00036178315707573725
-0.0001146886490443332
0.0003028593105009645
-0.0004010401388000311
0.00030970932129991953
-0.00016951264526362332
0.00038649004218974385
0.0001096117438870454
-0.0002549624370478465
-0.00017180802527616546
-0.0003662972683170048
-0.00024641674152137903
-0.0002026969931033109
-9.061050754204428e-06
-0.00048375643859435247
-0.00010698259526972174
-0.0004388480846976496
0.0004307131266222824
0.00030675911834243284
4.538043799434113e-05
0.00015144293632427246
-0.0003174353512009308
-0.0001263394728168937
-0.00036027042677487856
-0.0002232756243038728
-0.00045284334368252935
4.29236758207809e-05
-0.0003832012969262873
-0.00033953878897724835
-0.00032640072716060356
-0.00013761250255559378
0.00036526406907973707
0.0004475253622210387
0.00039540142973292533
0.00023947209801152968
0.0004601469526874784
-0.00023140053769758474
6.289307116691899e-05
0.00021588692676250982
-0.00017449270705869756
-0.00033217039922959026
-4.061881703507487e-05
0.0004938255377909132
-0.00029429887628864974
-0.00035699915373752704
-0.00035900955297833107
0.0002036882762366524
-0.0003624920310081318
0.0001793661341366377
