0.0003782275934081868
-0.0003688817730360069
0.00034098620664123867
0.00038203648477541554
0.0003461128046893038
0.0004863835209115517
-6.786505743374739e-05
0.00010035862142178571
-0.00045524432476920995
9.470778094634673e-05
-0.000377930660031102
2.3342954351300983e-05
-0.00042150597323767195
-0.0002897890300395457
0.0001924550138229916
-3.072817767257451e-05
0.0001163140093263785
8.923839672096625e-05
1.5901316867319407e-05
0.0001855697275097184
0.0004885398704186654
-0.0003768866205099275
7.498080532372827e-05
0.0003735728508617468
6.343160220633186e-05
-0.00026535781467673767
-8.715316070351611e-05
-0.00032983554131730397
-6.091172053413797e-05
0.0003871221167882037
4.817358179731322e-05
0.0003744382463198335
-0.0002020144639933724
0.0003853461795596903
-0.0004980328867669875
1.0609519348046739e-05
-7.455649173517253e-05
-0.00031846059751867707
0.0001734104060023905
0.0001870368611035704
0.0002314563200643254
-0.0004048051177423706
-1.7856781999277737e-05
-0.0003291912348472254
0.0001773131028611055
-0.0002112486677763449
0.0003207514239666285
0.00040364413024293415
-1.1860204667423456e-05
0.00015376627667751332
-0.0004591229430678937
-0.0001811069944234328
0.00020285417315959412
0.00012922686759987115
3.383854434557882e-05
-0.00031190543062105614
-0.0003537386810808556
-9.634601427899788e-06
-8.145439473372564e-05
-0.00026088761670889615
0.00022885081892121443
-0.00015268082115264093
0.0002354733371267184
0.00040500913975727445
0.00011820779231454302
0.0001637587566171929
-0.0003952740543475029
0.000495141896845444
-6.541739871484799e-05
-8.925882532553165e-05
0.00011000022673105848
6.793933871540017e-05
-0.0001383928989043528
0.00018900123995663686
0.00013425590991041146
-0.00040873566390221616
0.00015428379932314865
0.0003522355869476576
0.0003804487592521306
-0.0004407736524721999
0.00017942221411580955
-0.0002755646923785946
-0.0003774113368211234
0.00011921802832868243
-0.00028575316055458024
0.0002546439702137748
8.59644414032512e-05
0.00044246025239130045
0.0003745580412786321
4.081671093841279e-05
-0.00034940003624196926
-9.516169390132867e-05
0.00026004584804879924
0.0004653282317350107
0.0001339155189821567
-0.00040908638414728627
-0.00027445208457530564
0.0003507197355562962
6.280448591763812e-05
0.00022682162038211264
-0.00047558565148214795
-0.00022852233804258225
-0.0004228276260873123
-0.00039964297807857887
-0.00041358524241640526
-0.0001568877903537755
0.00029863839136466783
0.00022171926952681297
0.000438897322251314
-0.0003215098855672375
-0.00018925372665364314
0.00026704021305715294
0.00018619362584129748
0.00014080481222163448
2.667836158694477e-05
0.00023920933018166477
0.0004040039418624292
0.0004114467724878393
0.0004367741941649401
-0.0004027899851433032
0.00026653824932698926
0.00013131223468796673
0.000155311984198197
7.210468071716701e-05
0.0001853351589639014
0.00042316755528392193
0.0004145937690823228
0.00047279110661683664
7.082540678965377e-05
-0.000288591604879793
5.030338168368013e-05
-0.00011993385021509171
0.00040043559028516784
-0.00016941563432041771
-0.0004701528086267123
-0.00041268517304094776
-2.9815537976043418e-05
-7.323967206284679e-05
0.0004784793174304762
8.060085499234462e-05
-0.0004252663662066345
-0.00042162138274889915
0.00048181319615791694
-0.0003835839269580389
9.81371385547202e-05
-0.00026305809164070895
-7.943227001419118e-05
-0.00018051103143494054
0.0003323496717674777
0.00014402324796691953
-0.00045734440079424956
-0.0004304241401185478
0.0003863593190208892
-0.00031898055294406604
8.518218685321199e-05
0.0003921590733653857
-0.0004237717858609863
-0.00030319047005630096
-0.0002832198123090385
0.00029168733831568385
0.0002724215843224499
0.0002740903054162965
-7.249798225676717e-05
-0.00048640034772867236
3.515034773000144e-05
-0.00035865805465290257
0.0004904706707685928
-0.0001081326015732047
-4.7160417846435e-05
-0.0003816332058729425
0.0001366181727597423
0.00015121980507685248
-0.0004493835072108191
0.00042973134016375614
0.0003109156029347071
0.00041880952481606715
9.552887191470341e-05
0.0004040397954661561
-7.771229174321283e-05
-0.0004666662703200064
-0.0004638766540003798
-1.4257574000523215e-05
-0.0003055700926363848
-0.0003698851837490891
-0.0003706219471257227
-9.563981431543801e-05
-0.00039616484103415064
-1.4545881899621449e-05
-0.00015546253673441812
0.0001960488250074262
-3.477713010217653e-05
-0.00041009037013042116
-0.00040764314130004687
-1.9373124448352494e-05
0.0003282888187885109
0.000491392679150107
0.00018603479456359793
0.0003244456139295359
9.512819810896531e-05
-0.0001926321866543088
-2.6474684641339407e-05
-0.0002662465122736694
-0.00016477554946926667
-0.0001208394992065682
-6.037934823253715e-06
-0.00016767172665623365
0.00024077096572743537
-0.000455645263247318
0.00023009998786263945
-5.0014792840904175e-05
-0.00037871547344177283
0.00018338726263851014
0.00028670438628571515
-0.00018573010970963867
0.00047114926078941103
-0.000165857112970376
0.000400844446999971
0.000340034393999345
-4.846078873223258e-05
-0.00047930399100709034
-3.127775419049729e-06
0.00011750142059192478
-0.0002806270674170681
0.0004920698702870453
0.00029485401833761994
-9.083056812270006e-05
5.0704616158114705e-06
0.000152924129862483
0.0004971919223151695
0.00039304255610713833
0.000488553739155328
-0.00012199307982829532
0.00018992981006321066
-0.0002227029225375776
0.0003514371962423285
4.042784012570598e-05
-0.0002690667273124942
0.00026578023773223577
-0.00024706459801796253
0.00011643959743621202
-0.0004327680387491834
0.00020615985338778256
0.00012568685597276312
-9.706512375210353e-05
0.0002552081282067199
-0.00029450864690779813
0.0002545724742422079
-3.192389068367417e-05
0.0003026780222020845
-0.00027508293434063547
0.00011942790780054553
0.00018695366738692514
-5.808471040083009e-05
-0.00022869456006325298
0.0003770586797998591
-3.809466722002431e-05
-9.546202470674282e-05
0.00011590678799227043
0.0003062634998198255
-0.0004719540357493863
0.00036106289050005325
-0.0002779179832365485
0.000478136715062312
-0.00041201075185975835
-0.00019513554757461692
0.00033502729212738836
-7.356433742810589e-05
-0.00039297395455162044
-0.00018367438389178592
-0.00019125977216752024
-0.00024125368210785368
-0.0001510083757134031
-0.00034873448249497975
0.0003958053053065571
-0.00028053120465177826
-0.0003126734067872643
-5.329161770808327e-06
-0.000463880277002274
-0.0002201982854436524
-0.0002264494653745741
0.00010043382585583048
-0.00047611865970126745
0.0003677283525403423
0.0003973807260321331
-5.322947042711259e-05
0.00021972582544745197
-0.0003168937351672213
1.1198199337401535e-05
0.00013160349165099573
0.0003457980351933936
0.00016325557260186844
-4.2323453618508405e-05
9.189596236228083e-06
-6.654239361298222e-05
-0.00022948732733173518
0.00036561983497160723
0.00018687666292100324
0.0003426458610005362
0.00015411688344489454
-0.00035661010465290997
0.0003161692353472981
0.00020355506174036208
-0.0004962334644112513
-0.00010055791287233207
0.00042359268408554166
0.00028550925927933876
-1.8851495075207026e-06
0.00010650625364938635
0.0002203839232044196
-0.00035416327743333954
-0.0004221539386070854
-5.0360290665516394e-05
-0.0004715036829899032
-0.00030171819786388584
-0.0004965438133194795
0.00018903486835864327
-0.00010488311080897507
0.0004790850520231143
0.0001965329764313941
-0.0004127077142443623
0.0002893410249411607
-0.00014143299418754407
-0.00030578778929055204
-0.00019804573894891166
-0.00028507737788048125
-4.6448712099454205e-05
-0.00020786154119277212
3.64482553001904e-05
3.825036175586125e-05
-0.00028131747655712504
0.0003799550663889968
0.00010323048059544967
0.0003303952337752726
0.00014945644437753473
-2.029989967799984e-05
0.0003947670028577301
-0.000297415383737522
0.00015692424807086096
0.0004626075849987355
-0.00012474735236574864
-0.00012055243526654758
-0.0004071220183830329
0.00027711345409922844
-0.00017663667123432657
0.00014599890965437087
-0.00018003780382165325
0.00021618021607839894
-0.0001975996401516548
-0.00020261156987747166
0.00021461682079733206
-2.2867428093276793e-05
-0.00017965962733976118
-3.8296936623633416e-05
7.105698106149875e-05
8.816371026972632e-06
-0.0003722864192010853
0.00048035211460185326
1.4225627518574735e-05
0.0001127927969625667
-0.0004140334829339091
-0.0004542583243450039
0.00027169419115156393
-0.0004401663142553588
-0.00029150487218068265
0.00030352490883594184
6.898721396856591e-05
-0.0003129030365086427
-0.0003102145317675861
-0.00034293704217229406
-0.00012549392766825099
-7.602167830456574e-05
0.0004216019355024833
0.0002350702715855484
-0.0003551763370364388
2.8519166382896355e-05
-0.00046176704963087414
0.0004795298178996235
-0.00031001714005349235
-0.0002222664454794704
6.966226831797988e-05
0.0004266016492178177
-0.00020640045497087524
0.00019515780966476216
0.0003119202400045784
0.0003580218933007867
-4.8036847015518595e-05
0.0002768414492343417
-0.00011140611256723075
-0.0002659898415167068
-0.0003063690977700577
-0.0004575012907133136
0.00013919201656660443
-0.00041127198419573365
0.0003773940379282366
-0.00027433667229754687
0.00015528864384304567
0.00047093096534210936
-0.0003618242623916762
4.3545292991204626e-05
6.627967045502834e-05
0.0002390648911907361
-0.00019104207902358714
0.0004669825845932654
0.0003188423861903762
0.00035440840090952646
-0.00041236200359053986
-0.0003509702914162472
0.0002612743755709912
-0.000367915014352429
0.00032894342756877655
0.000462722160689779
-6.885203759481604e-07
0.00023421020757487525
-1.1676908538650957e-05
0.00023783073037782936
0.0002606491089622461
-0.0002689226574734527
0.00024693433614798475
0.0001754806325409763
0.00028900970889070765
8.31789094781736e-05
-0.00016909777786266078
-0.0002945876521522413
0.00042169946060280816
0.00021876369199309625
0.00018166809426225583
-6.71239666825999e-05
-0.0004800861640002184
-0.00043191929326958213
1.3881233027165365e-05
-0.00014156341637968771
-0.0002278764725614121
0.00025633541865900797
0.0003152109687384274
0.00021628541890710083
-0.00026503497527800065
0.0004929842714271144
-0.00015613369965672842
0.00027005576745666327
-0.0002917747069869725
0.0001739758776757611
-1.1007966976446341e-05
0.000377321365477175
-0.00018867527898649614
-0.00044847186612149227
7.481669491306731e-05
0.00040112580042844033
5.306771841213887e-05
0.0002485326220114431
-9.772544798515993e-05
-0.00016773771949327377
-0.00043457356925017
0.0003944422298383653
-0.0004337358112680405
0.000118913281317384
0.0004607787714191434
0.00042323521207388547
-0.00036803396485057604
-0.00021972347841543374
-0.00017115655659410414
-0.00036553418403771957
-0.00044933848962145387
0.00042666390386019565
-0.00013618883433663985
-0.0001342865749819677
0.0004852960794053242
0.0004370676499232444
-5.2684132089723436e-05
-0.0003835307529495309
-0.00028596373710699087
-0.0003082157795471184
0.00011307641288002871
3.4793703787084143e-07
0.00014875416343659723
3.762995198754572e-05
-0.0004243865574491805
0.00017270585585969311
-0.0003038902784865023
5.451675729709678e-05
-0.00044303355079372244
-0.00016274989298000798
-9.568921651782535e-05
-0.00033244412350498834
-0.0001389737003543957
-0.0002745723238237515
-0.00020511644040017605
-0.00015638612188126713
6.906745209297809e-05
-0.00025923166750814594
-2.5451422231101547e-05
-0.0003318939029023271
0.00029498236583666473
-0.00035872852932704926
0.00013068665964601845
-0.00021323419717351013
-5.186072369176085e-05
-3.5345220497852935e-05
0.00010600880712069525
-0.00010357697047469737
0.0001287571897764172
9.037743810112568e-05
0.00011241557632776528
0.0002340932246561549
0.0002186394266275179
-0.00028100972955198955
-0.00011811835945876084
-0.0003105573946709159
0.00018265957385983753
-2.7520077555973966e-05
0.0003710384626000136
0.00022616467442469843
0.00017919793030481232
0.00023456498466921242
-0.0004606064565781298
-0.00035383314850786064
3.690046597641921e-05
0.000182517754525733
9.563590137741244e-05
0.0003403748753096179
-0.0002404410020898594
3.017714206652027e-05
-0.00016823676042386715
0.0003486203142269474
-0.00010979789830005117
3.7402072026035925e-05
-0.00030726282971380167
-0.0003822371881365577
-0.0004975852260536834
0.0001874807163945504
-0.0003978162815632306
0.0004172816836534064
-0.0003475729377055745
0.0003221969226600076
8.941268732999303e-05
-0.0004361249496389906
-0.0004495087462049093
0.00037593426778078677
-0.0003391774614954324
-0.0004715500133620199
-0.00011962357813326854
0.0001401993742513502
5.890046122506939e-05
-0.00048165411381824756
-0.00046618139680387516
0.0004408119284116562
0.0003839656406922238
-0.0004144055214999453
0.0002969606613181739
0.00011745689661462027
9.275061542958951e-05
0.00010832760880572238
-8.579078990056556e-05
0.00037366998759026735
0.0004188507851478412
-0.0003530472884462109
7.44842351785627e-06
0.0001291537682349132
0.0003991124373605389
0.0003956427494541475
-0.00019810538151799305
0.0004881213462613217
0.0001682613371925205
0.0003882436518455321
0.00045951503524809076
-3.424246695790667e-06
0.00012088176516938953
-0.00047378196157764574
-0.0002532414228171885
-0.00014929754661310488
7.778485445145155e-05
0.00019156132262270853
-0.0002080086408208206
0.00017540225431431338
0.00032620507855742357
0.0003566100559309356
0.00010024461253617064
-0.00046400219048888257
0.00019555756059448453
0.00037734717018395275
-5.9864975346918487e-05
0.00027649425895177415
-0.00046463934722721213
-0.0003639880138158048
-0.0001193644997499522
-0.00036527083917941466
-8.685418816455737e-05
-0.00042072146016266447
-0.000490969022936678
0.000207626051313492
-0.00046211932190102015
-0.00020992609148915965
0.0004896541872590689
0.00043066250566169725
0.00043502135837710507
0.00031063670145512043
-0.00041799864659768207
-0.0003320757776902522
-3.2844835128987746e-05
-2.1151418340773767e-06
-0.00020676425521939126
7.24702071081177e-05
-0.0002574396861724211
8.757312810389129e-05
0.00035120971936458483
0.0004769252547395864
-3.9532435215921895e-05
3.642412730001522e-05
-0.00037880239034228835
-0.0004904778233317015
-6.85363844785156e-05
-0.0002074018026052137
0.0004277952367309017
0.00046950636074961157
0.0004767987155385224
4.751437430932737e-05
-9.992744920374872e-05
-0.0003456289175923376
2.0228032521254526e-05
0.0003668221252652341
-9.75551504112454e-05
-0.0003567036520804941
0.0003785854071116616
0.0004016553884875467
6.465621998137997e-05
-0.0002499961508129287
-0.00018831487521521971
0.00013936101506042107
0.0003834019430493022
0.00016766068474741223
-5.824193636741248e-05
-0.00014729135986626875
0.00011311345272997382
0.00045724858608390075
-0.0003409008051382077
0.00012549591526803952
0.00047142619922242366
0.0004939108911998352
-8.742708272970758e-05
-5.031216968571996e-05
-0.0004349597931648316
0.000263173403648649
-0.00032369577500073756
-8.217917593015433e-05
0.00029680966955433676
-0.0002889982120481287
-0.00036490997764898804
0.00016290801603848274
-0.0002951682114983227
0.0004581423860343165
0.0002100953720570941
-6.430141414114809e-05
0.00035634138541882363
0.0001992427048521819
0.00012098498270072893
0.000493799619731483
0.0003432728781870495
-0.00048687288083770465
-0.000407843619149194
-0.0001228599975075799
-0.00037844517002819165
0.0003124840496587344
0.00021347206175390215
-0.00035199956003518487
0.00017541924595582147
-0.0001847580698923902
0.0003609466291110211
-0.00010014305152399581
0.000492499546316015
-0.00034075232737482966
3.230336169578901e-05
0.00042920791654231494
-0.000390952519697256
7.411187993337678e-05
-0.000344951694363151
0.00045769480361036263
0.0002801257061581207
-0.00039028575531155075
-2.1582271768897938e-05
0.00040489613767414755
0.0003085919126660805
0.0003789998358364107
0.0002408485345666313
0.0003403779915696096
0.000430393644180039
0.0002985847480110337
0.00041769370667724007
-0.0002881904601648464
0.00026027363466338304
0.00014633270268718382
-0.00022501769531609451
0.00014226723897052583
0.00022430033525295992
-0.00040787177178175306
0.00041905703360639384
-0.0002997389664495297
0.00019696600257373986
1.7856586920769052e-05
-5.595083003409596e-05
-1.781533487510168e-05
0.00017865805614411426
0.0004397983332592654
0.0004074910116516592
-0.00023986986745186048
-7.936144287637025e-05
0.00023075825936339335
0.00033497096341517205
-0.0002883787575267428
-6.499122614146469e-05
-0.00027639030788239585
1.3437455804143168e-05
0.00036180561883857336
-0.00048375007876949583
5.059717576484429e-05
0.0004745004296571008
-9.71938879489478e-05
0.0002233781989035284
-0.0002945154634475581
3.1660387525459617e-06
0.00033145727711140864
0.00032510502748197287
-0.0003043677697465118
1.7828695555588826e-05
-4.734905213472316e-05
0.00018364587796479306
-0.00045744825681975546
-0.00046977170586108243
-5.868617501921094e-05
2.4946308802534733e-05
-0.00019996313302090408
-5.533805995952101e-05
0.00016639687311524392
-6.151089060003792e-05
-0.0004092093209373121
-0.00022813606868978074
2.133122411387121e-05
0.00017398979066993333
0.00023061904831250888
-0.0004511167303843928
-8.96492671840111e-05
-0.00020808050469749395
-0.0002428584225648852
0.000309575178918478
-0.00029877039409679455
0.00023279672566903665
5.966560060746077e-05
0.0002738414775895052
2.7589760878268116e-05
0.00011161369558741795
-0.00030729212211541037
0.0003091627345438476
-0.00010359654059574651
-0.0003729032529779396
-0.00032475617449718574
0.00016168944508598002
-3.160402487326509e-05
-6.571216911223452e-05
0.00024339739883642462
0.00045864432147888217
-7.33310990664079e-05
0.00022654664144550435
-0.00016897816477481854
-0.0003141905163572511
0.0001867424994329344
1.2132367990298916e-05
0.00013455913137530877
0.0002562381538443733
-0.00016096771360427098
-0.00018049219505627536
0.0001100817027416787
0.0003572268154933598
0.00030473612286049023
-0.00038461680234126895
-0.0001263304149037122
0.00040597001106225123
-0.00021039535539875323
-0.0004535515708196114
-0.00016887013837770903
-0.0003150575683369184
-4.274924084239428e-05
-0.00034725920101100693
0.0003590906921303645
-0.00044212948551584165
2.4486227635402277e-06
0.00031871255955223546
0.00037250582849932044
0.00015888857590738432
-4.645688167519835e-05
-0.0004901794921183077
-0.0004697650884186003
0.00015572698176635714
4.4454502439779755e-05
-0.00011151854011194352
1.4829330572107722e-05
-0.00020661988895404515
-0.00046262347756812074
0.00021126939603389712
-0.00015075701869050916
0.00020030164898254962
0.00011344532438822504
-0.0003628973742344407
0.00020165549492789806
-0.0001988106975546462
0.000208462075864396
8.457860153668253e-06
-0.00025553380341012755
0.00010003842815403707
0.00019271159537182414
-0.000498615127957774
0.00026095271580355505
-3.111977652138086e-05
-0.00013188290839018235
-0.00017626978532517615
-2.008569811396099e-05
0.0003090915495666439
-4.138762389440656e-05
0.00024350121764125552
-0.00046816188478108534
-0.00022710194937769626
-0.00029061253267888363
-0.0002655041530767394
-0.00023478656272939592
-0.00010127882003835667
0.00027328278164918127
0.00011427385457063476
-0.00023728724286736135
-0.00018154307968791815
-0.00015410154602845527
0.0004956953910691406
0.00030315509196094845
0.00022464340254046717
-0.00012456314026052737
-0.0004801198363121815
0.00017923358733205777
8.021523721568103e-05
0.00044208465473451284
0.00017484528073937844
0.0004921033326961278
-0.00020806171571221042
9.074267025807744e-05
-0.00040512811225730283
0.00028779895893835334
-0.0002592983565610495
0.0004386039211783575
0.00018370784649845116
0.0002559597764004856
-0.00030458441199285736
0.00048295597008734636
0.00036665502368512647
-0.0004602109544142045
0.00019280973275320095
0.00043236292981598955
-9.575739455915718e-07
5.3642252618150044e-05
-0.0002590755963844209
0.00011782658383966197
0.00012285281122212442
-0.00010901033665204618
-0.00023119866928753095
8.358856972831151e-05
-0.0001438122134793387
0.000426583729518607
-0.0004401288270889
0.0003870360722472649
-0.00020135482531028647
-0.00014940091098703114
-0.00010146042923797713
8.394157545764315e-05
-0.000375927984698341
0.0004595485225785583
3.46794976769922e-06
-0.0004708461451478745
0.000178211430216709
0.0002691444556178026
-0.00028417813433319155
2.6140663850852887e-05
-0.00021673652694186805
-0.00013923707819732135
0.00026573763110907173
0.00012360684849989964
-0.00037311809358729674
9.202985259297125e-05
-0.00020535277003251373
-0.00039567896876562447
0.00034428120143404934
-0.00027072453713510426
0.0002866977631110802
0.0003724494228209851
-0.000484734368890406
-0.00027304257003532117
-0.0003097693687804179
-0.00025670048724075003
0.0003939815530216821
0.0002866910034151687
-0.00043089574051244627
0.0004158179105283053
-0.0003109176711060834
-0.00012388347056717695
0.00017958551088286554
0.0001858189546748145
7.538242237889112e-05
-0.00027969371697306763
0.00030859227186755603
5.920977289008988e-05
-0.00020713931606957325
-1.829358296432358e-05
0.00020363386603626055
0.00038034556986300816
0.00017937235734792156
9.987399365201538e-06
-8.833360791225174e-05
0.00014201342146075244
0.0003610152256850866
-0.00021816573878382582
0.00037960603979060885
0.0004146547224593858
0.00036922958131209254
-0.0004850240241511408
0.00018247067367864564
0.00024967463545486025
-0.0001091935001339772
-0.0003458970580298386
0.00019567710199433865
-0.00046812826158640374
0.00028621548502943094
0.0002472513451985199
-4.977714206801955e-05
-0.0004337412557481724
-0.0002809026208966229
-0.0004390883562958354
0.00044093035854518906
0.00015074002169597304
-0.0003319836742897434
0.00019620948910871125
0.0001796312883405321
-0.0003968684364857912
-0.0004159575317243268
0.0001166089680703005
0.0003781721866939539
0.00027724832601299385
-0.00031910945558530693
-0.00016911869493442658
0.00027121381647516555
0.00010126478353072554
0.00035263925954802356
-0.000400507799093389
0.0002514811664021692
-0.0002059850811898534
-0.0004509011782521153
0.00028031340121864156
-0.00012391944666702623
0.00045260806077736834
-0.0004511592724598028
0.0001265299875325114
-0.0004339289398128756
-0.0004975087450773232
0.0003116632085899679
0.00044583198959104566
6.878459735711853e-05
4.701071543525802e-05
-0.000478504781389389
0.0001669154984301381
0.00013966721264040399
-0.00031137373066550313
-0.00035576768490511634
-4.3314745084077145e-06
-4.512385127154538e-05
-0.00036805242031966265
1.955344020426557e-05
0.00018922462787307828
-0.0003658224097491346
0.0004542975448374784
1.793724691606831e-05
-6.103302367752722e-06
-4.686868360262111e-05
3.746798711952394e-05
-0.00028705442701024066
-6.0670936033635394e-05
-0.00018174951143723548
6.298299264520502e-05
-0.0002897665656952386
-6.738235760944347e-05
0.0001204658395176384
0.00045538229413401526
0.00043620980884152296
0.0004187661712429316
-0.00019161030025789617
0.00036340732581834425
-0.00040380194833381324
4.6371778526160985e-05
-0.00030696333420890864
-0.00043867684377702187
-0.0002551000795883078
-0.00043266197602446186
1.6510766646802644e-05
-0.0003225402697765088
-1.8611512331118802e-05
0.00027440963289547234
0.0002492595886612834
-0.00032353351473346113
-0.00023138421150361769
