0.0003021086506928397
-0.00034846672319994575
0.00025392552486093337
0.00016423678081392036
1.959422854190399e-05
-0.00011455526221982492
-0.00039375591284814416
0.000340329746649552
-0.00036369581646012697
0.0002985521469245717
0.00037579901244524374
0.0001701545933519515
-0.00030080904927498044
0.00037419444030573534
0.00017154085564605702
0.00011565736682836425
-0.00035103586419970743
-0.00025964192333484013
0.00023004645773482403
0.0001397327353966347
6.953329827892151e-05
-0.00025051310135323056
0.00035790649961394707
-0.00031090802378662007
-0.00030391913585961673
-0.0004371747458108111
0.00029201338217980477
-9.090848868359305e-05
-0.0004150551217805376
0.00019224499166136028
-0.00022181324997551177
-0.00013773502475860066
-0.00012116740946667171
0.0004888617631423743
-0.00016176885550015153
0.00010198059970118389
-0.00040367862686194655
0.00010366239735571693
0.0004945491835011155
-0.00025745802970095243
-0.0002287502452282426
-0.0004994228646078337
-0.0003003418853777625
-0.00031864319166804566
-9.615000460903557e-05
0.00017556780593296875
-0.00010723514678905044
0.00011849138128491529
7.373096532423129e-05
-0.0001091549191047755
-0.00013667165457178853
-0.0001842970308982005
4.176688644807005e-05
0.00045710454971047696
-0.0004556315176525628
-3.5525814157488886e-05
3.985699617368348e-05
-0.0002723832750437047
0.00029050862330929684
0.00042545554467834186
0.00028766055062725063
5.3256323653712886e-05
-9.349818471962677e-05
-0.0003900267034447604
-8.514950283552091e-06
0.00016594706809412642
-0.00017989592520439857
-0.0003225007169215192
0.00029079253581995156
-0.0004201776573566394
1.775345035200256e-05
0.00011757641494087592
-0.0004602696503687924
-5.147432045267452e-07
0.0001398657565284127
-8.429848063992474e-05
-0.0004627397179931173
-0.00022744420964426737
0.00016992542424694836
4.8850611950143684e-05
-0.00040684912527459715
0.00016791073899864045
0.00044740397824198034
-0.00011073074473115529
-0.00017154187627853947
0.0003553275327772363
0.0003129856052596229
-0.0001459428981270926
0.00026135356616296176
0.00021409261605916867
-0.0003224167333510476
-5.207110950200078e-05
3.705759674054235e-05
0.0004384471526895767
0.00036495280436995897
5.6139477155775584e-05
0.00046840065666082934
-6.725039218798232e-05
-0.00047844100624541344
0.00048126842654845994
0.00041418461491995366
-9.416956173584503e-05
0.00023063886830816552
-0.0001267701606539551
-0.0001275942073814271
0.00047107383539193946
-7.420952279045393e-06
0.00021799903614686813
-0.0001315418116105729
0.00045484009983766556
0.0002904893830589833
0.00019680545048140683
-0.0004980508276133125
9.275500967110737e-05
4.371350967244977e-05
-0.00019256536168085737
-0.0002758273348856935
-0.00023107594937118835
-7.255412310089581e-05
0.0003567609038144506
-0.0004201000123307184
9.632138821697236e-05
0.0003791266003649559
-0.00039212891033091324
-0.0004895000628942843
-6.737469185771872e-06
7.832818851784187e-05
-0.0003990996808323332
0.0003738756293248218
0.00016604621745322783
0.000218697043971328
-0.00012300587013269282
5.43186564712667e-05
-0.00010787623642969366
0.0004859590204759987
0.00034307564053294166
0.00038970269594106846
0.00048666001361460085
0.000382325184004065
0.00041728719665900475
-0.0001651789724529742
-9.419037949878902e-06
0.0001763577718205319
-0.00012508040681686092
0.0001058075951787035
0.00014573038732755854
-0.00010267139150236317
0.0003600849041657648
-0.0003064631434402755
-0.00023692290649690828
0.00031890953655242795
0.0001909294151124191
-4.080431641652316e-05
0.0003426511365872217
0.00017090167490577785
0.0002872871812982647
-0.0004601514930276618
0.00023795072070266076
-0.00027893695116018835
-7.534709531117911e-05
0.00014605579022696456
-0.0001438684458554762
-0.0004191868837034224
0.00010131019785060218
0.0003678352659561698
-0.00035238593827361796
-0.00031422544981759995
0.0002583388385882504
-3.1000409515631415e-05
-0.0003346305581368925
-6.3343248964831e-05
-0.00024340428654778356
0.00022955180844444088
0.0002928325929059016
3.28916362879601e-05
0.00010047017278888603
-0.00029780089015958144
-0.00010288712263309608
-0.00027207631376772003
-0.00013267077169339678
-0.00022626576469291382
0.0003811259136199263
-0.00028754163955120317
-0.00024807638842669057
-0.00019025725053599206
-0.00018713957402594186
-7.917664957705705e-05
0.0001558278351612289
4.878827660330018e-05
-0.00023797798627541556
9.446558456680377e-05
0.00016237073382904517
0.0004551138035610486
0.00027824146004234746
0.00047303413235665667
-0.00033444028536117233
-9.207141497849134e-05
0.0004676794460576996
0.0002794416815189402
8.580098089005768e-05
0.0003812422037062701
0.00026291962007109594
0.00047885162896965736
-0.0001634369020186444
-0.0002844276121365261
-0.000241890407666175
-0.00011264963079448076
-0.00022877872345999282
0.00013775630799418587
-0.00028845248851647187
0.00035212663872914436
0.0004712804612065492
-0.00041298535087087895
0.00011774076960486743
0.0004899558903392123
-0.00025060953904288086
-0.0004024406506054261
0.00021521084763159433
0.0004884096409864202
-0.0004091340292793433
0.0004891443356249614
0.0002945582777740838
-0.0004636036577713126
0.00023908493604220878
0.0004979245899699031
-0.00031276197888023484
6.72794694118031e-05
0.00014196106323418646
7.413329864005332e-05
0.0003716396484745772
0.0002478554103015134
0.0004146377797276628
-0.0003661800431427059
-1.8974245888913504e-05
0.000294221485193186
-0.00032688230354143956
-0.00045615263093497395
0.0002763786729300528
0.00038573166820588857
0.0003383529324737527
0.00042693790077412744
8.259395906671878e-05
-0.00030872140457330045
0.0004891865039328247
6.335830756776305e-06
0.000170894607020426
0.00016532185609440203
-0.0003957084525198955
-0.00043938945882966387
0.00015340578304105844
0.00035508452175233207
0.00045364293020236075
-0.0003233989131612191
-0.00045797889217692137
-0.0004593983198466396
-0.00036504117597105856
0.0002947257788853007
0.00021140664043690514
-0.00042074859963075117
0.00021595100489667305
-8.9514635143121e-06
0.00014181691708523567
0.0003181564286064383
-4.728542145108382e-05
-0.0002000753541262301
0.00047536608321236133
0.00048045652283635037
-3.339599224866775e-05
5.6493710524401484e-05
0.000375045264822243
0.0001392871446730539
-0.0003395511769284013
0.00030887397774560516
-0.00042778062140889575
0.0004609157458403372
1.0204330886063001e-05
-9.46410363989074e-05
-0.00021362572193523523
0.00044771429888609045
-0.00011880647954815374
-0.00044643709020339515
0.00018498830211445398
-0.00014578129500221747
0.0002113436062367224
0.00016425417001075197
0.00024289173901145117
-0.00027609174495280155
0.0004478902871818708
0.0003058959430317942
-1.3511617420419817e-06
0.00027594156176532483
8.129602509428756e-05
-0.00011873334063356247
0.000378356621569258
0.0003181544322663957
-0.00020947395431600069
0.0003387738221246815
0.0003973680353910005
8.454451487750064e-05
1.9692131932626147e-05
0.00011891640166453968
-0.0002545377933275106
-0.00015357876313262353
0.00017172638465571535
8.553520581102878e-05
7.49269532533324e-05
0.00012211176228411988
-2.7925716024868833e-05
0.00048336885615073285
7.389051968693483e-05
0.0002783638429114761
-0.00019784334261641203
-3.617237258186391e-05
-0.00028223361247965874
-0.0001376899430298032
-2.85538620014121e-05
-0.00045198659245134767
-0.00017378809837500462
0.00035982272410006396
-0.00046848716921763867
-0.0004953203871695169
0.00037750864349865164
4.712129816536242e-05
-0.0004565352238784435
-0.00046183263225690733
-0.0001362951042633328
7.697561511881923e-05
6.344104338936785e-05
-7.441673158383724e-05
0.0002061751875660166
-8.270286835786769e-05
-8.747563402498469e-05
-0.0003389910497163537
-0.0003950366879281171
-0.0002681601603574041
0.00021898729025940605
-0.00021657571589433442
-0.00035395997946571057
-0.000132371798278994
-0.00037062742376346995
0.0004222037950329051
7.54352036418318e-05
2.8387846564175692e-05
0.0002748766871255874
-0.0004964961102026129
0.00024114523428083812
0.0004681762539898712
0.000390059676439974
-0.00013963927371336593
0.00034087395432848863
0.0003113570883914958
-3.651496537290409e-05
-0.0003723086038206025
6.800754428159422e-05
0.0003495651243905376
3.687162916040634e-05
-9.74485878390554e-06
-0.0002246240807522012
-0.0004852042571891116
-0.00014776127319049502
-9.202002623431458e-06
-0.0003959098853734775
-6.99286544417428e-05
0.0004593459296094442
0.00018315292524352786
-0.00027914326922483224
0.0001644387538623504
-0.0003162068331560608
-0.00025694149659423427
0.00040023980625062414
-0.00018342824824722418
0.0003450460663744607
0.00015494343845749812
-0.0001658775254216105
-0.00021935945920375946
0.0004044736934101557
-0.0004997797957482146
0.0003476744458445621
0.000335725222947394
-0.0004014465461692811
-5.956536766685706e-05
0.0001987263516186927
-0.0003223399347248169
2.357723524035833e-05
-0.00040751920390758744
-0.00015022970612203155
0.0004645833263101306
2.9507809461612228e-05
-0.0002629314699535407
0.0003785638839051706
0.0002317521509689487
0.00011907379569167447
0.00033893455118742745
-0.0004694348794072616
2.5474475826158687e-05
-0.0004310894098314799
-0.00027587808660440357
-6.274167619337246e-05
0.00021656762306754393
-0.00045647540728915506
-2.6538084011102703e-05
-0.0004482961611420638
-0.00018084555488946907
0.00037760862132395516
-0.00034850343282855713
0.0004885649811987923
0.00046467107726756674
-0.00025144477066150307
-0.00012213008923495794
0.00029531563558492376
-0.0002440683498548576
-3.427436512840152e-05
0.00028618324189614284
0.0004701454146358179
0.0003045932744491067
-8.046834330530307e-05
-0.000402898698188785
0.00031732061715396547
0.0002624026450992698
0.0003116616694147353
-0.00023514080638828606
0.0004130768314147716
-0.0004678461562030938
-8.667976959970784e-06
-0.00031171716560848025
-0.00013310767034203507
-0.00021468761783428116
-0.0003871803346651551
-0.0004802677817590261
-3.478932008658633e-05
0.00013252361382197042
0.0004600788753431772
-0.0003246172508791656
-0.00012710059388105653
0.00018504571726167117
0.0002801562906421006
6.211193433980095e-05
0.00022211325837947246
0.000443458184399482
-0.00020065041528674897
-2.327696766485501e-05
0.00016149001646188657
-0.0002654493809673353
1.601016497125541e-05
-0.0003050816525441449
0.0004276342647626458
0.0002720296474994586
0.00019083599743077142
0.0003382813090977481
0.00016323482856383587
0.000456807783730686
0.00012804869263708014
0.000466266979501549
9.720347618643124e-05
-0.00022701116093010908
0.00043901310088466546
0.0003576690620415517
0.0004424002397604253
-0.0002763040011330251
-9.213989522574242e-05
0.0004546131032631106
5.7689551700996285e-05
0.00013632161922007486
-0.0003768362706388302
0.00016582689278501757
0.0003942878565495172
-0.00021339843882712276
-7.961300434889231e-05
-0.00012200520619180854
-0.0002103673521391303
3.4885906659391894e-05
0.00015438645172165147
0.00018188403143005528
-0.00038874746473766165
-7.185017870169964e-05
0.00016092146311301708
-6.368161735611887e-05
-0.0004892403286107311
3.60380296903157e-07
2.6824823842817045e-05
-0.00045996973726722634
-0.0004849254114260722
-0.0004902137058139343
-1.636227153698264e-05
4.324261477439532e-05
-0.00042469638597188863
-2.8039872814199164e-05
-0.0003818976003527084
-0.00017539640233322275
-0.0004109422019935238
0.00016535648766971556
-0.00013974623882553828
-0.00020980657679788218
0.0002308514772316158
-2.4985126245537074e-05
0.0001396389107146096
9.467118019868611e-05
-0.00014022867745214798
-0.0004927541732754015
0.0003350480648041126
-0.00042755182206982457
0.00034221880001719066
0.0001502326347139429
0.00036302504630183715
0.0003004458175837703
0.0002055293508823726
0.0002517766322303745
0.00025421343839331556
5.456449707527016e-05
0.00026097432449038115
-0.00024074468307214516
-0.0003397079360072761
9.465127027552273e-05
-8.96670797866014e-05
0.00019083035149460807
-0.00013561051483618837
-0.000264872640414574
0.00020187066160949542
-0.00034557033735756713
0.0003346259134077807
0.00033835354444093266
-0.00036807934459516024
0.0003254213644441012
0.0003041108763964114
7.794990102713345e-05
0.00016745758024326607
-0.00042141068708115927
0.00020964281885894984
0.0002459330456441605
-6.3060772794165665e-06
-0.00034551861578780373
0.00046679505425071535
1.578329601597357e-05
-0.00034726922844446586
-6.498375651622234e-05
6.938009349068629e-05
0.0002790537885740751
-0.0003434467647326609
0.00043529125025685384
-0.0002802302456521809
-0.0003524698951720253
0.00042811213152647886
0.00021982028060263024
0.0002948505597066887
-0.0001603036488618218
-0.0003796881930344787
-0.00047762959625431635
0.00045243195193778673
-7.137068580781957e-05
-0.00022500353294421414
0.0002835059946296512
0.0004136072158525653
-0.0003633813089495703
0.0003969962600992448
-0.0003428985060767299
0.00013677507248866883
-8.257666221738325e-05
0.00046247743742770374
0.00022947185947936005
-6.77729189377285e-05
0.0003211608974967561
0.00046386055697879953
-0.00047622871247019903
0.0001728023862416656
-0.0002665125140290759
-0.00010457269861949926
0.00044600729653513304
0.00018849705660012415
-0.00018466608588503584
0.0002457103601760538
0.00040374103486112126
-0.00022486436421464815
-0.00045602179395477836
-0.00030120255518323037
6.326274240619752e-05
-0.0003800334963940869
0.00028166858130511125
-0.000402529336234457
0.00022982027290457095
-2.4362340049877466e-05
0.0002984639860732763
-2.1745648988683584e-05
-0.0004581979367786739
8.725695223396309e-05
0.00045895963504569495
0.00031369937939102366
0.00016869563141886637
0.0001197510282010774
0.0003648102443386923
-0.0002258931080557799
-0.00024389749314614108
0.0004288455465042346
-0.0003455218728952153
8.413247213743776e-05
-0.00010985045551702952
0.000105155341295187
0.00031571498095337347
0.00016109396571554818
0.0003200212407057947
-0.00016300249320867863
0.0001311031007432522
-0.0004691325940667738
7.301062296469327e-05
-0.0003741709831551754
0.00024332034433912448
0.00013378702466818482
-6.871672925921435e-05
0.0002884209157771727
-0.00016370615715055272
-5.404634741999314e-05
-7.262372686347708e-05
0.00044214172067190286
0.0002485555103192504
1.751403523428982e-05
-0.00045735995109164783
-0.0001745283024249571
0.000405359746218248
-5.1316385889290446e-05
0.0002237750762097249
0.0003220220254560453
-0.00040844384569020887
0.00020055764971105966
4.0013580636137896e-05
-0.0003747486574357447
0.0001458386629304894
0.0003402808208632581
-0.0004416440713611454
-2.198647943122355e-05
0.0003958732364905478
0.00029317257290724255
-1.2761605624514428e-05
-0.00040618803557175467
-0.00022846901082300175
0.0001164807419434036
0.0004233306218580555
0.00046972174114258685
0.0003298268994913144
-9.968743978779369e-05
-0.00031735640110280914
-0.00014035744127867167
0.00014984097720539824
0.0002772034214829555
-9.514965867949001e-05
-0.00012522047660985694
-0.00035674881663426205
0.00042674172587099364
0.0003877422283167153
0.000441824874988461
0.00022108365412466823
0.00021638265776010484
0.0002755970171376865
-0.0003322836383150051
0.0004974894890405269
0.0004293298536680811
-6.434713469253981e-05
-0.00028055344090073797
0.0003395217597703099
0.0004507803146601522
0.00017033301191836858
-0.00033086393909313673
-0.00045327790468426286
-0.00028920074108848115
-0.00034653248284828364
0.0004087817127950905
2.0241908888930858e-05
-0.00017683579516933958
-0.00028318488607224955
-0.000307553240298046
-0.00013797196232680496
-0.00015948316653847927
-0.00039786385936866134
-0.0001255045585989578
-0.00013062926798856678
-0.00022244226293244583
0.0003836719888314057
-0.00031342503977521317
-3.692445408054088e-05
-0.00014978999979037608
-8.481794983855975e-05
-0.00030617587469007525
-0.0004955065056293071
-0.0004914858809284104
7.947551192494858e-05
0.00041043030191436237
-0.00014405767914779633
-9.81009147462365e-05
0.00023975285057804146
2.5370560664876108e-05
-0.00018740897125871882
-0.00015593625604171758
0.0004846746224837215
0.0004439653035523815
-7.988855039373012e-05
0.0001112024745327097
0.00010382561406197975
-0.000412595243339817
-8.959866085155846e-05
-0.0003126195342656122
-0.00014053870495320665
-0.00021086130540313433
-0.00018902946305175152
-0.0002611479794981477
-0.00026926709512933546
-1.389089518185081e-05
-0.0002124000288128678
0.00032882316485611466
-0.0002623819305980606
4.095711082172104e-05
0.00024570679006610417
0.0003140191692661056
0.00031963917629127783
-0.00025146722845527635
0.00020386167940910575
0.00012322714101930762
-0.0001557129252589445
0.00012161099780717344
-0.0002461208068021622
-5.8909466558981446e-05
-3.2607354619815807e-05
-0.0004968828316219725
-7.056337156633965e-05
4.440841353161456e-05
-0.0002110618067217911
0.0002786959078255344
-0.00023796380192483014
-0.0002594854002020083
-0.00026223942643498774
0.00013790703441464392
0.00019011197751501497
-0.00027847475542133515
-0.0002026641934480059
0.00011829443068177032
-2.9301968553188847e-06
0.00029109654649302956
-0.00012503879151851973
-0.0002104728111708486
0.00018047486620334085
0.00044869002002906886
0.0002660791657439596
0.000440418510531568
0.00010407979966775126
0.0004158909696177596
4.6432445676123073e-05
7.486248735913924e-05
-0.00013434453721184868
0.00032598138034170684
-0.00022692562684526808
-6.570908901678619e-05
6.582971570067385e-05
-0.0004207243750172588
-0.00048432192567016586
0.0003176537000203662
0.00021858196219807526
0.0003011702081982334
3.9624436599466364e-05
-0.0004748924650840336
0.00018753896052993977
0.00037543121213198707
0.0004215216111794818
0.00015125222966108588
0.00033354616277007573
0.0003117296468928047
-0.00019723410727531945
0.0004233653094620648
-0.0004079179921043412
0.00035781122144957827
6.733401896538878e-05
0.0003803885038123116
-0.00020065270489998322
-5.109929653953314e-06
-0.00023717048738875802
-0.0003853687165027022
-0.00014987472841558017
0.00010606697475447552
0.00017377371886386514
0.00017050077212004886
0.00032091825231106614
4.791658764318222e-05
0.0004146017399189794
-4.123576326115218e-05
-0.00029310689323872345
-0.0004220131516553002
-0.00015280730656028874
0.0001637318834853827
0.00033602041641283284
7.689515159369506e-05
-0.0001172006473480278
0.00022678161476655505
-0.00014379532300274467
-4.8178599914739805e-05
0.00031659798647766903
-3.457507053257448e-05
-0.00045572108153215464
0.00043660615866772216
0.00018677565202952274
0.00022735513403057065
-3.1159264647762314e-05
0.00013378481415656396
-8.12976738836715e-05
-3.4108261243979824e-05
-0.00048698588250287134
0.0004385249143532353
0.00032201319411054937
-1.137075250326209e-05
0.0003111979689303377
6.0554292094885703e-05
0.00032856940290374543
0.00023053607972182272
0.00031160689039827375
0.00031672197002302204
0.00030498000774299174
-2.477209496287681e-05
-0.0001500684044828332
-0.00012973440197867057
-0.0003164187384346703
-7.443214272767975e-05
-3.708051708202877e-05
-0.00043069431344579755
0.0004474645928933933
-0.00029755123065761005
2.7188427593797648e-05
6.95642246220274e-05
8.716121143979589e-05
0.0003278371601243544
-0.0004758423584097361
-0.00010322080259921864
8.608998622656767e-05
-0.00042502347918557204
-0.0001495899946228687
-0.0003297366768002007
0.00035558056387237477
-0.0002829832750840412
-0.00011028994899029267
0.00030098469200003704
-7.40250150475399e-05
0.0004403815806979653
0.00034088334831769223
0.0003828704315585849
-0.00012695559796057455
-0.0002881147737796869
-0.00011851210125306066
-0.00024555717651684105
-0.0003256238984431588
0.0001227893118770861
0.0003496491724136184
-1.6564914784638067e-05
0.0001534679296784165
-4.6256777472043504e-05
-0.0003742835008334934
-8.796400664916017e-05
0.00041048709842779886
-0.00044857017049740956
0.0001414354184086122
-0.00044430928214513624
-0.00047905881944438765
-5.075445630190378e-05
-0.0004779420927575663
-9.469132214377915e-06
1.642979462389933e-06
-0.00045904646998244436
-0.0004154027609549471
-0.00042886697669192934
-0.0001554862153195765
-0.00020006144119387838
-0.00030470976438861297
0.0004266430566414814
-0.00028629123117056266
-0.0004079533228192117
0.00012494494926785875
-0.00014197711720080462
0.00041790132153124676
-4.5703152709792205e-05
-0.00022224975360961633
-0.00042770381099469846
7.912469877349162e-06
-0.00038324087895096303
-0.00013102199436048278
0.0002675920563678623
0.00024749966361668524
-0.0002893774907327608
0.0003597976770236585
0.00024485321865021074
-0.000387937785494897
-0.0002518029567308244
0.00034163001503339835
0.0004449886573700308
0.00023919919616730164
0.00032690339861666997
2.3473827800418474e-05
0.0003850606533890536
0.00011404337142680802
-0.0004955759113024559
-0.0003109967430516276
-0.00018082597186865556
0.0002949797792390806
0.00038275023865276363
0.0002459725916247386
0.00028415095069239064
0.00016485582680455147
0.00023423839930530963
0.0001117975482185108
-0.0004376801386284428
0.00043630804250969135
0.00024446091603512335
0.000426710138080626
-0.00027423040560917004
-0.00023859231502266896
-0.0003073074642087723
0.0004977809859231465
0.00012444766397833506
0.00024133742263987286
0.0003461328595741914
-0.00039628115568826
0.0003193165705954105
-9.059912039241134e-05
-0.000369322864947942
-9.578827666080947e-05
0.0004162649404020999
-0.00020332468785541293
-0.0001011839700456558
2.8285099535797428e-05
3.801562276309215e-05
-0.0002243912087910973
-0.00013345941441677325
-0.0004112738832116032
-0.0001498952159308388
-0.0002681902132481333
-0.00027268610562799166
-0.00021470782133930155
-0.00021734296003484902
0.0004617559376317122
-4.439313566874961e-05
-8.552241116876102e-05
-0.0004231807011128813
-0.0002453841583711899
-0.00016348963668330065
0.00024382728081454377
-0.00042090313150703793
-0.00012594007816996367
-0.00044090177736615013
-2.2791857118168357e-05
-0.00036740230433604504
0.0003904908424058038
0.00039355355451270544
-9.736195147332083e-05
-2.754183031428701e-05
-0.00015238697018561198
-0.00041066937449609853
2.9437386964987827e-05
0.00033013965343594686
-0.0004379715792292235
-0.00042411633232105695
-0.00032942358130884586
0.0003759645897804632
-0.00016625057453856874
-0.0002955904816487458
-0.00035008887083349405
-0.0003522893118697959
6.697820910180822e-05
0.0003504770485278358
0.00028049358384302063
0.00013059814397279625
-0.0004626941822985108
-3.471592046222461e-05
-0.00020360450447164547
0.0003777352753160312
-0.0003186200926018792
-0.0002069603028858342
-0.00046092505035184996
-0.00029675866421116393
0.0002792169165097821
0.0001412855238562971
-0.00026609371338234486
0.00045187019130754093
0.00011669499935177546
-0.00044406017579842917
-0.000280405626714372
-0.00010473715058015721
0.00044949865338109955
-0.00021108577599304647
0.00037804015495190933
-7.242230778579158e-06
-3.796517572591775e-05
-0.0004943490316948749
-0.0003110954860403984
-0.00029925597827913864
0.0003146792741192709
-2.1843500284720024e-05
0.0003720367424932099
0.00027612090753588003
-0.00034861199800016686
5.272829430212308e-05
7.652332355713996e-05
-0.0003478352470004832
0.00041062631947365877
5.8074738517690876e-05
9.607625938525552e-05
-0.000472529764822619
8.581459705870513e-05
-0.00010070727140504444
