0.0013656362766765791
-0.00011427803072908008
0.0029269820602631884
0.0014301975366632488
-0.00033956404879947454
0.0029724451461115723
-0.0007648281993200136
-0.0017863485196707256
-0.0006419473698371855
-0.0005137136169082422
-0.0023105226427687186
-0.0009722118451117078
-0.0007726400794338794
0.0017749950392939896
-0.0019280741793014989
-0.0011913254439907418
-0.002989604045148468
0.002828244920679032
-0.0006108053889705544
0.0014062857373332537
0.002056587743187969
-0.0021533440696190143
-0.0003682284627922112
0.002219283465343608
-0.0023063950442359345
0.002020575363693546
0.001331194065688309
0.0028901551962631404
-0.001245657862081028
-0.002152276510386526
0.0020956187251755702
0.002607187479643368
0.00276312990225625
-0.00012297506582466733
0.001969841435188617
-0.002828606207983463
-0.0002025007337354179
0.000337317567023153
-0.00219486713654401
0.0010739163001975954
0.00170239946732251
0.0027627441558457366
-0.0013974708238754822
-0.0012560828838212238
-0.0019846483867027474
0.002280613874610011
-0.0005203431913961237
-0.002454893744635047
-0.0008566396411016954
0.0011905885602950085
-0.0011493511876479656
0.00030609271142522515
-0.00012354927539659282
-0.002143427833516204
0.0011458162065853443
-6.939714096771809e-06
0.00016002951572169702
-0.001159351913899887
0.0013378136547353339
0.00016811617513694992
-0.0025236716168637974
0.0007553646527707577
0.0003247441066206126
0.0010633647672423216
-0.0015710853821233838
0.0015390959911993473
0.0019567876915444846
-0.0010573170305506019
-0.002324305026910661
0.0007868236901463427
-0.00034610414261563097
0.0008363671699875225
0.0007064972733214826
-0.0028411176933718406
0.00017288171924990372
-0.0012377120970396669
0.0019660495257930264
0.0029101204273334277
-0.0015616056735549724
-0.0023114485484952586
-0.0015155550241250553
-0.0012111775882035045
0.0029734913977371453
0.0018120220489115319
0.0005096608335988843
-0.0008080049212817225
-0.0014657472025833046
0.0008237871512184192
-0.0013200885091001157
-0.0018530405961938404
-0.002436045151228495
-0.002621990554948917
0.002570716367308626
0.0008311839113415743
-2.180370008595875e-05
0.0005447368296401371
-0.0014898945695230796
0.00012810385469083294
-7.076434711314559e-05
0.0010410308019892936
0.0005390730614375414
0.001603935558853159
0.001652250417781581
-0.002385171063952547
-0.002588914840483287
0.0014677476243708755
-0.002145583520921992
-0.000985057730435082
-0.0005928036202589126
0.0019546353062253495
0.00047598684795958435
-2.2111083966620555e-05
-0.0011083352471235304
0.002499167192642736
-0.0004947790284441744
0.0009160428974376647
-0.0012640111472749945
0.0008588977899951569
0.00044446006182184954
-0.001998884153486969
0.0029221931973146473
0.002278896331062893
-0.0026352018417768433
-0.0027096312472320405
-0.0027533111727727037
0.002781123690978911
-0.0026492138284796587
0.0013069158518720179
0.0008163632744552754
-0.0008793099677749691
0.0003970579335492866
0.0008159890098230435
0.002208910728456085
0.0027340254948306055
0.0029471628842784245
-0.002072519032405061
-0.0006451266349391917
0.0021869309780406347
-0.0014927227715700912
0.0013015022341425148
0.001894366856931026
0.0017577335540554734
-0.0005770815956399784
0.000940102572988038
0.002625246526381706
0.0019357591801064727
-0.0011975928313630586
0.0018623503014018033
0.0013461101357022881
0.0019450042345302617
-0.002067565384821094
-0.0021585736761651968
-0.0029305296530431455
0.0014871955239409065
0.0023545617242894216
-0.0007967674586638052
-0.0010796338481074293
-0.0028317668987691445
0.0006710355935071318
-0.0014991073899613702
-0.0027784843576358306
-0.0007913467676848741
-0.0025561742418500647
-0.00021389069893748905
-0.0009632041417188229
-0.0006023678792599647
0.0017229852108568621
-0.00046209934547751736
-0.0010709480683691098
-0.001971543838189602
0.001588455507719853
-0.0013151412649930923
0.001747572442838254
-0.0006612436889763765
-0.0011977820467359858
0.0005169671228342399
-0.0026684606132513665
0.0016152067023511817
0.0009843183847301094
0.000315236950439334
-0.00296563962339687
0.0005649462073892939
-0.0019149491582684927
-0.0022465001668160534
-0.0017799351201738063
-0.0017623058329156848
-0.0007321803055467245
-0.0013008415860784122
0.002523353166487695
-0.0026191663807750287
-0.0013102821392410365
0.0007163356161790412
-0.0029294820471698914
0.002035918005469933
0.001916775475749542
-0.00021800472421600959
-0.0023879006498602052
0.0009039765412335731
-0.002374823567288212
-0.001639593824265108
-0.0025067657500295127
0.002496110178561662
-0.0006247090947833814
-0.0014599337045990534
-0.0006987643471420622
-0.002420589593731547
0.0005923005338594649
0.0017829406552975924
-0.0011424074450032667
0.0016130486917510746
0.0021637792591754626
0.0016200077657639337
-0.0016183885597037446
-0.0012814417180610424
0.001236429891621823
0.0018448625637493459
-0.0009127276976092983
0.00039330868969471777
0.001134239856389098
0.0021015695061323307
0.0021066521687667
-0.0024551067485936674
0.001633602210335137
-0.0026813751271898755
-0.0023662933834427595
-0.0014322167367464417
0.001426293922279367
0.0026401431866113455
0.001035844612811864
-0.001277963352794876
0.0006565245727548001
-0.0011119030286265003
-0.0003498726178039809
-0.0005959170630417446
0.0018265679232212957
-0.002262957261214757
0.002917875157647149
0.0005495733906633379
-0.00183786086326481
0.00046635300811252115
0.0014272710886386632
0.0007000658913886722
-0.001463072958100254
0.0021846227325531915
0.0010099920395776714
0.001517172936400208
0.002635281052898046
-0.0006125587364595952
0.0028829645487554465
0.0008169489904041316
-0.0006354884066079795
-0.0025890791583133535
-0.0028733050315293772
-0.0004070476238675338
0.00043349857597398903
-0.0009582077862727817
-0.0016631639668643727
-0.0011039463673552384
0.002581759332486844
0.00283108191509895
-0.0005367701657722872
-0.00045478613277863617
0.0006110766497601184
0.0018545539866548907
-0.001795144363965722
-0.0027955294594016805
0.0011493069384431644
-0.0017018070799733947
0.0012851433241112785
0.00044156240516355673
-0.0011675414785402112
0.002038858976933777
0.0017542844503178612
-0.001776388486484974
0.0005123411495470786
-0.0015428356974555523
0.0008818902588366949
-0.001791954453323367
-0.0022774762006971265
0.0007839540732347346
0.001569584979827966
-0.001207991686149778
0.0016372987783242433
0.001715100324228949
-0.00161059902068754
-0.0008866304150046463
0.001965792190773959
-0.0019110501127952936
0.0006160180774393009
-0.0005793565392818367
-0.0028341066889799524
-0.0018747330968378391
0.00034804957266443845
-0.0010090079973979248
-0.002914162116789384
0.00023553566470480144
-0.0009004210604024489
-0.0024812215744008355
0.0017790484817928713
0.0017555020967688255
-0.001098913452749889
-0.0018675591194978573
0.002798410223394325
-0.0018475893795764332
-0.0015882896294038419
-0.0028153865077431067
-0.0009670903456595868
-0.0010673189231061191
0.0028946164167848567
-0.0029546967068345945
0.0005918142945327354
-0.0010945428423605559
0.0012974331650537612
-0.001630118008707297
0.0027050218654668615
0.0019458347221796568
0.002660827158178402
-0.002901550280004484
-0.0014036812790515865
-0.0006249202049196404
-0.0003598694529397509
0.0006830570726686093
-0.0004799247577664985
0.00023828962642852584
-0.002033381793997496
0.0005258689564212986
-0.0022719452674023356
0.0017177557985332045
-0.0026537871927825615
-0.0010276243678102098
-0.0005428989307162042
7.481665311393155e-05
-0.00140476454049622
0.0008770296763547687
-0.0006507982950476024
0.002314440681272828
0.002268902684663089
-0.0016640394260351893
0.0011105719513766843
0.001696878493527611
0.0025752874706649774
0.002162871001787009
0.0029604900438858018
-0.0024483249608079987
0.0023957520027272985
0.002347887404509006
0.0023094691982504323
0.002616776176859544
-0.002058962562270374
-0.0007959486182477979
-0.0018356345367807837
-0.00043053211709779366
-0.0017018909479133283
0.001304765972049207
-3.188036634334821e-05
-0.00016737498666483455
0.0007048548252009202
-0.0008409578988176941
0.00044632875944252207
0.0022781813507512048
-0.002565248896474412
-0.0012305124421466613
0.0018299644464785927
-0.0022471764539055733
-0.001967631677345499
-0.0005396108948181122
-0.0022148954381839498
-0.002208619539399742
0.0018195035547159972
-0.0004039253107629482
0.0015791047778648043
-0.002062788646416366
0.0020114824749645046
0.002669418502738532
0.000619510339081536
0.0026083422672000785
0.0003042972227235716
-0.0027248655452004624
0.0016560118888741806
0.00029998703297459423
0.0020592649311877266
0.0017784418987734684
-7.183260943611613e-05
0.0002603645048003425
0.0017821679839197862
0.0015219645114028816
0.002817317742919231
-0.00033563311096799966
-0.0003348789495124819
-0.0029008466889666237
0.002460389948572528
0.0006012275572636022
0.0005468542503975233
-0.001300811374859912
0.0003975100817034294
-0.001766520733834035
0.0003996942089416356
-0.001965050263911968
-0.0011076224255953126
0.002343012396246915
-0.0023056101799490644
-0.0010250825817294537
0.0010999439385626208
0.0011998269221938519
0.002448791217196996
0.0023089896181209667
-0.0014054381915854799
-0.002142569926574584
0.0008662683741974329
-0.00013754279547104325
-0.00013640472547823967
-0.0022024649416748665
0.00017518017358984176
0.0026027153760789
0.002244845505082146
-0.0024949775569023647
0.00011972015990593726
-0.00011015212507472583
-0.0014070571080596495
0.0010074503699533189
-0.0009015538463767936
0.0017466178972982502
-0.00046738378226523613
-0.0008434766284850979
-0.0007957070093546756
-5.034373118479804e-06
-0.0014842526569224515
-0.0028711729812458285
0.0025398434275024154
-0.0007533683979899517
-0.0026491828549142344
0.0006718588511251265
0.002763176548958614
0.0013168782248331084
-0.00010931681161639164
0.0024192328666299747
-0.0006300890381385985
0.0017715752084053703
0.000804811014825357
-0.0005641646029319316
0.0001994535989461037
-0.0015245843807904994
-0.0021125357615977424
0.0015486525645498073
-0.0005597294041957798
-0.0024665231037480774
-0.0006947299575661326
-0.0025446666618130854
0.0006082071439045449
-0.001172083859591208
0.0018898489452463503
0.000717564489495478
-0.0011482474082800086
-0.0007288962832282852
-0.0010817652182727997
-0.001663351517473717
0.002254252968000166
-6.519477766431768e-05
-0.0010034823609358255
-0.0029444444088863857
0.0010225477623686452
-0.0013778071794110125
-0.0029712359046509245
-0.0011845971536482611
0.0024975414433666826
0.002579679608825077
-0.0020715469442886382
-0.002834938865255993
-0.0014834664837486376
7.170117274740446e-05
0.0005654248951966244
-0.0013584939438093253
-0.0016792709447486368
-0.0020846136031342486
0.0011791070140271687
0.0021143231035744116
0.0017554264464359473
3.535612770725607e-05
0.0008865104784164354
-0.0014200716649602383
-0.002766265652041225
-0.0028107245415092278
-0.0026558627986074806
0.0008312062630465005
0.0023438715011964576
-0.001314947732021962
-0.0009272282535511245
0.00044849877092964984
0.0027803482460178374
-0.002195574239580815
0.0018990423602308062
0.002970298026384115
0.0020392109817449133
0.0004785907194948401
-0.0015113908080918049
-0.0006551615930486293
0.001436212489254466
-0.0016647021718299165
-0.00267123621169692
0.0019744035509968606
-0.0029147732915605954
-0.00098574973640725
-0.00037997800413620527
-0.001882002355324271
-0.00043110550885526455
-0.000979816157771592
-0.0009696625237422245
0.0023989931172147434
-0.0018364508786110872
0.0005628157270014971
0.0025951395322954774
-0.00047427434315649346
0.0027035944573489783
0.002313648527913148
-0.0022516285979867585
0.0018689978686004466
0.00022249488861248758
-0.00036418132222159174
0.0008326189155541674
-0.0011582714519994522
0.002403925662614357
0.0012602197603719043
0.0025136919315011004
-0.0006789269845347704
0.0028854474905031686
6.863513368820595e-05
0.0019925776750843605
-0.0012835912161214527
-0.0025409580311022
0.00039676862691727594
0.0027647315705253825
-0.0007137279673313287
0.0016417440919153448
0.001403926555554257
-7.747793638731171e-05
0.002048874035609014
0.0012822656303330881
-0.0015916047800298833
0.0016378963784786735
0.0011492567653241413
0.0005078114972608561
0.0003697120511815806
-0.0010394428543003512
0.0013937808670157923
0.000887748605207329
-0.000791751534461252
-0.00027757911153473676
-0.0021795807675863595
0.0012580171286067547
-0.00141508427245621
-0.0018663549446194866
0.0013780732000068345
0.002521327621281497
-0.0005885434852355028
-0.0016163465309541004
-0.00023018238233537625
-0.0005616666691465868
-0.0012588665889539275
-0.0024552494444068738
0.0011817695849052632
0.0004267437561203571
-0.0026960955942604103
-0.0015620876008625917
-0.0022497893502770824
-0.0013577791217388264
-0.002773011386911103
-0.002191897776269067
0.002903817476611929
0.0024277020958881398
0.0027782193865813305
0.0019767432117552266
0.0017121945544131259
0.0006043705866770814
-0.00206966375696772
-0.0010166304302831027
-0.0008477900575758765
-0.0018050725975201284
0.0018993855404610604
0.0026025468147545614
0.0009566888924614101
-0.0011482332274903053
0.0013596523330493193
0.0020239669029584757
-0.0015763438018115822
-0.0006829838106438193
0.0008531951643616035
-0.0024475258226868265
0.0021487280789593
-0.0012896624929055122
-0.0008289167307196379
-0.0027971298527256906
0.002439930283307825
0.001599756074047845
0.0010583748466633774
-0.002644792637692274
-0.00101865740036225
-0.0006536523542561268
-0.00036950793886708633
-0.0006007681296801813
0.002659200234679102
-0.0029463916538238193
-0.0002732458408487913
-0.0011724879817760507
-0.000154036734270847
-0.0014545906883740886
-0.0007800264155803831
0.0009754604618872871
0.0019580537925556656
0.0026967410354900596
-0.0015064420746559947
0.0012933588269775868
-0.0016877050256890224
0.002971957696489628
0.00048644844995510833
-0.0016909239146765934
-0.0022599205263307467
0.0025749619067267932
-0.00035798599668053835
-0.002835293133673768
-0.0001903801503746025
-0.0008518458137069091
-0.002519345796026834
0.0006739601978666353
-0.0015815686007309888
0.0005944665079802782
0.00028964862910531384
-0.0018181686926157647
0.0026485697416390643
-6.414697708890778e-05
-0.0021129241160765403
-0.0004428960877516678
-0.0005654760250473618
-0.0012440534142557122
-0.001129303859863012
-0.0013775603444599758
0.002927546089998535
3.9801438345325214e-05
-0.00048456127812360715
0.0021665232614785637
0.00118863706578209
0.0019578916232125387
-0.000525099563084008
0.0012004685281924018
-0.002988986612681505
0.0009565978568977437
-0.001886962525780953
-0.002672159117676687
-0.0006017550787707753
4.3508424137206955e-05
0.0016007810124303874
-0.002850381034777259
-1.9703818258126875e-05
0.000997986462890012
0.0028145462518783517
0.00205749166492002
-0.0006857955320140946
0.001308926014895179
-0.0014497241056905393
0.0025581840393999666
0.0011892951995570722
-0.0025000538618376845
0.0021015271916771253
2.4100412354477376e-05
-0.0019880823306408276
0.0016457424945431343
-0.0029393303522613637
0.0024572508520051117
0.0017924927446000428
-0.001592569941811762
-0.0010184379691909537
-0.0010882546396782107
-0.0001089619484931051
0.0013310880931459886
-0.00015423055546268582
-0.0011245214237421883
-0.0013196884027041036
-0.0011199498211207862
-0.0023817172485912576
-0.00136572682169636
-0.002607747824383649
0.00011464816171912135
-0.002088548401649755
-0.0009445895480576123
-0.0008936004656593007
-0.0004041065924159271
-0.0020792035951293785
0.0024749694097204794
-0.0027025026211496663
-0.002860775124935685
-0.0013982904120541353
-0.00014126218317450211
7.885677455117231e-05
0.0013461840578793422
0.0029874276166165087
0.001182358838207379
0.0020234376943613405
0.0018273173519756034
-0.002711191099682251
-0.0004074634333112309
0.001521189138236163
0.000982799731769052
-0.0028450164307266632
0.0007199221479772928
-0.002826962909368254
0.002361773770872353
-0.0025836002101695416
0.0023147869684528805
-0.002797879209577967
0.0015012011537130733
0.002697555900257325
0.00024852937166592584
-0.0026554655550648848
0.0011385742392988965
0.0005100107156980494
0.0013048934208099473
0.00040420672578895134
-0.0026211517180033225
-0.0021513923256190936
-0.0029404144594444965
0.002102352670465611
0.001847439598485985
-9.10680567908469e-05
0.00246500665618876
0.001441615547322978
-0.0008417713010905009
0.0009556399741528325
-0.002033011005050409
0.002435356517033029
0.0028233914647932106
0.0018881312718608614
0.00029791722315184507
0.0019566215762789833
0.00043248173733177525
-0.0012933735893837462
0.0002040165377410327
0.0009572967222126298
-0.0010516283720571039
0.0025734962381554795
-0.0025955831313846695
-0.0010764856243718982
0.00041614501636771765
0.0028480838526595423
-0.0021738831137458536
-0.0026969783295945813
-0.0023127972374385733
0.0014224652767542987
-0.0023322002726959934
-0.0007336687678635846
0.000515256652126597
-0.0027615075748787725
0.0010648472136073174
0.002965134758674431
-0.0017281518366716432
0.0022344055539726274
0.0012526055010335917
0.0028832527601524334
0.0020583321723219106
-0.0002514321355066647
0.0007550541649213797
-0.0003890881839258521
-0.00027868712502053137
0.00043183988608020297
0.002813120459367973
-0.00040312401516403315
0.0002864939158105876
0.002507860837691495
-0.0012672399904013168
0.0004353401340824576
0.000683511309521594
0.001158368675280714
-0.0023067333368005614
-0.00035802720113947695
0.002541975887151544
0.0019531476425236737
0.001584290830507898
-0.002835857077728278
0.002265105783123361
-0.0002799333607418869
-0.0016540560196996934
0.0013668523759266535
0.0011725949806908479
-2.8244880912438666e-05
-0.0003715019504043379
-0.0001696111422633392
-0.0015757718433246637
0.0022426197989363775
-0.0006983638233681124
0.0005656960467431437
0.0008865183557446787
-0.0026957802509461294
0.0028635028498324375
-0.0012058508451322323
0.0010975472393551398
1.6512303611836837e-05
0.0003587025385413615
-0.0015865604315332686
0.0028052966171549154
0.0006049419188973058
-0.0005416996821538409
0.002673846137682895
0.0011413149421124029
-0.000821228171268072
-0.0001623206654630823
-0.0019908794419426596
0.0023475193087381767
0.0016117980379078958
-0.002133093500541704
9.700367255330343e-05
-0.001958491442379485
0.0005569267332696279
0.0018757716898688982
0.0015829814091129404
-0.0017396919783287223
0.001498339621120932
-0.0027204541566482575
0.0014001697794993216
0.0004707290634618799
0.001183352784097035
0.0029076622751154756
-0.0008555593454739399
0.002393569844457057
0.0022067937994940928
0.0013337343730751294
0.0015521290818510149
-0.002730981954266773
0.002932535397956298
-0.0024611886656863823
0.0025473473686394525
-0.002080900900852354
-0.002687312663213835
-0.0009790833253667647
-0.0028473018610142157
-3.880335855189175e-05
-0.0019085690285802562
0.0007707853576632445
-0.0006631292039476545
-0.0002135949518696006
0.0022876638973250377
-5.243683759898008e-05
0.0020903118958819277
-0.001768632919536306
-0.0011371833757090988
-0.0004227123680803379
-0.002421041439862785
-0.0029280964959733165
-0.000567283070720175
0.0011191325643699042
-0.0029013809604352615
0.0009454402100153086
-0.0001232789105598195
0.002256839508492054
0.0020036434285013033
0.0001267489040525597
-0.00196018205178136
0.001928392736448183
0.0020514621793855424
0.0010717360428957002
-0.0007021335400524118
-0.002874736366408323
-0.0023789401963701944
0.0021210903222156855
-0.0008099766003902683
0.0016339151219926717
0.0006674895097398001
-0.002678675921359024
0.00023697934890934717
0.0014983723380630745
0.001319713220216111
0.0017688911987133052
-0.0008915695830256313
-0.00037547155734110604
-0.0028891199033365704
-0.0009366260037456543
0.001895292444350151
-0.002529703116806152
0.0022813880047644897
0.0016550376587133007
0.0017050677490185323
-0.0009552025150509603
0.0027237215553870594
0.002223311622472854
0.000727425692440194
-5.6190679849896664e-05
0.001824368611038742
-0.00095228309010336
0.0027348952789128366
0.002235691822695566
-0.000986184817444214
0.0009190761456664594
-0.0024364195404368164
-0.0002636598954570365
0.002837490184101831
0.002770047642738773
-0.0020486224506965087
-0.002169930313439204
-0.00037784601272608694
0.0019618455554841945
0.00240986763983386
0.00013041418387700534
0.002829937096731912
-0.0017921458128566828
-0.0026930877855697874
0.0003391697330026207
0.002720719641971338
-0.0028547134770248827
-0.0015222938406692875
-0.000566117065332045
0.0012818445424761897
0.0002601422213986222
0.0003798620940850773
0.0011827342502456284
0.0017001854437805409
-0.0023989181647114995
0.00028312087373939115
-0.001230302385175558
0.00236054317360107
-0.0007754931316039152
0.001015968734900479
0.0017150473562313534
-0.0028460714209225762
-0.0014989402365091441
-0.00013453181644167448
0.002428546333687943
0.0022826002515635713
0.0012238515312332039
0.0015760385480750516
-0.002646987653067979
-0.0007234207826828268
-0.0020096046487803505
-0.00145797968249538
0.0003215079137434936
0.0011945108994585668
0.0010768381160339993
0.0016087362456612408
9.379525429884048e-05
0.002221920458470978
-0.001925030562600231
0.002915416700022388
0.0009268532124683459
0.002862236581850342
-0.0002981088476548678
0.0029382463070051264
0.0018178971212750904
0.002162746102112093
-0.0028274010185433793
-0.0021481248005046937
-0.00015279853310840247
-0.002916341075447242
0.0021649990874476168
-0.0008990853432885226
0.002467415688163924
-0.002364289054676957
-0.001684387900793252
0.00012969963733848412
0.0023589280613618042
0.0028406898465600985
0.0006800156339535116
-0.0020410684418890666
0.00266129764837325
-0.002722896359885208
-0.001220294238588521
-0.002546601695910412
0.002475510486129667
-0.00016397444892781235
-0.001599323564097972
-0.001433645136102359
-0.001483193402886533
-0.0017139506388240391
0.0007598186551188465
0.001735880866260888
-0.001963615280174801
-0.0018169135076778068
0.0011751734522693832
0.0005327410968253912
0.0018242356237039648
0.0007111379332997436
2.1354276197305382e-05
0.0019024532358766343
0.002807810743003611
0.0004283502632576597
0.002623960764887966
-0.00010216056225438933
0.0001647633295403469
0.0007270982631312475
0.002054300330600019
-0.0023289126231229853
-0.002240260571729376
0.0007914566980890703
-0.0021542672876556546
0.0004838364161636761
0.0019904085385964738
-0.0006024833956724388
0.0014086842036342261
-0.0011442690476670765
0.0013702365026970727
0.0006100277752101721
0.0016012241162846972
0.0026693119385354045
-0.0014146145329311792
-0.0005798297279458724
