0.002231615075658425
0.0014676603007460634
0.000365820038922768
6.475348760268248e-05
0.001424374668034193
-0.0008911509435885301
-0.00015513429070689424
-0.0016105074982276112
-0.001574545351739437
0.000742178221903382
0.0005807019933624672
-0.0025172712550438885
0.0013455055785807834
0.001570949963090442
0.0018717975120429702
0.0016279491511932377
-0.0015481752516630603
0.000989421135139678
-0.001526065200726754
0.002847259617302484
-0.0012748614467840013
8.231227537644622e-05
-0.0005651935602590591
-0.0015082991237749279
-0.0014013801698634415
0.0026774744213395665
0.0017312234808382473
-0.0016309669108001508
0.0007195693442942908
0.001603210129477838
-0.0011853130207950956
-0.0002499014198706763
0.0006802748644767942
1.3640089683347647e-05
-0.0020130112399573572
0.0023244135143062755
-7.787336295406047e-05
-0.0008244549056643314
0.001587151214286456
-0.0027570675697511753
0.002971036426070184
-0.0017789591455225821
0.0003538047879812012
0.002763501033385944
0.0011704184192444988
-0.0013083964617804432
-0.0017400447668950566
-0.0028475386790615524
0.0003784787618332096
-0.0021086296166477566
0.002784410018676681
0.002911489078204754
-0.0026126784104956264
0.002344128150687768
-0.00033782111704778843
-0.0019459345742459558
0.0023945977485042977
0.00029494490833824544
0.002013441429242294
0.002942725451799638
0.0016175979899785507
0.0009304577044252013
-0.0009316511967468973
0.002419880564218043
0.0007625637806893178
-0.0023397721506656474
0.0026136206142641904
-0.0016784185158029686
-0.0003706199385252115
-0.0005640128476565478
-0.0010402046526199727
-0.002289486114997727
0.0017066097244506544
-0.0015132185099110784
0.0007037686108499414
-0.002271506847045876
0.0007847667656863404
0.0006463033547968785
0.0004303928114757945
0.001376939075454972
0.0024684385641890625
0.0010322241481915684
0.002917080228042359
-0.002390029173520727
0.0012171247036231684
-0.0022827792843434563
-0.00026092002173332433
-0.0007829644605056815
0.0016205878273079953
0.0018614030286016794
0.0011308331972484332
0.0008682342752317639
0.0021308859000514022
-0.002801277472666277
-0.002772557760597639
0.0011108223405785125
-0.0014730256133572534
0.0018790021632611722
0.0020816267505040916
-0.002763916139967286
0.0007350393371309536
0.0012603584684575345
-0.0020156858858501616
0.002935433906058933
-0.0020796238881364624
0.0012110228503117472
0.002420932976829729
0.002468044927722739
-0.0005515661969660267
-0.0004644277745158333
0.0005125891124359745
0.0012692013313189837
0.001403772423397823
0.0009040667042517804
-0.0017622514862235571
0.0022959382814830252
-0.0008269659592236166
0.0011823061004559597
0.0005432843738610148
0.0017085604298757544
-0.00019408044612598046
0.0008256153415532228
-0.0026252722474616255
-0.0004900078233956739
-4.9211864329178935e-05
0.0020547790052254586
-0.00203378566274571
0.0012735495294959416
0.0019100550852040729
-0.0012137379128135928
-0.00257973250308281
-0.002054210060090484
-0.0019013843511143265
-0.0012746990194235554
-0.001572475142709395
0.0028181473630002384
0.0011828441735534994
-0.0028791015765343344
0.0023827329289461156
0.001455520791215881
-0.0027017327997320194
-0.002895343708154793
0.0021245975749454304
0.0016158869293330961
0.0023832061821601807
0.0028519067639684054
-0.0018442605314357991
-0.001003815753902109
0.0012594165367629936
0.0006194110787765086
-0.0016294908747094886
-0.0013722928127317781
-0.0005502751754098618
-0.0024285188246404134
-0.00031804912761865343
-0.001589297318658903
-0.0018633953817353906
0.0007516115585450562
0.0018484658739521846
-0.000769005416001061
0.00043031458757142923
-0.00250300411369584
0.001416781182906608
-0.002666719968730699
-0.00019422127210714287
-0.00032741907883822785
-0.0029585627359920326
0.0018107356703847763
-0.0024657191175018684
0.0002902843757898164
0.00045400106553617706
-3.6399841345207806e-05
-0.0003599813476585869
6.453999218352519e-05
-0.0018138581128858376
0.0012502687672907697
0.002973877394646187
0.0005000566914393823
-0.0025765910744638466
0.0013650799483992115
-0.0001593300308422481
0.0013157025014707488
-0.0028151025852119916
0.0019351455734801003
-0.0011655703338200023
6.992013769486789e-05
-0.0008773469618788598
0.0025160939532970035
-0.00035375824868567104
-0.002006246998972126
-0.0025218590184029324
-0.0013528588932700157
-0.0011125703523998246
0.0011697718140997355
0.0008431676806310768
-0.0026288163412199563
0.0027783224379078183
-0.0028268729697539146
-0.00029738840666868093
0.0008719146224580045
0.002520921419680849
-0.0025972796091948574
-7.656178407713194e-05
-0.0022751082865850782
0.00022424167813883678
0.0008864533749322941
0.0006689546087026437
-0.00013192992062756575
-0.002533476040330231
0.0009303153953230036
-0.0016093972871205268
0.0012847299371909803
0.002012162641799887
-0.0016309820645791884
0.001363793922834258
-0.002941774275890895
0.0010191845952735746
-0.002204451087275471
0.0021455414333679266
-0.001032890105766461
-0.0023340109504347093
0.002605965932558179
0.0003435709221864124
0.0006648201874579359
-0.00210868762351765
0.0025307623758220052
0.00015002281087781594
-0.0028950559280473917
0.0013913355206885318
-0.0022835822731091244
-0.002823653452534123
-0.0026968996703126474
-0.0024172625094694244
0.0006312016697273136
0.002083216477805523
-0.0015352625589862981
0.0004704798696763355
-0.0024579055113846185
0.0015820720220197614
-0.0010156031644948742
-0.001429533631379364
-0.0029734610337334294
1.548872637368269e-06
0.0022338226699214307
0.00035668382896940874
-0.0019865741302166656
-0.0006527495406509248
-0.0011523291132030608
0.0014314550354724651
-0.0013768793367676824
0.0026523173155908525
0.0013514522462911337
0.001330093966566164
0.0018014076153885714
0.0007708693951878299
0.0025408118480575136
0.0023244303646175702
-0.0008715707660703529
-8.666681890577349e-05
-0.001221570464231665
0.0026123823598954675
-0.00047713620010210456
0.0026851882413997637
-0.0029317882014970684
-0.002588101889392524
-0.0006271799227417171
-0.0023347835203988802
0.0013710273532198279
-0.00264142600185246
0.0016677350343631166
-0.0028781793932977583
0.0013317633198824605
-0.0014048633668424745
0.002504180980119621
0.0023572102049113615
0.001246663891140017
0.0013939436953695735
-0.000833739811777299
-0.002470639500759676
-0.002976764449259852
0.0005739557609594765
0.0005244333142643827
-0.0008812631557215335
0.002255935692405329
0.0010754047533119869
0.0002967020076947097
-6.149736837471028e-05
-0.000145648354180768
0.0023121604471577385
9.731109385481941e-05
0.0002609587138961058
0.0028875929734474915
0.0023976606625836115
-0.0006406445840152352
0.002543932721695485
-0.000753940288981356
-0.0022497196346470604
-0.0007358414119517016
-0.0009710165951719463
-0.002373480163411112
-0.0003265309558259811
0.0023431384664099634
-0.0011338966084924742
0.0022333143626632962
0.00184684699286614
-0.0004962228935154662
-0.0016021656268685703
-0.001661712420372007
-0.002568115651436161
-0.0002924584276357929
0.0013783760720150317
-0.00015622734894016246
0.00015028484695006443
-1.0939290543827453e-05
-0.0017350430951724707
-0.002539683657810957
-0.0029658500407253718
-0.0017644849552735668
0.0006883001080331399
-0.0009321378215833313
0.0002297193480870984
-0.001761756683619147
0.002412482067759015
-0.0003578142152011873
-0.0015812188270837445
0.0012152464970162456
-0.0021028837001670383
0.002958813319505347
0.00027870248406638206
-0.002428465942820735
-0.001277159308649315
-0.0010248616411050347
0.0029771671928684193
-0.0017070842144112411
-0.0010300454803955422
0.001480264913969776
-0.0018023431971711016
-0.0016302651857023336
-0.0028974647338893583
-0.0009431003521850586
-8.62944739355798e-06
0.00284461966490597
-0.0008706063158411786
0.002915196330455892
-0.0015087397170963728
0.0009395304182902905
-0.0007534394757823114
0.0007226750151165693
0.0009577376622464896
0.0010491949043422207
-0.0003353924128490994
0.0005218881975462037
-0.0015177610787086215
-0.0005578853302831764
0.00014498947830053708
0.002875254205624716
0.001736684029910277
0.0029849338825465336
0.0004880833546283365
0.00043116314015259226
-0.0020958836502365614
-0.0007321421406961438
-0.0024023370140600154
-0.0014560037836546125
0.002819179583245181
-0.0003100081986010853
-0.0002996615302461739
0.0015738965301079818
-0.0025678469557217304
0.0021983825197165394
0.00022728483736457646
-0.0008106874089481189
-0.0007348259570571728
0.001989293750801541
0.0003560753767733677
-0.0016862379089019536
0.0021009656347463013
-0.0022169118232242694
0.0028587068433794808
0.002527675866596876
-0.0013372601747965677
0.00035612414733013483
-0.0004559778005439768
0.002788483918982519
0.0015126916998318366
0.00015854392100455314
0.0015816526262024538
0.0025606829396067135
0.00018171775607373798
-0.0009571877073896069
0.0007794566961128661
-0.001022835937324185
0.002120952384995974
0.0005244391634917226
-0.001270187714673017
0.0013435768961461477
-0.0028823850250619247
0.002806699781673097
-0.0016572307175690105
1.7997363646491023e-05
0.0028049467483652543
0.001457883948709912
0.002564401252158236
0.00047776029649806637
0.0023651334037322093
-0.0007900914173832336
0.0007389703795548713
0.00040739956285910884
-0.0013069517357917726
4.722946485609045e-05
-0.0011186523268303234
0.002310732560022304
-0.002548611396668109
-0.0025243171787030644
-0.0003323499519380102
-0.0004331881919350223
0.0014142785766298955
0.0016746474469169033
0.0021246134464292495
0.0029553230651083173
0.00034894291523400716
-0.002416642668218039
-0.00016380730184574607
0.00016439059085239342
-0.0020930942282511764
-0.0024928194265297376
0.001515681866030457
0.0020000777373358316
0.00043864454927715346
-0.00034148543595883185
0.0012537768371760714
-0.0003011664329484777
0.0011610583771001813
-0.0022961095964047556
-0.002799068998241034
0.0023347672242903343
-0.00013564561143725954
-0.0017994287631188017
0.00032615948536295807
-0.0008632466811101104
0.00225309165157213
0.0019284338212623908
-0.0012576876354294714
-0.000527717072246634
0.0007464571920837424
-0.001057040046404293
0.001072250064060626
0.0008900681880589924
-0.002718867821050285
0.002631196575206644
-0.002668179252848937
0.0016027846637963767
-1.4749083221483623e-05
0.0006267775322568781
0.0022792282395395266
-0.0010337874824145484
-0.002627897603075483
0.0007603667519632856
0.002891062095536535
0.0011533713412153652
0.0014533705220116542
0.0007241065401596735
0.002769771815648512
0.0029187740656300056
0.0022550191769530542
-0.0003626315507508208
-0.00034868626507703147
-0.002954091154379224
0.0017567359226421586
-0.0028957187056064806
-0.0009708965501612704
-0.001518889870985217
0.0014886914632348536
-0.0015023403693462116
-0.0021887912830868142
0.0011875181737268882
-0.0029607152669377116
0.00202281685063058
-0.0006340859302764288
-0.0006287653812663105
-0.0017365339229427768
0.0029005857508141927
0.0008522826195201559
0.0012595025708226956
0.002445200507334349
-0.00259316445390632
0.0014197500480418812
-0.0026274013064731486
-0.0022664632042008618
0.0010018039475053232
-0.00021457083346078593
-0.0010084766983887595
0.0012062107499197783
0.0011106710581123766
-0.0023421332198691595
0.0017009618349500336
-0.0014001319785513647
0.0013108147023241706
0.0024642046528735367
0.0003774906689982451
0.0025141117455701207
0.0026772273880433066
-0.0015140232174736222
-0.0003199681629190939
-0.0013578126478861168
-0.0009422042685595039
0.0009060814759736199
0.0018869234548876184
0.001852208493730633
0.0008055086522548226
2.707874150256707e-05
-0.0017562262666658602
-0.0011485204549498195
-0.001274765707748675
-0.0002463717157340788
-0.0015141542247730428
-0.0029869638371122277
-0.0027871179433946137
-0.0009385948149599785
-0.0007750602655575249
-0.0022238430311674055
0.0011565716572483498
0.0028487768849082403
0.002355762287219708
0.001646790375747889
0.002056666185172024
0.0014731694639542742
0.0006649868940415637
0.00016673084655933644
0.00015025976584561807
0.0021600279747506067
0.001065210776052817
-0.0027405042064774735
-0.0011665772245008535
-0.0026454798877899896
0.0005050683904551179
7.159554996188748e-05
0.0019069163439600113
-0.001336341834764476
-0.00045537685706892707
-0.000988081254421493
-0.0010183558586154828
-0.000956270625595891
0.0005119450169717567
0.0012457936712291385
0.001768341388281006
-0.0013398948936910586
0.0009236137758718418
-0.0015589427807459167
0.000883171435522659
0.000934314136123192
-0.0025962522503771156
0.0029767537736853757
0.002375244650897043
0.0025771946674637922
-0.001730663697564702
-0.0019321289079066535
-0.0007937402690727344
0.0001500481359235921
0.0029524829993337245
-0.0007218214111264555
-0.0006609878293722263
-0.0019326953217197844
0.0018196368159232945
-0.0008271039116063443
0.002474020888988915
-0.000653658065874604
-0.001335940323702645
0.0007028356415825997
0.002204668942949255
0.0003584094118401519
-0.0014437310082632887
0.0025878072623349603
-0.0006872034559058252
-0.0020876860933076308
-0.0009950924543441703
-0.0017818249049533566
-0.0004332658164846611
-0.002339923840534851
0.0013939066724040598
0.0018111370859428154
0.0027706795122801314
0.00047678705483977964
-0.00046113118732482236
-0.0019303749479478711
0.0019711552693387705
0.0024702199315733047
0.0018392721765706369
0.0028108432631805845
0.002077938588956118
-0.001369691535212528
0.0009573981722722511
0.002306534373939108
0.0013848802154212943
-0.0014017474569944317
0.0004485643384450873
0.0008667373504067061
0.00032374779720063156
0.00201326666603999
-0.0005048559726269592
0.0015043888516166311
-0.0005731373076943809
0.0006194167476757974
0.0020654014855785415
0.002385172175030879
0.00039632703767016443
-0.0021168096792573855
0.0004285372175208339
0.001543020421117868
-0.0011318538641255991
-0.0008356911381705548
-0.0026833920563391965
-0.0029709564023437177
-0.002943483443663352
0.00026440237418000464
0.002565931738884709
0.0015208394052531205
-0.002516885966681946
-0.0011768788111938566
0.0022620175263339346
-0.0017306923757076892
0.00018763200922542172
0.00027251543501624056
0.001180874301440627
0.0014884037697008587
0.0025665749000933257
0.002781168031341849
0.0007583879906776698
0.0008152488379208809
-0.0008656042509373003
-0.0016696292645494418
-0.0003668043555708836
-0.0019387291637539715
-0.0018633428654393274
-0.00028956574889561857
0.0007792614742281288
0.0011671328820927005
-0.00024606452756458256
-0.0014632176082168247
0.0020662108969198827
-0.0018525933139562805
0.0023502624887011495
0.002291949014507531
0.0002829579100460532
0.0020785308636064002
-0.00204599999764287
0.0007092450438349806
0.0008427135123507674
-0.0016035439850202854
-0.0029453256163099427
0.0018767049254603384
-0.0009129493386141169
-0.0029266633450419272
0.0005728004194346251
-0.0028643154683183404
-0.0029591884102886067
-0.001048079204069425
-0.00046633700718301443
-0.0013243687450350406
0.0010079826025650397
0.0016342004506683617
0.0018013346305806432
0.001325353357757235
0.001060996572305151
-0.0017421193556584555
-0.0010639897720002495
-0.0027981779451814602
-0.0020897929725589826
-0.0019759014148219463
0.0004889449915807596
-0.0017154701624180558
-0.0006472052059446087
-0.0016696889192435841
0.00143850496019071
0.0018712600427103782
0.001062603916558086
-0.0019238178386113153
0.0029165384135051587
0.0016977516881596056
-0.0024594580086042105
0.0025655079534513733
-0.0016691514187334392
0.002216121083348523
-0.0027714596549205566
-0.0013142778234742653
0.0013844315784884986
-0.0028175585997834984
-0.00040215711148201393
-0.0008688502063975687
-0.0015781395934675727
0.0016761048481456035
-0.0012218841687503335
-0.0018436829282588501
0.000287985671294596
-0.00045892090683629684
0.0015219328650115929
-0.0012428332236470272
0.0010851065420667064
-0.0021821654579288886
-0.002211641837068025
-0.002041970747599667
0.002834053129567923
-0.0007721785183863955
-0.0015342905518491558
0.001539774940195365
-0.0013501661222139701
0.002876535583659489
-0.0009281878525627808
-0.0023374408558289143
-0.0014616151182739823
0.0018374672408739993
-0.002548695129537286
-0.0019247439662750932
0.002604860374153927
-0.0007626101216997275
-0.0015082392723012607
-0.0012892142409805527
0.00023826573336110587
0.0025190115769956343
-0.0003373260491480439
-0.0009104526606053941
0.0007461496557330718
-0.001219568795005011
0.0005580618918969425
-0.0010789758994336352
0.001507318521407273
-0.001928201827326411
-0.0008147016954638728
-0.002941346452995975
0.0008235988347547584
-0.0027022270376634277
0.0008910331491912716
-0.0007423541274402035
0.0011728812352439317
0.002354429468709454
-0.0007706847282857865
0.0005363074004589271
-0.002458644331484532
0.00034465898250723125
-0.0020992068658879344
-0.0020898053991466894
-0.0001544062261777542
0.0006275756797340616
0.002593126724303978
0.002311336558996106
-3.130199950563892e-05
0.0020546307338903166
-0.0025306158068158042
-0.0019211352777910493
-0.0012255968195382164
-0.0008305904822745653
0.002201834010412021
0.00037118976837301936
-0.002713069011455239
-0.0005565080931709916
0.0008470968532488157
0.001449577646030058
0.00022444216745498482
0.002654045978736047
-0.00183432073718478
0.00033273271898364787
0.0009172219905911319
-0.0010177224491939056
0.0004985415843169225
0.0004860338343692216
0.0009281614369433915
-0.001707789402656517
-0.0024753389636896993
0.00047645440096333704
0.0029938781217703657
0.0005835005537927905
-0.002404858735747632
0.0019201532416129683
0.0005105900232190291
0.0017067195783843836
-0.0024610264388711645
0.0013996409573842896
-0.0016211173519220079
-0.0012222139676143925
0.0021142169297182845
0.001385068288050237
0.0019254982706063475
-0.0012427557478459613
0.0023201366879168125
-0.00120347392837291
-0.002198608818753753
0.002672421489370311
-0.0016179299020003715
-0.00011037384286701748
0.0016963394010793649
0.0014629310546704823
-0.0025067444927217176
-3.731007217769094e-05
0.002131076324781947
-0.0015533783851671853
0.0028983417621894943
0.0005221378630791843
-0.0015773557104171456
-0.0021077904887028
0.002105681884155733
-0.0025270996867918596
0.000969448378526039
-0.0017737276355742728
0.0025712048525275057
-0.0006259494105571549
0.001531731647923926
0.0026690651009561228
0.0018492139482984178
-0.0013574580166703543
0.0006068652557005691
0.002168337826025239
-0.0016896609785872966
0.0019220681676528411
0.002661790913820512
-0.002727960302558817
-0.0008676559077258699
-0.0006959551863781831
-0.0012002567305724647
0.0014997292471473356
0.0026086783727178094
-0.0017654359197093756
-0.002528153512752877
-0.0007123398839353643
0.0012787247508304813
0.00011147445691853585
-0.0029659984827987576
0.0015828264904879825
-0.00288142792174484
0.0011593240093033799
0.0013658815293942379
0.001453959640879343
0.0021820957428007534
-0.0024314642334841165
-0.0015931946654663982
-0.0009311326071161879
0.0020290742609351473
0.0008425920744793455
-0.0021953808128351137
0.00029090715128263136
-0.0023468885781336626
-0.0020753017643531067
-0.001046119297872935
-0.0011375725767297493
-0.0007719382423162086
-0.0015645997447881498
-0.0012291274422907923
-0.0012512020638046127
-0.0019565897142648937
0.002320495954576597
-0.0025226861970394534
-0.002132171821320701
0.0004582933168363391
0.002636285559137882
0.00018913585131914408
-0.00017858922441742068
-0.0013939248049470913
-0.0010036696799984954
0.0006690055351874099
0.0004170753683436952
3.508645735317197e-05
-0.0017174825511490706
0.002890443480843866
0.002430747533394422
0.0024202206827036218
-0.0006442829987016803
0.000793269363737849
0.002770121887865745
-0.0020627882841527463
-0.0013658641733399995
0.0018349827857648392
-0.0028177572758903893
-0.0022647640745221084
-0.0027189517759578815
-0.002586352325271374
-0.0009238018191263745
-0.0020289448256735516
-0.002680644025424217
-0.0015093051591019008
0.0017280153584825113
-0.00016081687165937037
-0.0027862934405133077
0.0008200525466029811
-0.0012145780950367276
-0.00020242577133123066
-0.0004950922473518828
-0.0003099246065378213
-0.00065062901932573
-0.0028861838635977468
-0.001769697577531115
-0.0019596681037235414
0.000865443354951412
0.002646781181923851
0.002653293606823275
0.0013907218327392648
-0.0004232288299118414
0.002112105580836211
-0.002981239377225119
-0.0020684297494768192
0.0001805968098195325
0.0003483228997810525
-0.001471507687075191
0.0009866131132951579
-0.0025544173451730423
-0.0025436761465254566
0.0005099630177646218
-8.355986528874558e-05
-0.0008270108646334529
-0.0027830172362580895
0.00014845263386691326
0.001128158168857845
-0.0004550299403845389
0.0015729100592042971
0.0005907301950731189
-0.0013559507255617729
0.0011138505200920272
-0.0005598744175017638
0.0016439363896377877
-0.0029299840038994624
-0.0012368174702643748
-0.002140154405869166
-0.001966109108686088
-0.00250328578514975
0.00015662561712254976
-0.001714120159859345
-0.000652570347950764
-0.0015352464234966417
-0.0011433923439277864
-0.0006365013678109022
0.0022887103788382743
0.0005449420635964897
-0.0019373651841002792
0.0022605933974310446
0.0014689208694589635
0.0020755952636645238
-0.0010948489677510094
-0.0017558862735882273
0.0015163908105189751
-0.0013670542084026887
-0.0006931836663054587
0.0020634396023551044
0.0007689127016488185
0.0025918706371740857
0.000586474108512763
0.00184750836399839
-0.0018250438927926334
0.002594233603618115
-0.0015918107428500494
-0.0022510233029587085
-0.0029836175872345744
0.002608073686628593
-0.0017561876601767054
0.00040910714978274147
0.0019691685431662293
-0.0017274182084436498
-0.0012609601010602975
-0.0021044479219819133
0.0008748054685716569
0.0024432724193258065
-8.786238667265415e-05
-0.0013593127075027082
-0.0007266694736070213
-0.0001106189347483519
0.0029550964158438844
-0.0010848164401733732
-0.0023095206325072035
-0.002294716364847956
-0.0024676034707449912
-0.0010571896920745262
0.0007497983133554985
-0.0014106081038016336
0.000834295692471856
0.0007378669253690754
0.0029998390755737415
2.173498227231452e-06
0.001981823608436354
-0.0016184632742578776
-0.001988602106500852
0.002694478079018122
0.00047746537342360047
-4.2149650977286405e-05
-0.0008548255346395219
9.890184634280376e-05
-6.875927836701894e-05
0.0010727116487849247
0.0009406667139922019
0.00047033232260917024
-0.002021008413352089
-0.0016752282094373821
0.0016401393198335681
0.0026097831498957894
-0.002583571231166544
-0.0009039101590961507
0.002711882487495474
0.0010689906391756461
-0.0021320157187575232
-0.0019190206546087732
0.0013353138014618243
-0.000550290051219795
-0.00020769386333475926
-0.0017714211656593773
