     Energy         Kx              Ky       F.Density    GA.Brill.       Flux  Tot.Power  Nat.Size  Nat.Div.    Size.x    Size.y     Div.x     Div.y   Coh.Flux  Coh.Power   CohFrac.x   CohFrac.y
         eV          -               -  ph/s/mr^2/0.1%  F.Dens/mm^2  ph/s/0.1%         kW         m       rad         m         m       rad       rad  ph/s/0.1%          W           -           -
8.20234e+03  0.000e+00       1.000e-01       1.084e+08    2.305e+11  5.223e+04  4.951e-03 3.005e-06 4.003e-06 1.877e-05 3.986e-06 9.574e-06 8.013e-06  1.317e+03  2.616e-13  6.6952e-02  3.7658e-01
8.12042e+03  0.000e+00       1.740e-01       2.577e+10    5.467e+13  1.253e+07  1.499e-02 3.020e-06 4.023e-06 1.877e-05 3.998e-06 9.607e-06 8.053e-06  3.186e+05  6.329e-11  6.7383e-02  3.7741e-01
7.99741e+03  0.000e+00       2.480e-01       8.048e+11    1.699e+15  3.963e+08  3.045e-02 3.043e-06 4.054e-06 1.877e-05 4.015e-06 9.658e-06 8.114e-06  1.021e+07  2.028e-09  6.8043e-02  3.7867e-01
7.83706e+03  0.000e+00       3.220e-01       9.559e+12    2.006e+16  4.788e+09  5.134e-02 3.074e-06 4.095e-06 1.878e-05 4.039e-06 9.727e-06 8.196e-06  1.255e+08  2.493e-08  6.8925e-02  3.8033e-01
7.64400e+03  0.000e+00       3.960e-01       6.389e+13    1.331e+17  3.269e+10  7.764e-02 3.113e-06 4.147e-06 1.878e-05 4.068e-06 9.813e-06 8.298e-06  8.752e+08  1.739e-07  7.0023e-02  3.8236e-01
7.42343e+03  0.000e+00       4.700e-01       2.903e+14    5.993e+17  1.523e+11  1.094e-01 3.158e-06 4.208e-06 1.879e-05 4.103e-06 9.916e-06 8.419e-06  4.179e+09  8.302e-07  7.1327e-02  3.8472e-01
7.18082e+03  0.000e+00       5.440e-01       9.980e+14    2.039e+18  5.386e+11  1.465e-01 3.211e-06 4.279e-06 1.880e-05 4.144e-06 1.004e-05 8.559e-06  1.519e+10  3.018e-06  7.2827e-02  3.8736e-01
6.92159e+03  0.000e+00       6.180e-01       2.774e+15    5.601e+18  1.545e+12  1.891e-01 3.271e-06 4.358e-06 1.881e-05 4.191e-06 1.017e-05 8.716e-06  4.493e+10  8.925e-06  7.4514e-02  3.9024e-01
6.65091e+03  0.000e+00       6.920e-01       6.523e+15    1.300e+19  3.760e+12  2.371e-01 3.337e-06 4.446e-06 1.882e-05 4.242e-06 1.032e-05 8.890e-06  1.130e+11  2.244e-05  7.6375e-02  3.9332e-01
6.37350e+03  0.000e+00       7.660e-01       1.340e+16    2.634e+19  8.018e+12  2.905e-01 3.409e-06 4.541e-06 1.883e-05 4.299e-06 1.049e-05 9.082e-06  2.492e+11  4.950e-05  7.8386e-02  3.9647e-01
6.09355e+03  0.000e+00       8.400e-01       2.463e+16    4.770e+19  1.533e+13  3.494e-01 3.486e-06 4.645e-06 1.885e-05 4.361e-06 1.066e-05 9.287e-06  4.937e+11  9.806e-05  8.0559e-02  3.9981e-01
5.81460e+03  0.000e+00       9.140e-01       4.128e+16    7.867e+19  2.676e+13  4.136e-01 3.569e-06 4.755e-06 1.886e-05 4.427e-06 1.085e-05 9.506e-06  8.942e+11  1.776e-04  8.2870e-02  4.0322e-01
5.53962e+03  0.000e+00       9.880e-01       6.400e+16    1.199e+20  4.329e+13  4.833e-01 3.656e-06 4.871e-06 1.888e-05 4.498e-06 1.106e-05 9.737e-06  1.502e+12  2.984e-04  8.5308e-02  4.0666e-01
5.27095e+03  0.000e+00       1.062e+00       9.289e+16    1.711e+20  6.567e+13  5.584e-01 3.748e-06 4.994e-06 1.890e-05 4.573e-06 1.127e-05 9.981e-06  2.366e+12  4.700e-04  8.7862e-02  4.1011e-01
5.01040e+03  0.000e+00       1.136e+00       1.275e+17    2.305e+20  9.428e+13  6.390e-01 3.844e-06 5.122e-06 1.892e-05 4.652e-06 1.150e-05 1.024e-05  3.529e+12  7.011e-04  9.0521e-02  4.1354e-01
4.75930e+03  0.000e+00       1.210e+00       1.668e+17    2.960e+20  1.292e+14  7.249e-01 3.945e-06 5.255e-06 1.894e-05 4.735e-06 1.174e-05 1.050e-05  5.023e+12  9.977e-04  9.3274e-02  4.1692e-01
4.51857e+03  0.000e+00       1.284e+00       2.095e+17    3.647e+20  1.699e+14  8.163e-01 4.048e-06 5.394e-06 1.896e-05 4.822e-06 1.198e-05 1.078e-05  6.864e+12  1.363e-03  9.6113e-02  4.2025e-01
4.28876e+03  0.000e+00       1.358e+00       2.540e+17    4.335e+20  2.160e+14  9.131e-01 4.155e-06 5.536e-06 1.898e-05 4.912e-06 1.224e-05 1.106e-05  9.058e+12  1.799e-03  9.9028e-02  4.2349e-01
4.07016e+03  0.000e+00       1.432e+00       2.988e+17    4.998e+20  2.664e+14  1.015e+00 4.265e-06 5.683e-06 1.901e-05 5.006e-06 1.250e-05 1.135e-05  1.160e+13  2.303e-03  1.0201e-01  4.2665e-01
3.86283e+03  0.000e+00       1.506e+00       3.425e+17    5.613e+20  3.203e+14  1.123e+00 4.378e-06 5.833e-06 1.903e-05 5.102e-06 1.277e-05 1.165e-05  1.446e+13  2.872e-03  1.0505e-01  4.2971e-01
3.66664e+03  0.000e+00       1.580e+00       3.839e+17    6.163e+20  3.765e+14  1.236e+00 4.494e-06 5.988e-06 1.906e-05 5.202e-06 1.305e-05 1.196e-05  1.762e+13  3.499e-03  1.0815e-01  4.3267e-01
3.48135e+03  0.000e+00       1.654e+00       4.221e+17    6.635e+20  4.341e+14  1.355e+00 4.612e-06 6.145e-06 1.909e-05 5.304e-06 1.334e-05 1.227e-05  2.104e+13  4.179e-03  1.1129e-01  4.3552e-01
3.30661e+03  0.000e+00       1.728e+00       4.564e+17    7.024e+20  4.921e+14  1.478e+00 4.732e-06 6.305e-06 1.912e-05 5.409e-06 1.363e-05 1.259e-05  2.469e+13  4.904e-03  1.1447e-01  4.3826e-01
3.14200e+03  0.000e+00       1.802e+00       4.864e+17    7.328e+20  5.498e+14  1.608e+00 4.855e-06 6.468e-06 1.915e-05 5.517e-06 1.393e-05 1.291e-05  2.853e+13  5.667e-03  1.1769e-01  4.4089e-01
2.98706e+03  0.000e+00       1.876e+00       5.119e+17    7.550e+20  6.064e+14  1.743e+00 4.979e-06 6.634e-06 1.918e-05 5.626e-06 1.424e-05 1.324e-05  3.252e+13  6.460e-03  1.2093e-01  4.4340e-01
2.84131e+03  0.000e+00       1.950e+00       5.331e+17    7.695e+20  6.617e+14  1.883e+00 5.105e-06 6.802e-06 1.921e-05 5.738e-06 1.455e-05 1.358e-05  3.663e+13  7.276e-03  1.2419e-01  4.4574e-01
2.70426e+03  0.000e+00       2.024e+00       5.499e+17    7.769e+20  7.148e+14  2.028e+00 5.233e-06 6.972e-06 1.925e-05 5.852e-06 1.487e-05 1.392e-05  4.083e+13  8.110e-03  1.2748e-01  4.4803e-01
2.57540e+03  0.000e+00       2.098e+00       5.627e+17    7.781e+20  7.657e+14  2.179e+00 5.362e-06 7.144e-06 1.928e-05 5.968e-06 1.519e-05 1.426e-05  4.508e+13  8.955e-03  1.3078e-01  4.5023e-01
2.45426e+03  0.000e+00       2.172e+00       5.717e+17    7.738e+20  8.140e+14  2.336e+00 5.493e-06 7.318e-06 1.932e-05 6.086e-06 1.552e-05 1.460e-05  4.937e+13  9.807e-03  1.3410e-01  4.5231e-01
2.34036e+03  0.000e+00       2.246e+00       5.774e+17    7.650e+20  8.597e+14  2.498e+00 5.625e-06 7.494e-06 1.936e-05 6.205e-06 1.585e-05 1.495e-05  5.367e+13  1.066e-02  1.3743e-01  4.5430e-01
2.23324e+03  0.000e+00       2.320e+00       5.801e+17    7.523e+20  9.027e+14  2.665e+00 5.758e-06 7.672e-06 1.940e-05 6.326e-06 1.618e-05 1.531e-05  5.797e+13  1.152e-02  1.4076e-01  4.5620e-01
2.13248e+03  0.000e+00       2.394e+00       5.801e+17    7.365e+20  9.431e+14  2.838e+00 5.893e-06 7.851e-06 1.944e-05 6.449e-06 1.652e-05 1.566e-05  6.224e+13  1.236e-02  1.4410e-01  4.5801e-01
2.03765e+03  0.000e+00       2.468e+00       5.779e+17    7.183e+20  9.808e+14  3.016e+00 6.029e-06 8.032e-06 1.948e-05 6.573e-06 1.686e-05 1.602e-05  6.648e+13  1.321e-02  1.4744e-01  4.5972e-01
1.94838e+03  0.000e+00       2.542e+00       5.737e+17    6.981e+20  1.016e+15  3.199e+00 6.165e-06 8.214e-06 1.952e-05 6.699e-06 1.720e-05 1.639e-05  7.068e+13  1.404e-02  1.5078e-01  4.6136e-01
1.86428e+03  0.000e+00       2.616e+00       5.678e+17    6.767e+20  1.049e+15  3.388e+00 6.303e-06 8.397e-06 1.957e-05 6.825e-06 1.755e-05 1.675e-05  7.482e+13  1.486e-02  1.5411e-01  4.6292e-01
1.78503e+03  0.000e+00       2.690e+00       5.606e+17    6.542e+20  1.079e+15  3.583e+00 6.441e-06 8.581e-06 1.961e-05 6.953e-06 1.790e-05 1.712e-05  7.891e+13  1.567e-02  1.5744e-01  4.6440e-01
1.71029e+03  0.000e+00       2.764e+00       5.522e+17    6.312e+20  1.107e+15  3.783e+00 6.580e-06 8.767e-06 1.966e-05 7.083e-06 1.825e-05 1.749e-05  8.293e+13  1.647e-02  1.6076e-01  4.6581e-01
1.63978e+03  0.000e+00       2.838e+00       5.429e+17    6.079e+20  1.134e+15  3.988e+00 6.720e-06 8.953e-06 1.971e-05 7.213e-06 1.861e-05 1.786e-05  8.689e+13  1.726e-02  1.6408e-01  4.6716e-01
1.57320e+03  0.000e+00       2.912e+00       5.329e+17    5.846e+20  1.158e+15  4.199e+00 6.861e-06 9.141e-06 1.975e-05 7.344e-06 1.897e-05 1.823e-05  9.078e+13  1.803e-02  1.6736e-01  4.6837e-01
1.51030e+03  0.000e+00       2.986e+00       5.223e+17    5.615e+20  1.181e+15  4.415e+00 7.002e-06 9.329e-06 1.980e-05 7.476e-06 1.933e-05 1.861e-05  9.460e+13  1.879e-02  1.7065e-01  4.6959e-01
1.45083e+03  0.000e+00       3.060e+00       5.114e+17    5.387e+20  1.201e+15  4.636e+00 7.144e-06 9.519e-06 1.985e-05 7.610e-06 1.969e-05 1.898e-05  9.835e+13  1.954e-02  1.7392e-01  4.7075e-01
1.39458e+03  0.000e+00       3.134e+00       5.001e+17    5.164e+20  1.220e+15  4.863e+00 7.287e-06 9.709e-06 1.991e-05 7.744e-06 2.006e-05 1.936e-05  1.020e+14  2.027e-02  1.7719e-01  4.7185e-01
1.34133e+03  0.000e+00       3.208e+00       4.887e+17    4.946e+20  1.238e+15  5.096e+00 7.430e-06 9.899e-06 1.996e-05 7.879e-06 2.043e-05 1.974e-05  1.057e+14  2.099e-02  1.8043e-01  4.7291e-01
1.29090e+03  0.000e+00       3.282e+00       4.772e+17    4.735e+20  1.255e+15  5.333e+00 7.574e-06 1.009e-05 2.001e-05 8.014e-06 2.079e-05 2.012e-05  1.092e+14  2.169e-02  1.8366e-01  4.7391e-01
1.24308e+03  0.000e+00       3.356e+00       4.656e+17    4.531e+20  1.270e+15  5.577e+00 7.718e-06 1.028e-05 2.007e-05 8.151e-06 2.116e-05 2.051e-05  1.127e+14  2.238e-02  1.8687e-01  4.7487e-01
1.19773e+03  0.000e+00       3.430e+00       4.542e+17    4.334e+20  1.284e+15  5.825e+00 7.863e-06 1.048e-05 2.012e-05 8.288e-06 2.154e-05 2.089e-05  1.161e+14  2.306e-02  1.9007e-01  4.7578e-01
1.15469e+03  0.000e+00       3.504e+00       4.428e+17    4.144e+20  1.297e+15  6.079e+00 8.008e-06 1.067e-05 2.018e-05 8.426e-06 2.191e-05 2.127e-05  1.194e+14  2.373e-02  1.9324e-01  4.7665e-01
1.11381e+03  0.000e+00       3.578e+00       4.315e+17    3.962e+20  1.309e+15  6.339e+00 8.154e-06 1.086e-05 2.024e-05 8.564e-06 2.229e-05 2.166e-05  1.227e+14  2.438e-02  1.9639e-01  4.7749e-01
1.07496e+03  0.000e+00       3.652e+00       4.204e+17    3.787e+20  1.320e+15  6.604e+00 8.300e-06 1.106e-05 2.030e-05 8.704e-06 2.266e-05 2.205e-05  1.260e+14  2.502e-02  1.9952e-01  4.7829e-01
1.03800e+03  0.000e+00       3.726e+00       4.095e+17    3.620e+20  1.331e+15  6.874e+00 8.446e-06 1.125e-05 2.036e-05 8.843e-06 2.304e-05 2.244e-05  1.291e+14  2.565e-02  2.0261e-01  4.7899e-01
1.00284e+03  0.000e+00       3.800e+00       3.989e+17    3.461e+20  1.340e+15  7.150e+00 8.593e-06 1.145e-05 2.042e-05 8.984e-06 2.342e-05 2.283e-05  1.322e+14  2.627e-02  2.0570e-01  4.7972e-01
