     Energy         Kx              Ky       F.Density    GA.Brill.       Flux  Tot.Power  Nat.Size  Nat.Div.    Size.x    Size.y     Div.x     Div.y   Coh.Flux  Coh.Power   CohFrac.x   CohFrac.y
         eV          -               -  ph/s/mr^2/0.1%  F.Dens/mm^2  ph/s/0.1%         kW         m       rad         m         m       rad       rad  ph/s/0.1%          W           -           -
4.92140e+03  7.071e-02       7.071e-02       0.000e+00    0.000e+00  0.000e+00  4.951e-03 3.879e-06 5.168e-06 1.893e-05 4.681e-06 9.800e-06 8.282e-06  0.000e+00  0.000e+00  1.0809e-01  5.1717e-01
4.89243e+03  1.047e-01       1.047e-01       0.000e+00    0.000e+00  0.000e+00  1.085e-02 3.891e-06 5.183e-06 1.893e-05 4.690e-06 9.820e-06 8.306e-06  0.000e+00  0.000e+00  1.0849e-01  5.1766e-01
4.85280e+03  1.386e-01       1.386e-01       0.000e+00    0.000e+00  0.000e+00  1.902e-02 3.906e-06 5.205e-06 1.893e-05 4.703e-06 9.849e-06 8.339e-06  0.000e+00  0.000e+00  1.0904e-01  5.1833e-01
4.80303e+03  1.725e-01       1.725e-01       0.000e+00    0.000e+00  0.000e+00  2.948e-02 3.927e-06 5.231e-06 1.894e-05 4.720e-06 9.885e-06 8.382e-06  0.000e+00  0.000e+00  1.0975e-01  5.1918e-01
4.74377e+03  2.065e-01       2.065e-01       0.000e+00    0.000e+00  0.000e+00  4.222e-02 3.951e-06 5.264e-06 1.894e-05 4.741e-06 9.929e-06 8.434e-06  0.000e+00  0.000e+00  1.1060e-01  5.2020e-01
4.67575e+03  2.404e-01       2.404e-01       0.000e+00    0.000e+00  0.000e+00  5.724e-02 3.980e-06 5.302e-06 1.895e-05 4.765e-06 9.980e-06 8.494e-06  0.000e+00  0.000e+00  1.1159e-01  5.2137e-01
4.59978e+03  2.744e-01       2.744e-01       0.000e+00    0.000e+00  0.000e+00  7.454e-02 4.012e-06 5.346e-06 1.895e-05 4.792e-06 1.004e-05 8.564e-06  0.000e+00  0.000e+00  1.1273e-01  5.2269e-01
4.51671e+03  3.083e-01       3.083e-01       0.000e+00    0.000e+00  0.000e+00  9.412e-02 4.049e-06 5.395e-06 1.896e-05 4.823e-06 1.011e-05 8.642e-06  0.000e+00  0.000e+00  1.1400e-01  5.2415e-01
4.42743e+03  3.422e-01       3.422e-01       0.000e+00    0.000e+00  0.000e+00  1.160e-01 4.090e-06 5.449e-06 1.897e-05 4.857e-06 1.018e-05 8.728e-06  0.000e+00  0.000e+00  1.1540e-01  5.2573e-01
4.33286e+03  3.762e-01       3.762e-01       0.000e+00    0.000e+00  0.000e+00  1.401e-01 4.134e-06 5.508e-06 1.898e-05 4.894e-06 1.026e-05 8.822e-06  0.000e+00  0.000e+00  1.1693e-01  5.2741e-01
4.23387e+03  4.101e-01       4.101e-01       0.000e+00    0.000e+00  0.000e+00  1.666e-01 4.182e-06 5.572e-06 1.899e-05 4.935e-06 1.035e-05 8.923e-06  0.000e+00  0.000e+00  1.1859e-01  5.2919e-01
4.13134e+03  4.441e-01       4.441e-01       0.000e+00    0.000e+00  0.000e+00  1.953e-01 4.234e-06 5.641e-06 1.900e-05 4.979e-06 1.044e-05 9.032e-06  0.000e+00  0.000e+00  1.2036e-01  5.3105e-01
4.02610e+03  4.780e-01       4.780e-01       0.000e+00    0.000e+00  0.000e+00  2.263e-01 4.289e-06 5.714e-06 1.901e-05 5.026e-06 1.054e-05 9.149e-06  0.000e+00  0.000e+00  1.2225e-01  5.3299e-01
3.91891e+03  5.119e-01       5.119e-01       0.000e+00    0.000e+00  0.000e+00  2.595e-01 4.347e-06 5.792e-06 1.903e-05 5.075e-06 1.065e-05 9.272e-06  0.000e+00  0.000e+00  1.2424e-01  5.3498e-01
3.81051e+03  5.459e-01       5.459e-01       0.000e+00    0.000e+00  0.000e+00  2.951e-01 4.408e-06 5.873e-06 1.904e-05 5.128e-06 1.076e-05 9.402e-06  0.000e+00  0.000e+00  1.2633e-01  5.3701e-01
3.70155e+03  5.798e-01       5.798e-01       0.000e+00    0.000e+00  0.000e+00  3.329e-01 4.473e-06 5.959e-06 1.906e-05 5.184e-06 1.088e-05 9.539e-06  0.000e+00  0.000e+00  1.2852e-01  5.3908e-01
3.59263e+03  6.138e-01       6.138e-01       0.000e+00    0.000e+00  0.000e+00  3.730e-01 4.540e-06 6.049e-06 1.907e-05 5.242e-06 1.101e-05 9.681e-06  0.000e+00  0.000e+00  1.3081e-01  5.4117e-01
3.48426e+03  6.477e-01       6.477e-01       0.000e+00    0.000e+00  0.000e+00  4.154e-01 4.610e-06 6.142e-06 1.909e-05 5.303e-06 1.114e-05 9.830e-06  0.000e+00  0.000e+00  1.3317e-01  5.4327e-01
3.37693e+03  6.817e-01       6.817e-01       0.000e+00    0.000e+00  0.000e+00  4.601e-01 4.683e-06 6.239e-06 1.911e-05 5.366e-06 1.128e-05 9.984e-06  0.000e+00  0.000e+00  1.3562e-01  5.4538e-01
3.27102e+03  7.156e-01       7.156e-01       0.000e+00    0.000e+00  0.000e+00  5.071e-01 4.758e-06 6.339e-06 1.913e-05 5.432e-06 1.142e-05 1.014e-05  0.000e+00  0.000e+00  1.3815e-01  5.4749e-01
3.16687e+03  7.495e-01       7.495e-01       0.000e+00    0.000e+00  0.000e+00  5.563e-01 4.836e-06 6.443e-06 1.914e-05 5.500e-06 1.156e-05 1.031e-05  0.000e+00  0.000e+00  1.4074e-01  5.4958e-01
3.06476e+03  7.835e-01       7.835e-01       0.000e+00    0.000e+00  0.000e+00  6.079e-01 4.916e-06 6.549e-06 1.917e-05 5.570e-06 1.171e-05 1.048e-05  0.000e+00  0.000e+00  1.4340e-01  5.5165e-01
2.96494e+03  8.174e-01       8.174e-01       0.000e+00    0.000e+00  0.000e+00  6.617e-01 4.998e-06 6.658e-06 1.919e-05 5.643e-06 1.187e-05 1.065e-05  0.000e+00  0.000e+00  1.4612e-01  5.5370e-01
2.86757e+03  8.514e-01       8.514e-01       0.000e+00    0.000e+00  0.000e+00  7.178e-01 5.082e-06 6.771e-06 1.921e-05 5.717e-06 1.203e-05 1.083e-05  0.000e+00  0.000e+00  1.4890e-01  5.5572e-01
2.77281e+03  8.853e-01       8.853e-01       0.000e+00    0.000e+00  0.000e+00  7.761e-01 5.168e-06 6.885e-06 1.923e-05 5.794e-06 1.219e-05 1.101e-05  0.000e+00  0.000e+00  1.5173e-01  5.5771e-01
2.68076e+03  9.192e-01       9.192e-01       0.000e+00    0.000e+00  0.000e+00  8.368e-01 5.256e-06 7.002e-06 1.926e-05 5.873e-06 1.236e-05 1.120e-05  0.000e+00  0.000e+00  1.5460e-01  5.5967e-01
2.59150e+03  9.532e-01       9.532e-01       0.000e+00    0.000e+00  0.000e+00  8.997e-01 5.346e-06 7.122e-06 1.928e-05 5.953e-06 1.254e-05 1.139e-05  0.000e+00  0.000e+00  1.5753e-01  5.6158e-01
2.50506e+03  9.871e-01       9.871e-01       0.000e+00    0.000e+00  0.000e+00  9.649e-01 5.437e-06 7.244e-06 1.931e-05 6.035e-06 1.271e-05 1.158e-05  0.000e+00  0.000e+00  1.6049e-01  5.6345e-01
2.42147e+03  1.021e+00       1.021e+00       0.000e+00    0.000e+00  0.000e+00  1.032e+00 5.530e-06 7.368e-06 1.933e-05 6.119e-06 1.289e-05 1.178e-05  0.000e+00  0.000e+00  1.6349e-01  5.6528e-01
2.34072e+03  1.055e+00       1.055e+00       0.000e+00    0.000e+00  0.000e+00  1.102e+00 5.625e-06 7.494e-06 1.936e-05 6.205e-06 1.308e-05 1.198e-05  0.000e+00  0.000e+00  1.6652e-01  5.6706e-01
2.26279e+03  1.089e+00       1.089e+00       0.000e+00    0.000e+00  0.000e+00  1.174e+00 5.721e-06 7.622e-06 1.939e-05 6.292e-06 1.326e-05 1.219e-05  0.000e+00  0.000e+00  1.6955e-01  5.6868e-01
2.18766e+03  1.123e+00       1.123e+00       0.000e+00    0.000e+00  0.000e+00  1.249e+00 5.818e-06 7.752e-06 1.942e-05 6.381e-06 1.345e-05 1.239e-05  0.000e+00  0.000e+00  1.7264e-01  5.7036e-01
2.11526e+03  1.157e+00       1.157e+00       0.000e+00    0.000e+00  0.000e+00  1.325e+00 5.917e-06 7.883e-06 1.945e-05 6.471e-06 1.365e-05 1.260e-05  0.000e+00  0.000e+00  1.7575e-01  5.7200e-01
2.04556e+03  1.191e+00       1.191e+00       0.000e+00    0.000e+00  0.000e+00  1.404e+00 6.017e-06 8.016e-06 1.948e-05 6.562e-06 1.384e-05 1.281e-05  0.000e+00  0.000e+00  1.7889e-01  5.7359e-01
1.97847e+03  1.225e+00       1.225e+00       0.000e+00    0.000e+00  0.000e+00  1.485e+00 6.118e-06 8.151e-06 1.951e-05 6.655e-06 1.404e-05 1.303e-05  0.000e+00  0.000e+00  1.8204e-01  5.7513e-01
1.91394e+03  1.259e+00       1.259e+00       0.000e+00    0.000e+00  0.000e+00  1.569e+00 6.220e-06 8.287e-06 1.954e-05 6.749e-06 1.424e-05 1.325e-05  0.000e+00  0.000e+00  1.8521e-01  5.7663e-01
1.85189e+03  1.293e+00       1.293e+00       0.000e+00    0.000e+00  0.000e+00  1.655e+00 6.324e-06 8.425e-06 1.957e-05 6.845e-06 1.445e-05 1.346e-05  0.000e+00  0.000e+00  1.8839e-01  5.7808e-01
1.79224e+03  1.327e+00       1.327e+00       0.000e+00    0.000e+00  0.000e+00  1.743e+00 6.428e-06 8.564e-06 1.961e-05 6.941e-06 1.465e-05 1.369e-05  0.000e+00  0.000e+00  1.9159e-01  5.7948e-01
1.73490e+03  1.360e+00       1.360e+00       0.000e+00    0.000e+00  0.000e+00  1.833e+00 6.533e-06 8.705e-06 1.964e-05 7.039e-06 1.486e-05 1.391e-05  0.000e+00  0.000e+00  1.9479e-01  5.8084e-01
1.67981e+03  1.394e+00       1.394e+00       0.000e+00    0.000e+00  0.000e+00  1.925e+00 6.640e-06 8.846e-06 1.968e-05 7.138e-06 1.507e-05 1.413e-05  0.000e+00  0.000e+00  1.9800e-01  5.8216e-01
1.62687e+03  1.428e+00       1.428e+00       0.000e+00    0.000e+00  0.000e+00  2.020e+00 6.747e-06 8.989e-06 1.971e-05 7.238e-06 1.529e-05 1.436e-05  0.000e+00  0.000e+00  2.0122e-01  5.8343e-01
1.57601e+03  1.462e+00       1.462e+00       0.000e+00    0.000e+00  0.000e+00  2.117e+00 6.855e-06 9.133e-06 1.975e-05 7.338e-06 1.550e-05 1.459e-05  0.000e+00  0.000e+00  2.0444e-01  5.8466e-01
1.52715e+03  1.496e+00       1.496e+00       0.000e+00    0.000e+00  0.000e+00  2.217e+00 6.964e-06 9.278e-06 1.979e-05 7.440e-06 1.572e-05 1.482e-05  0.000e+00  0.000e+00  2.0766e-01  5.8585e-01
1.48020e+03  1.530e+00       1.530e+00       0.000e+00    0.000e+00  0.000e+00  2.319e+00 7.073e-06 9.424e-06 1.983e-05 7.543e-06 1.594e-05 1.505e-05  0.000e+00  0.000e+00  2.1089e-01  5.8700e-01
1.43509e+03  1.564e+00       1.564e+00       0.000e+00    0.000e+00  0.000e+00  2.423e+00 7.183e-06 9.571e-06 1.987e-05 7.646e-06 1.616e-05 1.529e-05  0.000e+00  0.000e+00  2.1411e-01  5.8811e-01
1.39175e+03  1.598e+00       1.598e+00       0.000e+00    0.000e+00  0.000e+00  2.529e+00 7.294e-06 9.719e-06 1.991e-05 7.751e-06 1.638e-05 1.552e-05  0.000e+00  0.000e+00  2.1733e-01  5.8918e-01
1.35010e+03  1.632e+00       1.632e+00       0.000e+00    0.000e+00  0.000e+00  2.637e+00 7.406e-06 9.867e-06 1.995e-05 7.856e-06 1.661e-05 1.576e-05  0.000e+00  0.000e+00  2.2055e-01  5.9022e-01
1.31007e+03  1.666e+00       1.666e+00       0.000e+00    0.000e+00  0.000e+00  2.748e+00 7.518e-06 1.002e-05 1.999e-05 7.962e-06 1.684e-05 1.600e-05  0.000e+00  0.000e+00  2.2376e-01  5.9122e-01
1.27160e+03  1.700e+00       1.700e+00       0.000e+00    0.000e+00  0.000e+00  2.861e+00 7.631e-06 1.017e-05 2.003e-05 8.068e-06 1.707e-05 1.624e-05  0.000e+00  0.000e+00  2.2694e-01  5.9209e-01
1.23460e+03  1.734e+00       1.734e+00       0.000e+00    0.000e+00  0.000e+00  2.977e+00 7.745e-06 1.032e-05 2.008e-05 8.176e-06 1.730e-05 1.648e-05  0.000e+00  0.000e+00  2.3014e-01  5.9303e-01
1.19903e+03  1.768e+00       1.768e+00       0.000e+00    0.000e+00  0.000e+00  3.095e+00 7.859e-06 1.047e-05 2.012e-05 8.284e-06 1.753e-05 1.672e-05  0.000e+00  0.000e+00  2.3333e-01  5.9393e-01
