     Energy         Kx              Ky       F.Density    GA.Brill.       Flux  Tot.Power  Nat.Size  Nat.Div.    Size.x    Size.y     Div.x     Div.y   Coh.Flux  Coh.Power   CohFrac.x   CohFrac.y
         eV          -               -  ph/s/mr^2/0.1%  F.Dens/mm^2  ph/s/0.1%         kW         m       rad         m         m       rad       rad  ph/s/0.1%          W           -           -
1.64047e+03  1.000e-01       6.123e-18       3.890e+16    4.357e+19  2.793e+13  4.951e-03 6.719e-06 8.952e-06 1.970e-05 7.211e-06 1.135e-05 1.007e-05  6.222e+12  1.236e-03  2.6894e-01  8.2842e-01
1.62679e+03  1.640e-01       1.004e-17       1.026e+17    1.144e+20  7.418e+13  1.332e-02 6.747e-06 8.989e-06 1.971e-05 7.238e-06 1.139e-05 1.011e-05  1.661e+13  3.300e-03  2.7018e-01  8.2890e-01
1.60690e+03  2.280e-01       1.396e-17       1.925e+17    2.134e+20  1.408e+14  2.574e-02 6.789e-06 9.045e-06 1.973e-05 7.277e-06 1.144e-05 1.017e-05  3.176e+13  6.310e-03  2.7195e-01  8.2936e-01
1.58126e+03  2.920e-01       1.788e-17       3.038e+17    3.342e+20  2.255e+14  4.222e-02 6.843e-06 9.118e-06 1.975e-05 7.328e-06 1.152e-05 1.026e-05  5.136e+13  1.020e-02  2.7436e-01  8.3026e-01
1.55042e+03  3.560e-01       2.180e-17       4.309e+17    4.693e+20  3.255e+14  6.275e-02 6.911e-06 9.208e-06 1.977e-05 7.391e-06 1.161e-05 1.036e-05  7.503e+13  1.490e-02  2.7731e-01  8.3135e-01
1.51504e+03  4.200e-01       2.572e-17       5.676e+17    6.112e+20  4.377e+14  8.734e-02 6.991e-06 9.315e-06 1.980e-05 7.466e-06 1.171e-05 1.048e-05  1.023e+14  2.033e-02  2.8080e-01  8.3260e-01
1.47581e+03  4.840e-01       2.964e-17       7.081e+17    7.525e+20  5.590e+14  1.160e-01 7.084e-06 9.438e-06 1.983e-05 7.553e-06 1.184e-05 1.061e-05  1.328e+14  2.637e-02  2.8480e-01  8.3400e-01
1.43344e+03  5.480e-01       3.356e-17       8.470e+17    8.868e+20  6.863e+14  1.487e-01 7.188e-06 9.576e-06 1.987e-05 7.650e-06 1.198e-05 1.077e-05  1.659e+14  3.295e-02  2.8926e-01  8.3551e-01
1.38862e+03  6.120e-01       3.747e-17       9.796e+17    1.009e+21  8.168e+14  1.854e-01 7.303e-06 9.729e-06 1.991e-05 7.758e-06 1.213e-05 1.094e-05  2.011e+14  3.995e-02  2.9418e-01  8.3712e-01
1.34203e+03  6.760e-01       4.139e-17       1.102e+18    1.116e+21  9.477e+14  2.263e-01 7.428e-06 9.897e-06 1.996e-05 7.877e-06 1.230e-05 1.113e-05  2.381e+14  4.730e-02  2.9951e-01  8.3880e-01
1.29429e+03  7.400e-01       4.531e-17       1.212e+18    1.204e+21  1.077e+15  2.711e-01 7.564e-06 1.008e-05 2.001e-05 8.005e-06 1.248e-05 1.133e-05  2.763e+14  5.489e-02  3.0522e-01  8.4054e-01
1.24596e+03  8.040e-01       4.923e-17       1.308e+18    1.274e+21  1.203e+15  3.201e-01 7.709e-06 1.027e-05 2.006e-05 8.142e-06 1.268e-05 1.155e-05  3.154e+14  6.265e-02  3.1127e-01  8.4231e-01
1.19754e+03  8.680e-01       5.315e-17       1.388e+18    1.325e+21  1.324e+15  3.730e-01 7.864e-06 1.048e-05 2.012e-05 8.289e-06 1.289e-05 1.178e-05  3.549e+14  7.051e-02  3.1764e-01  8.4409e-01
1.14945e+03  9.320e-01       5.707e-17       1.453e+18    1.357e+21  1.439e+15  4.301e-01 8.027e-06 1.069e-05 2.019e-05 8.443e-06 1.311e-05 1.202e-05  3.947e+14  7.840e-02  3.2429e-01  8.4587e-01
1.10205e+03  9.960e-01       6.099e-17       1.504e+18    1.373e+21  1.547e+15  4.912e-01 8.197e-06 1.092e-05 2.026e-05 8.606e-06 1.334e-05 1.227e-05  4.344e+14  8.628e-02  3.3119e-01  8.4764e-01
1.05562e+03  1.060e+00       6.491e-17       1.540e+18    1.374e+21  1.649e+15  5.563e-01 8.376e-06 1.116e-05 2.033e-05 8.776e-06 1.359e-05 1.254e-05  4.737e+14  9.410e-02  3.3832e-01  8.4939e-01
1.01041e+03  1.124e+00       6.883e-17       1.563e+18    1.362e+21  1.743e+15  6.255e-01 8.561e-06 1.141e-05 2.041e-05 8.953e-06 1.384e-05 1.281e-05  5.126e+14  1.018e-01  3.4563e-01  8.5110e-01
9.66581e+02  1.188e+00       7.274e-17       1.575e+18    1.339e+21  1.830e+15  6.988e-01 8.753e-06 1.166e-05 2.049e-05 9.137e-06 1.411e-05 1.310e-05  5.509e+14  1.094e-01  3.5310e-01  8.5277e-01
9.24271e+02  1.252e+00       7.666e-17       1.577e+18    1.308e+21  1.910e+15  7.761e-01 8.951e-06 1.193e-05 2.057e-05 9.327e-06 1.438e-05 1.340e-05  5.885e+14  1.169e-01  3.6072e-01  8.5439e-01
8.83566e+02  1.316e+00       8.058e-17       1.570e+18    1.270e+21  1.984e+15  8.575e-01 9.155e-06 1.220e-05 2.066e-05 9.522e-06 1.467e-05 1.370e-05  6.253e+14  1.242e-01  3.6837e-01  8.5576e-01
8.44519e+02  1.380e+00       8.450e-17       1.556e+18    1.227e+21  2.050e+15  9.429e-01 9.364e-06 1.248e-05 2.076e-05 9.724e-06 1.496e-05 1.402e-05  6.613e+14  1.314e-01  3.7618e-01  8.5727e-01
8.07156e+02  1.444e+00       8.842e-17       1.536e+18    1.180e+21  2.111e+15  1.032e+00 9.578e-06 1.276e-05 2.085e-05 9.930e-06 1.526e-05 1.433e-05  6.963e+14  1.383e-01  3.8406e-01  8.5872e-01
7.71477e+02  1.508e+00       9.234e-17       1.511e+18    1.131e+21  2.167e+15  1.126e+00 9.797e-06 1.305e-05 2.096e-05 1.014e-05 1.557e-05 1.466e-05  7.305e+14  1.451e-01  3.9199e-01  8.6012e-01
7.37465e+02  1.572e+00       9.626e-17       1.481e+18    1.081e+21  2.217e+15  1.224e+00 1.002e-05 1.335e-05 2.106e-05 1.036e-05 1.588e-05 1.499e-05  7.638e+14  1.517e-01  3.9995e-01  8.6145e-01
7.05088e+02  1.636e+00       1.002e-16       1.449e+18    1.030e+21  2.262e+15  1.325e+00 1.025e-05 1.365e-05 2.117e-05 1.058e-05 1.620e-05 1.533e-05  7.961e+14  1.582e-01  4.0792e-01  8.6273e-01
6.74303e+02  1.700e+00       1.041e-16       1.414e+18    9.792e+20  2.303e+15  1.431e+00 1.048e-05 1.396e-05 2.128e-05 1.080e-05 1.653e-05 1.568e-05  8.276e+14  1.644e-01  4.1589e-01  8.6396e-01
6.45058e+02  1.764e+00       1.080e-16       1.378e+18    9.293e+20  2.341e+15  1.541e+00 1.071e-05 1.428e-05 2.140e-05 1.103e-05 1.686e-05 1.603e-05  8.582e+14  1.705e-01  4.2385e-01  8.6512e-01
6.17296e+02  1.828e+00       1.119e-16       1.341e+18    8.805e+20  2.374e+15  1.655e+00 1.095e-05 1.459e-05 2.152e-05 1.126e-05 1.720e-05 1.638e-05  8.880e+14  1.764e-01  4.3178e-01  8.6624e-01
5.90957e+02  1.892e+00       1.159e-16       1.303e+18    8.333e+20  2.405e+15  1.772e+00 1.119e-05 1.491e-05 2.164e-05 1.150e-05 1.754e-05 1.674e-05  9.169e+14  1.821e-01  4.3967e-01  8.6730e-01
5.65976e+02  1.956e+00       1.198e-16       1.265e+18    7.877e+20  2.433e+15  1.894e+00 1.144e-05 1.524e-05 2.177e-05 1.173e-05 1.790e-05 1.711e-05  9.451e+14  1.877e-01  4.4743e-01  8.6814e-01
5.42290e+02  2.020e+00       1.237e-16       1.226e+18    7.441e+20  2.458e+15  2.020e+00 1.169e-05 1.557e-05 2.190e-05 1.198e-05 1.825e-05 1.748e-05  9.724e+14  1.932e-01  4.5521e-01  8.6910e-01
5.19835e+02  2.084e+00       1.276e-16       1.188e+18    7.025e+20  2.480e+15  2.150e+00 1.194e-05 1.590e-05 2.204e-05 1.222e-05 1.861e-05 1.785e-05  9.990e+14  1.984e-01  4.6292e-01  8.7002e-01
4.98547e+02  2.148e+00       1.315e-16       1.151e+18    6.628e+20  2.501e+15  2.284e+00 1.219e-05 1.624e-05 2.217e-05 1.247e-05 1.897e-05 1.823e-05  1.025e+15  2.036e-01  4.7056e-01  8.7088e-01
4.78365e+02  2.212e+00       1.354e-16       1.115e+18    6.252e+20  2.519e+15  2.423e+00 1.244e-05 1.658e-05 2.231e-05 1.271e-05 1.933e-05 1.861e-05  1.050e+15  2.086e-01  4.7811e-01  8.7171e-01
4.59228e+02  2.276e+00       1.394e-16       1.079e+18    5.896e+20  2.536e+15  2.565e+00 1.270e-05 1.692e-05 2.246e-05 1.297e-05 1.970e-05 1.899e-05  1.074e+15  2.134e-01  4.8558e-01  8.7250e-01
4.41080e+02  2.340e+00       1.433e-16       1.044e+18    5.560e+20  2.551e+15  2.711e+00 1.296e-05 1.726e-05 2.261e-05 1.322e-05 2.007e-05 1.938e-05  1.098e+15  2.182e-01  4.9296e-01  8.7325e-01
4.23865e+02  2.404e+00       1.472e-16       1.010e+18    5.242e+20  2.565e+15  2.861e+00 1.322e-05 1.761e-05 2.276e-05 1.347e-05 2.045e-05 1.977e-05  1.121e+15  2.228e-01  5.0024e-01  8.7397e-01
4.07531e+02  2.468e+00       1.511e-16       9.772e+17    4.943e+20  2.577e+15  3.016e+00 1.348e-05 1.796e-05 2.291e-05 1.373e-05 2.083e-05 2.016e-05  1.144e+15  2.272e-01  5.0742e-01  8.7465e-01
3.92026e+02  2.532e+00       1.550e-16       9.454e+17    4.662e+20  2.590e+15  3.174e+00 1.374e-05 1.831e-05 2.307e-05 1.399e-05 2.121e-05 2.055e-05  1.166e+15  2.316e-01  5.1441e-01  8.7515e-01
3.77304e+02  2.596e+00       1.590e-16       9.147e+17    4.398e+20  2.600e+15  3.337e+00 1.401e-05 1.867e-05 2.323e-05 1.425e-05 2.160e-05 2.095e-05  1.187e+15  2.358e-01  5.2137e-01  8.7577e-01
3.63319e+02  2.660e+00       1.629e-16       8.850e+17    4.149e+20  2.610e+15  3.503e+00 1.428e-05 1.902e-05 2.339e-05 1.452e-05 2.198e-05 2.135e-05  1.208e+15  2.400e-01  5.2823e-01  8.7635e-01
3.50030e+02  2.724e+00       1.668e-16       8.564e+17    3.916e+20  2.618e+15  3.674e+00 1.455e-05 1.938e-05 2.355e-05 1.478e-05 2.237e-05 2.175e-05  1.228e+15  2.440e-01  5.3497e-01  8.7691e-01
3.37395e+02  2.788e+00       1.707e-16       8.289e+17    3.697e+20  2.626e+15  3.849e+00 1.482e-05 1.974e-05 2.372e-05 1.504e-05 2.276e-05 2.215e-05  1.248e+15  2.479e-01  5.4160e-01  8.7745e-01
3.25377e+02  2.852e+00       1.746e-16       8.023e+17    3.491e+20  2.633e+15  4.027e+00 1.509e-05 2.010e-05 2.389e-05 1.531e-05 2.316e-05 2.256e-05  1.267e+15  2.517e-01  5.4812e-01  8.7796e-01
3.13941e+02  2.916e+00       1.786e-16       7.768e+17    3.298e+20  2.640e+15  4.210e+00 1.536e-05 2.046e-05 2.406e-05 1.558e-05 2.355e-05 2.296e-05  1.286e+15  2.554e-01  5.5453e-01  8.7844e-01
3.03053e+02  2.980e+00       1.825e-16       7.523e+17    3.117e+20  2.646e+15  4.397e+00 1.563e-05 2.083e-05 2.424e-05 1.585e-05 2.395e-05 2.337e-05  1.304e+15  2.591e-01  5.6082e-01  8.7891e-01
2.92682e+02  3.044e+00       1.864e-16       7.287e+17    2.947e+20  2.652e+15  4.588e+00 1.591e-05 2.119e-05 2.442e-05 1.612e-05 2.435e-05 2.378e-05  1.322e+15  2.626e-01  5.6691e-01  8.7922e-01
2.82799e+02  3.108e+00       1.903e-16       7.061e+17    2.787e+20  2.657e+15  4.783e+00 1.618e-05 2.156e-05 2.460e-05 1.639e-05 2.476e-05 2.419e-05  1.339e+15  2.660e-01  5.7297e-01  8.7964e-01
2.73375e+02  3.172e+00       1.942e-16       6.843e+17    2.637e+20  2.662e+15  4.982e+00 1.646e-05 2.193e-05 2.478e-05 1.667e-05 2.516e-05 2.461e-05  1.356e+15  2.694e-01  5.7891e-01  8.8005e-01
2.64386e+02  3.236e+00       1.981e-16       6.634e+17    2.497e+20  2.666e+15  5.185e+00 1.674e-05 2.230e-05 2.496e-05 1.694e-05 2.556e-05 2.502e-05  1.373e+15  2.727e-01  5.8474e-01  8.8044e-01
2.55806e+02  3.300e+00       2.021e-16       6.433e+17    2.364e+20  2.670e+15  5.392e+00 1.701e-05 2.267e-05 2.515e-05 1.722e-05 2.597e-05 2.544e-05  1.389e+15  2.758e-01  5.9046e-01  8.8081e-01
