     Energy         Kx              Ky       F.Density    GA.Brill.       Flux  Tot.Power  Nat.Size  Nat.Div.    Size.x    Size.y     Div.x     Div.y   Coh.Flux  Coh.Power   CohFrac.x   CohFrac.y
         eV          -               -  ph/s/mr^2/0.1%  F.Dens/mm^2  ph/s/0.1%         kW         m       rad         m         m       rad       rad  ph/s/0.1%          W           -           -
1.14833e+04  0.000e+00       1.000e-01       5.021e+03    1.171e+07  2.366e+00  4.951e-03 2.539e-06 3.383e-06 1.870e-05 3.649e-06 9.485e-06 7.906e-06  3.414e-02  6.782e-18  4.8449e-02  2.9785e-01
1.13686e+04  0.000e+00       1.740e-01       1.072e+07    2.496e+10  5.096e+03  1.499e-02 2.552e-06 3.400e-06 1.870e-05 3.657e-06 9.518e-06 7.946e-06  7.421e+01  1.474e-14  4.8764e-02  2.9863e-01
1.11964e+04  0.000e+00       2.480e-01       1.339e+09    3.105e+12  6.446e+05  3.045e-02 2.572e-06 3.426e-06 1.870e-05 3.671e-06 9.568e-06 8.006e-06  9.517e+03  1.891e-12  4.9246e-02  2.9982e-01
1.09719e+04  0.000e+00       3.220e-01       4.335e+10    9.997e+13  2.122e+07  5.134e-02 2.598e-06 3.461e-06 1.871e-05 3.689e-06 9.636e-06 8.087e-06  3.191e+05  6.339e-11  4.9891e-02  3.0139e-01
1.07016e+04  0.000e+00       3.960e-01       6.290e+11    1.441e+15  3.145e+08  7.764e-02 2.631e-06 3.505e-06 1.871e-05 3.713e-06 9.720e-06 8.187e-06  4.836e+06  9.607e-10  5.0694e-02  3.0332e-01
1.03928e+04  0.000e+00       4.700e-01       5.331e+12    1.212e+16  2.733e+09  1.094e-01 2.669e-06 3.556e-06 1.872e-05 3.740e-06 9.821e-06 8.307e-06  4.313e+07  8.567e-09  5.1648e-02  3.0556e-01
1.00531e+04  0.000e+00       5.440e-01       3.063e+13    6.904e+16  1.615e+10  1.465e-01 2.714e-06 3.616e-06 1.872e-05 3.772e-06 9.938e-06 8.445e-06  2.625e+08  5.215e-08  5.2747e-02  3.0808e-01
9.69023e+03  0.000e+00       6.180e-01       1.310e+14    2.923e+17  7.129e+10  1.891e-01 2.764e-06 3.683e-06 1.873e-05 3.809e-06 1.007e-05 8.600e-06  1.196e+09  2.376e-07  5.3982e-02  3.1084e-01
9.31127e+03  0.000e+00       6.920e-01       4.438e+14    9.794e+17  2.500e+11  2.371e-01 2.820e-06 3.757e-06 1.874e-05 3.849e-06 1.022e-05 8.772e-06  4.341e+09  8.624e-07  5.5345e-02  3.1381e-01
8.92291e+03  0.000e+00       7.660e-01       1.246e+15    2.717e+18  7.282e+11  2.905e-01 2.881e-06 3.838e-06 1.875e-05 3.894e-06 1.038e-05 8.960e-06  1.311e+10  2.605e-06  5.6828e-02  3.1694e-01
8.53097e+03  0.000e+00       8.400e-01       2.998e+15    6.452e+18  1.821e+12  3.494e-01 2.946e-06 3.925e-06 1.876e-05 3.943e-06 1.055e-05 9.162e-06  3.407e+10  6.768e-06  5.8422e-02  3.2019e-01
8.14044e+03  0.000e+00       9.140e-01       6.340e+15    1.346e+19  4.012e+12  4.136e-01 3.016e-06 4.018e-06 1.877e-05 3.995e-06 1.074e-05 9.377e-06  7.804e+10  1.550e-05  6.0120e-02  3.2353e-01
7.75547e+03  0.000e+00       9.880e-01       1.203e+16    2.517e+19  7.944e+12  4.833e-01 3.090e-06 4.117e-06 1.878e-05 4.051e-06 1.094e-05 9.606e-06  1.608e+11  3.194e-05  6.1911e-02  3.2692e-01
7.37933e+03  0.000e+00       1.062e+00       2.082e+16    4.290e+19  1.437e+13  5.584e-01 3.168e-06 4.221e-06 1.879e-05 4.111e-06 1.115e-05 9.848e-06  3.028e+11  6.014e-05  6.3781e-02  3.3029e-01
7.01456e+03  0.000e+00       1.136e+00       3.333e+16    6.758e+19  2.406e+13  6.390e-01 3.249e-06 4.329e-06 1.881e-05 4.174e-06 1.138e-05 1.010e-05  5.278e+11  1.048e-04  6.5737e-02  3.3370e-01
6.66302e+03  0.000e+00       1.210e+00       4.989e+16    9.951e+19  3.771e+13  7.249e-01 3.334e-06 4.442e-06 1.882e-05 4.240e-06 1.161e-05 1.036e-05  8.614e+11  1.711e-04  6.7765e-02  3.3709e-01
6.32600e+03  0.000e+00       1.284e+00       7.052e+16    1.383e+20  5.583e+13  8.163e-01 3.421e-06 4.558e-06 1.884e-05 4.309e-06 1.185e-05 1.063e-05  1.328e+12  2.638e-04  6.9857e-02  3.4044e-01
6.00427e+03  0.000e+00       1.358e+00       9.487e+16    1.828e+20  7.872e+13  9.131e-01 3.512e-06 4.679e-06 1.885e-05 4.381e-06 1.210e-05 1.091e-05  1.949e+12  3.871e-04  7.2007e-02  3.4374e-01
5.69823e+03  0.000e+00       1.432e+00       1.223e+17    2.315e+20  1.064e+14  1.015e+00 3.605e-06 4.803e-06 1.887e-05 4.456e-06 1.236e-05 1.120e-05  2.740e+12  5.442e-04  7.4210e-02  3.4696e-01
5.40796e+03  0.000e+00       1.506e+00       1.520e+17    2.825e+20  1.387e+14  1.123e+00 3.700e-06 4.930e-06 1.889e-05 4.534e-06 1.263e-05 1.149e-05  3.712e+12  7.373e-04  7.6459e-02  3.5009e-01
5.13330e+03  0.000e+00       1.580e+00       1.830e+17    3.338e+20  1.751e+14  1.236e+00 3.798e-06 5.060e-06 1.891e-05 4.614e-06 1.291e-05 1.180e-05  4.869e+12  9.671e-04  7.8750e-02  3.5314e-01
4.87389e+03  0.000e+00       1.654e+00       2.143e+17    3.837e+20  2.150e+14  1.355e+00 3.898e-06 5.193e-06 1.893e-05 4.696e-06 1.319e-05 1.210e-05  6.208e+12  1.233e-03  8.1078e-02  3.5609e-01
4.62925e+03  0.000e+00       1.728e+00       2.451e+17    4.306e+20  2.578e+14  1.478e+00 4.000e-06 5.329e-06 1.895e-05 4.781e-06 1.348e-05 1.242e-05  7.722e+12  1.534e-03  8.3439e-02  3.5895e-01
4.39880e+03  0.000e+00       1.802e+00       2.746e+17    4.733e+20  3.028e+14  1.608e+00 4.103e-06 5.467e-06 1.897e-05 4.868e-06 1.377e-05 1.274e-05  9.400e+12  1.867e-03  8.5828e-02  3.6170e-01
4.18188e+03  0.000e+00       1.876e+00       3.022e+17    5.108e+20  3.492e+14  1.743e+00 4.208e-06 5.607e-06 1.900e-05 4.957e-06 1.408e-05 1.306e-05  1.123e+13  2.230e-03  8.8241e-02  3.6434e-01
3.97783e+03  0.000e+00       1.950e+00       3.274e+17    5.428e+20  3.963e+14  1.883e+00 4.315e-06 5.749e-06 1.902e-05 5.048e-06 1.438e-05 1.339e-05  1.318e+13  2.619e-03  9.0677e-02  3.6688e-01
3.78596e+03  0.000e+00       2.024e+00       3.499e+17    5.689e+20  4.435e+14  2.028e+00 4.423e-06 5.892e-06 1.904e-05 5.140e-06 1.469e-05 1.373e-05  1.525e+13  3.030e-03  9.3131e-02  3.6932e-01
3.60556e+03  0.000e+00       2.098e+00       3.696e+17    5.893e+20  4.903e+14  2.179e+00 4.532e-06 6.038e-06 1.907e-05 5.235e-06 1.501e-05 1.407e-05  1.742e+13  3.460e-03  9.5601e-02  3.7166e-01
3.43596e+03  0.000e+00       2.172e+00       3.864e+17    6.041e+20  5.362e+14  2.336e+00 4.642e-06 6.185e-06 1.910e-05 5.331e-06 1.533e-05 1.441e-05  1.967e+13  3.906e-03  9.8084e-02  3.7390e-01
3.27650e+03  0.000e+00       2.246e+00       4.003e+17    6.138e+20  5.811e+14  2.498e+00 4.754e-06 6.334e-06 1.912e-05 5.428e-06 1.566e-05 1.475e-05  2.197e+13  4.365e-03  1.0057e-01  3.7599e-01
3.12654e+03  0.000e+00       2.320e+00       4.115e+17    6.188e+20  6.243e+14  2.665e+00 4.867e-06 6.484e-06 1.915e-05 5.527e-06 1.599e-05 1.510e-05  2.433e+13  4.832e-03  1.0307e-01  3.7804e-01
2.98547e+03  0.000e+00       2.394e+00       4.202e+17    6.195e+20  6.658e+14  2.838e+00 4.980e-06 6.636e-06 1.918e-05 5.627e-06 1.632e-05 1.545e-05  2.671e+13  5.306e-03  1.0558e-01  3.7999e-01
2.85271e+03  0.000e+00       2.468e+00       4.264e+17    6.166e+20  7.055e+14  3.016e+00 5.095e-06 6.788e-06 1.921e-05 5.729e-06 1.665e-05 1.581e-05  2.912e+13  5.784e-03  1.0809e-01  3.8186e-01
2.72773e+03  0.000e+00       2.542e+00       4.305e+17    6.106e+20  7.432e+14  3.199e+00 5.210e-06 6.942e-06 1.924e-05 5.832e-06 1.699e-05 1.617e-05  3.154e+13  6.265e-03  1.1061e-01  3.8364e-01
2.61000e+03  0.000e+00       2.616e+00       4.327e+17    6.019e+20  7.789e+14  3.388e+00 5.327e-06 7.097e-06 1.927e-05 5.936e-06 1.734e-05 1.653e-05  3.395e+13  6.745e-03  1.1313e-01  3.8535e-01
2.49904e+03  0.000e+00       2.690e+00       4.331e+17    5.910e+20  8.126e+14  3.583e+00 5.444e-06 7.253e-06 1.931e-05 6.041e-06 1.768e-05 1.689e-05  3.637e+13  7.224e-03  1.1565e-01  3.8697e-01
2.39441e+03  0.000e+00       2.764e+00       4.320e+17    5.783e+20  8.444e+14  3.783e+00 5.561e-06 7.409e-06 1.934e-05 6.147e-06 1.803e-05 1.725e-05  3.877e+13  7.701e-03  1.1816e-01  3.8852e-01
2.29569e+03  0.000e+00       2.838e+00       4.296e+17    5.643e+20  8.742e+14  3.988e+00 5.680e-06 7.567e-06 1.938e-05 6.255e-06 1.838e-05 1.762e-05  4.115e+13  8.173e-03  1.2068e-01  3.9001e-01
2.20248e+03  0.000e+00       2.912e+00       4.261e+17    5.491e+20  9.022e+14  4.199e+00 5.799e-06 7.725e-06 1.941e-05 6.363e-06 1.873e-05 1.799e-05  4.350e+13  8.642e-03  1.2319e-01  3.9142e-01
2.11442e+03  0.000e+00       2.986e+00       4.216e+17    5.332e+20  9.283e+14  4.415e+00 5.918e-06 7.885e-06 1.945e-05 6.472e-06 1.909e-05 1.836e-05  4.583e+13  9.105e-03  1.2570e-01  3.9277e-01
2.03117e+03  0.000e+00       3.060e+00       4.164e+17    5.168e+20  9.528e+14  4.636e+00 6.038e-06 8.045e-06 1.948e-05 6.582e-06 1.945e-05 1.873e-05  4.814e+13  9.562e-03  1.2820e-01  3.9406e-01
1.95242e+03  0.000e+00       3.134e+00       4.104e+17    5.000e+20  9.756e+14  4.863e+00 6.159e-06 8.205e-06 1.952e-05 6.693e-06 1.981e-05 1.910e-05  5.041e+13  1.001e-02  1.3070e-01  3.9530e-01
1.87787e+03  0.000e+00       3.208e+00       4.039e+17    4.831e+20  9.972e+14  5.096e+00 6.280e-06 8.367e-06 1.956e-05 6.804e-06 2.017e-05 1.948e-05  5.264e+13  1.046e-02  1.3317e-01  3.9643e-01
1.80725e+03  0.000e+00       3.282e+00       3.970e+17    4.662e+20  1.017e+15  5.333e+00 6.401e-06 8.528e-06 1.960e-05 6.917e-06 2.053e-05 1.985e-05  5.485e+13  1.090e-02  1.3566e-01  3.9755e-01
1.74032e+03  0.000e+00       3.356e+00       3.898e+17    4.494e+20  1.036e+15  5.577e+00 6.523e-06 8.691e-06 1.964e-05 7.030e-06 2.090e-05 2.023e-05  5.702e+13  1.133e-02  1.3813e-01  3.9863e-01
1.67683e+03  0.000e+00       3.430e+00       3.823e+17    4.328e+20  1.053e+15  5.825e+00 6.646e-06 8.854e-06 1.968e-05 7.143e-06 2.127e-05 2.061e-05  5.915e+13  1.175e-02  1.4059e-01  3.9965e-01
1.61657e+03  0.000e+00       3.504e+00       3.746e+17    4.165e+20  1.069e+15  6.079e+00 6.768e-06 9.017e-06 1.972e-05 7.258e-06 2.163e-05 2.099e-05  6.126e+13  1.217e-02  1.4305e-01  4.0064e-01
1.55933e+03  0.000e+00       3.578e+00       3.668e+17    4.006e+20  1.084e+15  6.339e+00 6.891e-06 9.181e-06 1.976e-05 7.373e-06 2.200e-05 2.137e-05  6.332e+13  1.258e-02  1.4549e-01  4.0158e-01
1.50494e+03  0.000e+00       3.652e+00       3.589e+17    3.852e+20  1.098e+15  6.604e+00 7.015e-06 9.346e-06 1.981e-05 7.488e-06 2.238e-05 2.175e-05  6.535e+13  1.298e-02  1.4792e-01  4.0247e-01
1.45321e+03  0.000e+00       3.726e+00       3.510e+17    3.701e+20  1.111e+15  6.874e+00 7.139e-06 9.511e-06 1.985e-05 7.604e-06 2.275e-05 2.214e-05  6.735e+13  1.338e-02  1.5034e-01  4.0334e-01
1.40398e+03  0.000e+00       3.800e+00       3.432e+17    3.555e+20  1.123e+15  7.150e+00 7.263e-06 9.676e-06 1.990e-05 7.721e-06 2.312e-05 2.252e-05  6.932e+13  1.377e-02  1.5275e-01  4.0416e-01
