     Energy         Kx              Ky       F.Density    GA.Brill.       Flux  Tot.Power  Nat.Size  Nat.Div.    Size.x    Size.y     Div.x     Div.y   Coh.Flux  Coh.Power   CohFrac.x   CohFrac.y
         eV          -               -  ph/s/mr^2/0.1%  F.Dens/mm^2  ph/s/0.1%         kW         m       rad         m         m       rad       rad  ph/s/0.1%          W           -           -
1.47642e+04  7.071e-02       7.071e-02       0.000e+00    0.000e+00  0.000e+00  4.951e-03 2.240e-06 2.984e-06 1.866e-05 3.447e-06 9.437e-06 7.849e-06  0.000e+00  0.000e+00  3.7951e-02  2.4703e-01
1.46316e+04  1.188e-01       1.188e-01       0.000e+00    0.000e+00  0.000e+00  1.397e-02 2.250e-06 2.997e-06 1.866e-05 3.453e-06 9.466e-06 7.884e-06  0.000e+00  0.000e+00  3.8174e-02  2.4768e-01
1.44360e+04  1.669e-01       1.669e-01       0.000e+00    0.000e+00  0.000e+00  2.758e-02 2.265e-06 3.018e-06 1.866e-05 3.463e-06 9.510e-06 7.937e-06  0.000e+00  0.000e+00  3.8509e-02  2.4866e-01
1.41827e+04  2.150e-01       2.150e-01       0.000e+00    0.000e+00  0.000e+00  4.576e-02 2.285e-06 3.044e-06 1.866e-05 3.476e-06 9.569e-06 8.007e-06  0.000e+00  0.000e+00  3.8952e-02  2.4993e-01
1.38778e+04  2.630e-01       2.630e-01       0.000e+00    0.000e+00  0.000e+00  6.852e-02 2.310e-06 3.078e-06 1.867e-05 3.493e-06 9.641e-06 8.094e-06  0.000e+00  0.000e+00  3.9501e-02  2.5150e-01
1.35285e+04  3.111e-01       3.111e-01       0.000e+00    0.000e+00  0.000e+00  9.586e-02 2.340e-06 3.117e-06 1.867e-05 3.512e-06 9.728e-06 8.196e-06  0.000e+00  0.000e+00  4.0153e-02  2.5333e-01
1.31423e+04  3.592e-01       3.592e-01       0.000e+00    0.000e+00  0.000e+00  1.278e-01 2.374e-06 3.163e-06 1.868e-05 3.535e-06 9.828e-06 8.315e-06  0.000e+00  0.000e+00  4.0903e-02  2.5540e-01
1.27268e+04  4.073e-01       4.073e-01       0.000e+00    0.000e+00  0.000e+00  1.643e-01 2.412e-06 3.214e-06 1.868e-05 3.561e-06 9.941e-06 8.448e-06  0.000e+00  0.000e+00  4.1746e-02  2.5768e-01
1.22896e+04  4.554e-01       4.554e-01       0.000e+00    0.000e+00  0.000e+00  2.053e-01 2.455e-06 3.270e-06 1.869e-05 3.590e-06 1.007e-05 8.596e-06  0.000e+00  0.000e+00  4.2678e-02  2.6014e-01
1.18375e+04  5.035e-01       5.035e-01       0.000e+00    0.000e+00  0.000e+00  2.510e-01 2.501e-06 3.332e-06 1.869e-05 3.622e-06 1.021e-05 8.758e-06  0.000e+00  0.000e+00  4.3693e-02  2.6276e-01
1.13771e+04  5.515e-01       5.515e-01       0.000e+00    0.000e+00  0.000e+00  3.012e-01 2.551e-06 3.399e-06 1.870e-05 3.657e-06 1.035e-05 8.932e-06  0.000e+00  0.000e+00  4.4788e-02  2.6552e-01
1.09139e+04  5.996e-01       5.996e-01       0.000e+00    0.000e+00  0.000e+00  3.561e-01 2.605e-06 3.470e-06 1.871e-05 3.694e-06 1.052e-05 9.118e-06  0.000e+00  0.000e+00  4.5956e-02  2.6838e-01
1.04528e+04  6.477e-01       6.477e-01       0.000e+00    0.000e+00  0.000e+00  4.154e-01 2.662e-06 3.546e-06 1.871e-05 3.735e-06 1.069e-05 9.315e-06  0.000e+00  0.000e+00  4.7192e-02  2.7132e-01
9.99781e+03  6.958e-01       6.958e-01       0.000e+00    0.000e+00  0.000e+00  4.794e-01 2.722e-06 3.626e-06 1.872e-05 3.778e-06 1.087e-05 9.524e-06  0.000e+00  0.000e+00  4.8491e-02  2.7431e-01
9.55227e+03  7.439e-01       7.439e-01       0.000e+00    0.000e+00  0.000e+00  5.480e-01 2.784e-06 3.710e-06 1.873e-05 3.823e-06 1.106e-05 9.742e-06  0.000e+00  0.000e+00  4.9849e-02  2.7734e-01
9.11875e+03  7.920e-01       7.920e-01       0.000e+00    0.000e+00  0.000e+00  6.211e-01 2.850e-06 3.797e-06 1.874e-05 3.871e-06 1.126e-05 9.969e-06  0.000e+00  0.000e+00  5.1261e-02  2.8038e-01
8.69923e+03  8.400e-01       8.400e-01       0.000e+00    0.000e+00  0.000e+00  6.988e-01 2.918e-06 3.887e-06 1.875e-05 3.921e-06 1.147e-05 1.021e-05  0.000e+00  0.000e+00  5.2723e-02  2.8343e-01
8.29511e+03  8.881e-01       8.881e-01       0.000e+00    0.000e+00  0.000e+00  7.811e-01 2.988e-06 3.981e-06 1.876e-05 3.974e-06 1.169e-05 1.045e-05  0.000e+00  0.000e+00  5.4222e-02  2.8641e-01
7.90734e+03  9.362e-01       9.362e-01       0.000e+00    0.000e+00  0.000e+00  8.680e-01 3.060e-06 4.077e-06 1.878e-05 4.028e-06 1.192e-05 1.070e-05  0.000e+00  0.000e+00  5.5770e-02  2.8940e-01
7.53646e+03  9.843e-01       9.843e-01       0.000e+00    0.000e+00  0.000e+00  9.594e-01 3.135e-06 4.176e-06 1.879e-05 4.085e-06 1.215e-05 1.096e-05  0.000e+00  0.000e+00  5.7354e-02  2.9235e-01
7.18270e+03  1.032e+00       1.032e+00       0.000e+00    0.000e+00  0.000e+00  1.055e+00 3.211e-06 4.278e-06 1.880e-05 4.144e-06 1.239e-05 1.123e-05  0.000e+00  0.000e+00  5.8973e-02  2.9524e-01
6.84603e+03  1.080e+00       1.080e+00       0.000e+00    0.000e+00  0.000e+00  1.156e+00 3.289e-06 4.382e-06 1.881e-05 4.205e-06 1.264e-05 1.150e-05  0.000e+00  0.000e+00  6.0623e-02  2.9808e-01
6.52620e+03  1.129e+00       1.129e+00       0.000e+00    0.000e+00  0.000e+00  1.261e+00 3.369e-06 4.488e-06 1.883e-05 4.267e-06 1.289e-05 1.178e-05  0.000e+00  0.000e+00  6.2300e-02  3.0085e-01
6.22284e+03  1.177e+00       1.177e+00       0.000e+00    0.000e+00  0.000e+00  1.371e+00 3.450e-06 4.596e-06 1.884e-05 4.332e-06 1.315e-05 1.206e-05  0.000e+00  0.000e+00  6.4003e-02  3.0355e-01
5.93542e+03  1.225e+00       1.225e+00       0.000e+00    0.000e+00  0.000e+00  1.485e+00 3.532e-06 4.706e-06 1.886e-05 4.398e-06 1.341e-05 1.235e-05  0.000e+00  0.000e+00  6.5728e-02  3.0618e-01
5.66337e+03  1.273e+00       1.273e+00       0.000e+00    0.000e+00  0.000e+00  1.604e+00 3.616e-06 4.818e-06 1.887e-05 4.465e-06 1.368e-05 1.264e-05  0.000e+00  0.000e+00  6.7473e-02  3.0873e-01
5.40604e+03  1.321e+00       1.321e+00       0.000e+00    0.000e+00  0.000e+00  1.728e+00 3.701e-06 4.931e-06 1.889e-05 4.534e-06 1.395e-05 1.293e-05  0.000e+00  0.000e+00  6.9236e-02  3.1120e-01
5.16276e+03  1.369e+00       1.369e+00       0.000e+00    0.000e+00  0.000e+00  1.856e+00 3.787e-06 5.046e-06 1.891e-05 4.605e-06 1.423e-05 1.323e-05  0.000e+00  0.000e+00  7.1016e-02  3.1359e-01
4.93284e+03  1.417e+00       1.417e+00       0.000e+00    0.000e+00  0.000e+00  1.988e+00 3.875e-06 5.162e-06 1.892e-05 4.677e-06 1.452e-05 1.354e-05  0.000e+00  0.000e+00  7.2809e-02  3.1590e-01
4.71559e+03  1.465e+00       1.465e+00       0.000e+00    0.000e+00  0.000e+00  2.126e+00 3.963e-06 5.280e-06 1.894e-05 4.750e-06 1.480e-05 1.384e-05  0.000e+00  0.000e+00  7.4615e-02  3.1813e-01
4.51031e+03  1.513e+00       1.513e+00       0.000e+00    0.000e+00  0.000e+00  2.268e+00 4.052e-06 5.399e-06 1.896e-05 4.825e-06 1.509e-05 1.416e-05  0.000e+00  0.000e+00  7.6432e-02  3.2028e-01
4.31635e+03  1.561e+00       1.561e+00       0.000e+00    0.000e+00  0.000e+00  2.414e+00 4.142e-06 5.519e-06 1.898e-05 4.901e-06 1.539e-05 1.447e-05  0.000e+00  0.000e+00  7.8258e-02  3.2235e-01
4.13306e+03  1.609e+00       1.609e+00       0.000e+00    0.000e+00  0.000e+00  2.565e+00 4.233e-06 5.640e-06 1.900e-05 4.978e-06 1.569e-05 1.478e-05  0.000e+00  0.000e+00  8.0092e-02  3.2435e-01
3.95980e+03  1.657e+00       1.657e+00       0.000e+00    0.000e+00  0.000e+00  2.720e+00 4.325e-06 5.762e-06 1.902e-05 5.056e-06 1.599e-05 1.510e-05  0.000e+00  0.000e+00  8.1934e-02  3.2627e-01
3.79599e+03  1.706e+00       1.706e+00       0.000e+00    0.000e+00  0.000e+00  2.881e+00 4.417e-06 5.885e-06 1.904e-05 5.135e-06 1.629e-05 1.543e-05  0.000e+00  0.000e+00  8.3781e-02  3.2812e-01
3.64106e+03  1.754e+00       1.754e+00       0.000e+00    0.000e+00  0.000e+00  3.045e+00 4.510e-06 6.009e-06 1.907e-05 5.216e-06 1.660e-05 1.575e-05  0.000e+00  0.000e+00  8.5623e-02  3.2985e-01
3.49447e+03  1.802e+00       1.802e+00       0.000e+00    0.000e+00  0.000e+00  3.215e+00 4.603e-06 6.133e-06 1.909e-05 5.297e-06 1.691e-05 1.608e-05  0.000e+00  0.000e+00  8.7478e-02  3.3156e-01
3.35571e+03  1.850e+00       1.850e+00       0.000e+00    0.000e+00  0.000e+00  3.388e+00 4.698e-06 6.259e-06 1.911e-05 5.379e-06 1.722e-05 1.641e-05  0.000e+00  0.000e+00  8.9335e-02  3.3320e-01
3.22431e+03  1.898e+00       1.898e+00       0.000e+00    0.000e+00  0.000e+00  3.567e+00 4.792e-06 6.385e-06 1.913e-05 5.462e-06 1.754e-05 1.674e-05  0.000e+00  0.000e+00  9.1195e-02  3.3477e-01
3.09981e+03  1.946e+00       1.946e+00       0.000e+00    0.000e+00  0.000e+00  3.750e+00 4.888e-06 6.512e-06 1.916e-05 5.546e-06 1.785e-05 1.707e-05  0.000e+00  0.000e+00  9.3055e-02  3.3628e-01
2.98180e+03  1.994e+00       1.994e+00       0.000e+00    0.000e+00  0.000e+00  3.937e+00 4.984e-06 6.640e-06 1.918e-05 5.630e-06 1.817e-05 1.740e-05  0.000e+00  0.000e+00  9.4916e-02  3.3773e-01
2.86987e+03  2.042e+00       2.042e+00       0.000e+00    0.000e+00  0.000e+00  4.130e+00 5.080e-06 6.768e-06 1.921e-05 5.715e-06 1.849e-05 1.774e-05  0.000e+00  0.000e+00  9.6777e-02  3.3913e-01
2.76367e+03  2.090e+00       2.090e+00       0.000e+00    0.000e+00  0.000e+00  4.326e+00 5.176e-06 6.897e-06 1.923e-05 5.802e-06 1.882e-05 1.807e-05  0.000e+00  0.000e+00  9.8637e-02  3.4047e-01
2.66283e+03  2.138e+00       2.138e+00       0.000e+00    0.000e+00  0.000e+00  4.528e+00 5.274e-06 7.026e-06 1.926e-05 5.888e-06 1.914e-05 1.841e-05  0.000e+00  0.000e+00  1.0050e-01  3.4176e-01
2.56703e+03  2.186e+00       2.186e+00       0.000e+00    0.000e+00  0.000e+00  4.734e+00 5.371e-06 7.156e-06 1.929e-05 5.976e-06 1.947e-05 1.875e-05  0.000e+00  0.000e+00  1.0235e-01  3.4299e-01
2.47598e+03  2.234e+00       2.234e+00       0.000e+00    0.000e+00  0.000e+00  4.944e+00 5.469e-06 7.286e-06 1.931e-05 6.064e-06 1.980e-05 1.909e-05  0.000e+00  0.000e+00  1.0421e-01  3.4418e-01
2.38938e+03  2.283e+00       2.283e+00       0.000e+00    0.000e+00  0.000e+00  5.159e+00 5.567e-06 7.417e-06 1.934e-05 6.153e-06 2.013e-05 1.943e-05  0.000e+00  0.000e+00  1.0606e-01  3.4532e-01
2.30698e+03  2.331e+00       2.331e+00       0.000e+00    0.000e+00  0.000e+00  5.379e+00 5.666e-06 7.548e-06 1.937e-05 6.242e-06 2.046e-05 1.978e-05  0.000e+00  0.000e+00  1.0791e-01  3.4642e-01
2.22852e+03  2.379e+00       2.379e+00       0.000e+00    0.000e+00  0.000e+00  5.603e+00 5.765e-06 7.680e-06 1.940e-05 6.332e-06 2.079e-05 2.012e-05  0.000e+00  0.000e+00  1.0975e-01  3.4747e-01
2.15378e+03  2.427e+00       2.427e+00       0.000e+00    0.000e+00  0.000e+00  5.832e+00 5.864e-06 7.812e-06 1.943e-05 6.422e-06 2.113e-05 2.047e-05  0.000e+00  0.000e+00  1.1159e-01  3.4848e-01
2.08253e+03  2.475e+00       2.475e+00       0.000e+00    0.000e+00  0.000e+00  6.065e+00 5.963e-06 7.945e-06 1.946e-05 6.513e-06 2.147e-05 2.082e-05  0.000e+00  0.000e+00  1.1341e-01  3.4943e-01
