     Energy         Kx              Ky       F.Density    GA.Brill.       Flux  Tot.Power  Nat.Size  Nat.Div.    Size.x    Size.y     Div.x     Div.y   Coh.Flux  Coh.Power   CohFrac.x   CohFrac.y
         eV          -               -  ph/s/mr^2/0.1%  F.Dens/mm^2  ph/s/0.1%         kW         m       rad         m         m       rad       rad  ph/s/0.1%          W           -           -
1.64047e+03  0.000e+00       1.000e-01       3.890e+16    4.357e+19  2.793e+13  4.951e-03 6.719e-06 8.952e-06 1.970e-05 7.211e-06 1.135e-05 1.007e-05  6.222e+12  1.236e-03  2.6894e-01  8.2842e-01
1.62408e+03  0.000e+00       1.740e-01       1.150e+17    1.282e+20  8.329e+13  1.499e-02 6.753e-06 8.997e-06 1.972e-05 7.243e-06 1.139e-05 1.012e-05  1.867e+13  3.709e-03  2.7043e-01  8.2899e-01
1.59948e+03  0.000e+00       2.480e-01       2.253e+17    2.492e+20  1.655e+14  3.045e-02 6.804e-06 9.065e-06 1.973e-05 7.291e-06 1.146e-05 1.020e-05  3.743e+13  7.435e-03  2.7264e-01  8.2962e-01
1.56741e+03  0.000e+00       3.220e-01       3.618e+17    3.962e+20  2.706e+14  5.134e-02 6.874e-06 9.158e-06 1.976e-05 7.356e-06 1.156e-05 1.030e-05  6.198e+13  1.231e-02  2.7567e-01  8.3075e-01
1.52880e+03  0.000e+00       3.960e-01       5.156e+17    5.577e+20  3.943e+14  7.764e-02 6.960e-06 9.273e-06 1.979e-05 7.437e-06 1.167e-05 1.043e-05  9.169e+13  1.821e-02  2.7943e-01  8.3211e-01
1.48469e+03  0.000e+00       4.700e-01       6.774e+17    7.219e+20  5.318e+14  1.094e-01 7.062e-06 9.409e-06 1.982e-05 7.533e-06 1.181e-05 1.058e-05  1.259e+14  2.500e-02  2.8388e-01  8.3368e-01
1.43616e+03  0.000e+00       5.440e-01       8.385e+17    8.788e+20  6.782e+14  1.465e-01 7.181e-06 9.567e-06 1.987e-05 7.644e-06 1.197e-05 1.076e-05  1.637e+14  3.252e-02  2.8897e-01  8.3541e-01
1.38432e+03  0.000e+00       6.180e-01       9.915e+17    1.020e+21  8.290e+14  1.891e-01 7.314e-06 9.745e-06 1.992e-05 7.769e-06 1.215e-05 1.096e-05  2.045e+14  4.063e-02  2.9466e-01  8.3727e-01
1.33018e+03  0.000e+00       6.920e-01       1.131e+18    1.140e+21  9.803e+14  2.371e-01 7.461e-06 9.941e-06 1.997e-05 7.908e-06 1.234e-05 1.118e-05  2.476e+14  4.917e-02  3.0090e-01  8.3923e-01
1.27470e+03  0.000e+00       7.660e-01       1.253e+18    1.235e+21  1.129e+15  2.905e-01 7.622e-06 1.015e-05 2.003e-05 8.060e-06 1.256e-05 1.142e-05  2.921e+14  5.803e-02  3.0764e-01  8.4125e-01
1.21871e+03  0.000e+00       8.400e-01       1.355e+18    1.305e+21  1.272e+15  3.494e-01 7.795e-06 1.039e-05 2.010e-05 8.224e-06 1.280e-05 1.167e-05  3.376e+14  6.706e-02  3.1482e-01  8.4331e-01
1.16292e+03  0.000e+00       9.140e-01       1.436e+18    1.350e+21  1.407e+15  4.136e-01 7.980e-06 1.063e-05 2.017e-05 8.399e-06 1.305e-05 1.195e-05  3.835e+14  7.618e-02  3.2239e-01  8.4537e-01
1.10792e+03  0.000e+00       9.880e-01       1.498e+18    1.372e+21  1.534e+15  4.833e-01 8.176e-06 1.089e-05 2.025e-05 8.585e-06 1.331e-05 1.224e-05  4.294e+14  8.530e-02  3.3032e-01  8.4742e-01
1.05419e+03  0.000e+00       1.062e+00       1.541e+18    1.373e+21  1.652e+15  5.584e-01 8.381e-06 1.117e-05 2.033e-05 8.781e-06 1.360e-05 1.255e-05  4.749e+14  9.435e-02  3.3854e-01  8.4944e-01
1.00208e+03  0.000e+00       1.136e+00       1.566e+18    1.358e+21  1.759e+15  6.390e-01 8.597e-06 1.145e-05 2.042e-05 8.987e-06 1.389e-05 1.287e-05  5.199e+14  1.033e-01  3.4702e-01  8.5142e-01
9.51861e+02  0.000e+00       1.210e+00       1.577e+18    1.330e+21  1.858e+15  7.249e-01 8.820e-06 1.175e-05 2.052e-05 9.201e-06 1.420e-05 1.320e-05  5.639e+14  1.120e-01  3.5571e-01  8.5333e-01
9.03714e+02  0.000e+00       1.284e+00       1.575e+18    1.290e+21  1.948e+15  8.163e-01 9.052e-06 1.206e-05 2.062e-05 9.424e-06 1.453e-05 1.355e-05  6.070e+14  1.206e-01  3.6450e-01  8.5499e-01
8.57752e+02  0.000e+00       1.358e+00       1.562e+18    1.242e+21  2.028e+15  9.131e-01 9.292e-06 1.238e-05 2.072e-05 9.654e-06 1.486e-05 1.391e-05  6.490e+14  1.289e-01  3.7349e-01  8.5676e-01
8.14033e+02  0.000e+00       1.432e+00       1.540e+18    1.189e+21  2.100e+15  1.015e+00 9.538e-06 1.271e-05 2.084e-05 9.891e-06 1.521e-05 1.427e-05  6.898e+14  1.370e-01  3.8258e-01  8.5846e-01
7.72566e+02  0.000e+00       1.506e+00       1.512e+18    1.133e+21  2.165e+15  1.123e+00 9.791e-06 1.304e-05 2.095e-05 1.013e-05 1.556e-05 1.465e-05  7.294e+14  1.449e-01  3.9174e-01  8.6007e-01
7.33329e+02  0.000e+00       1.580e+00       1.478e+18    1.075e+21  2.223e+15  1.236e+00 1.005e-05 1.339e-05 2.107e-05 1.038e-05 1.592e-05 1.504e-05  7.679e+14  1.525e-01  4.0094e-01  8.6162e-01
6.96271e+02  0.000e+00       1.654e+00       1.440e+18    1.016e+21  2.274e+15  1.355e+00 1.031e-05 1.374e-05 2.120e-05 1.064e-05 1.630e-05 1.543e-05  8.051e+14  1.599e-01  4.1016e-01  8.6308e-01
6.61322e+02  0.000e+00       1.728e+00       1.399e+18    9.572e+20  2.320e+15  1.478e+00 1.058e-05 1.410e-05 2.133e-05 1.090e-05 1.668e-05 1.583e-05  8.411e+14  1.671e-01  4.1938e-01  8.6447e-01
6.28399e+02  0.000e+00       1.802e+00       1.356e+18    9.001e+20  2.361e+15  1.608e+00 1.086e-05 1.446e-05 2.147e-05 1.117e-05 1.706e-05 1.624e-05  8.760e+14  1.740e-01  4.2856e-01  8.6579e-01
5.97412e+02  0.000e+00       1.876e+00       1.312e+18    8.449e+20  2.397e+15  1.743e+00 1.113e-05 1.483e-05 2.161e-05 1.144e-05 1.746e-05 1.665e-05  9.098e+14  1.807e-01  4.3770e-01  8.6704e-01
5.68262e+02  0.000e+00       1.950e+00       1.268e+18    7.919e+20  2.431e+15  1.883e+00 1.142e-05 1.521e-05 2.176e-05 1.171e-05 1.786e-05 1.708e-05  9.425e+14  1.872e-01  4.4670e-01  8.6805e-01
5.40851e+02  0.000e+00       2.024e+00       1.224e+18    7.415e+20  2.459e+15  2.028e+00 1.170e-05 1.559e-05 2.191e-05 1.199e-05 1.827e-05 1.750e-05  9.741e+14  1.935e-01  4.5570e-01  8.6916e-01
5.15080e+02  0.000e+00       2.098e+00       1.180e+18    6.936e+20  2.485e+15  2.179e+00 1.199e-05 1.598e-05 2.207e-05 1.227e-05 1.868e-05 1.793e-05  1.005e+15  1.996e-01  4.6460e-01  8.7021e-01
4.90852e+02  0.000e+00       2.172e+00       1.137e+18    6.485e+20  2.508e+15  2.336e+00 1.228e-05 1.636e-05 2.223e-05 1.256e-05 1.910e-05 1.837e-05  1.034e+15  2.055e-01  4.7340e-01  8.7120e-01
4.68072e+02  0.000e+00       2.246e+00       1.095e+18    6.060e+20  2.528e+15  2.498e+00 1.258e-05 1.676e-05 2.239e-05 1.285e-05 1.953e-05 1.881e-05  1.063e+15  2.112e-01  4.8209e-01  8.7214e-01
4.46649e+02  0.000e+00       2.320e+00       1.055e+18    5.663e+20  2.547e+15  2.665e+00 1.288e-05 1.716e-05 2.256e-05 1.314e-05 1.996e-05 1.926e-05  1.091e+15  2.167e-01  4.9066e-01  8.7302e-01
4.26496e+02  0.000e+00       2.394e+00       1.015e+18    5.291e+20  2.563e+15  2.838e+00 1.318e-05 1.756e-05 2.273e-05 1.343e-05 2.039e-05 1.970e-05  1.118e+15  2.220e-01  4.9911e-01  8.7386e-01
4.07531e+02  0.000e+00       2.468e+00       9.772e+17    4.943e+20  2.577e+15  3.016e+00 1.348e-05 1.796e-05 2.291e-05 1.373e-05 2.083e-05 2.016e-05  1.144e+15  2.272e-01  5.0742e-01  8.7465e-01
3.89675e+02  0.000e+00       2.542e+00       9.405e+17    4.620e+20  2.591e+15  3.199e+00 1.379e-05 1.837e-05 2.309e-05 1.403e-05 2.127e-05 2.062e-05  1.169e+15  2.323e-01  5.1550e-01  8.7524e-01
3.72857e+02  0.000e+00       2.616e+00       9.053e+17    4.318e+20  2.603e+15  3.388e+00 1.409e-05 1.878e-05 2.328e-05 1.433e-05 2.172e-05 2.107e-05  1.194e+15  2.371e-01  5.2353e-01  8.7595e-01
3.57006e+02  0.000e+00       2.690e+00       8.715e+17    4.038e+20  2.614e+15  3.583e+00 1.440e-05 1.919e-05 2.346e-05 1.464e-05 2.216e-05 2.154e-05  1.218e+15  2.419e-01  5.3140e-01  8.7662e-01
3.42059e+02  0.000e+00       2.764e+00       8.391e+17    3.777e+20  2.623e+15  3.783e+00 1.471e-05 1.960e-05 2.366e-05 1.495e-05 2.262e-05 2.200e-05  1.241e+15  2.464e-01  5.3913e-01  8.7725e-01
3.27955e+02  0.000e+00       2.838e+00       8.081e+17    3.535e+20  2.632e+15  3.988e+00 1.503e-05 2.002e-05 2.385e-05 1.525e-05 2.307e-05 2.247e-05  1.263e+15  2.509e-01  5.4671e-01  8.7785e-01
3.14639e+02  0.000e+00       2.912e+00       7.784e+17    3.309e+20  2.639e+15  4.199e+00 1.534e-05 2.044e-05 2.405e-05 1.556e-05 2.353e-05 2.294e-05  1.285e+15  2.552e-01  5.5413e-01  8.7841e-01
3.02059e+02  0.000e+00       2.986e+00       7.501e+17    3.100e+20  2.646e+15  4.415e+00 1.566e-05 2.086e-05 2.425e-05 1.588e-05 2.399e-05 2.341e-05  1.306e+15  2.594e-01  5.6140e-01  8.7895e-01
2.90167e+02  0.000e+00       3.060e+00       7.230e+17    2.906e+20  2.653e+15  4.636e+00 1.598e-05 2.128e-05 2.446e-05 1.619e-05 2.445e-05 2.389e-05  1.326e+15  2.635e-01  5.6844e-01  8.7933e-01
2.78917e+02  0.000e+00       3.134e+00       6.971e+17    2.725e+20  2.659e+15  4.863e+00 1.629e-05 2.171e-05 2.467e-05 1.650e-05 2.492e-05 2.436e-05  1.346e+15  2.674e-01  5.7540e-01  8.7981e-01
2.68267e+02  0.000e+00       3.208e+00       6.724e+17    2.557e+20  2.664e+15  5.096e+00 1.661e-05 2.214e-05 2.488e-05 1.682e-05 2.539e-05 2.484e-05  1.365e+15  2.712e-01  5.8221e-01  8.8027e-01
2.58179e+02  0.000e+00       3.282e+00       6.488e+17    2.401e+20  2.669e+15  5.333e+00 1.694e-05 2.256e-05 2.510e-05 1.714e-05 2.586e-05 2.532e-05  1.384e+15  2.750e-01  5.8886e-01  8.8070e-01
2.48617e+02  0.000e+00       3.356e+00       6.263e+17    2.255e+20  2.673e+15  5.577e+00 1.726e-05 2.299e-05 2.532e-05 1.746e-05 2.633e-05 2.580e-05  1.402e+15  2.786e-01  5.9537e-01  8.8112e-01
2.39547e+02  0.000e+00       3.430e+00       6.048e+17    2.120e+20  2.677e+15  5.825e+00 1.758e-05 2.343e-05 2.554e-05 1.778e-05 2.680e-05 2.628e-05  1.420e+15  2.821e-01  6.0173e-01  8.8152e-01
2.30938e+02  0.000e+00       3.504e+00       5.843e+17    1.994e+20  2.681e+15  6.079e+00 1.791e-05 2.386e-05 2.576e-05 1.810e-05 2.728e-05 2.677e-05  1.437e+15  2.855e-01  6.0793e-01  8.8189e-01
2.22762e+02  0.000e+00       3.578e+00       5.647e+17    1.877e+20  2.684e+15  6.339e+00 1.823e-05 2.429e-05 2.599e-05 1.842e-05 2.776e-05 2.726e-05  1.454e+15  2.888e-01  6.1392e-01  8.8213e-01
2.14991e+02  0.000e+00       3.652e+00       5.460e+17    1.768e+20  2.687e+15  6.604e+00 1.856e-05 2.473e-05 2.622e-05 1.874e-05 2.824e-05 2.775e-05  1.470e+15  2.920e-01  6.1983e-01  8.8247e-01
2.07601e+02  0.000e+00       3.726e+00       5.281e+17    1.666e+20  2.690e+15  6.874e+00 1.889e-05 2.516e-05 2.645e-05 1.907e-05 2.872e-05 2.823e-05  1.486e+15  2.951e-01  6.2561e-01  8.8279e-01
2.00568e+02  0.000e+00       3.800e+00       5.110e+17    1.571e+20  2.693e+15  7.150e+00 1.922e-05 2.560e-05 2.669e-05 1.939e-05 2.920e-05 2.872e-05  1.501e+15  2.982e-01  6.3124e-01  8.8310e-01
