36
46
56
66
76
86
96
106
116
126
136
146
156
166
176
186
196
206
216
226
236
246
256
266
276
286
296
306
316
326
336
346
356
366
376
386
396
406
416
426
436
446
456
466
476
486
496
506
516
526
536
546
556
566
576
586
596
606
616
626
636
646
656
666
676
686
696
706
716
726
736
746
756
766
776
786
796
806
816
826
836
846
856
866
876
886
896
906
916
926
936
946
956
966
976
986
996
1006
1016
1026
1036
1046
1056
1066
1076
1086
1096
1106
1116
1126
1136
1146
1156
1166
1176
1186
1196
1206
1216
1226
1236
1246
1256
1266
1276
1286
1296
1306
1316
1326
1336
1346
1356
1366
1376
1386
1396
1406
1416
1426
1436
1446
1456
1466
1476
1486
1496
1506
1516
1526
1536
1546
1556
1566
1576
1586
1596
1606
1616
1626
1636
1646
1656
1666
1676
1686
1696
1706
1716
1726
1736
1746
1756
1766
1776
1786
1796
1806
1816
1826
1836
1846
1856
1866
1876
1886
1896
1906
1916
1926
1936
1946
1956
1966
1976
1986
1996
2006
2016
2026
2036
2046
2056
2066
2076
2086
2096
2100
2125
2150
2175
2200
2225
2250
2275
2300
2325
2350
2375
2400
2425
2450
2475
2500
2525
2550
2575
2600
2625
2650
2675
2700
2725
2750
2775
2800
2825
2850
2875
2900
2925
2950
2975
3000
3025
3050
3075
3100
3125
3150
3175
3200
3225
3250
3275
3300
3325
3350
3375
3400
3425
3450
3475
3500
3525
3550
3575
3600
3625
3650
3675
3700
3725
3750
3775
3800
3825
3850
3875
3900
3925
3950
3975
4000
4025
4050
4075
4100
4125
4150
4175
4200
4225
4250
4275
4300
4325
4350
4375
4400
4425
4450
4475
4500
4525
4550
4575
4600
4625
4650
4675
4700
4725
4750
4775
4800
4825
4850
4875
4900
4925
4950
4975
5000
5025
5050
5075
5100
5125
5150
5175
5200
5225
5250
5275
5300
5325
5350
5375
5400
5425
5450
5475
5500
5525
5550
5575
5600
5625
5650
5675
5700
5725
5750
5775
5800
5825
5850
5875
5900
5925
5950
5975
6000
