Simulation Number ExitSlit.openingHeight SU.photonEnergy PG.cFactor SU.numberRays SU.electronSigmaX SU.electronSigmaY SU.electronSigmaYs
0                 0.02                   36              2.25       100000.0      17.15             2.43              0.81              
1                 0.02                   36              5.0        100000.0      17.15             2.43              0.81              
2                 0.02                   46              2.25       100000.0      17.15             2.43              0.81              
3                 0.02                   46              5.0        100000.0      17.15             2.43              0.81              
4                 0.02                   56              2.25       100000.0      17.15             2.43              0.81              
5                 0.02                   56              5.0        100000.0      17.15             2.43              0.81              
6                 0.02                   66              2.25       100000.0      17.15             2.43              0.81              
7                 0.02                   66              5.0        100000.0      17.15             2.43              0.81              
8                 0.02                   76              2.25       100000.0      17.15             2.43              0.81              
9                 0.02                   76              5.0        100000.0      17.15             2.43              0.81              
10                0.02                   86              2.25       100000.0      17.15             2.43              0.81              
11                0.02                   86              5.0        100000.0      17.15             2.43              0.81              
12                0.02                   96              2.25       100000.0      17.15             2.43              0.81              
13                0.02                   96              5.0        100000.0      17.15             2.43              0.81              
14                0.02                   106             2.25       100000.0      17.15             2.43              0.81              
15                0.02                   106             5.0        100000.0      17.15             2.43              0.81              
16                0.02                   116             2.25       100000.0      17.15             2.43              0.81              
17                0.02                   116             5.0        100000.0      17.15             2.43              0.81              
18                0.02                   126             2.25       100000.0      17.15             2.43              0.81              
19                0.02                   126             5.0        100000.0      17.15             2.43              0.81              
20                0.02                   136             2.25       100000.0      17.15             2.43              0.81              
21                0.02                   136             5.0        100000.0      17.15             2.43              0.81              
22                0.02                   146             2.25       100000.0      17.15             2.43              0.81              
23                0.02                   146             5.0        100000.0      17.15             2.43              0.81              
24                0.02                   156             2.25       100000.0      17.15             2.43              0.81              
25                0.02                   156             5.0        100000.0      17.15             2.43              0.81              
26                0.02                   166             2.25       100000.0      17.15             2.43              0.81              
27                0.02                   166             5.0        100000.0      17.15             2.43              0.81              
28                0.02                   176             2.25       100000.0      17.15             2.43              0.81              
29                0.02                   176             5.0        100000.0      17.15             2.43              0.81              
30                0.02                   186             2.25       100000.0      17.15             2.43              0.81              
31                0.02                   186             5.0        100000.0      17.15             2.43              0.81              
32                0.02                   196             2.25       100000.0      17.15             2.43              0.81              
33                0.02                   196             5.0        100000.0      17.15             2.43              0.81              
34                0.02                   206             2.25       100000.0      17.15             2.43              0.81              
35                0.02                   206             5.0        100000.0      17.15             2.43              0.81              
36                0.02                   216             2.25       100000.0      17.15             2.43              0.81              
37                0.02                   216             5.0        100000.0      17.15             2.43              0.81              
38                0.02                   226             2.25       100000.0      17.15             2.43              0.81              
39                0.02                   226             5.0        100000.0      17.15             2.43              0.81              
40                0.02                   236             2.25       100000.0      17.15             2.43              0.81              
41                0.02                   236             5.0        100000.0      17.15             2.43              0.81              
42                0.02                   246             2.25       100000.0      17.15             2.43              0.81              
43                0.02                   246             5.0        100000.0      17.15             2.43              0.81              
44                0.02                   256             2.25       100000.0      17.15             2.43              0.81              
45                0.02                   256             5.0        100000.0      17.15             2.43              0.81              
46                0.02                   266             2.25       100000.0      17.15             2.43              0.81              
47                0.02                   266             5.0        100000.0      17.15             2.43              0.81              
48                0.02                   276             2.25       100000.0      17.15             2.43              0.81              
49                0.02                   276             5.0        100000.0      17.15             2.43              0.81              
50                0.02                   286             2.25       100000.0      17.15             2.43              0.81              
51                0.02                   286             5.0        100000.0      17.15             2.43              0.81              
52                0.02                   296             2.25       100000.0      17.15             2.43              0.81              
53                0.02                   296             5.0        100000.0      17.15             2.43              0.81              
54                0.02                   306             2.25       100000.0      17.15             2.43              0.81              
55                0.02                   306             5.0        100000.0      17.15             2.43              0.81              
56                0.02                   316             2.25       100000.0      17.15             2.43              0.81              
57                0.02                   316             5.0        100000.0      17.15             2.43              0.81              
58                0.02                   326             2.25       100000.0      17.15             2.43              0.81              
59                0.02                   326             5.0        100000.0      17.15             2.43              0.81              
60                0.02                   336             2.25       100000.0      17.15             2.43              0.81              
61                0.02                   336             5.0        100000.0      17.15             2.43              0.81              
62                0.02                   346             2.25       100000.0      17.15             2.43              0.81              
63                0.02                   346             5.0        100000.0      17.15             2.43              0.81              
64                0.02                   356             2.25       100000.0      17.15             2.43              0.81              
65                0.02                   356             5.0        100000.0      17.15             2.43              0.81              
66                0.02                   366             2.25       100000.0      17.15             2.43              0.81              
67                0.02                   366             5.0        100000.0      17.15             2.43              0.81              
68                0.02                   376             2.25       100000.0      17.15             2.43              0.81              
69                0.02                   376             5.0        100000.0      17.15             2.43              0.81              
70                0.02                   386             2.25       100000.0      17.15             2.43              0.81              
71                0.02                   386             5.0        100000.0      17.15             2.43              0.81              
72                0.02                   396             2.25       100000.0      17.15             2.43              0.81              
73                0.02                   396             5.0        100000.0      17.15             2.43              0.81              
74                0.02                   406             2.25       100000.0      17.15             2.43              0.81              
75                0.02                   406             5.0        100000.0      17.15             2.43              0.81              
76                0.02                   416             2.25       100000.0      17.15             2.43              0.81              
77                0.02                   416             5.0        100000.0      17.15             2.43              0.81              
78                0.02                   426             2.25       100000.0      17.15             2.43              0.81              
79                0.02                   426             5.0        100000.0      17.15             2.43              0.81              
80                0.02                   436             2.25       100000.0      17.15             2.43              0.81              
81                0.02                   436             5.0        100000.0      17.15             2.43              0.81              
82                0.02                   446             2.25       100000.0      17.15             2.43              0.81              
83                0.02                   446             5.0        100000.0      17.15             2.43              0.81              
84                0.02                   456             2.25       100000.0      17.15             2.43              0.81              
85                0.02                   456             5.0        100000.0      17.15             2.43              0.81              
86                0.02                   466             2.25       100000.0      17.15             2.43              0.81              
87                0.02                   466             5.0        100000.0      17.15             2.43              0.81              
88                0.02                   476             2.25       100000.0      17.15             2.43              0.81              
89                0.02                   476             5.0        100000.0      17.15             2.43              0.81              
90                0.02                   486             2.25       100000.0      17.15             2.43              0.81              
91                0.02                   486             5.0        100000.0      17.15             2.43              0.81              
92                0.02                   496             2.25       100000.0      17.15             2.43              0.81              
93                0.02                   496             5.0        100000.0      17.15             2.43              0.81              
94                0.02                   506             2.25       100000.0      17.15             2.43              0.81              
95                0.02                   506             5.0        100000.0      17.15             2.43              0.81              
96                0.02                   516             2.25       100000.0      17.15             2.43              0.81              
97                0.02                   516             5.0        100000.0      17.15             2.43              0.81              
98                0.02                   526             2.25       100000.0      17.15             2.43              0.81              
99                0.02                   526             5.0        100000.0      17.15             2.43              0.81              
100               0.02                   536             2.25       100000.0      17.15             2.43              0.81              
101               0.02                   536             5.0        100000.0      17.15             2.43              0.81              
102               0.02                   546             2.25       100000.0      17.15             2.43              0.81              
103               0.02                   546             5.0        100000.0      17.15             2.43              0.81              
104               0.02                   556             2.25       100000.0      17.15             2.43              0.81              
105               0.02                   556             5.0        100000.0      17.15             2.43              0.81              
106               0.02                   566             2.25       100000.0      17.15             2.43              0.81              
107               0.02                   566             5.0        100000.0      17.15             2.43              0.81              
108               0.02                   576             2.25       100000.0      17.15             2.43              0.81              
109               0.02                   576             5.0        100000.0      17.15             2.43              0.81              
110               0.02                   586             2.25       100000.0      17.15             2.43              0.81              
111               0.02                   586             5.0        100000.0      17.15             2.43              0.81              
112               0.02                   596             2.25       100000.0      17.15             2.43              0.81              
113               0.02                   596             5.0        100000.0      17.15             2.43              0.81              
114               0.02                   606             2.25       100000.0      17.15             2.43              0.81              
115               0.02                   606             5.0        100000.0      17.15             2.43              0.81              
116               0.02                   616             2.25       100000.0      17.15             2.43              0.81              
117               0.02                   616             5.0        100000.0      17.15             2.43              0.81              
118               0.02                   626             2.25       100000.0      17.15             2.43              0.81              
119               0.02                   626             5.0        100000.0      17.15             2.43              0.81              
120               0.02                   636             2.25       100000.0      17.15             2.43              0.81              
121               0.02                   636             5.0        100000.0      17.15             2.43              0.81              
122               0.02                   646             2.25       100000.0      17.15             2.43              0.81              
123               0.02                   646             5.0        100000.0      17.15             2.43              0.81              
124               0.02                   656             2.25       100000.0      17.15             2.43              0.81              
125               0.02                   656             5.0        100000.0      17.15             2.43              0.81              
126               0.02                   666             2.25       100000.0      17.15             2.43              0.81              
127               0.02                   666             5.0        100000.0      17.15             2.43              0.81              
128               0.02                   676             2.25       100000.0      17.15             2.43              0.81              
129               0.02                   676             5.0        100000.0      17.15             2.43              0.81              
130               0.02                   686             2.25       100000.0      17.15             2.43              0.81              
131               0.02                   686             5.0        100000.0      17.15             2.43              0.81              
132               0.02                   696             2.25       100000.0      17.15             2.43              0.81              
133               0.02                   696             5.0        100000.0      17.15             2.43              0.81              
134               0.02                   706             2.25       100000.0      17.15             2.43              0.81              
135               0.02                   706             5.0        100000.0      17.15             2.43              0.81              
136               0.02                   716             2.25       100000.0      17.15             2.43              0.81              
137               0.02                   716             5.0        100000.0      17.15             2.43              0.81              
138               0.02                   726             2.25       100000.0      17.15             2.43              0.81              
139               0.02                   726             5.0        100000.0      17.15             2.43              0.81              
140               0.02                   736             2.25       100000.0      17.15             2.43              0.81              
141               0.02                   736             5.0        100000.0      17.15             2.43              0.81              
142               0.02                   746             2.25       100000.0      17.15             2.43              0.81              
143               0.02                   746             5.0        100000.0      17.15             2.43              0.81              
144               0.02                   756             2.25       100000.0      17.15             2.43              0.81              
145               0.02                   756             5.0        100000.0      17.15             2.43              0.81              
146               0.02                   766             2.25       100000.0      17.15             2.43              0.81              
147               0.02                   766             5.0        100000.0      17.15             2.43              0.81              
148               0.02                   776             2.25       100000.0      17.15             2.43              0.81              
149               0.02                   776             5.0        100000.0      17.15             2.43              0.81              
150               0.02                   786             2.25       100000.0      17.15             2.43              0.81              
151               0.02                   786             5.0        100000.0      17.15             2.43              0.81              
152               0.02                   796             2.25       100000.0      17.15             2.43              0.81              
153               0.02                   796             5.0        100000.0      17.15             2.43              0.81              
154               0.02                   806             2.25       100000.0      17.15             2.43              0.81              
155               0.02                   806             5.0        100000.0      17.15             2.43              0.81              
156               0.02                   816             2.25       100000.0      17.15             2.43              0.81              
157               0.02                   816             5.0        100000.0      17.15             2.43              0.81              
158               0.02                   826             2.25       100000.0      17.15             2.43              0.81              
159               0.02                   826             5.0        100000.0      17.15             2.43              0.81              
160               0.02                   836             2.25       100000.0      17.15             2.43              0.81              
161               0.02                   836             5.0        100000.0      17.15             2.43              0.81              
162               0.02                   846             2.25       100000.0      17.15             2.43              0.81              
163               0.02                   846             5.0        100000.0      17.15             2.43              0.81              
164               0.02                   856             2.25       100000.0      17.15             2.43              0.81              
165               0.02                   856             5.0        100000.0      17.15             2.43              0.81              
166               0.02                   866             2.25       100000.0      17.15             2.43              0.81              
167               0.02                   866             5.0        100000.0      17.15             2.43              0.81              
168               0.02                   876             2.25       100000.0      17.15             2.43              0.81              
169               0.02                   876             5.0        100000.0      17.15             2.43              0.81              
170               0.02                   886             2.25       100000.0      17.15             2.43              0.81              
171               0.02                   886             5.0        100000.0      17.15             2.43              0.81              
172               0.02                   896             2.25       100000.0      17.15             2.43              0.81              
173               0.02                   896             5.0        100000.0      17.15             2.43              0.81              
174               0.02                   906             2.25       100000.0      17.15             2.43              0.81              
175               0.02                   906             5.0        100000.0      17.15             2.43              0.81              
176               0.02                   916             2.25       100000.0      17.15             2.43              0.81              
177               0.02                   916             5.0        100000.0      17.15             2.43              0.81              
178               0.02                   926             2.25       100000.0      17.15             2.43              0.81              
179               0.02                   926             5.0        100000.0      17.15             2.43              0.81              
180               0.02                   936             2.25       100000.0      17.15             2.43              0.81              
181               0.02                   936             5.0        100000.0      17.15             2.43              0.81              
182               0.02                   946             2.25       100000.0      17.15             2.43              0.81              
183               0.02                   946             5.0        100000.0      17.15             2.43              0.81              
184               0.02                   956             2.25       100000.0      17.15             2.43              0.81              
185               0.02                   956             5.0        100000.0      17.15             2.43              0.81              
186               0.02                   966             2.25       100000.0      17.15             2.43              0.81              
187               0.02                   966             5.0        100000.0      17.15             2.43              0.81              
188               0.02                   976             2.25       100000.0      17.15             2.43              0.81              
189               0.02                   976             5.0        100000.0      17.15             2.43              0.81              
190               0.02                   986             2.25       100000.0      17.15             2.43              0.81              
191               0.02                   986             5.0        100000.0      17.15             2.43              0.81              
192               0.02                   996             2.25       100000.0      17.15             2.43              0.81              
193               0.02                   996             5.0        100000.0      17.15             2.43              0.81              
194               0.02                   1006            2.25       100000.0      17.15             2.43              0.81              
195               0.02                   1006            5.0        100000.0      17.15             2.43              0.81              
196               0.02                   1016            2.25       100000.0      17.15             2.43              0.81              
197               0.02                   1016            5.0        100000.0      17.15             2.43              0.81              
198               0.02                   1026            2.25       100000.0      17.15             2.43              0.81              
199               0.02                   1026            5.0        100000.0      17.15             2.43              0.81              
200               0.02                   1036            2.25       100000.0      17.15             2.43              0.81              
201               0.02                   1036            5.0        100000.0      17.15             2.43              0.81              
202               0.02                   1046            2.25       100000.0      17.15             2.43              0.81              
203               0.02                   1046            5.0        100000.0      17.15             2.43              0.81              
204               0.02                   1056            2.25       100000.0      17.15             2.43              0.81              
205               0.02                   1056            5.0        100000.0      17.15             2.43              0.81              
206               0.02                   1066            2.25       100000.0      17.15             2.43              0.81              
207               0.02                   1066            5.0        100000.0      17.15             2.43              0.81              
208               0.02                   1076            2.25       100000.0      17.15             2.43              0.81              
209               0.02                   1076            5.0        100000.0      17.15             2.43              0.81              
210               0.02                   1086            2.25       100000.0      17.15             2.43              0.81              
211               0.02                   1086            5.0        100000.0      17.15             2.43              0.81              
212               0.02                   1096            2.25       100000.0      17.15             2.43              0.81              
213               0.02                   1096            5.0        100000.0      17.15             2.43              0.81              
214               0.02                   1106            2.25       100000.0      17.15             2.43              0.81              
215               0.02                   1106            5.0        100000.0      17.15             2.43              0.81              
216               0.02                   1116            2.25       100000.0      17.15             2.43              0.81              
217               0.02                   1116            5.0        100000.0      17.15             2.43              0.81              
218               0.02                   1126            2.25       100000.0      17.15             2.43              0.81              
219               0.02                   1126            5.0        100000.0      17.15             2.43              0.81              
220               0.02                   1136            2.25       100000.0      17.15             2.43              0.81              
221               0.02                   1136            5.0        100000.0      17.15             2.43              0.81              
222               0.02                   1146            2.25       100000.0      17.15             2.43              0.81              
223               0.02                   1146            5.0        100000.0      17.15             2.43              0.81              
224               0.02                   1156            2.25       100000.0      17.15             2.43              0.81              
225               0.02                   1156            5.0        100000.0      17.15             2.43              0.81              
226               0.02                   1166            2.25       100000.0      17.15             2.43              0.81              
227               0.02                   1166            5.0        100000.0      17.15             2.43              0.81              
228               0.02                   1176            2.25       100000.0      17.15             2.43              0.81              
229               0.02                   1176            5.0        100000.0      17.15             2.43              0.81              
230               0.02                   1186            2.25       100000.0      17.15             2.43              0.81              
231               0.02                   1186            5.0        100000.0      17.15             2.43              0.81              
232               0.02                   1196            2.25       100000.0      17.15             2.43              0.81              
233               0.02                   1196            5.0        100000.0      17.15             2.43              0.81              
234               0.02                   1206            2.25       100000.0      17.15             2.43              0.81              
235               0.02                   1206            5.0        100000.0      17.15             2.43              0.81              
236               0.02                   1216            2.25       100000.0      17.15             2.43              0.81              
237               0.02                   1216            5.0        100000.0      17.15             2.43              0.81              
238               0.02                   1226            2.25       100000.0      17.15             2.43              0.81              
239               0.02                   1226            5.0        100000.0      17.15             2.43              0.81              
240               0.02                   1236            2.25       100000.0      17.15             2.43              0.81              
241               0.02                   1236            5.0        100000.0      17.15             2.43              0.81              
242               0.02                   1246            2.25       100000.0      17.15             2.43              0.81              
243               0.02                   1246            5.0        100000.0      17.15             2.43              0.81              
244               0.02                   1256            2.25       100000.0      17.15             2.43              0.81              
245               0.02                   1256            5.0        100000.0      17.15             2.43              0.81              
246               0.02                   1266            2.25       100000.0      17.15             2.43              0.81              
247               0.02                   1266            5.0        100000.0      17.15             2.43              0.81              
248               0.02                   1276            2.25       100000.0      17.15             2.43              0.81              
249               0.02                   1276            5.0        100000.0      17.15             2.43              0.81              
250               0.02                   1286            2.25       100000.0      17.15             2.43              0.81              
251               0.02                   1286            5.0        100000.0      17.15             2.43              0.81              
252               0.02                   1296            2.25       100000.0      17.15             2.43              0.81              
253               0.02                   1296            5.0        100000.0      17.15             2.43              0.81              
254               0.02                   1306            2.25       100000.0      17.15             2.43              0.81              
255               0.02                   1306            5.0        100000.0      17.15             2.43              0.81              
256               0.02                   1316            2.25       100000.0      17.15             2.43              0.81              
257               0.02                   1316            5.0        100000.0      17.15             2.43              0.81              
258               0.02                   1326            2.25       100000.0      17.15             2.43              0.81              
259               0.02                   1326            5.0        100000.0      17.15             2.43              0.81              
260               0.02                   1336            2.25       100000.0      17.15             2.43              0.81              
261               0.02                   1336            5.0        100000.0      17.15             2.43              0.81              
262               0.02                   1346            2.25       100000.0      17.15             2.43              0.81              
263               0.02                   1346            5.0        100000.0      17.15             2.43              0.81              
264               0.02                   1356            2.25       100000.0      17.15             2.43              0.81              
265               0.02                   1356            5.0        100000.0      17.15             2.43              0.81              
266               0.02                   1366            2.25       100000.0      17.15             2.43              0.81              
267               0.02                   1366            5.0        100000.0      17.15             2.43              0.81              
268               0.02                   1376            2.25       100000.0      17.15             2.43              0.81              
269               0.02                   1376            5.0        100000.0      17.15             2.43              0.81              
270               0.02                   1386            2.25       100000.0      17.15             2.43              0.81              
271               0.02                   1386            5.0        100000.0      17.15             2.43              0.81              
272               0.02                   1396            2.25       100000.0      17.15             2.43              0.81              
273               0.02                   1396            5.0        100000.0      17.15             2.43              0.81              
274               0.02                   1406            2.25       100000.0      17.15             2.43              0.81              
275               0.02                   1406            5.0        100000.0      17.15             2.43              0.81              
276               0.02                   1416            2.25       100000.0      17.15             2.43              0.81              
277               0.02                   1416            5.0        100000.0      17.15             2.43              0.81              
278               0.02                   1426            2.25       100000.0      17.15             2.43              0.81              
279               0.02                   1426            5.0        100000.0      17.15             2.43              0.81              
280               0.02                   1436            2.25       100000.0      17.15             2.43              0.81              
281               0.02                   1436            5.0        100000.0      17.15             2.43              0.81              
282               0.02                   1446            2.25       100000.0      17.15             2.43              0.81              
283               0.02                   1446            5.0        100000.0      17.15             2.43              0.81              
284               0.02                   1456            2.25       100000.0      17.15             2.43              0.81              
285               0.02                   1456            5.0        100000.0      17.15             2.43              0.81              
286               0.02                   1466            2.25       100000.0      17.15             2.43              0.81              
287               0.02                   1466            5.0        100000.0      17.15             2.43              0.81              
288               0.02                   1476            2.25       100000.0      17.15             2.43              0.81              
289               0.02                   1476            5.0        100000.0      17.15             2.43              0.81              
290               0.02                   1486            2.25       100000.0      17.15             2.43              0.81              
291               0.02                   1486            5.0        100000.0      17.15             2.43              0.81              
292               0.02                   1496            2.25       100000.0      17.15             2.43              0.81              
293               0.02                   1496            5.0        100000.0      17.15             2.43              0.81              
294               0.02                   1506            2.25       100000.0      17.15             2.43              0.81              
295               0.02                   1506            5.0        100000.0      17.15             2.43              0.81              
296               0.02                   1516            2.25       100000.0      17.15             2.43              0.81              
297               0.02                   1516            5.0        100000.0      17.15             2.43              0.81              
298               0.02                   1526            2.25       100000.0      17.15             2.43              0.81              
299               0.02                   1526            5.0        100000.0      17.15             2.43              0.81              
300               0.02                   1536            2.25       100000.0      17.15             2.43              0.81              
301               0.02                   1536            5.0        100000.0      17.15             2.43              0.81              
302               0.02                   1546            2.25       100000.0      17.15             2.43              0.81              
303               0.02                   1546            5.0        100000.0      17.15             2.43              0.81              
304               0.02                   1556            2.25       100000.0      17.15             2.43              0.81              
305               0.02                   1556            5.0        100000.0      17.15             2.43              0.81              
306               0.02                   1566            2.25       100000.0      17.15             2.43              0.81              
307               0.02                   1566            5.0        100000.0      17.15             2.43              0.81              
308               0.02                   1576            2.25       100000.0      17.15             2.43              0.81              
309               0.02                   1576            5.0        100000.0      17.15             2.43              0.81              
310               0.02                   1586            2.25       100000.0      17.15             2.43              0.81              
311               0.02                   1586            5.0        100000.0      17.15             2.43              0.81              
312               0.02                   1596            2.25       100000.0      17.15             2.43              0.81              
313               0.02                   1596            5.0        100000.0      17.15             2.43              0.81              
314               0.02                   1606            2.25       100000.0      17.15             2.43              0.81              
315               0.02                   1606            5.0        100000.0      17.15             2.43              0.81              
316               0.02                   1616            2.25       100000.0      17.15             2.43              0.81              
317               0.02                   1616            5.0        100000.0      17.15             2.43              0.81              
318               0.02                   1626            2.25       100000.0      17.15             2.43              0.81              
319               0.02                   1626            5.0        100000.0      17.15             2.43              0.81              
320               0.02                   1636            2.25       100000.0      17.15             2.43              0.81              
321               0.02                   1636            5.0        100000.0      17.15             2.43              0.81              
322               0.02                   1646            2.25       100000.0      17.15             2.43              0.81              
323               0.02                   1646            5.0        100000.0      17.15             2.43              0.81              
324               0.02                   1656            2.25       100000.0      17.15             2.43              0.81              
325               0.02                   1656            5.0        100000.0      17.15             2.43              0.81              
326               0.02                   1666            2.25       100000.0      17.15             2.43              0.81              
327               0.02                   1666            5.0        100000.0      17.15             2.43              0.81              
328               0.02                   1676            2.25       100000.0      17.15             2.43              0.81              
329               0.02                   1676            5.0        100000.0      17.15             2.43              0.81              
330               0.02                   1686            2.25       100000.0      17.15             2.43              0.81              
331               0.02                   1686            5.0        100000.0      17.15             2.43              0.81              
332               0.02                   1696            2.25       100000.0      17.15             2.43              0.81              
333               0.02                   1696            5.0        100000.0      17.15             2.43              0.81              
334               0.02                   1706            2.25       100000.0      17.15             2.43              0.81              
335               0.02                   1706            5.0        100000.0      17.15             2.43              0.81              
336               0.02                   1716            2.25       100000.0      17.15             2.43              0.81              
337               0.02                   1716            5.0        100000.0      17.15             2.43              0.81              
338               0.02                   1726            2.25       100000.0      17.15             2.43              0.81              
339               0.02                   1726            5.0        100000.0      17.15             2.43              0.81              
340               0.02                   1736            2.25       100000.0      17.15             2.43              0.81              
341               0.02                   1736            5.0        100000.0      17.15             2.43              0.81              
342               0.02                   1746            2.25       100000.0      17.15             2.43              0.81              
343               0.02                   1746            5.0        100000.0      17.15             2.43              0.81              
344               0.02                   1756            2.25       100000.0      17.15             2.43              0.81              
345               0.02                   1756            5.0        100000.0      17.15             2.43              0.81              
346               0.02                   1766            2.25       100000.0      17.15             2.43              0.81              
347               0.02                   1766            5.0        100000.0      17.15             2.43              0.81              
348               0.02                   1776            2.25       100000.0      17.15             2.43              0.81              
349               0.02                   1776            5.0        100000.0      17.15             2.43              0.81              
350               0.02                   1786            2.25       100000.0      17.15             2.43              0.81              
351               0.02                   1786            5.0        100000.0      17.15             2.43              0.81              
352               0.02                   1796            2.25       100000.0      17.15             2.43              0.81              
353               0.02                   1796            5.0        100000.0      17.15             2.43              0.81              
354               0.02                   1806            2.25       100000.0      17.15             2.43              0.81              
355               0.02                   1806            5.0        100000.0      17.15             2.43              0.81              
356               0.02                   1816            2.25       100000.0      17.15             2.43              0.81              
357               0.02                   1816            5.0        100000.0      17.15             2.43              0.81              
358               0.02                   1826            2.25       100000.0      17.15             2.43              0.81              
359               0.02                   1826            5.0        100000.0      17.15             2.43              0.81              
360               0.02                   1836            2.25       100000.0      17.15             2.43              0.81              
361               0.02                   1836            5.0        100000.0      17.15             2.43              0.81              
362               0.02                   1846            2.25       100000.0      17.15             2.43              0.81              
363               0.02                   1846            5.0        100000.0      17.15             2.43              0.81              
364               0.02                   1856            2.25       100000.0      17.15             2.43              0.81              
365               0.02                   1856            5.0        100000.0      17.15             2.43              0.81              
366               0.02                   1866            2.25       100000.0      17.15             2.43              0.81              
367               0.02                   1866            5.0        100000.0      17.15             2.43              0.81              
368               0.02                   1876            2.25       100000.0      17.15             2.43              0.81              
369               0.02                   1876            5.0        100000.0      17.15             2.43              0.81              
370               0.02                   1886            2.25       100000.0      17.15             2.43              0.81              
371               0.02                   1886            5.0        100000.0      17.15             2.43              0.81              
372               0.02                   1896            2.25       100000.0      17.15             2.43              0.81              
373               0.02                   1896            5.0        100000.0      17.15             2.43              0.81              
374               0.02                   1906            2.25       100000.0      17.15             2.43              0.81              
375               0.02                   1906            5.0        100000.0      17.15             2.43              0.81              
376               0.02                   1916            2.25       100000.0      17.15             2.43              0.81              
377               0.02                   1916            5.0        100000.0      17.15             2.43              0.81              
378               0.02                   1926            2.25       100000.0      17.15             2.43              0.81              
379               0.02                   1926            5.0        100000.0      17.15             2.43              0.81              
380               0.02                   1936            2.25       100000.0      17.15             2.43              0.81              
381               0.02                   1936            5.0        100000.0      17.15             2.43              0.81              
382               0.02                   1946            2.25       100000.0      17.15             2.43              0.81              
383               0.02                   1946            5.0        100000.0      17.15             2.43              0.81              
384               0.02                   1956            2.25       100000.0      17.15             2.43              0.81              
385               0.02                   1956            5.0        100000.0      17.15             2.43              0.81              
386               0.02                   1966            2.25       100000.0      17.15             2.43              0.81              
387               0.02                   1966            5.0        100000.0      17.15             2.43              0.81              
388               0.02                   1976            2.25       100000.0      17.15             2.43              0.81              
389               0.02                   1976            5.0        100000.0      17.15             2.43              0.81              
390               0.02                   1986            2.25       100000.0      17.15             2.43              0.81              
391               0.02                   1986            5.0        100000.0      17.15             2.43              0.81              
392               0.02                   1996            2.25       100000.0      17.15             2.43              0.81              
393               0.02                   1996            5.0        100000.0      17.15             2.43              0.81              
394               0.02                   2006            2.25       100000.0      17.15             2.43              0.81              
395               0.02                   2006            5.0        100000.0      17.15             2.43              0.81              
396               0.02                   2016            2.25       100000.0      17.15             2.43              0.81              
397               0.02                   2016            5.0        100000.0      17.15             2.43              0.81              
398               0.02                   2026            2.25       100000.0      17.15             2.43              0.81              
399               0.02                   2026            5.0        100000.0      17.15             2.43              0.81              
400               0.02                   2036            2.25       100000.0      17.15             2.43              0.81              
401               0.02                   2036            5.0        100000.0      17.15             2.43              0.81              
402               0.02                   2046            2.25       100000.0      17.15             2.43              0.81              
403               0.02                   2046            5.0        100000.0      17.15             2.43              0.81              
404               0.02                   2056            2.25       100000.0      17.15             2.43              0.81              
405               0.02                   2056            5.0        100000.0      17.15             2.43              0.81              
406               0.02                   2066            2.25       100000.0      17.15             2.43              0.81              
407               0.02                   2066            5.0        100000.0      17.15             2.43              0.81              
408               0.02                   2076            2.25       100000.0      17.15             2.43              0.81              
409               0.02                   2076            5.0        100000.0      17.15             2.43              0.81              
410               0.02                   2086            2.25       100000.0      17.15             2.43              0.81              
411               0.02                   2086            5.0        100000.0      17.15             2.43              0.81              
412               0.02                   2096            2.25       100000.0      17.15             2.43              0.81              
413               0.02                   2096            5.0        100000.0      17.15             2.43              0.81              
414               0.02                   2100            2.25       100000.0      17.15             2.43              0.81              
415               0.02                   2100            5.0        100000.0      17.15             2.43              0.81              
416               0.02                   2125            2.25       100000.0      17.15             2.43              0.81              
417               0.02                   2125            5.0        100000.0      17.15             2.43              0.81              
418               0.02                   2150            2.25       100000.0      17.15             2.43              0.81              
419               0.02                   2150            5.0        100000.0      17.15             2.43              0.81              
420               0.02                   2175            2.25       100000.0      17.15             2.43              0.81              
421               0.02                   2175            5.0        100000.0      17.15             2.43              0.81              
422               0.02                   2200            2.25       100000.0      17.15             2.43              0.81              
423               0.02                   2200            5.0        100000.0      17.15             2.43              0.81              
424               0.02                   2225            2.25       100000.0      17.15             2.43              0.81              
425               0.02                   2225            5.0        100000.0      17.15             2.43              0.81              
426               0.02                   2250            2.25       100000.0      17.15             2.43              0.81              
427               0.02                   2250            5.0        100000.0      17.15             2.43              0.81              
428               0.02                   2275            2.25       100000.0      17.15             2.43              0.81              
429               0.02                   2275            5.0        100000.0      17.15             2.43              0.81              
430               0.02                   2300            2.25       100000.0      17.15             2.43              0.81              
431               0.02                   2300            5.0        100000.0      17.15             2.43              0.81              
432               0.02                   2325            2.25       100000.0      17.15             2.43              0.81              
433               0.02                   2325            5.0        100000.0      17.15             2.43              0.81              
434               0.02                   2350            2.25       100000.0      17.15             2.43              0.81              
435               0.02                   2350            5.0        100000.0      17.15             2.43              0.81              
436               0.02                   2375            2.25       100000.0      17.15             2.43              0.81              
437               0.02                   2375            5.0        100000.0      17.15             2.43              0.81              
438               0.02                   2400            2.25       100000.0      17.15             2.43              0.81              
439               0.02                   2400            5.0        100000.0      17.15             2.43              0.81              
440               0.02                   2425            2.25       100000.0      17.15             2.43              0.81              
441               0.02                   2425            5.0        100000.0      17.15             2.43              0.81              
442               0.02                   2450            2.25       100000.0      17.15             2.43              0.81              
443               0.02                   2450            5.0        100000.0      17.15             2.43              0.81              
444               0.02                   2475            2.25       100000.0      17.15             2.43              0.81              
445               0.02                   2475            5.0        100000.0      17.15             2.43              0.81              
446               0.02                   2500            2.25       100000.0      17.15             2.43              0.81              
447               0.02                   2500            5.0        100000.0      17.15             2.43              0.81              
448               0.02                   2525            2.25       100000.0      17.15             2.43              0.81              
449               0.02                   2525            5.0        100000.0      17.15             2.43              0.81              
450               0.02                   2550            2.25       100000.0      17.15             2.43              0.81              
451               0.02                   2550            5.0        100000.0      17.15             2.43              0.81              
452               0.02                   2575            2.25       100000.0      17.15             2.43              0.81              
453               0.02                   2575            5.0        100000.0      17.15             2.43              0.81              
454               0.02                   2600            2.25       100000.0      17.15             2.43              0.81              
455               0.02                   2600            5.0        100000.0      17.15             2.43              0.81              
456               0.02                   2625            2.25       100000.0      17.15             2.43              0.81              
457               0.02                   2625            5.0        100000.0      17.15             2.43              0.81              
458               0.02                   2650            2.25       100000.0      17.15             2.43              0.81              
459               0.02                   2650            5.0        100000.0      17.15             2.43              0.81              
460               0.02                   2675            2.25       100000.0      17.15             2.43              0.81              
461               0.02                   2675            5.0        100000.0      17.15             2.43              0.81              
462               0.02                   2700            2.25       100000.0      17.15             2.43              0.81              
463               0.02                   2700            5.0        100000.0      17.15             2.43              0.81              
464               0.02                   2725            2.25       100000.0      17.15             2.43              0.81              
465               0.02                   2725            5.0        100000.0      17.15             2.43              0.81              
466               0.02                   2750            2.25       100000.0      17.15             2.43              0.81              
467               0.02                   2750            5.0        100000.0      17.15             2.43              0.81              
468               0.02                   2775            2.25       100000.0      17.15             2.43              0.81              
469               0.02                   2775            5.0        100000.0      17.15             2.43              0.81              
470               0.02                   2800            2.25       100000.0      17.15             2.43              0.81              
471               0.02                   2800            5.0        100000.0      17.15             2.43              0.81              
472               0.02                   2825            2.25       100000.0      17.15             2.43              0.81              
473               0.02                   2825            5.0        100000.0      17.15             2.43              0.81              
474               0.02                   2850            2.25       100000.0      17.15             2.43              0.81              
475               0.02                   2850            5.0        100000.0      17.15             2.43              0.81              
476               0.02                   2875            2.25       100000.0      17.15             2.43              0.81              
477               0.02                   2875            5.0        100000.0      17.15             2.43              0.81              
478               0.02                   2900            2.25       100000.0      17.15             2.43              0.81              
479               0.02                   2900            5.0        100000.0      17.15             2.43              0.81              
480               0.02                   2925            2.25       100000.0      17.15             2.43              0.81              
481               0.02                   2925            5.0        100000.0      17.15             2.43              0.81              
482               0.02                   2950            2.25       100000.0      17.15             2.43              0.81              
483               0.02                   2950            5.0        100000.0      17.15             2.43              0.81              
484               0.02                   2975            2.25       100000.0      17.15             2.43              0.81              
485               0.02                   2975            5.0        100000.0      17.15             2.43              0.81              
486               0.02                   3000            2.25       100000.0      17.15             2.43              0.81              
487               0.02                   3000            5.0        100000.0      17.15             2.43              0.81              
488               0.02                   3025            2.25       100000.0      17.15             2.43              0.81              
489               0.02                   3025            5.0        100000.0      17.15             2.43              0.81              
490               0.02                   3050            2.25       100000.0      17.15             2.43              0.81              
491               0.02                   3050            5.0        100000.0      17.15             2.43              0.81              
492               0.02                   3075            2.25       100000.0      17.15             2.43              0.81              
493               0.02                   3075            5.0        100000.0      17.15             2.43              0.81              
494               0.02                   3100            2.25       100000.0      17.15             2.43              0.81              
495               0.02                   3100            5.0        100000.0      17.15             2.43              0.81              
496               0.02                   3125            2.25       100000.0      17.15             2.43              0.81              
497               0.02                   3125            5.0        100000.0      17.15             2.43              0.81              
498               0.02                   3150            2.25       100000.0      17.15             2.43              0.81              
499               0.02                   3150            5.0        100000.0      17.15             2.43              0.81              
500               0.02                   3175            2.25       100000.0      17.15             2.43              0.81              
501               0.02                   3175            5.0        100000.0      17.15             2.43              0.81              
502               0.02                   3200            2.25       100000.0      17.15             2.43              0.81              
503               0.02                   3200            5.0        100000.0      17.15             2.43              0.81              
504               0.02                   3225            2.25       100000.0      17.15             2.43              0.81              
505               0.02                   3225            5.0        100000.0      17.15             2.43              0.81              
506               0.02                   3250            2.25       100000.0      17.15             2.43              0.81              
507               0.02                   3250            5.0        100000.0      17.15             2.43              0.81              
508               0.02                   3275            2.25       100000.0      17.15             2.43              0.81              
509               0.02                   3275            5.0        100000.0      17.15             2.43              0.81              
510               0.02                   3300            2.25       100000.0      17.15             2.43              0.81              
511               0.02                   3300            5.0        100000.0      17.15             2.43              0.81              
512               0.02                   3325            2.25       100000.0      17.15             2.43              0.81              
513               0.02                   3325            5.0        100000.0      17.15             2.43              0.81              
514               0.02                   3350            2.25       100000.0      17.15             2.43              0.81              
515               0.02                   3350            5.0        100000.0      17.15             2.43              0.81              
516               0.02                   3375            2.25       100000.0      17.15             2.43              0.81              
517               0.02                   3375            5.0        100000.0      17.15             2.43              0.81              
518               0.02                   3400            2.25       100000.0      17.15             2.43              0.81              
519               0.02                   3400            5.0        100000.0      17.15             2.43              0.81              
520               0.02                   3425            2.25       100000.0      17.15             2.43              0.81              
521               0.02                   3425            5.0        100000.0      17.15             2.43              0.81              
522               0.02                   3450            2.25       100000.0      17.15             2.43              0.81              
523               0.02                   3450            5.0        100000.0      17.15             2.43              0.81              
524               0.02                   3475            2.25       100000.0      17.15             2.43              0.81              
525               0.02                   3475            5.0        100000.0      17.15             2.43              0.81              
526               0.02                   3500            2.25       100000.0      17.15             2.43              0.81              
527               0.02                   3500            5.0        100000.0      17.15             2.43              0.81              
528               0.02                   3525            2.25       100000.0      17.15             2.43              0.81              
529               0.02                   3525            5.0        100000.0      17.15             2.43              0.81              
530               0.02                   3550            2.25       100000.0      17.15             2.43              0.81              
531               0.02                   3550            5.0        100000.0      17.15             2.43              0.81              
532               0.02                   3575            2.25       100000.0      17.15             2.43              0.81              
533               0.02                   3575            5.0        100000.0      17.15             2.43              0.81              
534               0.02                   3600            2.25       100000.0      17.15             2.43              0.81              
535               0.02                   3600            5.0        100000.0      17.15             2.43              0.81              
536               0.02                   3625            2.25       100000.0      17.15             2.43              0.81              
537               0.02                   3625            5.0        100000.0      17.15             2.43              0.81              
538               0.02                   3650            2.25       100000.0      17.15             2.43              0.81              
539               0.02                   3650            5.0        100000.0      17.15             2.43              0.81              
540               0.02                   3675            2.25       100000.0      17.15             2.43              0.81              
541               0.02                   3675            5.0        100000.0      17.15             2.43              0.81              
542               0.02                   3700            2.25       100000.0      17.15             2.43              0.81              
543               0.02                   3700            5.0        100000.0      17.15             2.43              0.81              
544               0.02                   3725            2.25       100000.0      17.15             2.43              0.81              
545               0.02                   3725            5.0        100000.0      17.15             2.43              0.81              
546               0.02                   3750            2.25       100000.0      17.15             2.43              0.81              
547               0.02                   3750            5.0        100000.0      17.15             2.43              0.81              
548               0.02                   3775            2.25       100000.0      17.15             2.43              0.81              
549               0.02                   3775            5.0        100000.0      17.15             2.43              0.81              
550               0.02                   3800            2.25       100000.0      17.15             2.43              0.81              
551               0.02                   3800            5.0        100000.0      17.15             2.43              0.81              
552               0.02                   3825            2.25       100000.0      17.15             2.43              0.81              
553               0.02                   3825            5.0        100000.0      17.15             2.43              0.81              
554               0.02                   3850            2.25       100000.0      17.15             2.43              0.81              
555               0.02                   3850            5.0        100000.0      17.15             2.43              0.81              
556               0.02                   3875            2.25       100000.0      17.15             2.43              0.81              
557               0.02                   3875            5.0        100000.0      17.15             2.43              0.81              
558               0.02                   3900            2.25       100000.0      17.15             2.43              0.81              
559               0.02                   3900            5.0        100000.0      17.15             2.43              0.81              
560               0.02                   3925            2.25       100000.0      17.15             2.43              0.81              
561               0.02                   3925            5.0        100000.0      17.15             2.43              0.81              
562               0.02                   3950            2.25       100000.0      17.15             2.43              0.81              
563               0.02                   3950            5.0        100000.0      17.15             2.43              0.81              
564               0.02                   3975            2.25       100000.0      17.15             2.43              0.81              
565               0.02                   3975            5.0        100000.0      17.15             2.43              0.81              
566               0.02                   4000            2.25       100000.0      17.15             2.43              0.81              
567               0.02                   4000            5.0        100000.0      17.15             2.43              0.81              
568               0.02                   4025            2.25       100000.0      17.15             2.43              0.81              
569               0.02                   4025            5.0        100000.0      17.15             2.43              0.81              
570               0.02                   4050            2.25       100000.0      17.15             2.43              0.81              
571               0.02                   4050            5.0        100000.0      17.15             2.43              0.81              
572               0.02                   4075            2.25       100000.0      17.15             2.43              0.81              
573               0.02                   4075            5.0        100000.0      17.15             2.43              0.81              
574               0.02                   4100            2.25       100000.0      17.15             2.43              0.81              
575               0.02                   4100            5.0        100000.0      17.15             2.43              0.81              
576               0.02                   4125            2.25       100000.0      17.15             2.43              0.81              
577               0.02                   4125            5.0        100000.0      17.15             2.43              0.81              
578               0.02                   4150            2.25       100000.0      17.15             2.43              0.81              
579               0.02                   4150            5.0        100000.0      17.15             2.43              0.81              
580               0.02                   4175            2.25       100000.0      17.15             2.43              0.81              
581               0.02                   4175            5.0        100000.0      17.15             2.43              0.81              
582               0.02                   4200            2.25       100000.0      17.15             2.43              0.81              
583               0.02                   4200            5.0        100000.0      17.15             2.43              0.81              
584               0.02                   4225            2.25       100000.0      17.15             2.43              0.81              
585               0.02                   4225            5.0        100000.0      17.15             2.43              0.81              
586               0.02                   4250            2.25       100000.0      17.15             2.43              0.81              
587               0.02                   4250            5.0        100000.0      17.15             2.43              0.81              
588               0.02                   4275            2.25       100000.0      17.15             2.43              0.81              
589               0.02                   4275            5.0        100000.0      17.15             2.43              0.81              
590               0.02                   4300            2.25       100000.0      17.15             2.43              0.81              
591               0.02                   4300            5.0        100000.0      17.15             2.43              0.81              
592               0.02                   4325            2.25       100000.0      17.15             2.43              0.81              
593               0.02                   4325            5.0        100000.0      17.15             2.43              0.81              
594               0.02                   4350            2.25       100000.0      17.15             2.43              0.81              
595               0.02                   4350            5.0        100000.0      17.15             2.43              0.81              
596               0.02                   4375            2.25       100000.0      17.15             2.43              0.81              
597               0.02                   4375            5.0        100000.0      17.15             2.43              0.81              
598               0.02                   4400            2.25       100000.0      17.15             2.43              0.81              
599               0.02                   4400            5.0        100000.0      17.15             2.43              0.81              
600               0.02                   4425            2.25       100000.0      17.15             2.43              0.81              
601               0.02                   4425            5.0        100000.0      17.15             2.43              0.81              
602               0.02                   4450            2.25       100000.0      17.15             2.43              0.81              
603               0.02                   4450            5.0        100000.0      17.15             2.43              0.81              
604               0.02                   4475            2.25       100000.0      17.15             2.43              0.81              
605               0.02                   4475            5.0        100000.0      17.15             2.43              0.81              
606               0.02                   4500            2.25       100000.0      17.15             2.43              0.81              
607               0.02                   4500            5.0        100000.0      17.15             2.43              0.81              
608               0.02                   4525            2.25       100000.0      17.15             2.43              0.81              
609               0.02                   4525            5.0        100000.0      17.15             2.43              0.81              
610               0.02                   4550            2.25       100000.0      17.15             2.43              0.81              
611               0.02                   4550            5.0        100000.0      17.15             2.43              0.81              
612               0.02                   4575            2.25       100000.0      17.15             2.43              0.81              
613               0.02                   4575            5.0        100000.0      17.15             2.43              0.81              
614               0.02                   4600            2.25       100000.0      17.15             2.43              0.81              
615               0.02                   4600            5.0        100000.0      17.15             2.43              0.81              
616               0.02                   4625            2.25       100000.0      17.15             2.43              0.81              
617               0.02                   4625            5.0        100000.0      17.15             2.43              0.81              
618               0.02                   4650            2.25       100000.0      17.15             2.43              0.81              
619               0.02                   4650            5.0        100000.0      17.15             2.43              0.81              
620               0.02                   4675            2.25       100000.0      17.15             2.43              0.81              
621               0.02                   4675            5.0        100000.0      17.15             2.43              0.81              
622               0.02                   4700            2.25       100000.0      17.15             2.43              0.81              
623               0.02                   4700            5.0        100000.0      17.15             2.43              0.81              
624               0.02                   4725            2.25       100000.0      17.15             2.43              0.81              
625               0.02                   4725            5.0        100000.0      17.15             2.43              0.81              
626               0.02                   4750            2.25       100000.0      17.15             2.43              0.81              
627               0.02                   4750            5.0        100000.0      17.15             2.43              0.81              
628               0.02                   4775            2.25       100000.0      17.15             2.43              0.81              
629               0.02                   4775            5.0        100000.0      17.15             2.43              0.81              
630               0.02                   4800            2.25       100000.0      17.15             2.43              0.81              
631               0.02                   4800            5.0        100000.0      17.15             2.43              0.81              
632               0.02                   4825            2.25       100000.0      17.15             2.43              0.81              
633               0.02                   4825            5.0        100000.0      17.15             2.43              0.81              
634               0.02                   4850            2.25       100000.0      17.15             2.43              0.81              
635               0.02                   4850            5.0        100000.0      17.15             2.43              0.81              
636               0.02                   4875            2.25       100000.0      17.15             2.43              0.81              
637               0.02                   4875            5.0        100000.0      17.15             2.43              0.81              
638               0.02                   4900            2.25       100000.0      17.15             2.43              0.81              
639               0.02                   4900            5.0        100000.0      17.15             2.43              0.81              
640               0.02                   4925            2.25       100000.0      17.15             2.43              0.81              
641               0.02                   4925            5.0        100000.0      17.15             2.43              0.81              
642               0.02                   4950            2.25       100000.0      17.15             2.43              0.81              
643               0.02                   4950            5.0        100000.0      17.15             2.43              0.81              
644               0.02                   4975            2.25       100000.0      17.15             2.43              0.81              
645               0.02                   4975            5.0        100000.0      17.15             2.43              0.81              
646               0.02                   5000            2.25       100000.0      17.15             2.43              0.81              
647               0.02                   5000            5.0        100000.0      17.15             2.43              0.81              
648               0.02                   5025            2.25       100000.0      17.15             2.43              0.81              
649               0.02                   5025            5.0        100000.0      17.15             2.43              0.81              
650               0.02                   5050            2.25       100000.0      17.15             2.43              0.81              
651               0.02                   5050            5.0        100000.0      17.15             2.43              0.81              
652               0.02                   5075            2.25       100000.0      17.15             2.43              0.81              
653               0.02                   5075            5.0        100000.0      17.15             2.43              0.81              
654               0.02                   5100            2.25       100000.0      17.15             2.43              0.81              
655               0.02                   5100            5.0        100000.0      17.15             2.43              0.81              
656               0.02                   5125            2.25       100000.0      17.15             2.43              0.81              
657               0.02                   5125            5.0        100000.0      17.15             2.43              0.81              
658               0.02                   5150            2.25       100000.0      17.15             2.43              0.81              
659               0.02                   5150            5.0        100000.0      17.15             2.43              0.81              
660               0.02                   5175            2.25       100000.0      17.15             2.43              0.81              
661               0.02                   5175            5.0        100000.0      17.15             2.43              0.81              
662               0.02                   5200            2.25       100000.0      17.15             2.43              0.81              
663               0.02                   5200            5.0        100000.0      17.15             2.43              0.81              
664               0.02                   5225            2.25       100000.0      17.15             2.43              0.81              
665               0.02                   5225            5.0        100000.0      17.15             2.43              0.81              
666               0.02                   5250            2.25       100000.0      17.15             2.43              0.81              
667               0.02                   5250            5.0        100000.0      17.15             2.43              0.81              
668               0.02                   5275            2.25       100000.0      17.15             2.43              0.81              
669               0.02                   5275            5.0        100000.0      17.15             2.43              0.81              
670               0.02                   5300            2.25       100000.0      17.15             2.43              0.81              
671               0.02                   5300            5.0        100000.0      17.15             2.43              0.81              
672               0.02                   5325            2.25       100000.0      17.15             2.43              0.81              
673               0.02                   5325            5.0        100000.0      17.15             2.43              0.81              
674               0.02                   5350            2.25       100000.0      17.15             2.43              0.81              
675               0.02                   5350            5.0        100000.0      17.15             2.43              0.81              
676               0.02                   5375            2.25       100000.0      17.15             2.43              0.81              
677               0.02                   5375            5.0        100000.0      17.15             2.43              0.81              
678               0.02                   5400            2.25       100000.0      17.15             2.43              0.81              
679               0.02                   5400            5.0        100000.0      17.15             2.43              0.81              
680               0.02                   5425            2.25       100000.0      17.15             2.43              0.81              
681               0.02                   5425            5.0        100000.0      17.15             2.43              0.81              
682               0.02                   5450            2.25       100000.0      17.15             2.43              0.81              
683               0.02                   5450            5.0        100000.0      17.15             2.43              0.81              
684               0.02                   5475            2.25       100000.0      17.15             2.43              0.81              
685               0.02                   5475            5.0        100000.0      17.15             2.43              0.81              
686               0.02                   5500            2.25       100000.0      17.15             2.43              0.81              
687               0.02                   5500            5.0        100000.0      17.15             2.43              0.81              
688               0.02                   5525            2.25       100000.0      17.15             2.43              0.81              
689               0.02                   5525            5.0        100000.0      17.15             2.43              0.81              
690               0.02                   5550            2.25       100000.0      17.15             2.43              0.81              
691               0.02                   5550            5.0        100000.0      17.15             2.43              0.81              
692               0.02                   5575            2.25       100000.0      17.15             2.43              0.81              
693               0.02                   5575            5.0        100000.0      17.15             2.43              0.81              
694               0.02                   5600            2.25       100000.0      17.15             2.43              0.81              
695               0.02                   5600            5.0        100000.0      17.15             2.43              0.81              
696               0.02                   5625            2.25       100000.0      17.15             2.43              0.81              
697               0.02                   5625            5.0        100000.0      17.15             2.43              0.81              
698               0.02                   5650            2.25       100000.0      17.15             2.43              0.81              
699               0.02                   5650            5.0        100000.0      17.15             2.43              0.81              
700               0.02                   5675            2.25       100000.0      17.15             2.43              0.81              
701               0.02                   5675            5.0        100000.0      17.15             2.43              0.81              
702               0.02                   5700            2.25       100000.0      17.15             2.43              0.81              
703               0.02                   5700            5.0        100000.0      17.15             2.43              0.81              
704               0.02                   5725            2.25       100000.0      17.15             2.43              0.81              
705               0.02                   5725            5.0        100000.0      17.15             2.43              0.81              
706               0.02                   5750            2.25       100000.0      17.15             2.43              0.81              
707               0.02                   5750            5.0        100000.0      17.15             2.43              0.81              
708               0.02                   5775            2.25       100000.0      17.15             2.43              0.81              
709               0.02                   5775            5.0        100000.0      17.15             2.43              0.81              
710               0.02                   5800            2.25       100000.0      17.15             2.43              0.81              
711               0.02                   5800            5.0        100000.0      17.15             2.43              0.81              
712               0.02                   5825            2.25       100000.0      17.15             2.43              0.81              
713               0.02                   5825            5.0        100000.0      17.15             2.43              0.81              
714               0.02                   5850            2.25       100000.0      17.15             2.43              0.81              
715               0.02                   5850            5.0        100000.0      17.15             2.43              0.81              
716               0.02                   5875            2.25       100000.0      17.15             2.43              0.81              
717               0.02                   5875            5.0        100000.0      17.15             2.43              0.81              
718               0.02                   5900            2.25       100000.0      17.15             2.43              0.81              
719               0.02                   5900            5.0        100000.0      17.15             2.43              0.81              
720               0.02                   5925            2.25       100000.0      17.15             2.43              0.81              
721               0.02                   5925            5.0        100000.0      17.15             2.43              0.81              
722               0.02                   5950            2.25       100000.0      17.15             2.43              0.81              
723               0.02                   5950            5.0        100000.0      17.15             2.43              0.81              
724               0.02                   5975            2.25       100000.0      17.15             2.43              0.81              
725               0.02                   5975            5.0        100000.0      17.15             2.43              0.81              
726               0.02                   6000            2.25       100000.0      17.15             2.43              0.81              
727               0.02                   6000            5.0        100000.0      17.15             2.43              0.81              
