-0.0002074810236911359
0.00023985573039414775
-0.0001050766570532576
-0.00026629125822548666
-0.00021949569519662688
-0.00026924800858688607
-0.0002734712808040554
0.00023288814794059223
-1.9668054516633207e-05
0.0002400667361607209
-0.00028277128819086486
-0.00019731438549021302
-4.774470003901884e-05
3.4608477778054144e-05
0.00016907672982926586
0.00021532167141894196
-2.606908676666095e-05
5.136691826100907e-05
-1.2010254880103041e-05
0.00013082075590648982
-0.0001704075471807734
-0.00021401918589975671
0.00024698179202414984
0.00025917211023372835
0.00024626945332435697
-0.00020037623356882275
0.00025621756983885486
-0.0002758856678165516
5.92571250515177e-05
-0.0002530023959140956
-0.00022988981204025334
6.937636127746845e-05
0.00016264105587590724
-0.00021240586826528734
-0.00025143809225007936
-0.000245137739255776
0.00014020469797793646
0.00012584684333212716
-0.0002774013839879641
0.00017252655582212053
0.00013686966098141752
-5.194679146750236e-05
0.00022844536351108085
0.0002580353674677927
0.00012853277180586265
9.447164154189187e-05
-8.970039611189059e-05
-0.00010448579958746856
-0.00020922051914864305
-7.631341039943977e-05
0.00020319845882646302
0.00017674511299529494
-6.450108497785064e-05
-4.971647835279688e-05
7.69572965468292e-06
3.517472739598818e-05
-0.0002795024760292428
-0.0001809760184345152
-0.00021336377185541899
-0.00012600888771384386
0.00016389167605532104
9.547984474156325e-06
-5.3394841478019e-05
-0.00026259784057354663
0.0001753302358000749
6.569001227105833e-05
-0.00012432005598193976
0.00012045257591780477
9.538648204636722e-05
0.00017837633328758042
0.00010989322471230862
0.00022451781881531794
-0.00013406482145796402
-3.266424189484943e-05
-0.00021367954055020015
4.436178295078421e-05
-0.0001671414143646822
-0.00012923007877642287
-5.4135089949468144e-05
-4.836920537388807e-06
-2.338915206480949e-05
-0.00018685898436862153
5.002821374845522e-05
3.455118614329697e-05
6.784499301565192e-05
0.00029524490855683947
7.271492631531328e-05
-0.00017983436418954736
0.00026020147721618464
0.00018129646026567215
-0.0002403343719282875
-0.0001373501805815613
-0.00017223290102420991
-0.00026625915115410814
2.0663159239351226e-05
-0.0001018010806867873
-0.00028957862191059726
7.415856051068778e-05
-0.00014017922029208724
9.563595373249587e-05
-3.01207703169339e-05
-0.00012101406409195697
-1.3270343376415856e-05
-9.903375688997366e-05
-0.00025476838627806167
-9.065016957477662e-05
0.0002090685421746997
0.00024131184702916596
6.91505881890698e-05
-0.00027980409366068823
-0.00015112061668885377
0.00018746431504462389
0.00024434804750374906
0.00011653885483545228
0.000211995525262911
0.00020189209496153127
0.00020658669399762085
0.0002567395005037923
0.0002884150738619227
6.087889460314698e-05
1.898774513038945e-05
0.0002475656711270879
0.00015697364325194723
5.7567466467248576e-05
-3.4374030027530694e-05
-0.00014734535570216337
0.0001581341660543306
-0.00015802677997368286
1.753509747471981e-05
0.0002510438153518058
-0.00017088683526360912
0.00025190119347528794
0.00010821351645668451
0.0002083467642351382
-3.3013095120965064e-05
-4.154831043125338e-05
0.00027038010049882565
-0.00020049324561359377
-6.390852255194445e-05
0.00019101623255931378
8.579566498113504e-05
0.00018146929653614147
1.497936190298472e-05
0.00013412825188709578
-0.0001467320649494595
-0.000264596595719513
0.00016478016086620746
-0.000127270411431351
5.638135576750599e-05
-0.00013819905986289387
-0.00011326311336453841
-0.00015086954138989646
-0.0002476034596661974
-0.00014940425727245823
5.7850537860952686e-05
-0.00017840843871622252
-0.0002561486462030704
0.0002995394057568841
-0.00026622381195293577
-0.0001792433228953258
-0.00022376251936557606
-0.00023207730204113735
3.503188863984968e-08
-0.0002020639553260841
0.00010564534844263946
0.0002953227788883203
4.323914775594754e-05
0.0002459849031650547
-0.00022162668468825195
-6.82239208746251e-06
-0.0002129528550000241
-2.5315659662009137e-05
-0.00021818215243030197
5.1515082784898806e-05
0.0001300175435983982
0.00012649310306402458
-0.00016723738407809985
0.00018149247253742288
-4.360008658498373e-05
-9.204728646087872e-05
0.00027937371440622344
0.00020231992451939714
-7.366406389329355e-05
-0.0001997393698506185
-1.9187637707074963e-05
-0.00025863298603572894
0.00023088446744646678
0.00028850580395821493
0.00010000771634899878
0.00010098104275907448
8.984013559929633e-05
0.0002696844462209363
-0.00012299928550875473
-0.00017509109182716783
-0.0001113487236160526
2.305040759925626e-06
0.00011340534018676609
-0.00018705503439706526
0.00011768202830909848
2.8685624388049918e-05
-0.00014667733159055287
-0.00020319061655491326
-0.00010330053258713332
0.00011614802075294548
-3.1107475088388496e-05
-0.00010422300051116944
-0.0002258131625967515
-9.397471353214716e-05
0.00024562891241535807
0.00016779930995623797
-0.00027385479439615256
-0.00027463837373056137
-0.00022244303723528114
9.734922371340554e-05
-0.00017287676816520102
-0.00026245201978444756
-4.437463079115316e-05
-0.00026284896991200655
-0.000294609103773575
0.00015168211379480072
-0.00016072985658433786
0.00029352825212854426
0.0002591587349429866
0.00012965100669008452
0.00021475181354849187
-0.00014158672050266756
6.636656797949644e-05
0.00011356254034108112
-2.5025294033203247e-05
0.000115465707958825
0.00023462979414857484
0.00024817407447153835
0.0002507153756628651
0.00021326671637908245
-4.635289498281745e-05
-9.418500389659756e-05
-0.0002931115042241354
-0.0002533056774259833
7.635534093763859e-05
0.00010257816301269355
-7.703037401462937e-05
1.810873952714343e-05
1.3864336712156788e-05
2.3357882334540283e-05
0.00013870772622296491
-0.000182151991915165
0.00019360807602493906
-9.46056372259544e-06
-0.0001880889413132443
0.00020796180379557561
4.2006137318180946e-05
0.00014503662412402766
-0.0002463089120787654
0.00019304509722810288
-7.919330992966502e-05
-0.0002713643661213326
-0.0001695288775617369
7.34289401437917e-05
0.00023967451830119298
-5.9715948045439875e-05
1.330401754830895e-05
-0.00010437406311365361
-8.683097736047817e-05
0.00026522598246180826
-0.0001444406227649436
0.0002773881540790578
-0.00015831735136141254
-0.0001272592086470209
-3.520799987246243e-05
-9.82671876798077e-05
-4.009633111097207e-05
0.0002756667777878636
0.000197945040882686
0.00015490212793155375
0.00017878522383418712
0.00010787002307005469
0.0002038515496768128
0.00010655906013196152
0.00018131797727281363
-9.783179297682794e-05
-4.5035702487354005e-05
0.00023048645891189163
0.00026255078317570377
-4.792523344548363e-05
-7.145666333662951e-05
-0.00014890120059817878
0.0002960882680825704
-0.00024116063349599086
5.5114733450489783e-05
-0.0001539421740192659
-0.00024141097039142505
0.00027339370019327194
-0.0002308443110139724
-9.396962796713126e-05
-0.00018272852639260767
-6.040580880643399e-05
2.8963150675513475e-05
0.00018062173367116316
0.00017634992069550715
0.00015228360208540922
0.0001065430586942069
2.179390575255904e-05
-0.0002149895918572838
0.00016107571546808723
0.00011147000603599914
3.7911410721520335e-05
0.0002556773667523825
0.0002218186881468856
-9.693552481180041e-05
-0.00026516025528114536
-0.00016051882940310762
9.207125592783133e-05
0.000247096261745811
-0.00015279062652615456
0.00023744897238676266
-0.0002656666561253865
-0.00014672551561896338
0.0002823889456743754
7.83662503758925e-05
0.00011894670398549407
0.00010146774667781246
-1.2382874450901193e-05
0.0001664335744270418
0.00025558314755064015
-0.00015999627764917644
0.00012357630829902723
9.008035531967053e-05
-0.0002534016969292711
-0.00020479718143003733
0.00012271178094726704
-0.0002478607608174359
2.4325645762898025e-05
-4.044329047271606e-05
-0.00018109438339090154
0.0002701495879805727
0.00011869085890161315
0.00021219010731813535
8.832492438576946e-05
-5.087564177932584e-05
-9.292818545575377e-05
-0.00011679696829506849
6.282520170464655e-05
2.9841308976392283e-07
8.056038159854722e-05
-0.00021193095809326747
-0.0002868956833336882
-3.621341978868824e-05
0.00023994028076753917
2.7260259651841945e-05
5.320279047566466e-05
-4.901254048221001e-05
-0.00011535085524232416
-0.0001168324394529197
0.0002803652208915284
-0.00025440082582310863
0.0002877020286134407
5.494373064291174e-05
-7.185864855326882e-05
-0.00014750628251969527
-4.85360954431915e-05
-0.00026146857646912693
1.691545902247107e-05
-0.00029517637184541716
0.00018717583561462934
0.000216509453536008
0.0002096941325977441
0.0002204620642899
-1.7352392714558998e-05
5.752608713167131e-05
-0.00014002628126204685
-6.556007131784753e-05
-0.0002416874564212859
9.208786877771408e-05
0.00028396531786918866
-2.7216921087464755e-05
-1.8873095150245627e-05
-0.0001431342560941571
-0.00014021777434603162
0.00018112067030272663
3.170867162195849e-05
3.475625494178935e-05
-0.00010271806515407911
0.00023257938702574897
-0.00018541111531858017
-8.123595335537352e-05
-0.00020354950478086045
-0.00017868709620535897
-0.00026153673800701117
6.060256943208204e-05
-0.0001424515024224139
0.0002818338930116019
-0.00012571045232546396
0.00025136795019910344
-0.0001350182748273154
-0.00010012168978273803
0.00010343608119629192
5.762894261988221e-06
0.00015295760513130965
4.955014260480501e-06
-0.00015408838529299036
-9.121125397804135e-05
0.0002765840404397917
-0.000211120781921722
-0.0002813198053212082
0.00013094218026556712
9.005745693718475e-05
5.9944289099057445e-06
0.00012778493377652814
-0.0002713324312455254
-0.0002981933707497789
-0.0001033352717306375
2.9510106933987063e-05
7.783118723279355e-05
-6.143162124117691e-06
0.00020543517817029684
0.00011395697839423923
-3.4201685509592863e-06
3.526949246729523e-05
-0.0001582583161194901
-5.082430100389004e-05
0.00023262117589401015
0.00024285274361037385
3.918230358082705e-06
-9.783648366890144e-05
0.00016004337699154216
-0.00013329761238982206
-7.509077121831012e-05
-2.3659934371201815e-05
0.00017902444447449113
0.00011362486224154237
0.00017382765874527533
-1.3975607368993913e-05
-4.772639612652828e-05
0.0002998204659274702
6.244263380427464e-05
-1.2845037684334809e-05
-0.00028140804242253274
1.6386359285643895e-05
-0.00010365478540057789
-1.7273799577871953e-05
-9.100079598618459e-05
-1.8660769874285512e-05
-0.00021590948321728164
-0.00019124554932292083
-8.87766514868252e-05
4.0673316227572145e-05
-6.717035433005582e-05
0.00024916161059020727
-2.8137582302525715e-05
0.0002131844896942358
-0.0001085137353268294
-0.00010852610822348685
-0.00022896461138779338
-9.681298539223514e-05
-0.0002499940445734261
-0.00013960283533425878
0.00014831382759921162
-9.241834176430252e-05
-0.00023937904633221558
0.00027178242572428144
-0.00024608592113694043
-9.245531385466456e-05
0.00015362461335883252
1.2640343197554537e-05
3.990021613072426e-05
-0.00020086405646994128
-0.00029078756719426473
-0.00018032078789407416
0.0002581279962282626
-0.0001678462410877509
-9.975134031976423e-05
1.2994293872740871e-05
3.167691745843118e-05
2.748614471447989e-05
-0.0002585200501793801
0.0001561215247206073
2.8946918671695374e-05
0.00012113496714738693
4.42920270801809e-05
-3.4477146605915656e-05
-0.00012263796448293044
0.00015098289259948085
-0.00016380701800224488
3.6880575672335254e-05
8.037750369441714e-05
0.000292616207105353
-2.001774715230725e-05
-6.693672369229421e-05
-0.0002006708447628937
-0.0001064050649795006
-0.00028133990920331
0.00018145827796243162
6.865955343621227e-05
0.00024144027255384402
-0.00010908045833333998
-4.6427149900612195e-05
5.964979670711223e-05
-0.00018583906916103192
-3.1866677662155526e-05
8.345536866774896e-05
2.207164843025575e-05
0.00017822620401854915
0.0002461539528854626
-0.00010141712283693954
0.00024440822844891684
-3.030685075273965e-06
-0.00024394973747717254
-0.00014273597860644112
0.00019139789031801983
0.0002361524327428918
-9.1127923544199e-06
-0.00017963868584632822
0.0002682189885087845
0.00020639011599744758
-0.00028203915195319795
0.00011661427273446009
0.00011696577182065872
-0.00026422014872830627
7.777418538675496e-06
0.00022870945309168218
-0.000233001599258924
-0.00021171033783498264
4.0675872994374326e-05
-8.690883212204048e-05
-1.2353174554364014e-05
4.178922058251355e-05
-0.00012499216512973005
-1.8161528311897367e-05
-0.0002336437516309103
0.00012551830870389348
0.0002509306447099632
7.347760712295842e-05
-0.00015146247480347518
5.001857922583785e-05
0.00027188053724183707
-0.00012522995062104266
-0.0002506287284831276
-7.192419637953306e-05
0.0002526825477325312
0.0001353770687224006
-0.0001355027419778084
-3.9425563079179525e-05
-0.00021203190540669065
-0.00026883969437113404
1.979839521963747e-05
0.00013950431787766824
0.0001756443605107588
-0.00024730308177151386
-9.109683407029835e-05
8.438363622731833e-05
0.00028929349703052837
0.00012198334380866696
-0.00013955301070157658
-0.0002797505452427169
-0.00018658576361294213
-0.0001291010758065177
-0.00022450836162290165
-0.00019861322407234997
5.71624415579318e-05
5.252971574667726e-05
-0.00020885771582623798
0.0002343942908750747
-8.08776714808238e-05
-0.00026370626791986056
-0.00025195903380819106
-4.749822331015486e-05
0.00010518850241778563
-2.80971238791406e-05
-9.782996230008273e-06
-0.0002002583435698474
-9.502556078539901e-05
9.766273892399869e-05
-0.00021568640646043742
-0.00010828568441590764
3.235390228640791e-05
-0.00017181121956749498
-2.1951719258468574e-05
-1.923668562591775e-05
0.0002572577441191705
2.4686190710907895e-05
-0.00010039694919437953
0.00017365269451538877
0.00012485325703604844
0.00010182584990448505
0.0001891405595186106
-0.00022700166571314992
0.00015216532937347219
8.634440907861503e-05
-5.966762251983514e-05
-0.000295289550112021
-0.0002580276173270211
-0.00022163467158289906
0.0002631883265505086
-0.00012338508822408494
9.689054296345618e-05
-0.00011960005694445255
-0.00014244988304857128
-1.3639837512953543e-05
-0.00020165689281465894
0.0002327591505510266
0.00014895970912912038
0.00025333503184860414
-0.00020966579151645955
-1.1861721617889196e-05
0.000178810148710255
0.00011801753587133525
0.0001525624004116503
0.0001682572752919193
0.00020035260434576998
6.379025145318703e-05
-0.0001561066955758057
4.8437946756714934e-05
-0.00012941377899080127
3.843284152860551e-05
-0.00017162050240321277
6.415764274807868e-05
-6.974779647786407e-05
0.00023720029592046247
3.330517003150138e-05
1.6924259679825361e-06
-0.00025816651246699055
-0.0001613948725088885
6.496667867204886e-05
-0.00011903328526205001
-0.00022328539362004155
-5.5602265833201454e-05
-0.0002514601368027303
-0.00011566666885657708
-0.00010572235694097313
-0.00014440137660118844
-0.0002288535098391173
-0.000215238597462501
7.441953355169175e-05
0.00024241763572337697
-5.4130681379375935e-05
-4.6729036908091945e-06
0.000203708324083385
5.017095598886076e-05
9.090008097286973e-05
-0.00024267030215761523
-3.911863154362381e-05
0.00012653682278124533
-4.7784806235718854e-05
0.00025099839547718653
0.0002367602891415141
0.00018342781202357658
-1.1288080046933143e-05
-3.610042879093251e-05
-1.290034640181808e-05
0.00021924165761361218
6.270460366232175e-06
7.046908986911728e-05
-5.1981142271236285e-05
-0.0001713663170361418
-6.757505123378959e-05
-0.00017872953466442488
-0.00024355759561520913
-0.00013307982252070346
-0.0002576294243243903
0.0002730757081436354
-0.00012656550601756518
-0.0002910200997176245
0.0002619864702150941
0.00020537093627891163
0.00029523716832773555
0.00018432805378991706
6.228849865819338e-05
-0.00022343570198348292
-0.0002838109594906247
-0.00017065686508316717
-0.00025199964054827077
-0.00010495093322501574
8.620102892712453e-07
-0.00029920991805473156
0.00014951740952555924
5.4822967267134225e-05
-0.00012878954430524872
-0.00022296739934148498
0.00013304360595298707
-0.0002349189417186374
-0.00028349898572383955
0.00017487889387676422
-6.844956956735034e-05
-0.00017993136903235603
-0.0002445275797986181
0.00011387717721858542
0.0002476272415528943
-0.0001931517331358189
0.0002811749873191395
0.00022919375088570907
0.00028312048934426047
-0.0001182909417490515
-0.0002482470551851949
-0.00013565164128419134
0.00017592174904942708
-0.0001217292053802226
0.00011809186376652507
8.566710470614847e-08
-0.00023500705959135024
0.0001957543331371667
-0.0002405434869168194
-0.00023235265979851705
0.0002108053776919457
-0.00025059418734907607
-0.00025556475548521606
-4.465794619828279e-05
-1.771297933261302e-05
0.0002877783795268046
1.9498299088971426e-06
-0.00026838709199281487
3.315917469812337e-05
0.00020722913561178018
3.503158640752392e-05
-5.167708992126767e-06
-0.00012819369499022485
0.0001001484624931204
2.0357306227628577e-05
-0.00027773128127770303
-0.0002995327822064351
-2.521094917852122e-05
0.0002586109237122113
0.00011144105266879401
0.00022184070797761285
1.9671029623491182e-05
0.0002346497834643005
8.697804165090585e-05
0.0001832033751713751
-0.00011359479727567298
0.00021802091469527756
-0.00012823247472088588
-0.00021112313824451302
-0.0002942750345656811
0.00021112050385667884
-4.206302417505541e-05
-5.620904963631458e-05
0.0001162933828145065
-0.00020566405095960306
2.3905661119169727e-05
0.00014776721480453493
0.00024313218875067472
-0.00021205122155694395
0.00029333732516265485
9.431111265089569e-05
0.00021023623902422715
-0.00010370747925285946
6.416195546511211e-05
-5.212597632417817e-05
0.00027241943286405746
-0.0001239740062226267
0.0002281849880332671
-0.0001376771043985634
-0.00014989721547015023
0.0002717110368091298
0.00020021464864917196
-0.0002397305880143162
0.0001256982040579881
-0.00021613530033905596
-0.00015905054309104673
-0.00010024602868717654
-0.00010334049547261367
7.340452157943844e-05
-0.00010853120116379467
0.0002305726613109987
0.000245372903428681
-6.288541309271172e-05
0.00018294426790352672
0.0002539520308353082
-0.00020021181136043494
0.00012269159512098582
0.0001890017184671585
4.597164453855481e-05
0.00023238159037042983
-0.00010167289437567825
1.8213549272017406e-05
-0.00027961178858063344
0.00021398790235979556
0.0002100009578713563
0.0002183485952672399
-0.00010493189836985648
-0.00013359859604441442
-2.7724860103489916e-05
0.00018502543761935683
-0.00014196623357363088
-0.00015770882604598186
5.55785750045214e-05
0.0001264422335876258
-0.00014040969999759247
7.245364143853103e-05
0.00025441470460908555
2.6608218699707717e-05
4.939517307791993e-05
-0.0001535654304932798
0.00020239509001461828
-0.00027161505635573736
-0.0002912576320638011
-0.0002868981395426199
-0.00025171041337175787
9.693697225438279e-05
0.0001175783009284238
0.00022492411319824157
1.1254717933665897e-05
0.0001971679718148921
-0.0002443858999920074
7.385712602122051e-05
4.0222214962444406e-05
0.000282063133139194
-0.00011249658987384087
-0.00015815828233879643
-0.00023203692922524127
-6.696881389249283e-06
0.00029066778286720145
-0.00020571037132475865
-9.199687063525766e-05
0.00011617804954388677
0.0002967425538247857
7.772220959915461e-05
0.00010319737166817911
-0.00028963171712323286
-0.0001192599050853282
-0.00026476662686511417
-9.972649730520571e-05
-0.00017637501325430116
9.032646259634009e-05
0.00021778690459127594
0.00010276654035002092
0.00014549943510425796
-0.00022327478408457925
0.00022860031200513806
0.00014410168552856853
-0.00026757431133121046
1.6764338513615472e-05
-2.605402410416096e-05
1.3963910683321642e-05
0.0002805575187352243
-0.00010564948761704329
-0.00022030625722558965
0.00013423986893771277
0.00029020168761647187
-0.0002570839227159557
-0.0002492543532266106
-8.740420129384224e-05
0.00023181317069819672
-0.00014372883794311537
-0.0002170513718901618
0.00022884814825485888
-3.637430066718905e-05
-0.00011866864491501315
-0.00011946959100701308
0.00014838799559347457
-0.0001904936545484973
-0.0001648233598391356
-5.2752865040054655e-05
-5.1568589947277544e-05
0.0001579750835810155
-0.0002570844370784564
-5.035634578825479e-05
3.004548091196913e-06
0.00023049530628261298
0.0002689934001623468
0.0001802177393043735
-0.00025308280764954963
-5.4579396205018576e-05
-0.00026257953294363544
-0.00020020055601104514
4.41655856892975e-06
-5.936495805244232e-05
-5.649818661292513e-05
3.1244566138030215e-05
-5.3985576628461064e-05
0.00029057639182830593
-0.00021974082858134948
2.497501056032361e-05
8.2585367056799e-05
-3.3496804181132106e-05
0.0002347369852389491
-5.8207471373196423e-05
-0.00022280019274628122
-2.1866094768375056e-05
7.287753442261776e-05
-0.00010378517228849145
7.774298491734099e-05
0.00017784635724584874
-4.346312109510469e-05
0.00027873861746577784
-6.826608336116241e-05
-0.00022554883998851104
-0.00015369212175664156
-0.00011089839054630518
-6.298801505932029e-05
-0.00012129165307456704
-0.00018692600785150348
-0.00020502577858931404
-0.00027586164025647714
0.00010787024665578584
-0.0002100713500114127
0.00010919778157658763
-0.00021607472578399222
4.7457168141919485e-05
-0.0001539129520259697
0.00024617745050304517
-2.4417490939768974e-06
-0.0001660811209322306
0.00023828648849177886
-0.00027494401317290304
0.00017105669553321018
0.00011177298760564559
0.0002459517492750471
-0.0002433166192866768
-0.00016419230363019042
-7.446852015394062e-05
0.00022306272125403767
-2.04882116054056e-05
8.625824499611132e-05
0.0002520233651156167
-6.925483999205897e-05
5.024633265853786e-05
9.003325439358204e-05
-6.878040375507771e-06
-0.00023771267377596927
0.00014632956575606716
-9.96842646873983e-05
0.00016483193157721212
0.00023401865091906047
-0.0002381271925029359
0.00027835953927240483
-0.00028926779044683126
1.0038741792947191e-05
0.00018403116676962987
0.0002620618708087769
-3.857978457899369e-05
-6.133088986572972e-05
-0.0001026694376345376
-2.535135622166383e-05
-5.0870173952067166e-05
-0.00028789115802128136
-4.788256605796381e-06
-0.00016718474126249764
-1.175335236827679e-06
-0.0001903308901148
9.391054831039492e-05
-0.00024007777375023692
-0.00018096555800059945
-0.000220323402612748
0.00019016998020016871
-0.00017633421546804791
-0.0001678602249788936
1.98844425589126e-05
-1.451063451322871e-05
2.8007862628301287e-05
0.00010769100051395323
-7.674113962440385e-05
-0.00011371709260616424
-0.00018154776823233403
-0.00010438941094695141
0.00017998899574721137
0.0002294229175156673
-0.0002585846138197287
-0.0002614621938978431
7.379300706842322e-05
0.00012228497415868407
-7.146722050358216e-05
-0.0002734781367893647
7.927464567309995e-05
-2.3193601138606578e-05
-0.00014963080699188555
-0.00017622051496949014
3.936182682075972e-05
-5.6560849483412636e-05
-3.376027662535763e-05
-0.0001498416083797594
3.2950872932558284e-05
7.119778551842066e-06
2.25766096091905e-05
-0.00012104328966602656
0.00019293393912073062
-0.00011291413811246963
4.816081952068932e-05
-8.152749095668204e-05
-0.00021776730949958991
-0.00022053232650800185
0.00017550758711337418
-0.00013669509375667104
-0.0001528586622084077
0.00019134337979414092
0.00015162245029661268
4.242543749324667e-05
0.00011101349415886951
-0.00010304821770050298
-7.555217334072692e-05
0.00018538960046577855
0.00012151066991559378
0.0001737237630802466
0.00011918094443627423
0.00023025523581538437
0.0002396639620531402
-6.1905214196523485e-06
0.0002159924372724359
-0.00026092599376622086
0.0002701121646561967
-0.0002903600379149427
