1.5106495037339626e-06
-1.1440014627194942e-05
-2.8656224790448416e-05
-4.2588581500026157e-05
-4.7199258724352435e-05
4.9146527470497795e-05
4.3682872025084086e-05
4.339247274912175e-05
3.807833602766144e-05
-4.764510478319475e-05
-4.208601872701248e-05
-4.802414710449757e-06
-4.002641940477023e-05
-4.63599541411347e-05
-4.5798467017153e-05
2.7129949315474385e-05
-2.857759443158755e-05
2.95912441164312e-05
4.085945475965056e-07
-1.727349742683917e-05
-3.143138881079892e-05
2.290603346011148e-05
-4.679702234256761e-07
-4.993431482180475e-06
-1.2669425552404401e-05
-1.6381717115172377e-05
-3.66180833458036e-05
-1.5084428352761939e-05
4.160859443115972e-05
1.0757507876731331e-05
5.017967523063819e-06
4.802211117851914e-05
-2.3760611714430835e-05
3.153084334266248e-05
3.431143281241264e-05
2.1655580169151113e-05
3.492231434103631e-05
-3.4226909614762968e-06
3.527794657677687e-05
2.104743248552011e-06
3.887099845153451e-05
1.046508699005252e-06
-1.872334101923907e-05
-4.129245332382315e-05
5.37589096713073e-07
3.9911744050625174e-05
4.1952113354202e-05
-1.2737545753824318e-05
3.5271397965925664e-05
-3.0757600639648794e-05
3.054415502610975e-05
4.141435147482894e-05
-3.7583719879310116e-05
4.849917911008782e-05
-1.2293648227290387e-05
3.2461821506870376e-05
3.370392621208734e-05
2.913330587661336e-05
3.391248680673323e-05
-2.6637516257551854e-05
-3.0221683399079576e-06
-4.4851774319461585e-05
-9.478456233915176e-06
-4.8382777023612e-05
3.6300509952884236e-05
-4.088566932809199e-05
-2.4644817307154287e-05
-3.710139763693159e-05
-1.3034644379087948e-05
1.1248908365875822e-05
1.542515128745151e-05
-4.219267395824115e-05
1.5180180253294069e-05
-2.5087644690643164e-05
3.261060205741483e-06
-1.1234418069303712e-06
-1.261145673977601e-06
4.451887596355395e-05
3.867111138004233e-05
2.837223199088611e-05
-3.616472702624884e-05
-1.821609233515147e-05
-4.883477745316667e-05
-1.6663252277339535e-05
4.5409366625677054e-06
4.4388608252545474e-05
8.52664568097864e-06
-5.790883867861988e-06
2.0088816219627173e-05
-2.6741114331289553e-05
-1.4659995500005844e-05
-3.88251300453095e-05
-4.3549201180496123e-05
-1.6569033563821424e-06
-3.8435984264368394e-05
3.425698806345058e-05
-8.359188349724325e-06
4.361508604443964e-05
4.878543420630135e-05
-2.0149767863258396e-05
-4.7049906841617874e-05
-4.6874480170279953e-05
1.7948568492172938e-05
-1.5911224058140284e-05
-1.5673086822074843e-05
-3.412082076319586e-05
-2.8074451598077634e-05
-2.8657791922863664e-05
-2.0552300187122185e-05
4.4150308588876345e-05
3.863715283747844e-05
-7.255365854963225e-08
-4.59769742702577e-05
-4.837650634333862e-05
1.4355766558965759e-05
-2.8729009340292502e-05
4.366463053761782e-05
-1.3326045896471662e-05
2.724357364624478e-05
-3.203301443091967e-06
-2.0516265520513567e-05
-1.961344073015767e-05
3.993877976315631e-05
9.000692009501197e-06
3.76309025781974e-05
-4.556277860428665e-05
2.116632859130548e-05
-1.4613686005264547e-05
3.769793976853538e-05
3.115571770548184e-05
-9.572019780463504e-06
-3.463893770212949e-05
1.7764082693286187e-05
2.1971050530558298e-05
-3.6009534813393455e-05
-4.753786368545267e-05
-1.7091111102579627e-05
-4.4156214940513795e-05
-1.227328867036092e-05
-2.062237188148086e-05
-3.1486551090109015e-05
-3.884218951394075e-05
-8.908364928005955e-06
-4.759042720109612e-05
-9.457314943362616e-06
-4.257789597449324e-06
-4.4184078351529965e-05
3.269892357449657e-05
-2.9532422054349827e-05
2.7364214055438018e-05
-2.0288097661114513e-05
3.326824842944996e-05
-1.5166474079651252e-05
-4.2443289500730734e-05
4.4555966462760295e-06
1.5090007304522438e-05
-2.3272151961711118e-05
1.9385136556721048e-05
3.451213339329697e-05
1.8933287022889515e-05
-9.097018709214297e-06
-2.9250098327305763e-05
3.273203937754618e-05
2.6418887500367668e-05
-3.1751596510194485e-05
3.271689355642777e-05
-2.691047640084573e-05
1.7219780982524425e-05
-2.6802870421983817e-05
-5.455753487527466e-07
4.822284853223812e-05
-4.1941876684921975e-05
1.0193641940858044e-05
-2.4446014291753395e-05
2.9240452728348182e-05
2.995487142258289e-06
3.2988635709447834e-05
-1.1586652923547816e-05
4.0134317255896574e-05
4.8917587175420915e-05
-5.247298693956117e-06
-5.819469466212378e-06
-4.950272028816717e-05
7.956649561715142e-07
-5.2957744987787526e-06
8.951598156884378e-07
7.867096916118568e-06
-3.622124126182932e-05
1.8110205879044276e-05
-4.788281461980705e-06
3.904193011387748e-05
-4.7353712506275624e-05
1.1374892929731833e-05
1.1177612533067221e-05
-4.728865082464336e-05
-4.835070373281535e-05
-2.1351100720530948e-06
-1.2000506972093592e-05
-4.982141443539683e-05
3.725880455161133e-06
9.966683548802758e-06
-4.607042787700187e-05
-4.018431434865604e-05
5.544605051524656e-07
1.4337152896167422e-05
3.741952576745492e-05
-1.2638706742054965e-05
2.7993923681186328e-05
1.57125139433691e-05
4.047769556576996e-05
1.4740466246847423e-05
1.20790954441696e-05
2.9729906507883264e-05
2.1179421233438106e-05
-4.43570204762289e-06
1.5203460552942046e-05
4.454247962947695e-05
-4.5927102675611756e-05
-2.460196843301689e-06
-3.5732539646037427e-06
3.584386866023989e-06
-1.0245440257764816e-05
-5.068982472885022e-06
-3.0203111191870448e-05
-2.6970166670741635e-05
4.5749076024166405e-05
3.2735472525278994e-05
4.3898262207910385e-05
-3.8518829160133605e-05
1.2116760145970255e-05
-3.786088673232157e-05
-1.0861427175241946e-05
4.853031522451242e-05
-4.00477799303335e-05
-3.623902984760113e-05
-3.847321536554531e-05
-2.554670492808936e-05
-4.0254918413905715e-05
4.174910216082379e-05
-1.936318599421341e-05
2.2070634743093458e-05
-2.4409310750229906e-05
-1.5500933475119126e-05
-4.7501560011338895e-05
-1.9318415585807535e-05
1.788598496530432e-05
2.3015973121360493e-06
2.430720393048577e-05
2.641039750649035e-05
-4.307814261107177e-05
-3.607902074746303e-05
-4.355691686498572e-06
-1.5692394156296196e-05
-1.6402910219527588e-05
-3.9974381448789744e-05
-6.651131080384822e-06
-9.165267632788325e-07
4.788815630267465e-05
-4.118786799416138e-05
-2.1100036535663734e-06
-6.874657281588439e-06
-4.5620079546317985e-05
2.965668936952046e-05
4.561507497530368e-06
-2.9251518699341642e-05
3.241916966725951e-05
-9.69226042000361e-06
1.58896672820105e-06
4.7980913551510784e-05
1.1442278181473675e-05
2.9721856036134328e-05
1.873550611917852e-05
1.983867728852064e-05
-4.7844432978798036e-05
-3.6999533564607925e-05
-3.366987504652426e-05
-2.330980647230021e-05
2.646161457860526e-05
-3.625927059079601e-05
9.874611995758711e-06
-8.42148508848083e-06
-2.196557112793558e-05
2.9952285157359918e-05
4.132195242605419e-05
-4.522508705457144e-05
3.967306494408641e-05
1.3546244403789526e-05
-3.132445259596395e-06
4.657693124096646e-05
-1.9891087735066516e-07
-2.244098766288789e-05
-3.5977137101231794e-05
-4.440815876648722e-05
6.031151284658768e-06
3.677567778198304e-05
4.5645706343607716e-05
-8.374474065880869e-06
-1.2547470314487307e-05
-2.847133642274158e-05
2.4412755402524485e-05
2.2922283656566363e-05
3.5272990832919066e-05
-3.7817947049194546e-05
-2.2912341262715786e-05
-1.8808761343999692e-05
-3.545929284433381e-06
3.442245045356877e-05
4.81296431466195e-06
3.3303872699006135e-06
-1.0098572178716473e-06
-4.5642732570348155e-05
-2.8626884993546355e-05
-4.9389072597619937e-05
2.931750395375504e-05
3.982212150053304e-05
-1.731858890468603e-05
-4.879164761671296e-05
3.837742882351189e-05
4.89988251049787e-05
-2.6715048343788975e-05
-1.9945666857032342e-05
4.8277993032479236e-05
2.7055540771677205e-05
-1.83637642752842e-05
4.684630367752517e-05
-1.5605053123351953e-05
-2.812823169686538e-05
-1.9887481259574148e-05
3.4076578356314416e-05
-1.9243615671195325e-05
-1.4697364439459735e-05
2.6531040742069915e-05
-3.860534853099378e-05
1.6501793239482343e-06
8.741021260461588e-06
3.4511723485655454e-06
-2.75918503564062e-05
1.3774402378687106e-05
4.219919922981895e-05
2.1177335094077253e-05
-1.213490545680999e-05
-3.839232682372727e-05
-2.8586936572052484e-06
-2.6393559243759723e-05
5.571455173372055e-06
2.8662245339183184e-05
3.401417827299551e-05
3.495629304799248e-05
-3.0994054513627324e-05
-2.688883646918735e-05
4.1814233422533184e-05
-3.9088440491206955e-05
2.779261387892938e-05
-3.741009131071639e-05
-4.530916872152482e-05
3.88493965654065e-05
2.417109811306184e-05
-1.8139480517111876e-05
2.877964151011388e-05
1.4560864373221453e-05
6.089518463265872e-06
-2.057600850031883e-06
3.4315429413315716e-05
-3.300831135423693e-05
4.8746437784210214e-05
3.0726692011664684e-05
4.01850550627677e-05
-3.1409378171179203e-05
-4.606966446226666e-06
4.766677359450746e-05
-6.200178925990555e-06
4.205770124971494e-05
-5.858243682252576e-06
-1.5208556665627196e-05
3.2591507132450244e-05
1.3105721361013258e-06
-1.976966374190221e-05
4.649532152221418e-05
-1.9376756214642235e-05
-2.4185218508897655e-05
3.098863216371516e-05
-2.437996813647125e-06
-1.4690407814214293e-05
2.5487713239265217e-05
-4.866099594461154e-05
2.5086159832149255e-05
-1.2082293378529116e-05
3.0229520671298033e-05
3.3340467033637806e-05
-3.491422058601187e-05
6.345010546658037e-06
1.4806549587560276e-05
1.2341433627208741e-05
2.795204613282341e-06
3.4214432038642385e-05
1.2187338698587653e-05
1.2867273387386721e-05
-8.216522969788518e-06
8.30816882242572e-06
-4.564831115654715e-05
-4.803030861079252e-05
1.705492559946633e-05
1.8307673238043906e-05
-3.405195770543543e-05
2.1540960231554325e-05
-4.119789557487648e-05
1.3907297306621495e-05
4.7618809468323355e-05
-5.532751295410074e-06
-9.768191800361779e-06
3.3238057213038875e-05
6.445584770898781e-06
4.04552296216868e-05
4.1284159906066456e-05
-3.47826192483729e-05
-4.933511722285888e-05
1.9714257003765642e-05
-1.2469593656112454e-05
2.7609712276740267e-05
-4.384242807226003e-05
5.550086044994751e-07
1.7648416249380285e-05
1.8486952590589802e-05
-4.165916220680955e-05
3.187265197194781e-05
4.218332740803866e-05
-3.4379694628160077e-05
2.7654189909415433e-05
-2.8263776009658205e-05
-3.9723593036582385e-05
-3.380427461740389e-05
4.94490270384921e-06
5.460137860943112e-06
-2.3880219829838725e-05
4.708560072242289e-05
-1.7024576702692008e-06
-2.18548780452685e-05
1.5606353058709973e-05
-2.7801764927179354e-05
-4.5279780507631255e-05
2.7425530014476937e-05
-4.679221146369569e-05
2.199116730222045e-05
-2.4767850696279836e-05
-3.0342482873059363e-05
2.7865041955877098e-05
-3.054258814837978e-05
-2.07298157138187e-06
-4.965656360079143e-05
-8.835666590179735e-06
-4.032196829639736e-06
3.5487983853009805e-05
-1.704037955414718e-05
4.453791546583716e-05
-3.0010824848121466e-06
-2.9945129063358767e-05
4.124556649701836e-05
-4.7309018560139886e-05
-2.8457808687273967e-06
1.622540545411498e-05
-1.9711041855786742e-08
4.631485913047948e-06
2.1424081350218157e-05
-3.9379666313631755e-05
-3.604714104840909e-05
3.7311824865539394e-06
3.358313436911356e-05
1.8267284489605003e-06
2.6351950545763044e-05
-4.3396452810092626e-05
-2.7326703546165976e-05
3.758514466714585e-05
4.05179926183019e-05
-2.0156338679971686e-05
3.731481595707691e-05
-4.4564936973938855e-05
2.558779144342877e-05
-4.290977755650667e-05
-1.7006341934536044e-05
3.79647737279776e-05
-4.577460216948612e-05
-3.464371920424382e-05
-4.59046412932569e-05
3.5655222415906754e-05
2.97709854410069e-05
4.918922290362774e-05
-3.941822241340941e-06
1.1015199649218058e-05
1.7109100072658332e-06
-4.825533238533831e-05
-4.713166110121366e-05
4.3511635430526574e-05
6.287662599883106e-06
3.9654033805641395e-05
3.2476332430663392e-06
-4.4018435089058915e-05
-3.3471523884021225e-05
4.55123556060566e-06
-3.2798372104599195e-05
3.870086808224824e-05
-1.9988356155640132e-05
-3.184834028134504e-05
3.3109193582464197e-06
-4.264137594550939e-05
-4.427474302161302e-05
-6.778302047687502e-06
-1.739087068162373e-05
-2.4272833988059528e-05
-4.757055269484291e-05
4.015205724907234e-05
-3.698283907544412e-05
4.1763401732109973e-05
1.8566779858184382e-05
-2.7075101968233073e-05
-2.4224593447253775e-05
-2.146815123502559e-05
4.795701067700375e-05
-3.65534918422103e-05
-3.91156150758018e-05
-3.7878338510666837e-05
-3.949772877861549e-06
-4.0987971186498456e-05
-2.9104002973037982e-05
-3.796418673994959e-05
3.915746789889319e-06
-4.551690177396808e-05
3.111481248358158e-06
-3.3554234592102726e-05
9.048813898971167e-06
3.730170306676809e-05
4.948638501528013e-05
4.2851948885744305e-05
-4.6116556942925e-05
-4.648595450019927e-05
-7.938788095188898e-06
4.775211254559621e-05
-3.155456679934672e-05
2.047239999536475e-05
4.81810441693705e-05
-4.121448986265336e-05
6.666889576660673e-06
4.8098998850838445e-05
-3.63657772539907e-05
3.8451851277587696e-05
1.595115545992832e-06
1.1680822697734986e-05
1.3538427924468956e-05
5.9759329003166516e-06
6.363421525639812e-06
2.6932983730455465e-05
1.2588742831432815e-05
-3.4151304587285703e-05
-2.7089771992045466e-05
-2.7124770956570566e-05
-4.1789559180988666e-05
2.51913737477985e-05
-1.7806506896789786e-05
-2.4194216489364795e-05
-1.649835166940418e-05
-7.246645186421797e-06
2.4042445451796304e-05
-1.000828809694985e-07
-1.8759656518891708e-05
-4.242547658129451e-05
-2.070211583637739e-05
-2.5920440438462214e-05
-3.4921849660839475e-05
-2.408627555097628e-05
4.188952530023022e-05
1.7153586368359937e-05
-3.936262886950928e-06
-3.164328434591794e-05
2.9617453720450904e-05
1.0443932316344814e-05
-3.870901370969126e-05
2.2452322379326997e-05
-4.1913630095438475e-05
-7.3247114109379035e-06
-1.0515552964312384e-05
-4.310727158613311e-05
4.455863224763565e-06
-9.32925458781233e-06
-1.1058607274418409e-05
-2.966628093586006e-05
-2.0972913148520613e-05
-6.156327371015279e-06
-4.991373945496569e-05
3.198161435430347e-05
-2.6949854306737808e-05
-2.5167353597259323e-05
1.2376807233350664e-05
3.3637428715447186e-05
-3.916405491643891e-05
2.782253235942824e-05
-1.1926633840275683e-05
1.4183199465122238e-05
4.7491781988262884e-05
-2.9608475694026316e-05
7.351448536933755e-06
4.994354206332762e-06
-9.694142794530946e-06
-1.3447603816135169e-05
1.5889770437353078e-05
2.1359370074724883e-05
4.2698952625658746e-05
-4.912860787367696e-05
-7.296410098128991e-06
-5.465392718776697e-06
4.27150205389204e-05
3.99550478742991e-05
-4.843215382962551e-06
4.2776509919913923e-07
8.805022399052246e-06
-3.123147795627577e-05
-4.6002888946964004e-05
2.7865235913232104e-05
-3.9555390005597204e-05
4.548155500550011e-05
-3.171558525130848e-05
-4.2350440216854824e-05
4.507122639903333e-05
6.527083849200031e-06
5.6112628314452856e-06
-2.518787523169117e-05
4.855718966212103e-05
-6.674089412933225e-06
2.325341788286996e-05
-8.306935581487619e-07
-4.769651562099576e-05
-4.58290491523405e-05
-2.9354361110774686e-05
-4.998166038565745e-06
-2.993112649371751e-05
-4.486457521951774e-05
3.6073700045562166e-05
8.922806075904864e-06
-2.5415440758939058e-05
-2.8142712000954342e-05
5.892370613695519e-06
1.3781103145667933e-06
-5.275394840948544e-06
-2.6895183542849257e-05
4.417451089588649e-05
1.653435699494529e-05
1.9010089425042542e-05
-2.5711146981245027e-05
3.986763015890131e-05
1.5548116322942477e-05
2.6847262687672574e-05
9.562852843249202e-07
-3.8719033944081785e-05
-2.323175679013838e-05
2.0752374226634355e-05
-4.338340651647181e-05
-1.563568754769074e-05
-4.00610361219351e-05
-4.8347193776362086e-05
4.3445516856457015e-05
-9.901123904747504e-07
4.7449414727355274e-05
4.619692712233287e-05
3.0815007092779545e-05
2.114054868578459e-05
-1.097621693945693e-06
-2.4777478818666987e-05
-1.42963326694835e-06
-1.9250798590562555e-05
-5.929342650020828e-06
2.3205695016460344e-05
1.275912795564304e-05
9.527332457680782e-06
3.235839327308907e-05
-2.6669441169812394e-05
3.149630418856509e-05
-1.1002499503768514e-05
-1.3595959199943765e-05
4.861989738279184e-05
1.532228759734437e-05
4.9062268472496925e-05
2.7790847960273744e-05
-3.3905637661596934e-05
-6.0007797168646045e-06
3.611855374366312e-05
2.5430929432121204e-05
3.3807424161779935e-05
-2.781805237049123e-05
-4.810080898028775e-05
-1.2833090867275608e-06
-6.131366954747519e-06
7.460805508240221e-06
-3.0232419474962037e-05
-1.667250631199082e-05
1.2067877665970944e-05
4.0005194092509006e-05
4.7925683158418825e-05
4.5883813057226235e-06
-3.028526223917597e-05
4.845359552071657e-05
4.823026196461203e-05
4.705062144582737e-05
-2.7950377552132866e-05
3.1551153021941902e-06
2.583704142286273e-06
8.187102518809456e-06
-3.320906234615275e-05
-3.082599841244506e-05
1.4738462103095698e-05
1.8960427020413768e-05
-8.77825328782036e-06
2.6279837255006702e-05
-2.4360917663821146e-05
-1.2364496860479245e-05
3.09533441245207e-05
4.713945161553434e-06
-5.161077265170255e-06
3.5838917507531415e-05
-4.52213635211135e-05
4.433520224903975e-05
3.0380612704145338e-05
4.4945202209510994e-05
-2.152648817790567e-05
2.959512675620005e-06
4.5121871204170786e-05
-3.4927273994019015e-07
3.653975912563203e-05
-2.211199800785372e-05
4.8148123223804486e-05
9.988786705159262e-06
-1.2375002709763162e-05
-4.5349636276577754e-05
-2.6241833421303207e-05
-4.062656641617933e-05
-1.1861365679244908e-05
-4.625109117626888e-05
-4.9491698854876866e-05
-3.781118118322269e-06
4.4634130668963185e-05
-1.1694774274672657e-05
2.9052395107650467e-05
-3.785436880937224e-05
4.1829465053523674e-05
1.1243168051282167e-05
-1.9297020848611955e-05
4.9809675305412905e-06
6.407065893053941e-06
-1.9861405995124606e-05
3.081668571026741e-05
1.847748759075312e-05
3.889392260269433e-05
2.2114487282942002e-05
1.342587833761444e-05
2.7157007984636448e-05
2.2362363258177235e-05
1.720601731253316e-06
1.0120888917823279e-05
2.6882732283064073e-05
-4.217131690025513e-06
4.753807805963444e-05
-8.462306595699229e-06
1.0690913857770789e-05
1.5099530337926737e-05
-4.50910763865749e-05
-2.8652384165416302e-05
-1.8278848797802928e-05
3.4191316181365275e-05
4.496844236976526e-05
-1.2062191717629267e-05
-6.465747267349873e-06
4.3700567280466144e-05
-5.269764530883446e-06
-4.526730809993142e-05
9.55191780277126e-06
-1.60099316299117e-06
-4.333068551809514e-06
-4.036152073284679e-05
-2.6928331814306273e-05
3.982026742822964e-05
-4.662776719776437e-05
-4.879251856003658e-05
-2.4827283140400626e-05
1.3890811841901794e-05
3.434875626960411e-05
-3.84891120093579e-05
9.475524295499336e-06
-4.422510509771629e-06
-1.5293615137071723e-06
-8.65724196801003e-06
4.015081046331329e-05
-2.609836350740381e-05
2.9010285231563156e-05
-3.0297705227552508e-05
9.29617624592567e-06
-6.845438969703265e-06
-4.1480463053188725e-05
-3.516772049385399e-05
-2.3955343511870333e-05
-3.64914392942486e-05
8.901922485253124e-06
-2.879092917692906e-05
-4.261175881203086e-05
2.939901593098002e-05
3.528871283924213e-05
-2.1036400502846345e-05
2.4114323359455382e-05
-4.717692745011647e-05
1.8993674933085467e-06
-3.6458389787075334e-05
-4.376098351021343e-05
-1.9189795282587955e-05
-2.6783240140642507e-05
1.0012951392685951e-05
1.2430522424941389e-06
2.551061661809038e-05
7.686377474425876e-06
-2.690426536514885e-05
2.2671493796522193e-05
-2.475504972156053e-05
-1.7908658911355483e-06
-3.334058217049771e-06
1.879449827964903e-05
4.8763026464690615e-05
3.236536113479443e-05
2.1589657099194697e-05
1.4214847680292743e-05
-4.2243460859609544e-05
-4.137097507943863e-05
-3.3569748948141965e-05
3.407339745193027e-05
-1.3288591749609104e-05
-1.4337574782862495e-05
-2.3168045560591818e-06
-1.1954781295341467e-05
-1.8953135767213125e-05
-2.683421197540421e-05
-2.131197021028728e-05
-3.297166914491755e-05
1.7497108064199826e-06
4.9064786582733595e-05
-4.458835670653787e-05
-3.9053710802131286e-05
-1.4800762767806796e-05
-3.486907319162897e-05
2.170348650095779e-05
2.2163814808415568e-05
3.1374197281208833e-05
-4.4698381027078986e-05
4.5657533520057486e-05
2.138231493661029e-05
4.4242906221260455e-06
-2.163860568599425e-05
1.83353195183618e-05
-2.9025617252480652e-05
2.084581041359783e-05
-2.8616518564851014e-05
4.58440606015353e-05
3.9305151663406996e-05
-4.268042211038433e-05
-8.07224694084335e-06
-4.6677085250355014e-05
-9.628020463618372e-06
3.3480225321234765e-05
3.0194015909054384e-05
4.328190745819698e-05
-3.7654657683210446e-05
2.345668494373737e-05
2.7011200673186546e-05
2.686684392774045e-05
-4.3457516524470914e-06
-4.454981179011174e-05
-2.5778074497683924e-05
3.9124132704788185e-06
-4.3096419740754824e-05
-1.2543934113331477e-05
-2.4770297409299392e-05
1.8316753726126636e-05
-3.043207520977829e-05
5.92558903266878e-06
-4.491150569696671e-05
4.220121146314233e-05
-1.8330048629157825e-05
2.9427443491551583e-05
4.985814573118198e-05
-3.652451436448265e-05
4.014728409698938e-05
3.306040285885091e-05
-2.2546829346695164e-05
3.9795181329024605e-05
3.7689522924746776e-05
4.633477086499846e-05
2.7360501605782344e-05
8.259746979706141e-06
1.4132374010578895e-05
6.040646179249021e-06
9.297838897362888e-07
3.4043382511732445e-05
3.739128117718096e-05
-5.760826587493628e-06
-8.69818518472353e-06
-4.803152664227427e-05
8.42082645918265e-06
-6.147790894402697e-06
-3.761422046955296e-05
-2.1640775170564148e-06
-4.9374320905928965e-05
-4.432676092254798e-05
-4.73961303255817e-05
3.5267570792958275e-05
4.610658191540467e-05
-8.823249177646033e-06
-5.8254787664069305e-06
-3.3645182046000637e-06
-4.9339526722443754e-05
-1.8081476897013367e-06
-4.6869809702450286e-05
1.4875412574780955e-05
2.5247399099295608e-05
1.1686917748074127e-05
1.8710065421045814e-05
-6.241580991915151e-06
-3.218831812365929e-05
-2.7445037028714648e-05
-5.239885401300984e-06
4.767311665921398e-05
-4.153200385774089e-05
-2.8174567983687676e-06
2.6676228148867372e-05
1.1659259092769386e-05
1.4863218627927695e-05
3.407317119913148e-05
-4.840599233743932e-05
2.392756882854294e-05
2.8442843792634725e-05
4.6636392485548184e-05
3.935359044917106e-05
5.671580954829593e-06
-2.015254886551411e-05
4.945285564415245e-05
3.3784164629128195e-05
-2.5275298971526028e-05
-3.388812451088543e-05
-1.1933202343020766e-05
-1.608806926074279e-05
4.68894489018511e-05
4.5580826919063904e-05
3.568196903361964e-05
-7.501801759791751e-06
3.591358688338759e-05
9.330791672898143e-06
2.2080414221622536e-05
-3.0626527227960455e-05
2.8933400994850778e-05
3.865654166889139e-05
-1.3088105518797978e-05
4.361720137753301e-05
-2.382475080479464e-05
-4.626601749342814e-05
-4.026836983792209e-05
2.5950476079856812e-05
4.6813778856091404e-05
2.6120686598872965e-05
-1.6671825054523592e-05
-1.5690349377442606e-05
-2.2683059337401847e-05
4.9811910968283454e-05
3.843818100727679e-05
-4.6977967000277576e-05
-2.683761358731154e-05
-4.109161923417365e-05
-8.444221125972495e-06
-3.089612109987519e-05
3.4228345768803744e-05
6.120037400875686e-06
-1.979446617492563e-05
-9.422509389413441e-07
-2.9075330758875152e-05
-3.895081336429561e-05
1.551336234905631e-05
-1.5321495391348417e-05
-3.102003389347612e-05
-3.677073710791788e-05
4.029672280356498e-05
-2.182237295514221e-05
-2.6588135910674557e-06
-3.12211098730351e-05
1.662051619450452e-05
2.041584188513732e-05
-3.469217959844885e-05
2.718645373952222e-05
2.1955777533175075e-05
4.4755203698294676e-05
-4.5168009053078205e-05
4.0424603181810934e-05
2.139423301489064e-05
4.8088743779911126e-05
3.222021384728216e-05
-2.4425434056663287e-05
-1.824826489263586e-05
2.4499101177797386e-05
-3.2434271490235764e-05
2.005280101355465e-05
