     Energy         Kx              Ky       F.Density    GA.Brill.       Flux  Tot.Power  Nat.Size  Nat.Div.    Size.x    Size.y     Div.x     Div.y   Coh.Flux  Coh.Power   CohFrac.x   CohFrac.y
         eV          -               -  ph/s/mr^2/0.1%  F.Dens/mm^2  ph/s/0.1%         kW         m       rad         m         m       rad       rad  ph/s/0.1%          W           -           -
1.45044e+03  0.000e+00       8.000e-01       1.634e+18    1.722e+21  1.387e+15  4.270e-01 7.142e-06 9.524e-06 1.985e-05 7.608e-06 1.223e-05 1.105e-05  3.145e+14  6.247e-02  2.8019e-01  8.0923e-01
1.39771e+03  0.000e+00       8.600e-01       1.730e+18    1.790e+21  1.519e+15  4.934e-01 7.276e-06 9.702e-06 1.990e-05 7.733e-06 1.241e-05 1.125e-05  3.520e+14  6.993e-02  2.8571e-01  8.1107e-01
1.34527e+03  0.000e+00       9.200e-01       1.810e+18    1.836e+21  1.645e+15  5.647e-01 7.416e-06 9.889e-06 1.995e-05 7.865e-06 1.261e-05 1.147e-05  3.898e+14  7.744e-02  2.9147e-01  8.1290e-01
1.29346e+03  0.000e+00       9.800e-01       1.874e+18    1.862e+21  1.765e+15  6.407e-01 7.563e-06 1.009e-05 2.001e-05 8.004e-06 1.282e-05 1.170e-05  4.277e+14  8.496e-02  2.9745e-01  8.1472e-01
1.24259e+03  0.000e+00       1.040e+00       1.921e+18    1.870e+21  1.877e+15  7.216e-01 7.717e-06 1.029e-05 2.007e-05 8.149e-06 1.303e-05 1.193e-05  4.654e+14  9.245e-02  3.0361e-01  8.1653e-01
1.19289e+03  0.000e+00       1.100e+00       1.954e+18    1.862e+21  1.982e+15  8.073e-01 7.876e-06 1.050e-05 2.013e-05 8.300e-06 1.326e-05 1.218e-05  5.028e+14  9.988e-02  3.0995e-01  8.1830e-01
1.14454e+03  0.000e+00       1.160e+00       1.974e+18    1.840e+21  2.080e+15  8.977e-01 8.040e-06 1.072e-05 2.019e-05 8.456e-06 1.349e-05 1.243e-05  5.398e+14  1.072e-01  3.1645e-01  8.2004e-01
1.09769e+03  0.000e+00       1.220e+00       1.982e+18    1.807e+21  2.171e+15  9.930e-01 8.210e-06 1.095e-05 2.026e-05 8.618e-06 1.373e-05 1.269e-05  5.763e+14  1.145e-01  3.2307e-01  8.2174e-01
1.05243e+03  0.000e+00       1.280e+00       1.980e+18    1.764e+21  2.255e+15  1.093e+00 8.385e-06 1.118e-05 2.033e-05 8.785e-06 1.398e-05 1.296e-05  6.121e+14  1.216e-01  3.2974e-01  8.2320e-01
1.00884e+03  0.000e+00       1.340e+00       1.969e+18    1.714e+21  2.332e+15  1.198e+00 8.564e-06 1.142e-05 2.041e-05 8.956e-06 1.424e-05 1.324e-05  6.473e+14  1.286e-01  3.3656e-01  8.2479e-01
9.66962e+02  0.000e+00       1.400e+00       1.950e+18    1.659e+21  2.402e+15  1.308e+00 8.748e-06 1.166e-05 2.049e-05 9.131e-06 1.450e-05 1.352e-05  6.818e+14  1.354e-01  3.4346e-01  8.2633e-01
9.26801e+02  0.000e+00       1.460e+00       1.924e+18    1.599e+21  2.467e+15  1.422e+00 8.935e-06 1.191e-05 2.057e-05 9.311e-06 1.477e-05 1.381e-05  7.156e+14  1.422e-01  3.5042e-01  8.2782e-01
8.88356e+02  0.000e+00       1.520e+00       1.894e+18    1.537e+21  2.526e+15  1.541e+00 9.126e-06 1.217e-05 2.065e-05 9.495e-06 1.505e-05 1.411e-05  7.486e+14  1.487e-01  3.5743e-01  8.2924e-01
8.51608e+02  0.000e+00       1.580e+00       1.859e+18    1.474e+21  2.580e+15  1.666e+00 9.321e-06 1.243e-05 2.074e-05 9.682e-06 1.533e-05 1.441e-05  7.809e+14  1.551e-01  3.6447e-01  8.3062e-01
8.16524e+02  0.000e+00       1.640e+00       1.821e+18    1.409e+21  2.629e+15  1.794e+00 9.519e-06 1.269e-05 2.083e-05 9.873e-06 1.562e-05 1.471e-05  8.125e+14  1.614e-01  3.7153e-01  8.3194e-01
7.83061e+02  0.000e+00       1.700e+00       1.780e+18    1.345e+21  2.673e+15  1.928e+00 9.721e-06 1.296e-05 2.092e-05 1.007e-05 1.591e-05 1.502e-05  8.432e+14  1.675e-01  3.7861e-01  8.3321e-01
7.51171e+02  0.000e+00       1.760e+00       1.738e+18    1.282e+21  2.714e+15  2.067e+00 9.925e-06 1.323e-05 2.102e-05 1.026e-05 1.621e-05 1.534e-05  8.733e+14  1.735e-01  3.8568e-01  8.3442e-01
7.20798e+02  0.000e+00       1.820e+00       1.694e+18    1.220e+21  2.751e+15  2.210e+00 1.013e-05 1.351e-05 2.111e-05 1.046e-05 1.651e-05 1.565e-05  9.027e+14  1.793e-01  3.9274e-01  8.3558e-01
6.91885e+02  0.000e+00       1.880e+00       1.650e+18    1.160e+21  2.785e+15  2.358e+00 1.034e-05 1.379e-05 2.122e-05 1.067e-05 1.682e-05 1.598e-05  9.313e+14  1.850e-01  3.9971e-01  8.3653e-01
6.64371e+02  0.000e+00       1.940e+00       1.605e+18    1.102e+21  2.816e+15  2.511e+00 1.055e-05 1.407e-05 2.132e-05 1.087e-05 1.713e-05 1.631e-05  9.593e+14  1.906e-01  4.0672e-01  8.3759e-01
6.38195e+02  0.000e+00       2.000e+00       1.560e+18    1.046e+21  2.844e+15  2.669e+00 1.077e-05 1.436e-05 2.143e-05 1.108e-05 1.744e-05 1.664e-05  9.866e+14  1.960e-01  4.1369e-01  8.3860e-01
6.13295e+02  0.000e+00       2.060e+00       1.515e+18    9.916e+20  2.869e+15  2.831e+00 1.098e-05 1.465e-05 2.154e-05 1.129e-05 1.776e-05 1.697e-05  1.013e+15  2.013e-01  4.2062e-01  8.3956e-01
5.89611e+02  0.000e+00       2.120e+00       1.471e+18    9.401e+20  2.892e+15  2.999e+00 1.120e-05 1.494e-05 2.165e-05 1.150e-05 1.808e-05 1.731e-05  1.039e+15  2.064e-01  4.2751e-01  8.4049e-01
5.67083e+02  0.000e+00       2.180e+00       1.428e+18    8.908e+20  2.913e+15  3.171e+00 1.142e-05 1.523e-05 2.176e-05 1.172e-05 1.841e-05 1.765e-05  1.065e+15  2.115e-01  4.3433e-01  8.4137e-01
5.45652e+02  0.000e+00       2.240e+00       1.385e+18    8.440e+20  2.932e+15  3.348e+00 1.164e-05 1.553e-05 2.188e-05 1.194e-05 1.873e-05 1.799e-05  1.089e+15  2.164e-01  4.4110e-01  8.4221e-01
5.25263e+02  0.000e+00       2.300e+00       1.343e+18    7.995e+20  2.950e+15  3.529e+00 1.187e-05 1.583e-05 2.200e-05 1.215e-05 1.907e-05 1.833e-05  1.114e+15  2.212e-01  4.4781e-01  8.4301e-01
5.05862e+02  0.000e+00       2.360e+00       1.303e+18    7.573e+20  2.966e+15  3.716e+00 1.209e-05 1.613e-05 2.212e-05 1.237e-05 1.940e-05 1.868e-05  1.137e+15  2.259e-01  4.5445e-01  8.4378e-01
4.87395e+02  0.000e+00       2.420e+00       1.263e+18    7.173e+20  2.981e+15  3.907e+00 1.232e-05 1.643e-05 2.225e-05 1.260e-05 1.974e-05 1.903e-05  1.160e+15  2.305e-01  4.6094e-01  8.4438e-01
4.69814e+02  0.000e+00       2.480e+00       1.225e+18    6.794e+20  2.995e+15  4.103e+00 1.255e-05 1.673e-05 2.237e-05 1.282e-05 2.008e-05 1.938e-05  1.183e+15  2.350e-01  4.6743e-01  8.4508e-01
4.53070e+02  0.000e+00       2.540e+00       1.187e+18    6.437e+20  3.007e+15  4.304e+00 1.278e-05 1.704e-05 2.250e-05 1.305e-05 2.042e-05 1.974e-05  1.205e+15  2.394e-01  4.7384e-01  8.4574e-01
4.37120e+02  0.000e+00       2.600e+00       1.151e+18    6.099e+20  3.018e+15  4.510e+00 1.301e-05 1.735e-05 2.264e-05 1.327e-05 2.077e-05 2.009e-05  1.227e+15  2.437e-01  4.8017e-01  8.4638e-01
4.21919e+02  0.000e+00       2.660e+00       1.116e+18    5.779e+20  3.028e+15  4.721e+00 1.324e-05 1.766e-05 2.277e-05 1.350e-05 2.111e-05 2.045e-05  1.248e+15  2.478e-01  4.8642e-01  8.4699e-01
4.07428e+02  0.000e+00       2.720e+00       1.082e+18    5.478e+20  3.038e+15  4.936e+00 1.348e-05 1.797e-05 2.291e-05 1.373e-05 2.146e-05 2.081e-05  1.268e+15  2.519e-01  4.9258e-01  8.4757e-01
3.93607e+02  0.000e+00       2.780e+00       1.050e+18    5.194e+20  3.046e+15  5.156e+00 1.371e-05 1.828e-05 2.305e-05 1.396e-05 2.181e-05 2.117e-05  1.288e+15  2.559e-01  4.9866e-01  8.4813e-01
3.80421e+02  0.000e+00       2.840e+00       1.018e+18    4.926e+20  3.054e+15  5.381e+00 1.395e-05 1.860e-05 2.319e-05 1.419e-05 2.216e-05 2.154e-05  1.308e+15  2.599e-01  5.0466e-01  8.4867e-01
3.67836e+02  0.000e+00       2.900e+00       9.880e+17    4.673e+20  3.062e+15  5.611e+00 1.418e-05 1.891e-05 2.333e-05 1.442e-05 2.252e-05 2.190e-05  1.327e+15  2.637e-01  5.1056e-01  8.4918e-01
3.55818e+02  0.000e+00       2.960e+00       9.588e+17    4.435e+20  3.069e+15  5.845e+00 1.442e-05 1.923e-05 2.348e-05 1.466e-05 2.288e-05 2.227e-05  1.346e+15  2.674e-01  5.1631e-01  8.4955e-01
3.44337e+02  0.000e+00       3.020e+00       9.306e+17    4.210e+20  3.075e+15  6.085e+00 1.466e-05 1.955e-05 2.362e-05 1.489e-05 2.324e-05 2.264e-05  1.365e+15  2.711e-01  5.2203e-01  8.5002e-01
3.33365e+02  0.000e+00       3.080e+00       9.034e+17    3.998e+20  3.081e+15  6.329e+00 1.490e-05 1.987e-05 2.377e-05 1.513e-05 2.359e-05 2.301e-05  1.383e+15  2.747e-01  5.2767e-01  8.5046e-01
3.22875e+02  0.000e+00       3.140e+00       8.772e+17    3.799e+20  3.086e+15  6.578e+00 1.514e-05 2.019e-05 2.392e-05 1.536e-05 2.396e-05 2.338e-05  1.400e+15  2.782e-01  5.3321e-01  8.5089e-01
3.12841e+02  0.000e+00       3.200e+00       8.520e+17    3.610e+20  3.091e+15  6.832e+00 1.538e-05 2.051e-05 2.408e-05 1.560e-05 2.432e-05 2.375e-05  1.418e+15  2.816e-01  5.3867e-01  8.5131e-01
3.03238e+02  0.000e+00       3.260e+00       8.277e+17    3.432e+20  3.096e+15  7.090e+00 1.562e-05 2.083e-05 2.423e-05 1.584e-05 2.468e-05 2.412e-05  1.434e+15  2.849e-01  5.4403e-01  8.5170e-01
2.94045e+02  0.000e+00       3.320e+00       8.042e+17    3.264e+20  3.100e+15  7.354e+00 1.586e-05 2.115e-05 2.439e-05 1.608e-05 2.505e-05 2.449e-05  1.451e+15  2.882e-01  5.4931e-01  8.5208e-01
2.85240e+02  0.000e+00       3.380e+00       7.817e+17    3.106e+20  3.104e+15  7.622e+00 1.611e-05 2.148e-05 2.455e-05 1.632e-05 2.541e-05 2.487e-05  1.467e+15  2.914e-01  5.5450e-01  8.5245e-01
2.76802e+02  0.000e+00       3.440e+00       7.600e+17    2.956e+20  3.107e+15  7.895e+00 1.635e-05 2.180e-05 2.471e-05 1.656e-05 2.578e-05 2.524e-05  1.483e+15  2.946e-01  5.5960e-01  8.5280e-01
2.68714e+02  0.000e+00       3.500e+00       7.390e+17    2.815e+20  3.111e+15  8.173e+00 1.659e-05 2.213e-05 2.487e-05 1.680e-05 2.615e-05 2.562e-05  1.498e+15  2.976e-01  5.6454e-01  8.5303e-01
2.60956e+02  0.000e+00       3.560e+00       7.189e+17    2.682e+20  3.115e+15  8.455e+00 1.684e-05 2.245e-05 2.503e-05 1.704e-05 2.652e-05 2.600e-05  1.513e+15  3.006e-01  5.6946e-01  8.5335e-01
2.53514e+02  0.000e+00       3.620e+00       6.994e+17    2.556e+20  3.117e+15  8.743e+00 1.708e-05 2.278e-05 2.520e-05 1.728e-05 2.689e-05 2.638e-05  1.528e+15  3.036e-01  5.7429e-01  8.5366e-01
2.46369e+02  0.000e+00       3.680e+00       6.807e+17    2.437e+20  3.120e+15  9.035e+00 1.733e-05 2.311e-05 2.537e-05 1.753e-05 2.726e-05 2.676e-05  1.543e+15  3.065e-01  5.7904e-01  8.5396e-01
2.39509e+02  0.000e+00       3.740e+00       6.626e+17    2.324e+20  3.122e+15  9.332e+00 1.758e-05 2.344e-05 2.554e-05 1.777e-05 2.764e-05 2.714e-05  1.557e+15  3.093e-01  5.8370e-01  8.5425e-01
2.32918e+02  0.000e+00       3.800e+00       6.452e+17    2.217e+20  3.125e+15  9.634e+00 1.782e-05 2.377e-05 2.571e-05 1.801e-05 2.801e-05 2.752e-05  1.571e+15  3.120e-01  5.8828e-01  8.5453e-01
