     Energy         Kx              Ky       F.Density    GA.Brill.       Flux  Tot.Power  Nat.Size  Nat.Div.    Size.x    Size.y     Div.x     Div.y   Coh.Flux  Coh.Power   CohFrac.x   CohFrac.y
         eV          -               -  ph/s/mr^2/0.1%  F.Dens/mm^2  ph/s/0.1%         kW         m       rad         m         m       rad       rad  ph/s/0.1%          W           -           -
1.60134e+04  2.758e-01       2.758e-01       0.000e+00    0.000e+00  0.000e+00  1.015e-01 2.150e-06 2.866e-06 1.865e-05 3.389e-06 9.639e-06 8.091e-06  0.000e+00  0.000e+00  3.4276e-02  2.2472e-01
1.57718e+04  3.042e-01       3.042e-01       0.000e+00    0.000e+00  0.000e+00  1.235e-01 2.166e-06 2.888e-06 1.865e-05 3.399e-06 9.691e-06 8.152e-06  0.000e+00  0.000e+00  3.4613e-02  2.2576e-01
1.55147e+04  3.326e-01       3.326e-01       0.000e+00    0.000e+00  0.000e+00  1.476e-01 2.184e-06 2.912e-06 1.865e-05 3.411e-06 9.747e-06 8.219e-06  0.000e+00  0.000e+00  3.4980e-02  2.2687e-01
1.52441e+04  3.610e-01       3.610e-01       0.000e+00    0.000e+00  0.000e+00  1.739e-01 2.203e-06 2.938e-06 1.865e-05 3.423e-06 9.808e-06 8.291e-06  0.000e+00  0.000e+00  3.5376e-02  2.2807e-01
1.49617e+04  3.895e-01       3.895e-01       0.000e+00    0.000e+00  0.000e+00  2.024e-01 2.224e-06 2.965e-06 1.866e-05 3.436e-06 9.873e-06 8.368e-06  0.000e+00  0.000e+00  3.5801e-02  2.2933e-01
1.46694e+04  4.179e-01       4.179e-01       0.000e+00    0.000e+00  0.000e+00  2.330e-01 2.246e-06 2.995e-06 1.866e-05 3.451e-06 9.943e-06 8.450e-06  0.000e+00  0.000e+00  3.6252e-02  2.3066e-01
1.43689e+04  4.463e-01       4.463e-01       0.000e+00    0.000e+00  0.000e+00  2.658e-01 2.269e-06 3.026e-06 1.866e-05 3.466e-06 1.002e-05 8.537e-06  0.000e+00  0.000e+00  3.6731e-02  2.3206e-01
1.40619e+04  4.748e-01       4.748e-01       0.000e+00    0.000e+00  0.000e+00  3.007e-01 2.294e-06 3.059e-06 1.867e-05 3.482e-06 1.010e-05 8.629e-06  0.000e+00  0.000e+00  3.7235e-02  2.3351e-01
1.37499e+04  5.032e-01       5.032e-01       0.000e+00    0.000e+00  0.000e+00  3.378e-01 2.320e-06 3.093e-06 1.867e-05 3.499e-06 1.018e-05 8.726e-06  0.000e+00  0.000e+00  3.7764e-02  2.3501e-01
1.34346e+04  5.316e-01       5.316e-01       0.000e+00    0.000e+00  0.000e+00  3.771e-01 2.347e-06 3.129e-06 1.867e-05 3.517e-06 1.026e-05 8.827e-06  0.000e+00  0.000e+00  3.8317e-02  2.3655e-01
1.31173e+04  5.600e-01       5.600e-01       0.000e+00    0.000e+00  0.000e+00  4.185e-01 2.375e-06 3.167e-06 1.868e-05 3.536e-06 1.036e-05 8.932e-06  0.000e+00  0.000e+00  3.8893e-02  2.3814e-01
1.27992e+04  5.885e-01       5.885e-01       0.000e+00    0.000e+00  0.000e+00  4.620e-01 2.404e-06 3.206e-06 1.868e-05 3.556e-06 1.045e-05 9.042e-06  0.000e+00  0.000e+00  3.9490e-02  2.3976e-01
1.24815e+04  6.169e-01       6.169e-01       0.000e+00    0.000e+00  0.000e+00  5.078e-01 2.435e-06 3.247e-06 1.868e-05 3.576e-06 1.055e-05 9.155e-06  0.000e+00  0.000e+00  4.0109e-02  2.4142e-01
1.21654e+04  6.453e-01       6.453e-01       0.000e+00    0.000e+00  0.000e+00  5.556e-01 2.466e-06 3.289e-06 1.869e-05 3.598e-06 1.065e-05 9.273e-06  0.000e+00  0.000e+00  4.0749e-02  2.4310e-01
1.18516e+04  6.737e-01       6.737e-01       0.000e+00    0.000e+00  0.000e+00  6.057e-01 2.499e-06 3.332e-06 1.869e-05 3.620e-06 1.076e-05 9.394e-06  0.000e+00  0.000e+00  4.1407e-02  2.4480e-01
1.15412e+04  7.022e-01       7.022e-01       0.000e+00    0.000e+00  0.000e+00  6.579e-01 2.532e-06 3.376e-06 1.870e-05 3.643e-06 1.087e-05 9.518e-06  0.000e+00  0.000e+00  4.2084e-02  2.4652e-01
1.12347e+04  7.306e-01       7.306e-01       0.000e+00    0.000e+00  0.000e+00  7.122e-01 2.566e-06 3.422e-06 1.870e-05 3.667e-06 1.098e-05 9.646e-06  0.000e+00  0.000e+00  4.2779e-02  2.4825e-01
1.09329e+04  7.590e-01       7.590e-01       0.000e+00    0.000e+00  0.000e+00  7.687e-01 2.601e-06 3.469e-06 1.871e-05 3.692e-06 1.109e-05 9.778e-06  0.000e+00  0.000e+00  4.3490e-02  2.4999e-01
1.06362e+04  7.874e-01       7.874e-01       0.000e+00    0.000e+00  0.000e+00  8.274e-01 2.638e-06 3.517e-06 1.871e-05 3.717e-06 1.121e-05 9.912e-06  0.000e+00  0.000e+00  4.4218e-02  2.5174e-01
1.03452e+04  8.159e-01       8.159e-01       0.000e+00    0.000e+00  0.000e+00  8.882e-01 2.674e-06 3.566e-06 1.872e-05 3.744e-06 1.134e-05 1.005e-05  0.000e+00  0.000e+00  4.4955e-02  2.5345e-01
1.00602e+04  8.443e-01       8.443e-01       0.000e+00    0.000e+00  0.000e+00  9.511e-01 2.712e-06 3.616e-06 1.872e-05 3.771e-06 1.146e-05 1.019e-05  0.000e+00  0.000e+00  4.5712e-02  2.5520e-01
9.78146e+03  8.727e-01       8.727e-01       0.000e+00    0.000e+00  0.000e+00  1.016e+00 2.750e-06 3.667e-06 1.873e-05 3.798e-06 1.159e-05 1.034e-05  0.000e+00  0.000e+00  4.6483e-02  2.5694e-01
9.50928e+03  9.011e-01       9.011e-01       0.000e+00    0.000e+00  0.000e+00  1.084e+00 2.789e-06 3.720e-06 1.873e-05 3.827e-06 1.172e-05 1.048e-05  0.000e+00  0.000e+00  4.7266e-02  2.5868e-01
9.24381e+03  9.296e-01       9.296e-01       0.000e+00    0.000e+00  0.000e+00  1.153e+00 2.829e-06 3.773e-06 1.874e-05 3.856e-06 1.185e-05 1.063e-05  0.000e+00  0.000e+00  4.8062e-02  2.6041e-01
8.98518e+03  9.580e-01       9.580e-01       0.000e+00    0.000e+00  0.000e+00  1.225e+00 2.870e-06 3.827e-06 1.874e-05 3.886e-06 1.199e-05 1.078e-05  0.000e+00  0.000e+00  4.8869e-02  2.6212e-01
8.73348e+03  9.864e-01       9.864e-01       0.000e+00    0.000e+00  0.000e+00  1.298e+00 2.911e-06 3.881e-06 1.875e-05 3.916e-06 1.213e-05 1.093e-05  0.000e+00  0.000e+00  4.9688e-02  2.6383e-01
8.48873e+03  1.015e+00       1.015e+00       0.000e+00    0.000e+00  0.000e+00  1.374e+00 2.952e-06 3.937e-06 1.876e-05 3.947e-06 1.227e-05 1.109e-05  0.000e+00  0.000e+00  5.0517e-02  2.6552e-01
8.25093e+03  1.043e+00       1.043e+00       0.000e+00    0.000e+00  0.000e+00  1.452e+00 2.995e-06 3.993e-06 1.876e-05 3.979e-06 1.241e-05 1.125e-05  0.000e+00  0.000e+00  5.1356e-02  2.6719e-01
8.02006e+03  1.072e+00       1.072e+00       0.000e+00    0.000e+00  0.000e+00  1.533e+00 3.037e-06 4.050e-06 1.877e-05 4.011e-06 1.255e-05 1.141e-05  0.000e+00  0.000e+00  5.2204e-02  2.6884e-01
7.79605e+03  1.100e+00       1.100e+00       0.000e+00    0.000e+00  0.000e+00  1.615e+00 3.081e-06 4.108e-06 1.878e-05 4.044e-06 1.270e-05 1.157e-05  0.000e+00  0.000e+00  5.3061e-02  2.7047e-01
7.57882e+03  1.129e+00       1.129e+00       0.000e+00    0.000e+00  0.000e+00  1.699e+00 3.125e-06 4.166e-06 1.879e-05 4.077e-06 1.285e-05 1.173e-05  0.000e+00  0.000e+00  5.3926e-02  2.7209e-01
7.36827e+03  1.157e+00       1.157e+00       0.000e+00    0.000e+00  0.000e+00  1.786e+00 3.169e-06 4.226e-06 1.879e-05 4.112e-06 1.300e-05 1.190e-05  0.000e+00  0.000e+00  5.4798e-02  2.7368e-01
7.16429e+03  1.185e+00       1.185e+00       0.000e+00    0.000e+00  0.000e+00  1.875e+00 3.214e-06 4.285e-06 1.880e-05 4.146e-06 1.316e-05 1.207e-05  0.000e+00  0.000e+00  5.5679e-02  2.7524e-01
6.96675e+03  1.214e+00       1.214e+00       0.000e+00    0.000e+00  0.000e+00  1.966e+00 3.259e-06 4.346e-06 1.881e-05 4.181e-06 1.331e-05 1.224e-05  0.000e+00  0.000e+00  5.6566e-02  2.7679e-01
6.77550e+03  1.242e+00       1.242e+00       0.000e+00    0.000e+00  0.000e+00  2.059e+00 3.305e-06 4.407e-06 1.882e-05 4.217e-06 1.347e-05 1.241e-05  0.000e+00  0.000e+00  5.7459e-02  2.7831e-01
6.59039e+03  1.271e+00       1.271e+00       0.000e+00    0.000e+00  0.000e+00  2.154e+00 3.351e-06 4.468e-06 1.882e-05 4.253e-06 1.363e-05 1.258e-05  0.000e+00  0.000e+00  5.8359e-02  2.7980e-01
6.41127e+03  1.299e+00       1.299e+00       0.000e+00    0.000e+00  0.000e+00  2.252e+00 3.397e-06 4.530e-06 1.883e-05 4.290e-06 1.379e-05 1.275e-05  0.000e+00  0.000e+00  5.9264e-02  2.8127e-01
6.23798e+03  1.328e+00       1.328e+00       0.000e+00    0.000e+00  0.000e+00  2.352e+00 3.444e-06 4.592e-06 1.884e-05 4.327e-06 1.395e-05 1.293e-05  0.000e+00  0.000e+00  6.0175e-02  2.8271e-01
6.07035e+03  1.356e+00       1.356e+00       0.000e+00    0.000e+00  0.000e+00  2.453e+00 3.491e-06 4.655e-06 1.885e-05 4.365e-06 1.411e-05 1.311e-05  0.000e+00  0.000e+00  6.1090e-02  2.8413e-01
5.90822e+03  1.384e+00       1.384e+00       0.000e+00    0.000e+00  0.000e+00  2.557e+00 3.539e-06 4.719e-06 1.886e-05 4.403e-06 1.428e-05 1.328e-05  0.000e+00  0.000e+00  6.2011e-02  2.8552e-01
5.75142e+03  1.413e+00       1.413e+00       0.000e+00    0.000e+00  0.000e+00  2.663e+00 3.587e-06 4.783e-06 1.887e-05 4.442e-06 1.445e-05 1.346e-05  0.000e+00  0.000e+00  6.2935e-02  2.8688e-01
5.59978e+03  1.441e+00       1.441e+00       0.000e+00    0.000e+00  0.000e+00  2.772e+00 3.635e-06 4.847e-06 1.888e-05 4.481e-06 1.461e-05 1.364e-05  0.000e+00  0.000e+00  6.3864e-02  2.8822e-01
5.45315e+03  1.470e+00       1.470e+00       0.000e+00    0.000e+00  0.000e+00  2.882e+00 3.684e-06 4.912e-06 1.889e-05 4.520e-06 1.478e-05 1.382e-05  0.000e+00  0.000e+00  6.4796e-02  2.8953e-01
5.31135e+03  1.498e+00       1.498e+00       0.000e+00    0.000e+00  0.000e+00  2.995e+00 3.732e-06 4.977e-06 1.890e-05 4.560e-06 1.496e-05 1.401e-05  0.000e+00  0.000e+00  6.5732e-02  2.9082e-01
5.17423e+03  1.527e+00       1.527e+00       0.000e+00    0.000e+00  0.000e+00  3.109e+00 3.782e-06 5.042e-06 1.891e-05 4.600e-06 1.513e-05 1.419e-05  0.000e+00  0.000e+00  6.6671e-02  2.9208e-01
5.04162e+03  1.555e+00       1.555e+00       0.000e+00    0.000e+00  0.000e+00  3.226e+00 3.831e-06 5.108e-06 1.892e-05 4.641e-06 1.530e-05 1.438e-05  0.000e+00  0.000e+00  6.7614e-02  2.9331e-01
4.91338e+03  1.583e+00       1.583e+00       0.000e+00    0.000e+00  0.000e+00  3.345e+00 3.881e-06 5.175e-06 1.893e-05 4.682e-06 1.548e-05 1.456e-05  0.000e+00  0.000e+00  6.8558e-02  2.9452e-01
4.78935e+03  1.612e+00       1.612e+00       0.000e+00    0.000e+00  0.000e+00  3.466e+00 3.931e-06 5.241e-06 1.894e-05 4.724e-06 1.565e-05 1.475e-05  0.000e+00  0.000e+00  6.9506e-02  2.9570e-01
4.66937e+03  1.640e+00       1.640e+00       0.000e+00    0.000e+00  0.000e+00  3.590e+00 3.981e-06 5.308e-06 1.895e-05 4.765e-06 1.583e-05 1.494e-05  0.000e+00  0.000e+00  7.0448e-02  2.9683e-01
4.55332e+03  1.669e+00       1.669e+00       0.000e+00    0.000e+00  0.000e+00  3.715e+00 4.031e-06 5.375e-06 1.896e-05 4.808e-06 1.601e-05 1.513e-05  0.000e+00  0.000e+00  7.1400e-02  2.9796e-01
4.44105e+03  1.697e+00       1.697e+00       0.000e+00    0.000e+00  0.000e+00  3.843e+00 4.082e-06 5.443e-06 1.897e-05 4.850e-06 1.619e-05 1.532e-05  0.000e+00  0.000e+00  7.2353e-02  2.9906e-01
