     Energy         Kx              Ky       F.Density    GA.Brill.       Flux  Tot.Power  Nat.Size  Nat.Div.    Size.x    Size.y     Div.x     Div.y   Coh.Flux  Coh.Power   CohFrac.x   CohFrac.y
         eV          -               -  ph/s/mr^2/0.1%  F.Dens/mm^2  ph/s/0.1%         kW         m       rad         m         m       rad       rad  ph/s/0.1%          W           -           -
4.91676e+03  4.101e-01       4.101e-01       0.000e+00    0.000e+00  0.000e+00  2.244e-01 3.879e-06 5.173e-06 1.893e-05 4.681e-06 1.026e-05 8.820e-06  0.000e+00  0.000e+00  1.0335e-01  4.8604e-01
4.77650e+03  4.500e-01       4.500e-01       0.000e+00    0.000e+00  0.000e+00  2.702e-01 3.936e-06 5.248e-06 1.894e-05 4.728e-06 1.037e-05 8.948e-06  0.000e+00  0.000e+00  1.0520e-01  4.8828e-01
4.63211e+03  4.899e-01       4.899e-01       0.000e+00    0.000e+00  0.000e+00  3.202e-01 3.997e-06 5.329e-06 1.895e-05 4.779e-06 1.049e-05 9.085e-06  0.000e+00  0.000e+00  1.0717e-01  4.9061e-01
4.48503e+03  5.298e-01       5.298e-01       0.000e+00    0.000e+00  0.000e+00  3.745e-01 4.062e-06 5.416e-06 1.896e-05 4.833e-06 1.061e-05 9.232e-06  0.000e+00  0.000e+00  1.0928e-01  4.9303e-01
4.33656e+03  5.696e-01       5.696e-01       0.000e+00    0.000e+00  0.000e+00  4.330e-01 4.131e-06 5.508e-06 1.898e-05 4.891e-06 1.075e-05 9.387e-06  0.000e+00  0.000e+00  1.1151e-01  4.9550e-01
4.18787e+03  6.095e-01       6.095e-01       0.000e+00    0.000e+00  0.000e+00  4.957e-01 4.203e-06 5.605e-06 1.899e-05 4.953e-06 1.089e-05 9.551e-06  0.000e+00  0.000e+00  1.1385e-01  4.9802e-01
4.03998e+03  6.494e-01       6.494e-01       0.000e+00    0.000e+00  0.000e+00  5.627e-01 4.280e-06 5.707e-06 1.901e-05 5.018e-06 1.105e-05 9.723e-06  0.000e+00  0.000e+00  1.1630e-01  5.0055e-01
3.89376e+03  6.893e-01       6.893e-01       0.000e+00    0.000e+00  0.000e+00  6.340e-01 4.359e-06 5.813e-06 1.903e-05 5.086e-06 1.120e-05 9.903e-06  0.000e+00  0.000e+00  1.1885e-01  5.0310e-01
3.74995e+03  7.292e-01       7.292e-01       0.000e+00    0.000e+00  0.000e+00  7.094e-01 4.442e-06 5.923e-06 1.905e-05 5.157e-06 1.137e-05 1.009e-05  0.000e+00  0.000e+00  1.2149e-01  5.0564e-01
3.60916e+03  7.690e-01       7.690e-01       0.000e+00    0.000e+00  0.000e+00  7.892e-01 4.528e-06 6.038e-06 1.907e-05 5.231e-06 1.154e-05 1.028e-05  0.000e+00  0.000e+00  1.2421e-01  5.0817e-01
3.47187e+03  8.089e-01       8.089e-01       0.000e+00    0.000e+00  0.000e+00  8.731e-01 4.616e-06 6.156e-06 1.909e-05 5.308e-06 1.172e-05 1.048e-05  0.000e+00  0.000e+00  1.2701e-01  5.1067e-01
3.33846e+03  8.488e-01       8.488e-01       0.000e+00    0.000e+00  0.000e+00  9.614e-01 4.708e-06 6.278e-06 1.911e-05 5.388e-06 1.191e-05 1.069e-05  0.000e+00  0.000e+00  1.2988e-01  5.1313e-01
3.20921e+03  8.887e-01       8.887e-01       0.000e+00    0.000e+00  0.000e+00  1.054e+00 4.802e-06 6.403e-06 1.914e-05 5.470e-06 1.210e-05 1.090e-05  0.000e+00  0.000e+00  1.3282e-01  5.1556e-01
3.08431e+03  9.286e-01       9.286e-01       0.000e+00    0.000e+00  0.000e+00  1.151e+00 4.898e-06 6.531e-06 1.916e-05 5.554e-06 1.229e-05 1.112e-05  0.000e+00  0.000e+00  1.3582e-01  5.1793e-01
2.96390e+03  9.685e-01       9.685e-01       0.000e+00    0.000e+00  0.000e+00  1.251e+00 4.996e-06 6.662e-06 1.919e-05 5.642e-06 1.249e-05 1.134e-05  0.000e+00  0.000e+00  1.3887e-01  5.2025e-01
2.84804e+03  1.008e+00       1.008e+00       0.000e+00    0.000e+00  0.000e+00  1.357e+00 5.097e-06 6.797e-06 1.921e-05 5.731e-06 1.270e-05 1.157e-05  0.000e+00  0.000e+00  1.4195e-01  5.2241e-01
2.73674e+03  1.048e+00       1.048e+00       0.000e+00    0.000e+00  0.000e+00  1.466e+00 5.200e-06 6.933e-06 1.924e-05 5.822e-06 1.291e-05 1.180e-05  0.000e+00  0.000e+00  1.4510e-01  5.2460e-01
2.62998e+03  1.088e+00       1.088e+00       0.000e+00    0.000e+00  0.000e+00  1.580e+00 5.304e-06 7.073e-06 1.927e-05 5.916e-06 1.313e-05 1.204e-05  0.000e+00  0.000e+00  1.4828e-01  5.2673e-01
2.52769e+03  1.128e+00       1.128e+00       0.000e+00    0.000e+00  0.000e+00  1.698e+00 5.410e-06 7.214e-06 1.930e-05 6.011e-06 1.335e-05 1.228e-05  0.000e+00  0.000e+00  1.5150e-01  5.2880e-01
2.42979e+03  1.168e+00       1.168e+00       0.000e+00    0.000e+00  0.000e+00  1.820e+00 5.518e-06 7.358e-06 1.933e-05 6.109e-06 1.358e-05 1.252e-05  0.000e+00  0.000e+00  1.5476e-01  5.3080e-01
2.33616e+03  1.208e+00       1.208e+00       0.000e+00    0.000e+00  0.000e+00  1.946e+00 5.628e-06 7.504e-06 1.936e-05 6.208e-06 1.380e-05 1.277e-05  0.000e+00  0.000e+00  1.5803e-01  5.3273e-01
2.24668e+03  1.248e+00       1.248e+00       0.000e+00    0.000e+00  0.000e+00  2.077e+00 5.739e-06 7.652e-06 1.939e-05 6.308e-06 1.404e-05 1.302e-05  0.000e+00  0.000e+00  1.6134e-01  5.3460e-01
2.16121e+03  1.288e+00       1.288e+00       0.000e+00    0.000e+00  0.000e+00  2.212e+00 5.851e-06 7.802e-06 1.943e-05 6.411e-06 1.427e-05 1.328e-05  0.000e+00  0.000e+00  1.6466e-01  5.3640e-01
2.07961e+03  1.327e+00       1.327e+00       0.000e+00    0.000e+00  0.000e+00  2.351e+00 5.965e-06 7.954e-06 1.946e-05 6.515e-06 1.451e-05 1.353e-05  0.000e+00  0.000e+00  1.6800e-01  5.3814e-01
2.00172e+03  1.367e+00       1.367e+00       0.000e+00    0.000e+00  0.000e+00  2.494e+00 6.080e-06 8.107e-06 1.950e-05 6.620e-06 1.475e-05 1.379e-05  0.000e+00  0.000e+00  1.7135e-01  5.3981e-01
1.92740e+03  1.407e+00       1.407e+00       0.000e+00    0.000e+00  0.000e+00  2.642e+00 6.196e-06 8.262e-06 1.953e-05 6.727e-06 1.500e-05 1.405e-05  0.000e+00  0.000e+00  1.7472e-01  5.4143e-01
1.85649e+03  1.447e+00       1.447e+00       0.000e+00    0.000e+00  0.000e+00  2.794e+00 6.313e-06 8.418e-06 1.957e-05 6.835e-06 1.525e-05 1.432e-05  0.000e+00  0.000e+00  1.7809e-01  5.4298e-01
1.78884e+03  1.487e+00       1.487e+00       0.000e+00    0.000e+00  0.000e+00  2.950e+00 6.431e-06 8.576e-06 1.961e-05 6.944e-06 1.550e-05 1.459e-05  0.000e+00  0.000e+00  1.8148e-01  5.4447e-01
1.72430e+03  1.527e+00       1.527e+00       0.000e+00    0.000e+00  0.000e+00  3.110e+00 6.551e-06 8.735e-06 1.965e-05 7.055e-06 1.575e-05 1.486e-05  0.000e+00  0.000e+00  1.8486e-01  5.4591e-01
1.66272e+03  1.567e+00       1.567e+00       0.000e+00    0.000e+00  0.000e+00  3.275e+00 6.671e-06 8.895e-06 1.969e-05 7.167e-06 1.601e-05 1.513e-05  0.000e+00  0.000e+00  1.8825e-01  5.4729e-01
1.60396e+03  1.607e+00       1.607e+00       0.000e+00    0.000e+00  0.000e+00  3.444e+00 6.792e-06 9.057e-06 1.973e-05 7.280e-06 1.627e-05 1.540e-05  0.000e+00  0.000e+00  1.9161e-01  5.4854e-01
1.54788e+03  1.646e+00       1.646e+00       0.000e+00    0.000e+00  0.000e+00  3.617e+00 6.914e-06 9.219e-06 1.977e-05 7.394e-06 1.653e-05 1.568e-05  0.000e+00  0.000e+00  1.9500e-01  5.4981e-01
1.49435e+03  1.686e+00       1.686e+00       0.000e+00    0.000e+00  0.000e+00  3.794e+00 7.037e-06 9.383e-06 1.982e-05 7.508e-06 1.680e-05 1.596e-05  0.000e+00  0.000e+00  1.9838e-01  5.5104e-01
1.44325e+03  1.726e+00       1.726e+00       0.000e+00    0.000e+00  0.000e+00  3.976e+00 7.160e-06 9.548e-06 1.986e-05 7.624e-06 1.706e-05 1.624e-05  0.000e+00  0.000e+00  2.0176e-01  5.5221e-01
1.39445e+03  1.766e+00       1.766e+00       0.000e+00    0.000e+00  0.000e+00  4.162e+00 7.284e-06 9.713e-06 1.990e-05 7.741e-06 1.733e-05 1.652e-05  0.000e+00  0.000e+00  2.0513e-01  5.5334e-01
1.34784e+03  1.806e+00       1.806e+00       0.000e+00    0.000e+00  0.000e+00  4.352e+00 7.409e-06 9.880e-06 1.995e-05 7.859e-06 1.760e-05 1.680e-05  0.000e+00  0.000e+00  2.0849e-01  5.5443e-01
1.30330e+03  1.846e+00       1.846e+00       0.000e+00    0.000e+00  0.000e+00  4.546e+00 7.535e-06 1.005e-05 2.000e-05 7.977e-06 1.787e-05 1.708e-05  0.000e+00  0.000e+00  2.1184e-01  5.5548e-01
1.26073e+03  1.886e+00       1.886e+00       0.000e+00    0.000e+00  0.000e+00  4.745e+00 7.661e-06 1.022e-05 2.005e-05 8.096e-06 1.814e-05 1.737e-05  0.000e+00  0.000e+00  2.1519e-01  5.5648e-01
1.22002e+03  1.926e+00       1.926e+00       0.000e+00    0.000e+00  0.000e+00  4.948e+00 7.788e-06 1.038e-05 2.009e-05 8.216e-06 1.842e-05 1.766e-05  0.000e+00  0.000e+00  2.1852e-01  5.5745e-01
1.18109e+03  1.965e+00       1.965e+00       0.000e+00    0.000e+00  0.000e+00  5.155e+00 7.915e-06 1.055e-05 2.014e-05 8.337e-06 1.869e-05 1.794e-05  0.000e+00  0.000e+00  2.2184e-01  5.5838e-01
1.14384e+03  2.005e+00       2.005e+00       0.000e+00    0.000e+00  0.000e+00  5.366e+00 8.043e-06 1.072e-05 2.019e-05 8.459e-06 1.897e-05 1.823e-05  0.000e+00  0.000e+00  2.2514e-01  5.5927e-01
1.10819e+03  2.045e+00       2.045e+00       0.000e+00    0.000e+00  0.000e+00  5.581e+00 8.171e-06 1.090e-05 2.025e-05 8.581e-06 1.925e-05 1.852e-05  0.000e+00  0.000e+00  2.2843e-01  5.6013e-01
1.07406e+03  2.085e+00       2.085e+00       0.000e+00    0.000e+00  0.000e+00  5.801e+00 8.300e-06 1.107e-05 2.030e-05 8.704e-06 1.953e-05 1.881e-05  0.000e+00  0.000e+00  2.3171e-01  5.6096e-01
1.04136e+03  2.125e+00       2.125e+00       0.000e+00    0.000e+00  0.000e+00  6.025e+00 8.429e-06 1.124e-05 2.035e-05 8.827e-06 1.981e-05 1.911e-05  0.000e+00  0.000e+00  2.3497e-01  5.6175e-01
1.01003e+03  2.165e+00       2.165e+00       0.000e+00    0.000e+00  0.000e+00  6.254e+00 8.559e-06 1.141e-05 2.041e-05 8.951e-06 2.010e-05 1.940e-05  0.000e+00  0.000e+00  2.3818e-01  5.6244e-01
9.80002e+02  2.205e+00       2.205e+00       0.000e+00    0.000e+00  0.000e+00  6.486e+00 8.689e-06 1.159e-05 2.046e-05 9.075e-06 2.038e-05 1.970e-05  0.000e+00  0.000e+00  2.4141e-01  5.6318e-01
9.51203e+02  2.245e+00       2.245e+00       0.000e+00    0.000e+00  0.000e+00  6.723e+00 8.820e-06 1.176e-05 2.052e-05 9.201e-06 2.067e-05 1.999e-05  0.000e+00  0.000e+00  2.4461e-01  5.6389e-01
9.23577e+02  2.285e+00       2.285e+00       0.000e+00    0.000e+00  0.000e+00  6.964e+00 8.951e-06 1.194e-05 2.057e-05 9.326e-06 2.095e-05 2.029e-05  0.000e+00  0.000e+00  2.4780e-01  5.6457e-01
8.97063e+02  2.324e+00       2.324e+00       0.000e+00    0.000e+00  0.000e+00  7.209e+00 9.082e-06 1.211e-05 2.063e-05 9.452e-06 2.124e-05 2.059e-05  0.000e+00  0.000e+00  2.5097e-01  5.6523e-01
8.71609e+02  2.364e+00       2.364e+00       0.000e+00    0.000e+00  0.000e+00  7.459e+00 9.214e-06 1.229e-05 2.069e-05 9.579e-06 2.153e-05 2.088e-05  0.000e+00  0.000e+00  2.5411e-01  5.6586e-01
8.47161e+02  2.404e+00       2.404e+00       0.000e+00    0.000e+00  0.000e+00  7.712e+00 9.346e-06 1.246e-05 2.075e-05 9.706e-06 2.182e-05 2.118e-05  0.000e+00  0.000e+00  2.5724e-01  5.6647e-01
