     Energy         Kx              Ky       F.Density    GA.Brill.       Flux  Tot.Power  Nat.Size  Nat.Div.    Size.x    Size.y     Div.x     Div.y   Coh.Flux  Coh.Power   CohFrac.x   CohFrac.y
         eV          -               -  ph/s/mr^2/0.1%  F.Dens/mm^2  ph/s/0.1%         kW         m       rad         m         m       rad       rad  ph/s/0.1%          W           -           -
8.04229e+02  3.536e-01       3.536e-01       2.802e+17    2.164e+20  3.386e+14  3.682e-02 9.536e-06 1.286e-05 2.083e-05 9.890e-06 1.437e-05 1.338e-05  1.286e+14  2.554e-02  4.0972e-01  9.2697e-01
7.74489e+02  4.101e-01       4.101e-01       3.506e+17    2.650e+20  4.390e+14  4.954e-02 9.718e-06 1.311e-05 2.092e-05 1.006e-05 1.461e-05 1.364e-05  1.698e+14  3.373e-02  4.1679e-01  9.2795e-01
7.42945e+02  4.667e-01       4.667e-01       4.189e+17    3.091e+20  5.453e+14  6.415e-02 9.922e-06 1.338e-05 2.101e-05 1.026e-05 1.488e-05 1.393e-05  2.152e+14  4.276e-02  4.2475e-01  9.2931e-01
7.10283e+02  5.233e-01       5.233e-01       4.827e+17    3.470e+20  6.553e+14  8.064e-02 1.015e-05 1.369e-05 2.112e-05 1.048e-05 1.517e-05 1.424e-05  2.644e+14  5.251e-02  4.3341e-01  9.3072e-01
6.77113e+02  5.798e-01       5.798e-01       5.402e+17    3.776e+20  7.671e+14  9.902e-02 1.039e-05 1.402e-05 2.124e-05 1.072e-05 1.550e-05 1.458e-05  3.165e+14  6.288e-02  4.4268e-01  9.3216e-01
6.43956e+02  6.364e-01       6.364e-01       5.903e+17    4.006e+20  8.788e+14  1.193e-01 1.066e-05 1.438e-05 2.137e-05 1.097e-05 1.585e-05 1.495e-05  3.712e+14  7.374e-02  4.5246e-01  9.3361e-01
6.11240e+02  6.930e-01       6.930e-01       6.324e+17    4.159e+20  9.889e+14  1.414e-01 1.094e-05 1.476e-05 2.151e-05 1.125e-05 1.622e-05 1.535e-05  4.278e+14  8.499e-02  4.6268e-01  9.3505e-01
5.79305e+02  7.495e-01       7.495e-01       6.665e+17    4.243e+20  1.096e+15  1.655e-01 1.124e-05 1.516e-05 2.167e-05 1.154e-05 1.661e-05 1.576e-05  4.859e+14  9.653e-02  4.7324e-01  9.3646e-01
5.48405e+02  8.061e-01       8.061e-01       6.927e+17    4.265e+20  1.201e+15  1.914e-01 1.155e-05 1.558e-05 2.183e-05 1.184e-05 1.703e-05 1.620e-05  5.450e+14  1.083e-01  4.8407e-01  9.3784e-01
5.18724e+02  8.627e-01       8.627e-01       7.117e+17    4.234e+20  1.300e+15  2.192e-01 1.187e-05 1.602e-05 2.200e-05 1.216e-05 1.746e-05 1.666e-05  6.047e+14  1.201e-01  4.9510e-01  9.3917e-01
4.90384e+02  9.192e-01       9.192e-01       7.241e+17    4.158e+20  1.396e+15  2.489e-01 1.221e-05 1.647e-05 2.219e-05 1.249e-05 1.791e-05 1.713e-05  6.645e+14  1.320e-01  5.0626e-01  9.4045e-01
4.63456e+02  9.758e-01       9.758e-01       7.306e+17    4.048e+20  1.486e+15  2.805e-01 1.256e-05 1.695e-05 2.238e-05 1.283e-05 1.838e-05 1.762e-05  7.243e+14  1.439e-01  5.1750e-01  9.4167e-01
4.37970e+02  1.032e+00       1.032e+00       7.320e+17    3.912e+20  1.573e+15  3.139e-01 1.292e-05 1.743e-05 2.259e-05 1.319e-05 1.887e-05 1.813e-05  7.837e+14  1.557e-01  5.2863e-01  9.4259e-01
4.13925e+02  1.089e+00       1.089e+00       7.290e+17    3.756e+20  1.654e+15  3.493e-01 1.329e-05 1.793e-05 2.280e-05 1.355e-05 1.937e-05 1.864e-05  8.425e+14  1.674e-01  5.3985e-01  9.4368e-01
3.91297e+02  1.146e+00       1.146e+00       7.225e+17    3.588e+20  1.730e+15  3.865e-01 1.367e-05 1.844e-05 2.302e-05 1.392e-05 1.988e-05 1.917e-05  9.005e+14  1.789e-01  5.5100e-01  9.4472e-01
3.70044e+02  1.202e+00       1.202e+00       7.129e+17    3.412e+20  1.801e+15  4.256e-01 1.406e-05 1.897e-05 2.325e-05 1.430e-05 2.040e-05 1.972e-05  9.575e+14  1.902e-01  5.6205e-01  9.4569e-01
3.50111e+02  1.259e+00       1.259e+00       7.010e+17    3.233e+20  1.869e+15  4.666e-01 1.445e-05 1.950e-05 2.350e-05 1.469e-05 2.093e-05 2.027e-05  1.013e+15  2.013e-01  5.7297e-01  9.4662e-01
3.31437e+02  1.315e+00       1.315e+00       6.871e+17    3.053e+20  1.931e+15  5.095e-01 1.485e-05 2.004e-05 2.374e-05 1.508e-05 2.148e-05 2.083e-05  1.068e+15  2.122e-01  5.8372e-01  9.4748e-01
3.13956e+02  1.372e+00       1.372e+00       6.718e+17    2.877e+20  1.990e+15  5.543e-01 1.526e-05 2.059e-05 2.400e-05 1.549e-05 2.203e-05 2.140e-05  1.122e+15  2.228e-01  5.9429e-01  9.4830e-01
2.97598e+02  1.428e+00       1.428e+00       6.554e+17    2.705e+20  2.045e+15  6.009e-01 1.568e-05 2.115e-05 2.427e-05 1.589e-05 2.259e-05 2.198e-05  1.174e+15  2.331e-01  6.0466e-01  9.4908e-01
2.82296e+02  1.485e+00       1.485e+00       6.383e+17    2.539e+20  2.097e+15  6.494e-01 1.610e-05 2.171e-05 2.454e-05 1.631e-05 2.317e-05 2.257e-05  1.224e+15  2.432e-01  6.1469e-01  9.4959e-01
2.67981e+02  1.541e+00       1.541e+00       6.207e+17    2.380e+20  2.145e+15  6.999e-01 1.652e-05 2.229e-05 2.482e-05 1.673e-05 2.375e-05 2.316e-05  1.273e+15  2.530e-01  6.2461e-01  9.5027e-01
2.54589e+02  1.598e+00       1.598e+00       6.029e+17    2.228e+20  2.190e+15  7.522e-01 1.695e-05 2.286e-05 2.511e-05 1.715e-05 2.433e-05 2.376e-05  1.321e+15  2.624e-01  6.3430e-01  9.5090e-01
2.42056e+02  1.655e+00       1.655e+00       5.849e+17    2.085e+20  2.233e+15  8.064e-01 1.738e-05 2.345e-05 2.540e-05 1.758e-05 2.493e-05 2.437e-05  1.367e+15  2.716e-01  6.4374e-01  9.5150e-01
2.30324e+02  1.711e+00       1.711e+00       5.671e+17    1.950e+20  2.272e+15  8.625e-01 1.782e-05 2.404e-05 2.570e-05 1.801e-05 2.552e-05 2.498e-05  1.412e+15  2.805e-01  6.5293e-01  9.5206e-01
2.19335e+02  1.768e+00       1.768e+00       5.494e+17    1.822e+20  2.309e+15  9.204e-01 1.826e-05 2.463e-05 2.601e-05 1.845e-05 2.613e-05 2.560e-05  1.456e+15  2.892e-01  6.6187e-01  9.5259e-01
2.09038e+02  1.824e+00       1.824e+00       5.320e+17    1.703e+20  2.343e+15  9.803e-01 1.870e-05 2.523e-05 2.633e-05 1.889e-05 2.674e-05 2.622e-05  1.498e+15  2.975e-01  6.7056e-01  9.5309e-01
1.99383e+02  1.881e+00       1.881e+00       5.149e+17    1.591e+20  2.377e+15  1.042e+00 1.915e-05 2.584e-05 2.665e-05 1.933e-05 2.736e-05 2.685e-05  1.538e+15  3.056e-01  6.7887e-01  9.5339e-01
1.90323e+02  1.937e+00       1.937e+00       4.983e+17    1.487e+20  2.407e+15  1.106e+00 1.960e-05 2.644e-05 2.697e-05 1.978e-05 2.798e-05 2.748e-05  1.577e+15  3.133e-01  6.8706e-01  9.5383e-01
1.81817e+02  1.994e+00       1.994e+00       4.821e+17    1.389e+20  2.436e+15  1.171e+00 2.006e-05 2.706e-05 2.730e-05 2.023e-05 2.860e-05 2.812e-05  1.615e+15  3.209e-01  6.9499e-01  9.5424e-01
1.73825e+02  2.051e+00       2.051e+00       4.663e+17    1.299e+20  2.462e+15  1.239e+00 2.051e-05 2.767e-05 2.764e-05 2.068e-05 2.923e-05 2.875e-05  1.652e+15  3.281e-01  7.0267e-01  9.5463e-01
1.66310e+02  2.107e+00       2.107e+00       4.511e+17    1.214e+20  2.488e+15  1.308e+00 2.097e-05 2.829e-05 2.798e-05 2.113e-05 2.986e-05 2.939e-05  1.687e+15  3.351e-01  7.1012e-01  9.5500e-01
1.59238e+02  2.164e+00       2.164e+00       4.363e+17    1.135e+20  2.511e+15  1.379e+00 2.143e-05 2.891e-05 2.833e-05 2.159e-05 3.049e-05 3.004e-05  1.721e+15  3.419e-01  7.1733e-01  9.5535e-01
1.52578e+02  2.220e+00       2.220e+00       4.221e+17    1.062e+20  2.534e+15  1.452e+00 2.189e-05 2.954e-05 2.868e-05 2.205e-05 3.113e-05 3.069e-05  1.754e+15  3.484e-01  7.2420e-01  9.5554e-01
1.46302e+02  2.277e+00       2.277e+00       4.084e+17    9.944e+19  2.555e+15  1.527e+00 2.236e-05 3.016e-05 2.904e-05 2.251e-05 3.178e-05 3.134e-05  1.785e+15  3.546e-01  7.3094e-01  9.5585e-01
1.40381e+02  2.333e+00       2.333e+00       3.951e+17    9.311e+19  2.575e+15  1.604e+00 2.283e-05 3.079e-05 2.940e-05 2.298e-05 3.242e-05 3.199e-05  1.816e+15  3.607e-01  7.3747e-01  9.5614e-01
1.34793e+02  2.390e+00       2.390e+00       3.824e+17    8.724e+19  2.594e+15  1.682e+00 2.329e-05 3.142e-05 2.976e-05 2.344e-05 3.307e-05 3.265e-05  1.845e+15  3.665e-01  7.4378e-01  9.5642e-01
1.29514e+02  2.447e+00       2.447e+00       3.701e+17    8.177e+19  2.612e+15  1.763e+00 2.376e-05 3.206e-05 3.013e-05 2.391e-05 3.372e-05 3.331e-05  1.874e+15  3.722e-01  7.4988e-01  9.5669e-01
1.24523e+02  2.503e+00       2.503e+00       3.583e+17    7.669e+19  2.628e+15  1.845e+00 2.424e-05 3.269e-05 3.050e-05 2.438e-05 3.437e-05 3.397e-05  1.901e+15  3.776e-01  7.5578e-01  9.5694e-01
1.19801e+02  2.560e+00       2.560e+00       3.470e+17    7.197e+19  2.644e+15  1.930e+00 2.471e-05 3.333e-05 3.088e-05 2.485e-05 3.502e-05 3.463e-05  1.927e+15  3.828e-01  7.6148e-01  9.5719e-01
1.15329e+02  2.616e+00       2.616e+00       3.361e+17    6.758e+19  2.660e+15  2.016e+00 2.518e-05 3.397e-05 3.126e-05 2.532e-05 3.568e-05 3.530e-05  1.953e+15  3.879e-01  7.6688e-01  9.5728e-01
1.11092e+02  2.673e+00       2.673e+00       3.256e+17    6.349e+19  2.674e+15  2.104e+00 2.566e-05 3.461e-05 3.165e-05 2.579e-05 3.634e-05 3.596e-05  1.977e+15  3.927e-01  7.7221e-01  9.5749e-01
1.07074e+02  2.729e+00       2.729e+00       3.155e+17    5.968e+19  2.687e+15  2.194e+00 2.614e-05 3.526e-05 3.203e-05 2.627e-05 3.700e-05 3.663e-05  2.001e+15  3.974e-01  7.7735e-01  9.5770e-01
1.03262e+02  2.786e+00       2.786e+00       3.059e+17    5.614e+19  2.700e+15  2.286e+00 2.661e-05 3.590e-05 3.243e-05 2.674e-05 3.767e-05 3.730e-05  2.023e+15  4.019e-01  7.8232e-01  9.5790e-01
9.96408e+01  2.843e+00       2.843e+00       2.966e+17    5.284e+19  2.712e+15  2.380e+00 2.709e-05 3.655e-05 3.282e-05 2.722e-05 3.833e-05 3.797e-05  2.045e+15  4.063e-01  7.8713e-01  9.5809e-01
9.61997e+01  2.899e+00       2.899e+00       2.877e+17    4.976e+19  2.724e+15  2.476e+00 2.757e-05 3.720e-05 3.322e-05 2.770e-05 3.900e-05 3.865e-05  2.066e+15  4.105e-01  7.9167e-01  9.5815e-01
9.29272e+01  2.956e+00       2.956e+00       2.791e+17    4.689e+19  2.734e+15  2.573e+00 2.805e-05 3.785e-05 3.362e-05 2.818e-05 3.966e-05 3.932e-05  2.087e+15  4.145e-01  7.9626e-01  9.5844e-01
8.98130e+01  3.012e+00       3.012e+00       2.708e+17    4.422e+19  2.746e+15  2.673e+00 2.854e-05 3.850e-05 3.402e-05 2.866e-05 4.034e-05 4.000e-05  2.107e+15  4.184e-01  8.0049e-01  9.5848e-01
8.68473e+01  3.069e+00       3.069e+00       2.629e+17    4.172e+19  2.755e+15  2.774e+00 2.902e-05 3.915e-05 3.443e-05 2.914e-05 4.100e-05 4.067e-05  2.126e+15  4.222e-01  8.0479e-01  9.5877e-01
8.40213e+01  3.125e+00       3.125e+00       2.553e+17    3.938e+19  2.765e+15  2.877e+00 2.950e-05 3.980e-05 3.484e-05 2.962e-05 4.168e-05 4.135e-05  2.144e+15  4.259e-01  8.0874e-01  9.5879e-01
8.13266e+01  3.182e+00       3.182e+00       2.480e+17    3.720e+19  2.774e+15  2.982e+00 2.999e-05 4.045e-05 3.525e-05 3.010e-05 4.235e-05 4.203e-05  2.162e+15  4.294e-01  8.1265e-01  9.5893e-01
