     Energy         Kx              Ky       F.Density    GA.Brill.       Flux  Tot.Power  Nat.Size  Nat.Div.    Size.x    Size.y     Div.x     Div.y   Coh.Flux  Coh.Power   CohFrac.x   CohFrac.y
         eV          -               -  ph/s/mr^2/0.1%  F.Dens/mm^2  ph/s/0.1%         kW         m       rad         m         m       rad       rad  ph/s/0.1%          W           -           -
4.02115e+03  0.000e+00       5.000e-01       2.484e+14    4.156e+17  1.417e+11  3.682e-02 4.265e-06 5.753e-06 1.901e-05 5.005e-06 1.027e-05 8.838e-06  9.876e+09  1.962e-06  1.2563e-01  5.5466e-01
3.77470e+03  0.000e+00       6.300e-01       1.621e+15    2.645e+18  9.770e+11  5.845e-02 4.402e-06 5.938e-06 1.904e-05 5.122e-06 1.052e-05 9.120e-06  7.135e+10  1.417e-05  1.3052e-01  5.5951e-01
3.51008e+03  0.000e+00       7.600e-01       6.388e+15    1.013e+19  4.102e+12  8.506e-02 4.565e-06 6.158e-06 1.908e-05 5.263e-06 1.081e-05 9.455e-06  3.158e+11  6.274e-05  1.3630e-01  5.6486e-01
3.24042e+03  0.000e+00       8.900e-01       1.772e+16    2.718e+19  1.221e+13  1.167e-01 4.751e-06 6.409e-06 1.912e-05 5.425e-06 1.115e-05 9.838e-06  9.947e+11  1.976e-04  1.4284e-01  5.7047e-01
2.97579e+03  0.000e+00       1.020e+00       3.806e+16    5.634e+19  2.828e+13  1.532e-01 4.958e-06 6.688e-06 1.918e-05 5.607e-06 1.152e-05 1.026e-05  2.445e+12  4.857e-04  1.5005e-01  5.7614e-01
2.72312e+03  0.000e+00       1.150e+00       6.759e+16    9.631e+19  5.440e+13  1.948e-01 5.182e-06 6.991e-06 1.924e-05 5.807e-06 1.194e-05 1.073e-05  4.991e+12  9.915e-04  1.5776e-01  5.8155e-01
2.48669e+03  0.000e+00       1.280e+00       1.039e+17    1.423e+20  9.081e+13  2.413e-01 5.423e-06 7.316e-06 1.930e-05 6.023e-06 1.239e-05 1.122e-05  8.844e+12  1.757e-03  1.6595e-01  5.8690e-01
2.26864e+03  0.000e+00       1.410e+00       1.432e+17    1.881e+20  1.360e+14  2.928e-01 5.678e-06 7.660e-06 1.937e-05 6.253e-06 1.286e-05 1.175e-05  1.405e+13  2.791e-03  1.7449e-01  5.9195e-01
2.06963e+03  0.000e+00       1.540e+00       1.814e+17    2.285e+20  1.874e+14  3.493e-01 5.945e-06 8.019e-06 1.945e-05 6.496e-06 1.337e-05 1.230e-05  2.050e+13  4.072e-03  1.8330e-01  5.9669e-01
1.88928e+03  0.000e+00       1.670e+00       2.154e+17    2.598e+20  2.420e+14  4.107e-01 6.222e-06 8.393e-06 1.954e-05 6.751e-06 1.390e-05 1.287e-05  2.797e+13  5.557e-03  1.9233e-01  6.0107e-01
1.72664e+03  0.000e+00       1.800e+00       2.432e+17    2.810e+20  2.971e+14  4.771e-01 6.508e-06 8.780e-06 1.963e-05 7.016e-06 1.444e-05 1.346e-05  3.622e+13  7.195e-03  2.0150e-01  6.0511e-01
1.58039e+03  0.000e+00       1.930e+00       2.642e+17    2.923e+20  3.505e+14  5.486e-01 6.803e-06 9.177e-06 1.973e-05 7.290e-06 1.501e-05 1.407e-05  4.497e+13  8.933e-03  2.1076e-01  6.0881e-01
1.44910e+03  0.000e+00       2.060e+00       2.785e+17    2.950e+20  4.008e+14  6.249e-01 7.104e-06 9.584e-06 1.984e-05 7.572e-06 1.559e-05 1.469e-05  5.399e+13  1.073e-02  2.2007e-01  6.1220e-01
1.33129e+03  0.000e+00       2.190e+00       2.868e+17    2.910e+20  4.470e+14  7.063e-01 7.412e-06 9.999e-06 1.995e-05 7.861e-06 1.619e-05 1.532e-05  6.309e+13  1.253e-02  2.2939e-01  6.1528e-01
1.22556e+03  0.000e+00       2.320e+00       2.900e+17    2.819e+20  4.889e+14  7.927e-01 7.725e-06 1.042e-05 2.007e-05 8.157e-06 1.680e-05 1.597e-05  7.213e+13  1.433e-02  2.3869e-01  6.1810e-01
1.13059e+03  0.000e+00       2.450e+00       2.892e+17    2.694e+20  5.266e+14  8.840e-01 8.043e-06 1.085e-05 2.019e-05 8.459e-06 1.743e-05 1.663e-05  8.100e+13  1.609e-02  2.4790e-01  6.2052e-01
1.04519e+03  0.000e+00       2.580e+00       2.852e+17    2.548e+20  5.598e+14  9.803e-01 8.365e-06 1.128e-05 2.033e-05 8.766e-06 1.807e-05 1.729e-05  8.963e+13  1.780e-02  2.5707e-01  6.2285e-01
9.68267e+02  0.000e+00       2.710e+00       2.789e+17    2.390e+20  5.890e+14  1.082e+00 8.691e-06 1.172e-05 2.046e-05 9.077e-06 1.871e-05 1.796e-05  9.797e+13  1.946e-02  2.6616e-01  6.2496e-01
8.98861e+02  0.000e+00       2.840e+00       2.710e+17    2.229e+20  6.146e+14  1.188e+00 9.020e-06 1.217e-05 2.060e-05 9.393e-06 1.936e-05 1.864e-05  1.060e+14  2.106e-02  2.7514e-01  6.2689e-01
8.36121e+02  0.000e+00       2.970e+00       2.620e+17    2.069e+20  6.369e+14  1.299e+00 9.353e-06 1.262e-05 2.075e-05 9.713e-06 2.002e-05 1.933e-05  1.137e+14  2.259e-02  2.8399e-01  6.2865e-01
7.79292e+02  0.000e+00       3.100e+00       2.523e+17    1.914e+20  6.564e+14  1.415e+00 9.688e-06 1.307e-05 2.090e-05 1.004e-05 2.069e-05 2.002e-05  1.211e+14  2.406e-02  2.9271e-01  6.3026e-01
7.27713e+02  0.000e+00       3.230e+00       2.422e+17    1.766e+20  6.734e+14  1.536e+00 1.003e-05 1.352e-05 2.106e-05 1.036e-05 2.136e-05 2.071e-05  1.282e+14  2.546e-02  3.0129e-01  6.3173e-01
6.80802e+02  0.000e+00       3.360e+00       2.321e+17    1.628e+20  6.885e+14  1.663e+00 1.036e-05 1.398e-05 2.123e-05 1.069e-05 2.205e-05 2.142e-05  1.349e+14  2.681e-02  3.0967e-01  6.3298e-01
6.38048e+02  0.000e+00       3.490e+00       2.220e+17    1.498e+20  7.014e+14  1.794e+00 1.071e-05 1.444e-05 2.140e-05 1.102e-05 2.273e-05 2.212e-05  1.414e+14  2.809e-02  3.1793e-01  6.3421e-01
5.99003e+02  0.000e+00       3.620e+00       2.121e+17    1.378e+20  7.126e+14  1.930e+00 1.105e-05 1.491e-05 2.157e-05 1.136e-05 2.342e-05 2.283e-05  1.476e+14  2.932e-02  3.2603e-01  6.3535e-01
5.63273e+02  0.000e+00       3.750e+00       2.025e+17    1.268e+20  7.225e+14  2.071e+00 1.139e-05 1.537e-05 2.175e-05 1.169e-05 2.412e-05 2.354e-05  1.536e+14  3.050e-02  3.3396e-01  6.3639e-01
5.30513e+02  0.000e+00       3.880e+00       1.933e+17    1.166e+20  7.311e+14  2.217e+00 1.174e-05 1.584e-05 2.193e-05 1.203e-05 2.481e-05 2.426e-05  1.592e+14  3.163e-02  3.4173e-01  6.3736e-01
5.00416e+02  0.000e+00       4.010e+00       1.845e+17    1.073e+20  7.387e+14  2.368e+00 1.209e-05 1.631e-05 2.212e-05 1.237e-05 2.552e-05 2.497e-05  1.647e+14  3.271e-02  3.4932e-01  6.3825e-01
4.72715e+02  0.000e+00       4.140e+00       1.761e+17    9.880e+19  7.453e+14  2.524e+00 1.244e-05 1.678e-05 2.231e-05 1.271e-05 2.622e-05 2.569e-05  1.699e+14  3.375e-02  3.5673e-01  6.3907e-01
4.47172e+02  0.000e+00       4.270e+00       1.681e+17    9.102e+19  7.512e+14  2.685e+00 1.279e-05 1.725e-05 2.251e-05 1.305e-05 2.693e-05 2.642e-05  1.749e+14  3.475e-02  3.6398e-01  6.3984e-01
4.23576e+02  0.000e+00       4.400e+00       1.605e+17    8.392e+19  7.565e+14  2.851e+00 1.314e-05 1.773e-05 2.271e-05 1.340e-05 2.764e-05 2.714e-05  1.798e+14  3.571e-02  3.7100e-01  6.4045e-01
4.01741e+02  0.000e+00       4.530e+00       1.533e+17    7.744e+19  7.611e+14  3.022e+00 1.349e-05 1.820e-05 2.292e-05 1.374e-05 2.836e-05 2.787e-05  1.844e+14  3.663e-02  3.7789e-01  6.4111e-01
3.81503e+02  0.000e+00       4.660e+00       1.464e+17    7.152e+19  7.651e+14  3.198e+00 1.385e-05 1.868e-05 2.313e-05 1.409e-05 2.908e-05 2.860e-05  1.888e+14  3.751e-02  3.8461e-01  6.4172e-01
3.62714e+02  0.000e+00       4.790e+00       1.400e+17    6.612e+19  7.687e+14  3.379e+00 1.420e-05 1.916e-05 2.334e-05 1.444e-05 2.979e-05 2.933e-05  1.931e+14  3.836e-02  3.9116e-01  6.4229e-01
3.45243e+02  0.000e+00       4.920e+00       1.339e+17    6.118e+19  7.719e+14  3.565e+00 1.455e-05 1.963e-05 2.356e-05 1.479e-05 3.051e-05 3.006e-05  1.973e+14  3.918e-02  3.9754e-01  6.4282e-01
3.28973e+02  0.000e+00       5.050e+00       1.282e+17    5.667e+19  7.747e+14  3.756e+00 1.491e-05 2.011e-05 2.378e-05 1.514e-05 3.124e-05 3.079e-05  2.012e+14  3.997e-02  4.0376e-01  6.4332e-01
3.13799e+02  0.000e+00       5.180e+00       1.228e+17    5.254e+19  7.773e+14  3.952e+00 1.527e-05 2.059e-05 2.400e-05 1.549e-05 3.196e-05 3.153e-05  2.051e+14  4.074e-02  4.0981e-01  6.4379e-01
2.99627e+02  0.000e+00       5.310e+00       1.176e+17    4.877e+19  7.797e+14  4.152e+00 1.562e-05 2.108e-05 2.423e-05 1.584e-05 3.269e-05 3.227e-05  2.088e+14  4.147e-02  4.1565e-01  6.4415e-01
2.86374e+02  0.000e+00       5.440e+00       1.128e+17    4.531e+19  7.818e+14  4.358e+00 1.598e-05 2.156e-05 2.446e-05 1.619e-05 3.342e-05 3.301e-05  2.123e+14  4.218e-02  4.2138e-01  6.4455e-01
2.73962e+02  0.000e+00       5.570e+00       1.082e+17    4.214e+19  7.836e+14  4.569e+00 1.634e-05 2.204e-05 2.470e-05 1.655e-05 3.415e-05 3.375e-05  2.158e+14  4.286e-02  4.2695e-01  6.4494e-01
2.62325e+02  0.000e+00       5.700e+00       1.039e+17    3.923e+19  7.852e+14  4.785e+00 1.670e-05 2.253e-05 2.494e-05 1.690e-05 3.488e-05 3.448e-05  2.191e+14  4.352e-02  4.3237e-01  6.4530e-01
2.51399e+02  0.000e+00       5.830e+00       9.981e+16    3.656e+19  7.867e+14  5.005e+00 1.706e-05 2.301e-05 2.518e-05 1.726e-05 3.561e-05 3.523e-05  2.223e+14  4.416e-02  4.3765e-01  6.4564e-01
2.41130e+02  0.000e+00       5.960e+00       9.594e+16    3.410e+19  7.880e+14  5.231e+00 1.742e-05 2.349e-05 2.543e-05 1.761e-05 3.635e-05 3.597e-05  2.254e+14  4.477e-02  4.4277e-01  6.4596e-01
2.31466e+02  0.000e+00       6.090e+00       9.228e+16    3.184e+19  7.892e+14  5.462e+00 1.778e-05 2.398e-05 2.567e-05 1.797e-05 3.708e-05 3.671e-05  2.284e+14  4.537e-02  4.4776e-01  6.4626e-01
2.22363e+02  0.000e+00       6.220e+00       8.881e+16    2.976e+19  7.905e+14  5.698e+00 1.814e-05 2.447e-05 2.592e-05 1.832e-05 3.782e-05 3.746e-05  2.313e+14  4.594e-02  4.5255e-01  6.4648e-01
2.13777e+02  0.000e+00       6.350e+00       8.553e+16    2.783e+19  7.915e+14  5.938e+00 1.850e-05 2.495e-05 2.618e-05 1.868e-05 3.856e-05 3.820e-05  2.341e+14  4.650e-02  4.5726e-01  6.4675e-01
2.05672e+02  0.000e+00       6.480e+00       8.241e+16    2.606e+19  7.924e+14  6.184e+00 1.886e-05 2.544e-05 2.643e-05 1.904e-05 3.929e-05 3.894e-05  2.368e+14  4.703e-02  4.6184e-01  6.4701e-01
1.98012e+02  0.000e+00       6.610e+00       7.945e+16    2.442e+19  7.932e+14  6.434e+00 1.922e-05 2.593e-05 2.669e-05 1.940e-05 4.003e-05 3.969e-05  2.394e+14  4.755e-02  4.6628e-01  6.4725e-01
1.90766e+02  0.000e+00       6.740e+00       7.664e+16    2.291e+19  7.939e+14  6.690e+00 1.958e-05 2.641e-05 2.695e-05 1.975e-05 4.077e-05 4.044e-05  2.419e+14  4.806e-02  4.7060e-01  6.4748e-01
1.83905e+02  0.000e+00       6.870e+00       7.397e+16    2.151e+19  7.946e+14  6.951e+00 1.994e-05 2.690e-05 2.722e-05 2.011e-05 4.151e-05 4.118e-05  2.444e+14  4.854e-02  4.7480e-01  6.4770e-01
1.77404e+02  0.000e+00       7.000e+00       7.144e+16    2.021e+19  7.952e+14  7.216e+00 2.030e-05 2.739e-05 2.748e-05 2.047e-05 4.225e-05 4.193e-05  2.467e+14  4.901e-02  4.7888e-01  6.4791e-01
