     Energy         Kx              Ky       F.Density    GA.Brill.       Flux  Tot.Power  Nat.Size  Nat.Div.    Size.x    Size.y     Div.x     Div.y   Coh.Flux  Coh.Power   CohFrac.x   CohFrac.y
         eV          -               -  ph/s/mr^2/0.1%  F.Dens/mm^2  ph/s/0.1%         kW         m       rad         m         m       rad       rad  ph/s/0.1%          W           -           -
8.84652e+03  0.000e+00       5.000e-01       3.068e+09    6.697e+12  1.607e+06  3.682e-02 2.875e-06 3.879e-06 1.875e-05 3.890e-06 9.909e-06 8.410e-06  3.289e+04  6.533e-12  6.0043e-02  3.4092e-01
8.30434e+03  0.000e+00       6.300e-01       2.135e+11    4.576e+14  1.180e+08  5.845e-02 2.968e-06 4.003e-06 1.876e-05 3.959e-06 1.014e-05 8.678e-06  2.550e+06  5.065e-10  6.2473e-02  3.4585e-01
7.72217e+03  0.000e+00       7.600e-01       4.967e+12    1.042e+16  2.923e+09  8.506e-02 3.078e-06 4.152e-06 1.878e-05 4.042e-06 1.041e-05 8.997e-06  6.712e+07  1.333e-08  6.5352e-02  3.5138e-01
7.12893e+03  0.000e+00       8.900e-01       5.385e+13    1.102e+17  3.398e+10  1.167e-01 3.203e-06 4.321e-06 1.880e-05 4.138e-06 1.073e-05 9.361e-06  8.332e+08  1.655e-07  6.8626e-02  3.5729e-01
6.54673e+03  0.000e+00       1.020e+00       3.347e+14    6.664e+17  2.276e+11  1.532e-01 3.342e-06 4.509e-06 1.882e-05 4.247e-06 1.108e-05 9.766e-06  5.976e+09  1.187e-06  7.2243e-02  3.6338e-01
5.99087e+03  0.000e+00       1.150e+00       1.372e+15    2.652e+18  1.009e+12  1.948e-01 3.494e-06 4.713e-06 1.885e-05 4.367e-06 1.147e-05 1.021e-05  2.840e+10  5.641e-06  7.6152e-02  3.6950e-01
5.47072e+03  0.000e+00       1.280e+00       4.095e+15    7.674e+18  3.268e+12  2.413e-01 3.656e-06 4.932e-06 1.888e-05 4.498e-06 1.189e-05 1.068e-05  9.854e+10  1.957e-05  8.0307e-02  3.7550e-01
4.99102e+03  0.000e+00       1.410e+00       9.585e+15    1.739e+19  8.308e+12  2.928e-01 3.828e-06 5.164e-06 1.892e-05 4.639e-06 1.234e-05 1.118e-05  2.682e+11  5.328e-05  8.4666e-02  3.8131e-01
4.55318e+03  0.000e+00       1.540e+00       1.858e+16    3.259e+19  1.751e+13  3.493e-01 4.008e-06 5.407e-06 1.895e-05 4.788e-06 1.282e-05 1.170e-05  6.042e+11  1.200e-04  8.9193e-02  3.8684e-01
4.15642e+03  0.000e+00       1.670e+00       3.112e+16    5.273e+19  3.188e+13  4.107e-01 4.195e-06 5.659e-06 1.899e-05 4.946e-06 1.332e-05 1.224e-05  1.173e+12  2.330e-04  9.3857e-02  3.9207e-01
3.79860e+03  0.000e+00       1.800e+00       4.648e+16    7.604e+19  5.175e+13  4.771e-01 4.388e-06 5.919e-06 1.904e-05 5.110e-06 1.384e-05 1.281e-05  2.025e+12  4.023e-04  9.8613e-02  3.9689e-01
3.47686e+03  0.000e+00       1.930e+00       6.345e+16    1.002e+20  7.668e+13  5.486e-01 4.586e-06 6.187e-06 1.908e-05 5.282e-06 1.437e-05 1.338e-05  3.185e+12  6.327e-04  1.0347e-01  4.0145e-01
3.18801e+03  0.000e+00       2.060e+00       8.070e+16    1.230e+20  1.057e+14  6.249e-01 4.790e-06 6.461e-06 1.913e-05 5.459e-06 1.492e-05 1.397e-05  4.650e+12  9.236e-04  1.0838e-01  4.0567e-01
2.92884e+03  0.000e+00       2.190e+00       9.704e+16    1.427e+20  1.377e+14  7.063e-01 4.997e-06 6.741e-06 1.919e-05 5.642e-06 1.549e-05 1.458e-05  6.392e+12  1.270e-03  1.1335e-01  4.0958e-01
2.69623e+03  0.000e+00       2.320e+00       1.116e+17    1.584e+20  1.712e+14  7.927e-01 5.208e-06 7.026e-06 1.924e-05 5.830e-06 1.607e-05 1.519e-05  8.371e+12  1.663e-03  1.1834e-01  4.1318e-01
2.48731e+03  0.000e+00       2.450e+00       1.239e+17    1.697e+20  2.051e+14  8.840e-01 5.423e-06 7.315e-06 1.930e-05 6.022e-06 1.666e-05 1.581e-05  1.054e+13  2.093e-03  1.2336e-01  4.1650e-01
2.29942e+03  0.000e+00       2.580e+00       1.337e+17    1.767e+20  2.385e+14  9.803e-01 5.640e-06 7.608e-06 1.936e-05 6.218e-06 1.726e-05 1.645e-05  1.285e+13  2.552e-03  1.2838e-01  4.1955e-01
2.13019e+03  0.000e+00       2.710e+00       1.410e+17    1.800e+20  2.706e+14  1.082e+00 5.860e-06 7.905e-06 1.943e-05 6.418e-06 1.787e-05 1.709e-05  1.525e+13  3.028e-03  1.3340e-01  4.2236e-01
1.97750e+03  0.000e+00       2.840e+00       1.461e+17    1.801e+20  3.009e+14  1.188e+00 6.082e-06 8.204e-06 1.950e-05 6.622e-06 1.849e-05 1.773e-05  1.770e+13  3.516e-03  1.3841e-01  4.2494e-01
1.83947e+03  0.000e+00       2.970e+00       1.491e+17    1.776e+20  3.292e+14  1.299e+00 6.306e-06 8.506e-06 1.957e-05 6.828e-06 1.912e-05 1.838e-05  2.017e+13  4.007e-03  1.4340e-01  4.2732e-01
1.71444e+03  0.000e+00       3.100e+00       1.504e+17    1.732e+20  3.554e+14  1.415e+00 6.531e-06 8.811e-06 1.964e-05 7.037e-06 1.975e-05 1.904e-05  2.264e+13  4.498e-03  1.4835e-01  4.2944e-01
1.60097e+03  0.000e+00       3.230e+00       1.502e+17    1.673e+20  3.793e+14  1.536e+00 6.759e-06 9.118e-06 1.972e-05 7.249e-06 2.039e-05 1.970e-05  2.508e+13  4.983e-03  1.5328e-01  4.3145e-01
1.49776e+03  0.000e+00       3.360e+00       1.489e+17    1.604e+20  4.010e+14  1.663e+00 6.988e-06 9.427e-06 1.980e-05 7.463e-06 2.103e-05 2.037e-05  2.748e+13  5.460e-03  1.5818e-01  4.3331e-01
1.40370e+03  0.000e+00       3.490e+00       1.467e+17    1.530e+20  4.206e+14  1.794e+00 7.218e-06 9.738e-06 1.988e-05 7.679e-06 2.168e-05 2.104e-05  2.983e+13  5.926e-03  1.6305e-01  4.3502e-01
1.31781e+03  0.000e+00       3.620e+00       1.438e+17    1.452e+20  4.383e+14  1.930e+00 7.450e-06 1.005e-05 1.997e-05 7.897e-06 2.234e-05 2.172e-05  3.213e+13  6.382e-03  1.6787e-01  4.3660e-01
1.23920e+03  0.000e+00       3.750e+00       1.404e+17    1.373e+20  4.543e+14  2.071e+00 7.682e-06 1.036e-05 2.005e-05 8.117e-06 2.300e-05 2.239e-05  3.436e+13  6.824e-03  1.7264e-01  4.3806e-01
1.16713e+03  0.000e+00       3.880e+00       1.366e+17    1.294e+20  4.686e+14  2.217e+00 7.916e-06 1.068e-05 2.014e-05 8.338e-06 2.366e-05 2.307e-05  3.652e+13  7.254e-03  1.7737e-01  4.3942e-01
1.10092e+03  0.000e+00       4.010e+00       1.326e+17    1.218e+20  4.814e+14  2.368e+00 8.151e-06 1.100e-05 2.024e-05 8.561e-06 2.433e-05 2.375e-05  3.862e+13  7.671e-03  1.8204e-01  4.4067e-01
1.03997e+03  0.000e+00       4.140e+00       1.284e+17    1.144e+20  4.929e+14  2.524e+00 8.386e-06 1.131e-05 2.033e-05 8.786e-06 2.499e-05 2.444e-05  4.065e+13  8.075e-03  1.8667e-01  4.4184e-01
9.83778e+02  0.000e+00       4.270e+00       1.242e+17    1.073e+20  5.032e+14  2.685e+00 8.622e-06 1.163e-05 2.043e-05 9.011e-06 2.567e-05 2.513e-05  4.262e+13  8.466e-03  1.9123e-01  4.4292e-01
9.31867e+02  0.000e+00       4.400e+00       1.199e+17    1.006e+20  5.125e+14  2.851e+00 8.859e-06 1.195e-05 2.053e-05 9.238e-06 2.635e-05 2.582e-05  4.453e+13  8.845e-03  1.9572e-01  4.4388e-01
8.83831e+02  0.000e+00       4.530e+00       1.157e+17    9.426e+19  5.208e+14  3.022e+00 9.097e-06 1.227e-05 2.064e-05 9.466e-06 2.702e-05 2.651e-05  4.637e+13  9.211e-03  2.0017e-01  4.4481e-01
8.39307e+02  0.000e+00       4.660e+00       1.116e+17    8.828e+19  5.282e+14  3.198e+00 9.335e-06 1.259e-05 2.074e-05 9.696e-06 2.770e-05 2.720e-05  4.816e+13  9.567e-03  2.0456e-01  4.4569e-01
7.97971e+02  0.000e+00       4.790e+00       1.075e+17    8.267e+19  5.349e+14  3.379e+00 9.574e-06 1.291e-05 2.085e-05 9.926e-06 2.839e-05 2.790e-05  4.989e+13  9.911e-03  2.0889e-01  4.4651e-01
7.59535e+02  0.000e+00       4.920e+00       1.036e+17    7.741e+19  5.409e+14  3.565e+00 9.813e-06 1.324e-05 2.096e-05 1.016e-05 2.907e-05 2.860e-05  5.157e+13  1.024e-02  2.1316e-01  4.4727e-01
7.23741e+02  0.000e+00       5.050e+00       9.975e+16    7.251e+19  5.463e+14  3.756e+00 1.005e-05 1.356e-05 2.108e-05 1.039e-05 2.976e-05 2.929e-05  5.320e+13  1.057e-02  2.1736e-01  4.4799e-01
6.90358e+02  0.000e+00       5.180e+00       9.607e+16    6.793e+19  5.512e+14  3.952e+00 1.029e-05 1.389e-05 2.119e-05 1.062e-05 3.045e-05 2.999e-05  5.478e+13  1.088e-02  2.2151e-01  4.4866e-01
6.59180e+02  0.000e+00       5.310e+00       9.253e+16    6.367e+19  5.556e+14  4.152e+00 1.053e-05 1.421e-05 2.131e-05 1.085e-05 3.114e-05 3.069e-05  5.631e+13  1.119e-02  2.2559e-01  4.4929e-01
6.30022e+02  0.000e+00       5.440e+00       8.912e+16    5.970e+19  5.595e+14  4.358e+00 1.077e-05 1.453e-05 2.143e-05 1.109e-05 3.183e-05 3.139e-05  5.780e+13  1.148e-02  2.2961e-01  4.4988e-01
6.02717e+02  0.000e+00       5.570e+00       8.586e+16    5.600e+19  5.632e+14  4.569e+00 1.102e-05 1.486e-05 2.155e-05 1.132e-05 3.252e-05 3.210e-05  5.924e+13  1.177e-02  2.3354e-01  4.5039e-01
5.77114e+02  0.000e+00       5.700e+00       8.274e+16    5.256e+19  5.665e+14  4.785e+00 1.126e-05 1.519e-05 2.168e-05 1.156e-05 3.322e-05 3.280e-05  6.065e+13  1.205e-02  2.3743e-01  4.5091e-01
5.53078e+02  0.000e+00       5.830e+00       7.975e+16    4.936e+19  5.694e+14  5.005e+00 1.150e-05 1.551e-05 2.180e-05 1.179e-05 3.391e-05 3.351e-05  6.201e+13  1.232e-02  2.4125e-01  4.5141e-01
5.30486e+02  0.000e+00       5.960e+00       7.689e+16    4.638e+19  5.721e+14  5.231e+00 1.174e-05 1.584e-05 2.193e-05 1.203e-05 3.461e-05 3.421e-05  6.334e+13  1.258e-02  2.4501e-01  4.5187e-01
5.09226e+02  0.000e+00       6.090e+00       7.416e+16    4.361e+19  5.745e+14  5.462e+00 1.198e-05 1.617e-05 2.206e-05 1.227e-05 3.531e-05 3.492e-05  6.463e+13  1.284e-02  2.4871e-01  4.5231e-01
4.89198e+02  0.000e+00       6.220e+00       7.155e+16    4.103e+19  5.768e+14  5.698e+00 1.223e-05 1.649e-05 2.220e-05 1.250e-05 3.601e-05 3.563e-05  6.589e+13  1.309e-02  2.5235e-01  4.5273e-01
4.70310e+02  0.000e+00       6.350e+00       6.906e+16    3.863e+19  5.788e+14  5.938e+00 1.247e-05 1.682e-05 2.233e-05 1.274e-05 3.671e-05 3.633e-05  6.712e+13  1.333e-02  2.5592e-01  4.5312e-01
4.52478e+02  0.000e+00       6.480e+00       6.668e+16    3.639e+19  5.806e+14  6.184e+00 1.271e-05 1.715e-05 2.247e-05 1.298e-05 3.741e-05 3.704e-05  6.831e+13  1.357e-02  2.5943e-01  4.5349e-01
4.35626e+02  0.000e+00       6.610e+00       6.441e+16    3.431e+19  5.823e+14  6.434e+00 1.296e-05 1.748e-05 2.261e-05 1.322e-05 3.811e-05 3.775e-05  6.947e+13  1.380e-02  2.6288e-01  4.5385e-01
4.19686e+02  0.000e+00       6.740e+00       6.224e+16    3.236e+19  5.839e+14  6.690e+00 1.320e-05 1.781e-05 2.275e-05 1.346e-05 3.882e-05 3.846e-05  7.061e+13  1.403e-02  2.6624e-01  4.5414e-01
4.04592e+02  0.000e+00       6.870e+00       6.017e+16    3.055e+19  5.854e+14  6.951e+00 1.344e-05 1.814e-05 2.289e-05 1.370e-05 3.952e-05 3.917e-05  7.171e+13  1.424e-02  2.6957e-01  4.5446e-01
3.90288e+02  0.000e+00       7.000e+00       5.819e+16    2.885e+19  5.867e+14  7.216e+00 1.369e-05 1.847e-05 2.303e-05 1.394e-05 4.023e-05 3.988e-05  7.279e+13  1.446e-02  2.7283e-01  4.5476e-01
