     Energy         Kx              Ky       F.Density    GA.Brill.       Flux  Tot.Power  Nat.Size  Nat.Div.    Size.x    Size.y     Div.x     Div.y   Coh.Flux  Coh.Power   CohFrac.x   CohFrac.y
         eV          -               -  ph/s/mr^2/0.1%  F.Dens/mm^2  ph/s/0.1%         kW         m       rad         m         m       rad       rad  ph/s/0.1%          W           -           -
7.23806e+03  5.000e-01       3.062e-17       1.340e+11    2.755e+14  7.125e+07  3.682e-02 3.179e-06 4.288e-06 1.879e-05 4.119e-06 9.972e-06 8.485e-06  2.021e+06  4.015e-10  7.2730e-02  3.9002e-01
6.87255e+03  6.080e-01       3.723e-17       2.539e+12    5.136e+15  1.411e+09  5.444e-02 3.262e-06 4.401e-06 1.881e-05 4.184e-06 1.016e-05 8.706e-06  4.179e+07  8.300e-09  7.5119e-02  3.9415e-01
6.48145e+03  7.160e-01       4.384e-17       2.488e+13    4.937e+16  1.454e+10  7.550e-02 3.359e-06 4.532e-06 1.883e-05 4.260e-06 1.038e-05 8.963e-06  4.516e+08  8.972e-08  7.7886e-02  3.9871e-01
6.07906e+03  8.240e-01       5.046e-17       1.504e+14    2.921e+17  9.294e+10  9.999e-02 3.469e-06 4.679e-06 1.885e-05 4.347e-06 1.063e-05 9.252e-06  3.038e+09  6.035e-07  8.0995e-02  4.0356e-01
5.67716e+03  9.320e-01       5.707e-17       6.296e+14    1.195e+18  4.132e+11  1.279e-01 3.589e-06 4.842e-06 1.887e-05 4.444e-06 1.091e-05 9.572e-06  1.425e+10  2.831e-06  8.4407e-02  4.0859e-01
5.28480e+03  1.040e+00       6.368e-17       1.982e+15    3.670e+18  1.386e+12  1.593e-01 3.720e-06 5.018e-06 1.889e-05 4.550e-06 1.122e-05 9.919e-06  5.050e+10  1.003e-05  8.8087e-02  4.1368e-01
4.90841e+03  1.148e+00       7.029e-17       4.984e+15    8.986e+18  3.720e+12  1.941e-01 3.860e-06 5.207e-06 1.892e-05 4.665e-06 1.155e-05 1.029e-05  1.433e+11  2.847e-05  9.2000e-02  4.1875e-01
4.55220e+03  1.256e+00       7.691e-17       1.047e+16    1.837e+19  8.364e+12  2.323e-01 4.008e-06 5.407e-06 1.895e-05 4.788e-06 1.190e-05 1.068e-05  3.406e+11  6.766e-05  9.6114e-02  4.2371e-01
4.21854e+03  1.364e+00       8.352e-17       1.906e+16    3.248e+19  1.630e+13  2.740e-01 4.164e-06 5.617e-06 1.899e-05 4.919e-06 1.227e-05 1.109e-05  7.014e+11  1.393e-04  1.0040e-01  4.2853e-01
3.90844e+03  1.472e+00       9.013e-17       3.090e+16    5.112e+19  2.832e+13  3.191e-01 4.326e-06 5.836e-06 1.902e-05 5.057e-06 1.266e-05 1.152e-05  1.286e+12  2.555e-04  1.0483e-01  4.3315e-01
3.62193e+03  1.580e+00       9.675e-17       4.561e+16    7.321e+19  4.481e+13  3.676e-01 4.494e-06 6.062e-06 1.906e-05 5.202e-06 1.307e-05 1.197e-05  2.145e+12  4.260e-04  1.0938e-01  4.3755e-01
3.35832e+03  1.688e+00       1.034e-16       6.238e+16    9.712e+19  6.572e+13  4.196e-01 4.667e-06 6.295e-06 1.910e-05 5.352e-06 1.349e-05 1.243e-05  3.309e+12  6.574e-04  1.1401e-01  4.4163e-01
3.11650e+03  1.796e+00       1.100e-16       8.021e+16    1.211e+20  9.054e+13  4.750e-01 4.844e-06 6.535e-06 1.915e-05 5.507e-06 1.393e-05 1.290e-05  4.790e+12  9.515e-04  1.1874e-01  4.4555e-01
2.89511e+03  1.904e+00       1.166e-16       9.804e+16    1.434e+20  1.185e+14  5.339e-01 5.026e-06 6.780e-06 1.919e-05 5.668e-06 1.437e-05 1.338e-05  6.576e+12  1.306e-03  1.2353e-01  4.4923e-01
2.69267e+03  2.012e+00       1.232e-16       1.150e+17    1.630e+20  1.487e+14  5.962e-01 5.212e-06 7.031e-06 1.924e-05 5.833e-06 1.483e-05 1.388e-05  8.641e+12  1.717e-03  1.2837e-01  4.5268e-01
2.50764e+03  2.120e+00       1.298e-16       1.304e+17    1.791e+20  1.802e+14  6.619e-01 5.401e-06 7.285e-06 1.930e-05 6.002e-06 1.530e-05 1.438e-05  1.095e+13  2.175e-03  1.3325e-01  4.5591e-01
2.33855e+03  2.228e+00       1.364e-16       1.437e+17    1.914e+20  2.122e+14  7.310e-01 5.592e-06 7.544e-06 1.935e-05 6.176e-06 1.578e-05 1.489e-05  1.345e+13  2.672e-03  1.3816e-01  4.5891e-01
2.18397e+03  2.336e+00       1.430e-16       1.549e+17    1.999e+20  2.439e+14  8.036e-01 5.787e-06 7.807e-06 1.941e-05 6.352e-06 1.627e-05 1.540e-05  1.611e+13  3.200e-03  1.4308e-01  4.6171e-01
2.04256e+03  2.444e+00       1.497e-16       1.637e+17    2.049e+20  2.747e+14  8.796e-01 5.984e-06 8.072e-06 1.947e-05 6.532e-06 1.677e-05 1.593e-05  1.888e+13  3.750e-03  1.4800e-01  4.6432e-01
1.91310e+03  2.552e+00       1.563e-16       1.704e+17    2.068e+20  3.043e+14  9.591e-01 6.183e-06 8.341e-06 1.953e-05 6.715e-06 1.727e-05 1.645e-05  2.172e+13  4.314e-03  1.5293e-01  4.6675e-01
1.79444e+03  2.660e+00       1.629e-16       1.751e+17    2.061e+20  3.323e+14  1.042e+00 6.384e-06 8.612e-06 1.959e-05 6.901e-06 1.778e-05 1.699e-05  2.460e+13  4.886e-03  1.5785e-01  4.6900e-01
1.68557e+03  2.768e+00       1.695e-16       1.780e+17    2.032e+20  3.585e+14  1.128e+00 6.587e-06 8.886e-06 1.966e-05 7.089e-06 1.829e-05 1.753e-05  2.749e+13  5.461e-03  1.6275e-01  4.7111e-01
1.58554e+03  2.876e+00       1.761e-16       1.793e+17    1.987e+20  3.830e+14  1.218e+00 6.792e-06 9.162e-06 1.973e-05 7.279e-06 1.881e-05 1.807e-05  3.037e+13  6.033e-03  1.6764e-01  4.7306e-01
1.49351e+03  2.984e+00       1.827e-16       1.793e+17    1.928e+20  4.057e+14  1.311e+00 6.998e-06 9.440e-06 1.980e-05 7.472e-06 1.934e-05 1.862e-05  3.323e+13  6.600e-03  1.7247e-01  4.7481e-01
1.40874e+03  3.092e+00       1.893e-16       1.782e+17    1.861e+20  4.265e+14  1.408e+00 7.205e-06 9.720e-06 1.988e-05 7.667e-06 1.987e-05 1.917e-05  3.604e+13  7.158e-03  1.7730e-01  4.7650e-01
1.33053e+03  3.200e+00       1.959e-16       1.762e+17    1.787e+20  4.456e+14  1.508e+00 7.414e-06 1.000e-05 1.995e-05 7.863e-06 2.041e-05 1.973e-05  3.879e+13  7.706e-03  1.8210e-01  4.7808e-01
1.25827e+03  3.308e+00       2.026e-16       1.734e+17    1.709e+20  4.631e+14  1.612e+00 7.624e-06 1.028e-05 2.003e-05 8.062e-06 2.095e-05 2.028e-05  4.149e+13  8.242e-03  1.8686e-01  4.7955e-01
1.19142e+03  3.416e+00       2.092e-16       1.702e+17    1.630e+20  4.790e+14  1.718e+00 7.835e-06 1.057e-05 2.011e-05 8.261e-06 2.149e-05 2.084e-05  4.413e+13  8.766e-03  1.9158e-01  4.8093e-01
1.12949e+03  3.524e+00       2.158e-16       1.665e+17    1.550e+20  4.934e+14  1.829e+00 8.047e-06 1.086e-05 2.020e-05 8.463e-06 2.204e-05 2.141e-05  4.670e+13  9.276e-03  1.9626e-01  4.8221e-01
1.07203e+03  3.632e+00       2.224e-16       1.625e+17    1.471e+20  5.066e+14  1.943e+00 8.260e-06 1.114e-05 2.028e-05 8.665e-06 2.259e-05 2.197e-05  4.920e+13  9.773e-03  2.0090e-01  4.8341e-01
1.01864e+03  3.740e+00       2.290e-16       1.582e+17    1.394e+20  5.185e+14  2.060e+00 8.473e-06 1.143e-05 2.037e-05 8.869e-06 2.314e-05 2.254e-05  5.163e+13  1.026e-02  2.0549e-01  4.8454e-01
9.68974e+02  3.848e+00       2.356e-16       1.539e+17    1.319e+20  5.294e+14  2.181e+00 8.688e-06 1.172e-05 2.046e-05 9.074e-06 2.369e-05 2.311e-05  5.399e+13  1.072e-02  2.1003e-01  4.8559e-01
9.22703e+02  3.956e+00       2.422e-16       1.494e+17    1.247e+20  5.392e+14  2.305e+00 8.903e-06 1.201e-05 2.055e-05 9.280e-06 2.425e-05 2.368e-05  5.628e+13  1.118e-02  2.1453e-01  4.8658e-01
8.79540e+02  4.064e+00       2.488e-16       1.450e+17    1.178e+20  5.483e+14  2.432e+00 9.119e-06 1.230e-05 2.065e-05 9.488e-06 2.481e-05 2.426e-05  5.851e+13  1.162e-02  2.1894e-01  4.8745e-01
8.39225e+02  4.172e+00       2.555e-16       1.405e+17    1.112e+20  5.564e+14  2.563e+00 9.335e-06 1.259e-05 2.074e-05 9.696e-06 2.538e-05 2.483e-05  6.068e+13  1.205e-02  2.2333e-01  4.8832e-01
8.01522e+02  4.280e+00       2.621e-16       1.361e+17    1.050e+20  5.638e+14  2.698e+00 9.552e-06 1.289e-05 2.084e-05 9.905e-06 2.594e-05 2.541e-05  6.278e+13  1.247e-02  2.2767e-01  4.8914e-01
7.66219e+02  4.388e+00       2.687e-16       1.318e+17    9.904e+19  5.705e+14  2.836e+00 9.770e-06 1.318e-05 2.094e-05 1.012e-05 2.651e-05 2.598e-05  6.483e+13  1.288e-02  2.3195e-01  4.8991e-01
7.33125e+02  4.496e+00       2.753e-16       1.276e+17    9.345e+19  5.766e+14  2.977e+00 9.988e-06 1.347e-05 2.105e-05 1.033e-05 2.708e-05 2.656e-05  6.682e+13  1.327e-02  2.3618e-01  4.9063e-01
7.02064e+02  4.604e+00       2.819e-16       1.235e+17    8.817e+19  5.822e+14  3.122e+00 1.021e-05 1.377e-05 2.115e-05 1.054e-05 2.765e-05 2.714e-05  6.875e+13  1.366e-02  2.4035e-01  4.9132e-01
6.72879e+02  4.712e+00       2.885e-16       1.195e+17    8.321e+19  5.872e+14  3.270e+00 1.043e-05 1.406e-05 2.126e-05 1.075e-05 2.822e-05 2.773e-05  7.063e+13  1.403e-02  2.4447e-01  4.9196e-01
6.45426e+02  4.820e+00       2.951e-16       1.156e+17    7.854e+19  5.918e+14  3.421e+00 1.065e-05 1.436e-05 2.136e-05 1.096e-05 2.879e-05 2.831e-05  7.245e+13  1.439e-02  2.4853e-01  4.9257e-01
6.19575e+02  4.928e+00       3.018e-16       1.118e+17    7.415e+19  5.961e+14  3.576e+00 1.086e-05 1.466e-05 2.148e-05 1.118e-05 2.936e-05 2.889e-05  7.423e+13  1.475e-02  2.5253e-01  4.9315e-01
5.95207e+02  5.036e+00       3.084e-16       1.082e+17    7.003e+19  5.999e+14  3.735e+00 1.108e-05 1.495e-05 2.159e-05 1.139e-05 2.994e-05 2.948e-05  7.596e+13  1.509e-02  2.5647e-01  4.9370e-01
5.72214e+02  5.144e+00       3.150e-16       1.047e+17    6.616e+19  6.034e+14  3.897e+00 1.131e-05 1.525e-05 2.170e-05 1.161e-05 3.052e-05 3.006e-05  7.765e+13  1.542e-02  2.6036e-01  4.9422e-01
5.50497e+02  5.252e+00       3.216e-16       1.013e+17    6.253e+19  6.068e+14  4.062e+00 1.153e-05 1.555e-05 2.182e-05 1.182e-05 3.110e-05 3.065e-05  7.929e+13  1.575e-02  2.6416e-01  4.9465e-01
5.29966e+02  5.360e+00       3.282e-16       9.807e+16    5.912e+19  6.098e+14  4.231e+00 1.175e-05 1.585e-05 2.193e-05 1.204e-05 3.168e-05 3.124e-05  8.089e+13  1.607e-02  2.6794e-01  4.9512e-01
5.10537e+02  5.468e+00       3.348e-16       9.494e+16    5.592e+19  6.125e+14  4.403e+00 1.197e-05 1.615e-05 2.205e-05 1.225e-05 3.226e-05 3.183e-05  8.245e+13  1.638e-02  2.7165e-01  4.9556e-01
4.92136e+02  5.576e+00       3.414e-16       9.194e+16    5.292e+19  6.150e+14  4.579e+00 1.219e-05 1.645e-05 2.218e-05 1.247e-05 3.284e-05 3.242e-05  8.397e+13  1.668e-02  2.7531e-01  4.9598e-01
4.74691e+02  5.684e+00       3.480e-16       8.906e+16    5.011e+19  6.173e+14  4.758e+00 1.241e-05 1.674e-05 2.230e-05 1.269e-05 3.342e-05 3.301e-05  8.546e+13  1.698e-02  2.7891e-01  4.9637e-01
4.58141e+02  5.792e+00       3.547e-16       8.629e+16    4.746e+19  6.194e+14  4.940e+00 1.263e-05 1.704e-05 2.242e-05 1.290e-05 3.400e-05 3.360e-05  8.690e+13  1.726e-02  2.8245e-01  4.9675e-01
4.42424e+02  5.900e+00       3.613e-16       8.362e+16    4.498e+19  6.213e+14  5.126e+00 1.286e-05 1.734e-05 2.255e-05 1.312e-05 3.459e-05 3.419e-05  8.832e+13  1.754e-02  2.8594e-01  4.9711e-01
