     Energy         Kx              Ky       F.Density    GA.Brill.       Flux  Tot.Power  Nat.Size  Nat.Div.    Size.x    Size.y     Div.x     Div.y   Coh.Flux  Coh.Power   CohFrac.x   CohFrac.y
         eV          -               -  ph/s/mr^2/0.1%  F.Dens/mm^2  ph/s/0.1%         kW         m       rad         m         m       rad       rad  ph/s/0.1%          W           -           -
8.84652e+03  5.000e-01       3.062e-17       3.071e+09    8.633e+12  1.607e+06  3.682e-02 2.875e-06 3.879e-06 1.891e-05 2.994e-06 9.934e-06 8.380e-06  4.239e+04  8.421e-12  5.9371e-02  4.4445e-01
8.39979e+03  6.080e-01       3.723e-17       1.139e+11    3.125e+14  6.230e+07  5.444e-02 2.951e-06 3.981e-06 1.892e-05 3.067e-06 1.012e-05 8.600e-06  1.702e+06  3.381e-10  6.1341e-02  4.4534e-01
7.92177e+03  7.160e-01       4.384e-17       1.891e+12    5.044e+15  1.088e+09  7.550e-02 3.038e-06 4.099e-06 1.893e-05 3.151e-06 1.034e-05 8.855e-06  3.089e+07  6.135e-09  6.3625e-02  4.4630e-01
7.42996e+03  8.240e-01       5.046e-17       1.742e+13    4.505e+16  1.059e+10  9.999e-02 3.137e-06 4.232e-06 1.895e-05 3.247e-06 1.059e-05 9.144e-06  3.136e+08  6.230e-08  6.6192e-02  4.4729e-01
6.93875e+03  9.320e-01       5.707e-17       1.025e+14    2.566e+17  6.621e+10  1.279e-01 3.247e-06 4.380e-06 1.897e-05 3.352e-06 1.086e-05 9.461e-06  2.048e+09  4.069e-07  6.9012e-02  4.4829e-01
6.45920e+03  1.040e+00       6.368e-17       4.263e+14    1.030e+18  2.932e+11  1.593e-01 3.365e-06 4.539e-06 1.899e-05 3.467e-06 1.116e-05 9.806e-06  9.492e+09  1.885e-06  7.2056e-02  4.4927e-01
5.99917e+03  1.148e+00       7.029e-17       1.346e+15    3.139e+18  9.889e+11  1.941e-01 3.492e-06 4.710e-06 1.901e-05 3.590e-06 1.149e-05 1.017e-05  3.352e+10  6.659e-06  7.5294e-02  4.5022e-01
5.56379e+03  1.256e+00       7.691e-17       3.416e+15    7.676e+18  2.684e+12  2.323e-01 3.626e-06 4.891e-06 1.904e-05 3.721e-06 1.184e-05 1.056e-05  9.529e+10  1.893e-05  7.8702e-02  4.5112e-01
5.15599e+03  1.364e+00       8.352e-17       7.270e+15    1.573e+19  6.117e+12  2.740e-01 3.766e-06 5.081e-06 1.907e-05 3.858e-06 1.220e-05 1.097e-05  2.274e+11  4.517e-05  8.2256e-02  4.5198e-01
4.77699e+03  1.472e+00       9.013e-17       1.342e+16    2.796e+19  1.210e+13  3.191e-01 3.913e-06 5.278e-06 1.909e-05 4.001e-06 1.259e-05 1.140e-05  4.709e+11  9.354e-05  8.5933e-02  4.5278e-01
4.42680e+03  1.580e+00       9.675e-17       2.209e+16    4.430e+19  2.135e+13  3.676e-01 4.065e-06 5.483e-06 1.913e-05 4.150e-06 1.299e-05 1.184e-05  8.687e+11  1.726e-04  8.9714e-02  4.5352e-01
4.10461e+03  1.688e+00       1.034e-16       3.311e+16    6.392e+19  3.430e+13  4.196e-01 4.221e-06 5.694e-06 1.916e-05 4.303e-06 1.341e-05 1.230e-05  1.458e+12  2.896e-04  9.3583e-02  4.5421e-01
3.80906e+03  1.796e+00       1.100e-16       4.599e+16    8.547e+19  5.106e+13  4.750e-01 4.382e-06 5.911e-06 1.920e-05 4.461e-06 1.384e-05 1.277e-05  2.264e+12  4.497e-04  9.7509e-02  4.5476e-01
3.53847e+03  1.904e+00       1.166e-16       6.001e+16    1.074e+20  7.133e+13  5.339e-01 4.546e-06 6.133e-06 1.923e-05 4.623e-06 1.428e-05 1.325e-05  3.297e+12  6.549e-04  1.0151e-01  4.5534e-01
3.29104e+03  2.012e+00       1.232e-16       7.439e+16    1.283e+20  9.461e+13  5.962e-01 4.714e-06 6.359e-06 1.927e-05 4.788e-06 1.474e-05 1.374e-05  4.553e+12  9.043e-04  1.0555e-01  4.5587e-01
3.06490e+03  2.120e+00       1.298e-16       8.843e+16    1.470e+20  1.202e+14  6.619e-01 4.885e-06 6.590e-06 1.932e-05 4.956e-06 1.520e-05 1.423e-05  6.014e+12  1.195e-03  1.0963e-01  4.5636e-01
2.85823e+03  2.228e+00       1.364e-16       1.015e+17    1.628e+20  1.474e+14  7.310e-01 5.058e-06 6.824e-06 1.936e-05 5.127e-06 1.567e-05 1.474e-05  7.657e+12  1.521e-03  1.1374e-01  4.5681e-01
2.66930e+03  2.336e+00       1.430e-16       1.133e+17    1.752e+20  1.754e+14  8.036e-01 5.234e-06 7.061e-06 1.941e-05 5.301e-06 1.616e-05 1.525e-05  9.451e+12  1.877e-03  1.1787e-01  4.5722e-01
2.49647e+03  2.444e+00       1.497e-16       1.234e+17    1.843e+20  2.036e+14  8.796e-01 5.413e-06 7.302e-06 1.946e-05 5.477e-06 1.665e-05 1.577e-05  1.136e+13  2.258e-03  1.2201e-01  4.5760e-01
2.33823e+03  2.552e+00       1.563e-16       1.318e+17    1.902e+20  2.314e+14  9.591e-01 5.593e-06 7.545e-06 1.951e-05 5.655e-06 1.715e-05 1.629e-05  1.337e+13  2.655e-03  1.2615e-01  4.5795e-01
2.19321e+03  2.660e+00       1.629e-16       1.385e+17    1.931e+20  2.584e+14  1.042e+00 5.775e-06 7.790e-06 1.956e-05 5.835e-06 1.765e-05 1.682e-05  1.543e+13  3.065e-03  1.3030e-01  4.5827e-01
2.06014e+03  2.768e+00       1.695e-16       1.436e+17    1.936e+20  2.844e+14  1.128e+00 5.958e-06 8.038e-06 1.962e-05 6.017e-06 1.816e-05 1.736e-05  1.753e+13  3.482e-03  1.3444e-01  4.5856e-01
1.93788e+03  2.876e+00       1.761e-16       1.471e+17    1.920e+20  3.090e+14  1.218e+00 6.143e-06 8.288e-06 1.967e-05 6.200e-06 1.868e-05 1.790e-05  1.964e+13  3.902e-03  1.3857e-01  4.5884e-01
1.82540e+03  2.984e+00       1.827e-16       1.493e+17    1.886e+20  3.321e+14  1.311e+00 6.330e-06 8.539e-06 1.973e-05 6.385e-06 1.920e-05 1.844e-05  2.176e+13  4.322e-03  1.4269e-01  4.5909e-01
1.72179e+03  3.092e+00       1.893e-16       1.504e+17    1.840e+20  3.537e+14  1.408e+00 6.517e-06 8.792e-06 1.979e-05 6.571e-06 1.972e-05 1.899e-05  2.385e+13  4.738e-03  1.4680e-01  4.5932e-01
1.62620e+03  3.200e+00       1.959e-16       1.504e+17    1.784e+20  3.740e+14  1.508e+00 6.706e-06 9.047e-06 1.986e-05 6.758e-06 2.025e-05 1.954e-05  2.592e+13  5.149e-03  1.5086e-01  4.5947e-01
1.53789e+03  3.308e+00       2.026e-16       1.496e+17    1.720e+20  3.926e+14  1.612e+00 6.896e-06 9.303e-06 1.992e-05 6.947e-06 2.079e-05 2.009e-05  2.795e+13  5.553e-03  1.5492e-01  4.5967e-01
1.45619e+03  3.416e+00       2.092e-16       1.481e+17    1.652e+20  4.097e+14  1.718e+00 7.087e-06 9.560e-06 1.999e-05 7.136e-06 2.133e-05 2.065e-05  2.995e+13  5.949e-03  1.5896e-01  4.5985e-01
1.38049e+03  3.524e+00       2.158e-16       1.460e+17    1.582e+20  4.254e+14  1.829e+00 7.279e-06 9.819e-06 2.006e-05 7.327e-06 2.187e-05 2.121e-05  3.189e+13  6.336e-03  1.6296e-01  4.6002e-01
1.31026e+03  3.632e+00       2.224e-16       1.435e+17    1.510e+20  4.399e+14  1.943e+00 7.471e-06 1.008e-05 2.013e-05 7.518e-06 2.241e-05 2.177e-05  3.379e+13  6.713e-03  1.6694e-01  4.6018e-01
1.24501e+03  3.740e+00       2.290e-16       1.407e+17    1.438e+20  4.531e+14  2.060e+00 7.664e-06 1.034e-05 2.020e-05 7.710e-06 2.296e-05 2.233e-05  3.564e+13  7.080e-03  1.7089e-01  4.6033e-01
1.18430e+03  3.848e+00       2.356e-16       1.376e+17    1.367e+20  4.652e+14  2.181e+00 7.858e-06 1.060e-05 2.027e-05 7.903e-06 2.351e-05 2.289e-05  3.744e+13  7.438e-03  1.7480e-01  4.6047e-01
1.12775e+03  3.956e+00       2.422e-16       1.343e+17    1.297e+20  4.762e+14  2.305e+00 8.053e-06 1.086e-05 2.035e-05 8.096e-06 2.406e-05 2.346e-05  3.919e+13  7.786e-03  1.7868e-01  4.6060e-01
1.07499e+03  4.064e+00       2.488e-16       1.309e+17    1.230e+20  4.863e+14  2.432e+00 8.248e-06 1.113e-05 2.043e-05 8.291e-06 2.461e-05 2.403e-05  4.090e+13  8.124e-03  1.8253e-01  4.6072e-01
1.02572e+03  4.172e+00       2.555e-16       1.274e+17    1.165e+20  4.955e+14  2.563e+00 8.444e-06 1.139e-05 2.051e-05 8.485e-06 2.517e-05 2.460e-05  4.255e+13  8.453e-03  1.8634e-01  4.6084e-01
9.79638e+02  4.280e+00       2.621e-16       1.238e+17    1.103e+20  5.039e+14  2.698e+00 8.640e-06 1.166e-05 2.059e-05 8.681e-06 2.573e-05 2.517e-05  4.416e+13  8.772e-03  1.9011e-01  4.6095e-01
9.36490e+02  4.388e+00       2.687e-16       1.203e+17    1.043e+20  5.117e+14  2.836e+00 8.837e-06 1.192e-05 2.067e-05 8.877e-06 2.629e-05 2.575e-05  4.572e+13  9.082e-03  1.9382e-01  4.6099e-01
8.96041e+02  4.496e+00       2.753e-16       1.168e+17    9.870e+19  5.187e+14  2.977e+00 9.035e-06 1.219e-05 2.076e-05 9.073e-06 2.686e-05 2.632e-05  4.724e+13  9.384e-03  1.9751e-01  4.6109e-01
8.58078e+02  4.604e+00       2.819e-16       1.133e+17    9.334e+19  5.251e+14  3.122e+00 9.232e-06 1.245e-05 2.085e-05 9.270e-06 2.742e-05 2.690e-05  4.872e+13  9.678e-03  2.0117e-01  4.6117e-01
8.22407e+02  4.712e+00       2.885e-16       1.099e+17    8.827e+19  5.310e+14  3.270e+00 9.430e-06 1.272e-05 2.093e-05 9.467e-06 2.799e-05 2.747e-05  5.015e+13  9.963e-03  2.0478e-01  4.6126e-01
7.88854e+02  4.820e+00       2.951e-16       1.066e+17    8.348e+19  5.364e+14  3.421e+00 9.629e-06 1.299e-05 2.102e-05 9.665e-06 2.855e-05 2.805e-05  5.155e+13  1.024e-02  2.0835e-01  4.6134e-01
7.57258e+02  4.928e+00       3.018e-16       1.033e+17    7.896e+19  5.413e+14  3.576e+00 9.828e-06 1.326e-05 2.112e-05 9.863e-06 2.912e-05 2.863e-05  5.291e+13  1.051e-02  2.1188e-01  4.6141e-01
7.27476e+02  5.036e+00       3.084e-16       1.002e+17    7.469e+19  5.458e+14  3.735e+00 1.003e-05 1.353e-05 2.121e-05 1.006e-05 2.969e-05 2.921e-05  5.424e+13  1.077e-02  2.1536e-01  4.6148e-01
6.99373e+02  5.144e+00       3.150e-16       9.707e+16    7.068e+19  5.499e+14  3.897e+00 1.023e-05 1.380e-05 2.130e-05 1.026e-05 3.026e-05 2.979e-05  5.553e+13  1.103e-02  2.1880e-01  4.6155e-01
6.72830e+02  5.252e+00       3.216e-16       9.409e+16    6.690e+19  5.537e+14  4.062e+00 1.043e-05 1.406e-05 2.140e-05 1.046e-05 3.084e-05 3.037e-05  5.679e+13  1.128e-02  2.2221e-01  4.6161e-01
6.47736e+02  5.360e+00       3.282e-16       9.120e+16    6.334e+19  5.571e+14  4.231e+00 1.063e-05 1.433e-05 2.150e-05 1.066e-05 3.141e-05 3.095e-05  5.802e+13  1.153e-02  2.2556e-01  4.6168e-01
6.23990e+02  5.468e+00       3.348e-16       8.841e+16    6.000e+19  5.603e+14  4.403e+00 1.083e-05 1.460e-05 2.160e-05 1.086e-05 3.198e-05 3.154e-05  5.922e+13  1.176e-02  2.2888e-01  4.6173e-01
6.01499e+02  5.576e+00       3.414e-16       8.572e+16    5.685e+19  5.634e+14  4.579e+00 1.103e-05 1.488e-05 2.170e-05 1.106e-05 3.256e-05 3.212e-05  6.038e+13  1.200e-02  2.3213e-01  4.6174e-01
5.80178e+02  5.684e+00       3.480e-16       8.312e+16    5.389e+19  5.661e+14  4.758e+00 1.123e-05 1.515e-05 2.180e-05 1.126e-05 3.314e-05 3.271e-05  6.153e+13  1.222e-02  2.3535e-01  4.6179e-01
5.59950e+02  5.792e+00       3.547e-16       8.061e+16    5.111e+19  5.686e+14  4.940e+00 1.143e-05 1.542e-05 2.191e-05 1.146e-05 3.372e-05 3.329e-05  6.264e+13  1.244e-02  2.3854e-01  4.6184e-01
5.40741e+02  5.900e+00       3.613e-16       7.820e+16    4.849e+19  5.709e+14  5.126e+00 1.163e-05 1.569e-05 2.201e-05 1.166e-05 3.430e-05 3.388e-05  6.373e+13  1.266e-02  2.4168e-01  4.6189e-01
