     Energy         Kx              Ky       F.Density    GA.Brill.       Flux  Tot.Power  Nat.Size  Nat.Div.    Size.x    Size.y     Div.x     Div.y   Coh.Flux  Coh.Power   CohFrac.x   CohFrac.y
         eV          -               -  ph/s/mr^2/0.1%  F.Dens/mm^2  ph/s/0.1%         kW         m       rad         m         m       rad       rad  ph/s/0.1%          W           -           -
8.84652e+03  0.000e+00       5.000e-01       3.071e+09    8.633e+12  1.607e+06  3.682e-02 2.875e-06 3.879e-06 1.891e-05 2.994e-06 9.934e-06 8.380e-06  4.239e+04  8.421e-12  5.9371e-02  4.4445e-01
8.30434e+03  0.000e+00       6.300e-01       2.137e+11    5.829e+14  1.180e+08  5.845e-02 2.968e-06 4.003e-06 1.892e-05 3.083e-06 1.016e-05 8.649e-06  3.248e+06  6.453e-10  6.1782e-02  4.4553e-01
7.72217e+03  0.000e+00       7.600e-01       4.971e+12    1.310e+16  2.923e+09  8.506e-02 3.078e-06 4.152e-06 1.894e-05 3.189e-06 1.044e-05 8.969e-06  8.440e+07  1.677e-08  6.4638e-02  4.4670e-01
7.12893e+03  0.000e+00       8.900e-01       5.389e+13    1.366e+17  3.398e+10  1.167e-01 3.203e-06 4.321e-06 1.896e-05 3.310e-06 1.075e-05 9.334e-06  1.033e+09  2.053e-07  6.7887e-02  4.4790e-01
6.54673e+03  0.000e+00       1.020e+00       3.349e+14    8.149e+17  2.276e+11  1.532e-01 3.342e-06 4.509e-06 1.899e-05 3.445e-06 1.111e-05 9.740e-06  7.307e+09  1.451e-06  7.1476e-02  4.4909e-01
5.99087e+03  0.000e+00       1.150e+00       1.372e+15    3.198e+18  1.009e+12  1.948e-01 3.494e-06 4.713e-06 1.901e-05 3.593e-06 1.149e-05 1.018e-05  3.424e+10  6.802e-06  7.5356e-02  4.5024e-01
5.47072e+03  0.000e+00       1.280e+00       4.097e+15    9.129e+18  3.268e+12  2.413e-01 3.656e-06 4.932e-06 1.904e-05 3.751e-06 1.192e-05 1.065e-05  1.172e+11  2.328e-05  7.9480e-02  4.5132e-01
4.99102e+03  0.000e+00       1.410e+00       9.588e+15    2.042e+19  8.308e+12  2.928e-01 3.828e-06 5.164e-06 1.908e-05 3.918e-06 1.236e-05 1.115e-05  3.150e+11  6.256e-05  8.3808e-02  4.5232e-01
4.55318e+03  0.000e+00       1.540e+00       1.859e+16    3.781e+19  1.751e+13  3.493e-01 4.008e-06 5.407e-06 1.911e-05 4.094e-06 1.284e-05 1.168e-05  7.008e+11  1.392e-04  8.8303e-02  4.5325e-01
4.15642e+03  0.000e+00       1.670e+00       3.113e+16    6.047e+19  3.188e+13  4.107e-01 4.195e-06 5.659e-06 1.915e-05 4.277e-06 1.334e-05 1.222e-05  1.345e+12  2.672e-04  9.2933e-02  4.5410e-01
3.79860e+03  0.000e+00       1.800e+00       4.649e+16    8.629e+19  5.175e+13  4.771e-01 4.388e-06 5.919e-06 1.920e-05 4.467e-06 1.385e-05 1.279e-05  2.298e+12  4.565e-04  9.7656e-02  4.5478e-01
3.47686e+03  0.000e+00       1.930e+00       6.347e+16    1.126e+20  7.668e+13  5.486e-01 4.586e-06 6.187e-06 1.924e-05 4.662e-06 1.439e-05 1.336e-05  3.579e+12  7.110e-04  1.0248e-01  4.5547e-01
3.18801e+03  0.000e+00       2.060e+00       8.071e+16    1.369e+20  1.057e+14  6.249e-01 4.790e-06 6.461e-06 1.929e-05 4.862e-06 1.494e-05 1.396e-05  5.178e+12  1.029e-03  1.0736e-01  4.5609e-01
2.92884e+03  0.000e+00       2.190e+00       9.706e+16    1.576e+20  1.377e+14  7.063e-01 4.997e-06 6.741e-06 1.935e-05 5.067e-06 1.551e-05 1.456e-05  7.060e+12  1.402e-03  1.1229e-01  4.5665e-01
2.69623e+03  0.000e+00       2.320e+00       1.116e+17    1.736e+20  1.712e+14  7.927e-01 5.208e-06 7.026e-06 1.940e-05 5.275e-06 1.609e-05 1.517e-05  9.177e+12  1.823e-03  1.1726e-01  4.5716e-01
2.48731e+03  0.000e+00       2.450e+00       1.239e+17    1.847e+20  2.051e+14  8.840e-01 5.423e-06 7.315e-06 1.946e-05 5.487e-06 1.668e-05 1.580e-05  1.147e+13  2.279e-03  1.2224e-01  4.5762e-01
2.29942e+03  0.000e+00       2.580e+00       1.337e+17    1.912e+20  2.385e+14  9.803e-01 5.640e-06 7.608e-06 1.952e-05 5.701e-06 1.728e-05 1.643e-05  1.390e+13  2.761e-03  1.2723e-01  4.5803e-01
2.13019e+03  0.000e+00       2.710e+00       1.411e+17    1.936e+20  2.706e+14  1.082e+00 5.860e-06 7.905e-06 1.959e-05 5.919e-06 1.788e-05 1.707e-05  1.640e+13  3.258e-03  1.3222e-01  4.5841e-01
1.97750e+03  0.000e+00       2.840e+00       1.461e+17    1.927e+20  3.009e+14  1.188e+00 6.082e-06 8.204e-06 1.965e-05 6.139e-06 1.850e-05 1.772e-05  1.894e+13  3.762e-03  1.3720e-01  4.5875e-01
1.83947e+03  0.000e+00       2.970e+00       1.491e+17    1.892e+20  3.292e+14  1.299e+00 6.306e-06 8.506e-06 1.972e-05 6.361e-06 1.913e-05 1.837e-05  2.148e+13  4.268e-03  1.4216e-01  4.5906e-01
1.71444e+03  0.000e+00       3.100e+00       1.504e+17    1.836e+20  3.554e+14  1.415e+00 6.531e-06 8.811e-06 1.980e-05 6.585e-06 1.976e-05 1.903e-05  2.401e+13  4.769e-03  1.4708e-01  4.5927e-01
1.60097e+03  0.000e+00       3.230e+00       1.503e+17    1.767e+20  3.793e+14  1.536e+00 6.759e-06 9.118e-06 1.987e-05 6.810e-06 2.040e-05 1.969e-05  2.649e+13  5.262e-03  1.5199e-01  4.5953e-01
1.49776e+03  0.000e+00       3.360e+00       1.489e+17    1.688e+20  4.010e+14  1.663e+00 6.988e-06 9.427e-06 1.995e-05 7.038e-06 2.105e-05 2.036e-05  2.892e+13  5.745e-03  1.5687e-01  4.5976e-01
1.40370e+03  0.000e+00       3.490e+00       1.467e+17    1.604e+20  4.206e+14  1.794e+00 7.218e-06 9.738e-06 2.004e-05 7.266e-06 2.170e-05 2.103e-05  3.129e+13  6.215e-03  1.6170e-01  4.5997e-01
1.31781e+03  0.000e+00       3.620e+00       1.438e+17    1.518e+20  4.383e+14  1.930e+00 7.450e-06 1.005e-05 2.012e-05 7.497e-06 2.235e-05 2.170e-05  3.358e+13  6.671e-03  1.6650e-01  4.6017e-01
1.23920e+03  0.000e+00       3.750e+00       1.404e+17    1.431e+20  4.543e+14  2.071e+00 7.682e-06 1.036e-05 2.021e-05 7.728e-06 2.301e-05 2.238e-05  3.581e+13  7.114e-03  1.7125e-01  4.6035e-01
1.16713e+03  0.000e+00       3.880e+00       1.366e+17    1.346e+20  4.686e+14  2.217e+00 7.916e-06 1.068e-05 2.030e-05 7.960e-06 2.367e-05 2.306e-05  3.797e+13  7.542e-03  1.7596e-01  4.6051e-01
1.10092e+03  0.000e+00       4.010e+00       1.326e+17    1.263e+20  4.814e+14  2.368e+00 8.151e-06 1.100e-05 2.039e-05 8.193e-06 2.434e-05 2.374e-05  4.005e+13  7.956e-03  1.8061e-01  4.6066e-01
1.03997e+03  0.000e+00       4.140e+00       1.284e+17    1.184e+20  4.929e+14  2.524e+00 8.386e-06 1.131e-05 2.048e-05 8.428e-06 2.501e-05 2.443e-05  4.207e+13  8.356e-03  1.8521e-01  4.6081e-01
9.83778e+02  0.000e+00       4.270e+00       1.242e+17    1.108e+20  5.032e+14  2.685e+00 8.622e-06 1.163e-05 2.058e-05 8.663e-06 2.568e-05 2.512e-05  4.401e+13  8.743e-03  1.8976e-01  4.6094e-01
9.31867e+02  0.000e+00       4.400e+00       1.199e+17    1.037e+20  5.125e+14  2.851e+00 8.859e-06 1.195e-05 2.068e-05 8.899e-06 2.636e-05 2.581e-05  4.589e+13  9.116e-03  1.9423e-01  4.6100e-01
8.83831e+02  0.000e+00       4.530e+00       1.157e+17    9.698e+19  5.208e+14  3.022e+00 9.097e-06 1.227e-05 2.079e-05 9.135e-06 2.703e-05 2.650e-05  4.771e+13  9.477e-03  1.9867e-01  4.6111e-01
8.39307e+02  0.000e+00       4.660e+00       1.116e+17    9.068e+19  5.282e+14  3.198e+00 9.335e-06 1.259e-05 2.089e-05 9.372e-06 2.771e-05 2.719e-05  4.947e+13  9.827e-03  2.0304e-01  4.6122e-01
7.97971e+02  0.000e+00       4.790e+00       1.075e+17    8.478e+19  5.349e+14  3.379e+00 9.574e-06 1.291e-05 2.100e-05 9.610e-06 2.840e-05 2.789e-05  5.117e+13  1.016e-02  2.0736e-01  4.6132e-01
7.59535e+02  0.000e+00       4.920e+00       1.036e+17    7.928e+19  5.409e+14  3.565e+00 9.813e-06 1.324e-05 2.111e-05 9.848e-06 2.908e-05 2.859e-05  5.281e+13  1.049e-02  2.1162e-01  4.6141e-01
7.23741e+02  0.000e+00       5.050e+00       9.975e+16    7.416e+19  5.463e+14  3.756e+00 1.005e-05 1.356e-05 2.122e-05 1.009e-05 2.977e-05 2.928e-05  5.441e+13  1.081e-02  2.1581e-01  4.6149e-01
6.90358e+02  0.000e+00       5.180e+00       9.607e+16    6.939e+19  5.512e+14  3.952e+00 1.029e-05 1.389e-05 2.134e-05 1.033e-05 3.045e-05 2.998e-05  5.596e+13  1.112e-02  2.1994e-01  4.6157e-01
6.59180e+02  0.000e+00       5.310e+00       9.253e+16    6.496e+19  5.556e+14  4.152e+00 1.053e-05 1.421e-05 2.145e-05 1.057e-05 3.114e-05 3.068e-05  5.745e+13  1.141e-02  2.2401e-01  4.6165e-01
6.30022e+02  0.000e+00       5.440e+00       8.912e+16    6.084e+19  5.595e+14  4.358e+00 1.077e-05 1.453e-05 2.157e-05 1.081e-05 3.184e-05 3.139e-05  5.891e+13  1.170e-02  2.2802e-01  4.6172e-01
6.02717e+02  0.000e+00       5.570e+00       8.586e+16    5.702e+19  5.632e+14  4.569e+00 1.102e-05 1.486e-05 2.169e-05 1.105e-05 3.253e-05 3.209e-05  6.032e+13  1.198e-02  2.3195e-01  4.6174e-01
5.77114e+02  0.000e+00       5.700e+00       8.274e+16    5.347e+19  5.665e+14  4.785e+00 1.126e-05 1.519e-05 2.182e-05 1.129e-05 3.323e-05 3.280e-05  6.169e+13  1.225e-02  2.3583e-01  4.6180e-01
5.53078e+02  0.000e+00       5.830e+00       7.975e+16    5.017e+19  5.694e+14  5.005e+00 1.150e-05 1.551e-05 2.194e-05 1.153e-05 3.392e-05 3.350e-05  6.303e+13  1.252e-02  2.3965e-01  4.6186e-01
5.30486e+02  0.000e+00       5.960e+00       7.689e+16    4.710e+19  5.721e+14  5.231e+00 1.174e-05 1.584e-05 2.207e-05 1.177e-05 3.462e-05 3.421e-05  6.432e+13  1.278e-02  2.4341e-01  4.6191e-01
5.09226e+02  0.000e+00       6.090e+00       7.416e+16    4.425e+19  5.745e+14  5.462e+00 1.198e-05 1.617e-05 2.220e-05 1.201e-05 3.532e-05 3.491e-05  6.558e+13  1.303e-02  2.4710e-01  4.6196e-01
4.89198e+02  0.000e+00       6.220e+00       7.155e+16    4.161e+19  5.768e+14  5.698e+00 1.223e-05 1.649e-05 2.233e-05 1.226e-05 3.602e-05 3.562e-05  6.681e+13  1.327e-02  2.5073e-01  4.6201e-01
4.70310e+02  0.000e+00       6.350e+00       6.906e+16    3.914e+19  5.788e+14  5.938e+00 1.247e-05 1.682e-05 2.247e-05 1.250e-05 3.672e-05 3.633e-05  6.801e+13  1.351e-02  2.5430e-01  4.6206e-01
4.52478e+02  0.000e+00       6.480e+00       6.669e+16    3.685e+19  5.806e+14  6.184e+00 1.271e-05 1.715e-05 2.260e-05 1.274e-05 3.742e-05 3.703e-05  6.917e+13  1.374e-02  2.5781e-01  4.6211e-01
4.35626e+02  0.000e+00       6.610e+00       6.441e+16    3.472e+19  5.823e+14  6.434e+00 1.296e-05 1.748e-05 2.274e-05 1.298e-05 3.812e-05 3.774e-05  7.031e+13  1.397e-02  2.6126e-01  4.6215e-01
4.19686e+02  0.000e+00       6.740e+00       6.224e+16    3.273e+19  5.839e+14  6.690e+00 1.320e-05 1.781e-05 2.288e-05 1.323e-05 3.883e-05 3.846e-05  7.141e+13  1.419e-02  2.6463e-01  4.6215e-01
4.04592e+02  0.000e+00       6.870e+00       6.017e+16    3.088e+19  5.854e+14  6.951e+00 1.344e-05 1.814e-05 2.302e-05 1.347e-05 3.953e-05 3.917e-05  7.249e+13  1.440e-02  2.6795e-01  4.6219e-01
3.90288e+02  0.000e+00       7.000e+00       5.819e+16    2.915e+19  5.867e+14  7.216e+00 1.369e-05 1.847e-05 2.317e-05 1.371e-05 4.023e-05 3.988e-05  7.355e+13  1.461e-02  2.7122e-01  4.6222e-01
