     Energy         Kx              Ky       F.Density    GA.Brill.       Flux  Tot.Power  Nat.Size  Nat.Div.    Size.x    Size.y     Div.x     Div.y   Coh.Flux  Coh.Power   CohFrac.x   CohFrac.y
         eV          -               -  ph/s/mr^2/0.1%  F.Dens/mm^2  ph/s/0.1%         kW         m       rad         m         m       rad       rad  ph/s/0.1%          W           -           -
5.62961e+03  3.536e-01       3.536e-01       0.000e+00    0.000e+00  0.000e+00  3.682e-02 3.604e-06 4.862e-06 1.903e-05 3.700e-06 1.010e-05 8.577e-06  0.000e+00  0.000e+00  9.1161e-02  5.5227e-01
5.32332e+03  4.356e-01       4.356e-01       0.000e+00    0.000e+00  0.000e+00  5.588e-02 3.707e-06 5.000e-06 1.905e-05 3.800e-06 1.031e-05 8.820e-06  0.000e+00  0.000e+00  9.4372e-02  5.5306e-01
4.99507e+03  5.176e-01       5.176e-01       0.000e+00    0.000e+00  0.000e+00  7.891e-02 3.826e-06 5.162e-06 1.908e-05 3.917e-06 1.055e-05 9.105e-06  0.000e+00  0.000e+00  9.8119e-02  5.5391e-01
4.65838e+03  5.996e-01       5.996e-01       0.000e+00    0.000e+00  0.000e+00  1.059e-01 3.962e-06 5.345e-06 1.911e-05 4.050e-06 1.083e-05 9.427e-06  0.000e+00  0.000e+00  1.0234e-01  5.5478e-01
4.32411e+03  6.817e-01       6.817e-01       0.000e+00    0.000e+00  0.000e+00  1.369e-01 4.113e-06 5.548e-06 1.914e-05 4.197e-06 1.114e-05 9.785e-06  0.000e+00  0.000e+00  1.0699e-01  5.5566e-01
4.00032e+03  7.637e-01       7.637e-01       0.000e+00    0.000e+00  0.000e+00  1.718e-01 4.276e-06 5.768e-06 1.917e-05 4.357e-06 1.149e-05 1.017e-05  0.000e+00  0.000e+00  1.1200e-01  5.5651e-01
3.69244e+03  8.457e-01       8.457e-01       0.000e+00    0.000e+00  0.000e+00  2.107e-01 4.451e-06 6.004e-06 1.921e-05 4.528e-06 1.186e-05 1.059e-05  0.000e+00  0.000e+00  1.1731e-01  5.5732e-01
3.40377e+03  9.277e-01       9.277e-01       0.000e+00    0.000e+00  0.000e+00  2.535e-01 4.635e-06 6.253e-06 1.926e-05 4.710e-06 1.225e-05 1.103e-05  0.000e+00  0.000e+00  1.2289e-01  5.5810e-01
3.13593e+03  1.010e+00       1.010e+00       0.000e+00    0.000e+00  0.000e+00  3.003e-01 4.829e-06 6.515e-06 1.930e-05 4.901e-06 1.267e-05 1.149e-05  0.000e+00  0.000e+00  1.2866e-01  5.5869e-01
2.88932e+03  1.092e+00       1.092e+00       0.000e+00    0.000e+00  0.000e+00  3.511e-01 5.031e-06 6.787e-06 1.935e-05 5.100e-06 1.310e-05 1.197e-05  0.000e+00  0.000e+00  1.3463e-01  5.5935e-01
2.66352e+03  1.174e+00       1.174e+00       0.000e+00    0.000e+00  0.000e+00  4.058e-01 5.240e-06 7.069e-06 1.941e-05 5.306e-06 1.356e-05 1.247e-05  0.000e+00  0.000e+00  1.4074e-01  5.5995e-01
2.45754e+03  1.256e+00       1.256e+00       0.000e+00    0.000e+00  0.000e+00  4.645e-01 5.455e-06 7.359e-06 1.947e-05 5.519e-06 1.403e-05 1.298e-05  0.000e+00  0.000e+00  1.4696e-01  5.6051e-01
2.27014e+03  1.338e+00       1.338e+00       0.000e+00    0.000e+00  0.000e+00  5.272e-01 5.676e-06 7.657e-06 1.953e-05 5.737e-06 1.452e-05 1.350e-05  0.000e+00  0.000e+00  1.5326e-01  5.6102e-01
2.09988e+03  1.420e+00       1.420e+00       0.000e+00    0.000e+00  0.000e+00  5.938e-01 5.902e-06 7.961e-06 1.960e-05 5.961e-06 1.502e-05 1.404e-05  0.000e+00  0.000e+00  1.5962e-01  5.6148e-01
1.94530e+03  1.502e+00       1.502e+00       0.000e+00    0.000e+00  0.000e+00  6.644e-01 6.132e-06 8.272e-06 1.967e-05 6.188e-06 1.553e-05 1.459e-05  0.000e+00  0.000e+00  1.6603e-01  5.6191e-01
1.80498e+03  1.584e+00       1.584e+00       0.000e+00    0.000e+00  0.000e+00  7.389e-01 6.366e-06 8.587e-06 1.974e-05 6.420e-06 1.605e-05 1.514e-05  0.000e+00  0.000e+00  1.7245e-01  5.6230e-01
1.67753e+03  1.666e+00       1.666e+00       0.000e+00    0.000e+00  0.000e+00  8.174e-01 6.603e-06 8.907e-06 1.982e-05 6.656e-06 1.659e-05 1.571e-05  0.000e+00  0.000e+00  1.7889e-01  5.6265e-01
1.56170e+03  1.748e+00       1.748e+00       0.000e+00    0.000e+00  0.000e+00  8.999e-01 6.843e-06 9.232e-06 1.990e-05 6.894e-06 1.713e-05 1.628e-05  0.000e+00  0.000e+00  1.8531e-01  5.6298e-01
1.45631e+03  1.830e+00       1.830e+00       0.000e+00    0.000e+00  0.000e+00  9.864e-01 7.087e-06 9.560e-06 1.999e-05 7.136e-06 1.768e-05 1.686e-05  0.000e+00  0.000e+00  1.9172e-01  5.6328e-01
1.36030e+03  1.912e+00       1.912e+00       0.000e+00    0.000e+00  0.000e+00  1.077e+00 7.332e-06 9.892e-06 2.008e-05 7.380e-06 1.824e-05 1.744e-05  0.000e+00  0.000e+00  1.9806e-01  5.6345e-01
1.27272e+03  1.994e+00       1.994e+00       0.000e+00    0.000e+00  0.000e+00  1.171e+00 7.581e-06 1.023e-05 2.017e-05 7.627e-06 1.880e-05 1.803e-05  0.000e+00  0.000e+00  2.0440e-01  5.6369e-01
1.19270e+03  2.076e+00       2.076e+00       0.000e+00    0.000e+00  0.000e+00  1.269e+00 7.831e-06 1.056e-05 2.026e-05 7.875e-06 1.938e-05 1.863e-05  0.000e+00  0.000e+00  2.1069e-01  5.6392e-01
1.11948e+03  2.158e+00       2.158e+00       0.000e+00    0.000e+00  0.000e+00  1.372e+00 8.083e-06 1.090e-05 2.036e-05 8.126e-06 1.995e-05 1.923e-05  0.000e+00  0.000e+00  2.1693e-01  5.6413e-01
1.05237e+03  2.240e+00       2.240e+00       0.000e+00    0.000e+00  0.000e+00  1.478e+00 8.337e-06 1.125e-05 2.046e-05 8.378e-06 2.053e-05 1.983e-05  0.000e+00  0.000e+00  2.2310e-01  5.6432e-01
9.90767e+02  2.322e+00       2.322e+00       0.000e+00    0.000e+00  0.000e+00  1.588e+00 8.592e-06 1.159e-05 2.057e-05 8.632e-06 2.112e-05 2.044e-05  0.000e+00  0.000e+00  2.2922e-01  5.6450e-01
9.34116e+02  2.404e+00       2.404e+00       0.000e+00    0.000e+00  0.000e+00  1.702e+00 8.848e-06 1.194e-05 2.068e-05 8.888e-06 2.171e-05 2.105e-05  0.000e+00  0.000e+00  2.3526e-01  5.6466e-01
8.81937e+02  2.486e+00       2.486e+00       0.000e+00    0.000e+00  0.000e+00  1.821e+00 9.106e-06 1.228e-05 2.079e-05 9.145e-06 2.231e-05 2.166e-05  0.000e+00  0.000e+00  2.4123e-01  5.6481e-01
8.33800e+02  2.568e+00       2.568e+00       0.000e+00    0.000e+00  0.000e+00  1.943e+00 9.366e-06 1.263e-05 2.090e-05 9.403e-06 2.290e-05 2.228e-05  0.000e+00  0.000e+00  2.4712e-01  5.6496e-01
7.89320e+02  2.650e+00       2.650e+00       0.000e+00    0.000e+00  0.000e+00  2.069e+00 9.626e-06 1.299e-05 2.102e-05 9.662e-06 2.351e-05 2.289e-05  0.000e+00  0.000e+00  2.5294e-01  5.6509e-01
7.48154e+02  2.732e+00       2.732e+00       0.000e+00    0.000e+00  0.000e+00  2.199e+00 9.887e-06 1.334e-05 2.114e-05 9.922e-06 2.412e-05 2.352e-05  0.000e+00  0.000e+00  2.5864e-01  5.6513e-01
7.09996e+02  2.814e+00       2.814e+00       0.000e+00    0.000e+00  0.000e+00  2.333e+00 1.015e-05 1.369e-05 2.127e-05 1.018e-05 2.472e-05 2.414e-05  0.000e+00  0.000e+00  2.6428e-01  5.6524e-01
6.74573e+02  2.896e+00       2.896e+00       0.000e+00    0.000e+00  0.000e+00  2.471e+00 1.041e-05 1.405e-05 2.139e-05 1.045e-05 2.533e-05 2.477e-05  0.000e+00  0.000e+00  2.6984e-01  5.6534e-01
6.41642e+02  2.978e+00       2.978e+00       0.000e+00    0.000e+00  0.000e+00  2.613e+00 1.068e-05 1.440e-05 2.152e-05 1.071e-05 2.595e-05 2.539e-05  0.000e+00  0.000e+00  2.7532e-01  5.6544e-01
6.10981e+02  3.060e+00       3.060e+00       0.000e+00    0.000e+00  0.000e+00  2.759e+00 1.094e-05 1.476e-05 2.166e-05 1.097e-05 2.656e-05 2.602e-05  0.000e+00  0.000e+00  2.8070e-01  5.6553e-01
5.82396e+02  3.142e+00       3.142e+00       0.000e+00    0.000e+00  0.000e+00  2.908e+00 1.121e-05 1.512e-05 2.179e-05 1.124e-05 2.718e-05 2.665e-05  0.000e+00  0.000e+00  2.8600e-01  5.6562e-01
5.55709e+02  3.224e+00       3.224e+00       0.000e+00    0.000e+00  0.000e+00  3.062e+00 1.147e-05 1.548e-05 2.193e-05 1.150e-05 2.780e-05 2.729e-05  0.000e+00  0.000e+00  2.9121e-01  5.6570e-01
5.30762e+02  3.306e+00       3.306e+00       0.000e+00    0.000e+00  0.000e+00  3.220e+00 1.174e-05 1.584e-05 2.207e-05 1.177e-05 2.842e-05 2.792e-05  0.000e+00  0.000e+00  2.9633e-01  5.6578e-01
5.07410e+02  3.388e+00       3.388e+00       0.000e+00    0.000e+00  0.000e+00  3.382e+00 1.201e-05 1.620e-05 2.221e-05 1.203e-05 2.905e-05 2.855e-05  0.000e+00  0.000e+00  3.0135e-01  5.6585e-01
4.85525e+02  3.470e+00       3.470e+00       0.000e+00    0.000e+00  0.000e+00  3.547e+00 1.227e-05 1.656e-05 2.236e-05 1.230e-05 2.968e-05 2.919e-05  0.000e+00  0.000e+00  3.0625e-01  5.6585e-01
4.64991e+02  3.553e+00       3.553e+00       0.000e+00    0.000e+00  0.000e+00  3.717e+00 1.254e-05 1.692e-05 2.251e-05 1.257e-05 3.030e-05 2.983e-05  0.000e+00  0.000e+00  3.1110e-01  5.6592e-01
4.45700e+02  3.635e+00       3.635e+00       0.000e+00    0.000e+00  0.000e+00  3.891e+00 1.281e-05 1.728e-05 2.266e-05 1.284e-05 3.093e-05 3.047e-05  0.000e+00  0.000e+00  3.1585e-01  5.6598e-01
4.27557e+02  3.717e+00       3.717e+00       0.000e+00    0.000e+00  0.000e+00  4.068e+00 1.308e-05 1.764e-05 2.281e-05 1.311e-05 3.156e-05 3.111e-05  0.000e+00  0.000e+00  3.2052e-01  5.6603e-01
4.10476e+02  3.799e+00       3.799e+00       0.000e+00    0.000e+00  0.000e+00  4.250e+00 1.335e-05 1.801e-05 2.297e-05 1.337e-05 3.219e-05 3.175e-05  0.000e+00  0.000e+00  3.2510e-01  5.6609e-01
3.94376e+02  3.881e+00       3.881e+00       0.000e+00    0.000e+00  0.000e+00  4.435e+00 1.362e-05 1.837e-05 2.312e-05 1.364e-05 3.282e-05 3.239e-05  0.000e+00  0.000e+00  3.2958e-01  5.6614e-01
3.79185e+02  3.963e+00       3.963e+00       0.000e+00    0.000e+00  0.000e+00  4.625e+00 1.389e-05 1.874e-05 2.328e-05 1.391e-05 3.346e-05 3.303e-05  0.000e+00  0.000e+00  3.3398e-01  5.6619e-01
3.64839e+02  4.045e+00       4.045e+00       0.000e+00    0.000e+00  0.000e+00  4.818e+00 1.416e-05 1.910e-05 2.345e-05 1.418e-05 3.409e-05 3.367e-05  0.000e+00  0.000e+00  3.3830e-01  5.6624e-01
3.51276e+02  4.127e+00       4.127e+00       0.000e+00    0.000e+00  0.000e+00  5.016e+00 1.443e-05 1.947e-05 2.361e-05 1.445e-05 3.473e-05 3.432e-05  0.000e+00  0.000e+00  3.4253e-01  5.6628e-01
3.38441e+02  4.209e+00       4.209e+00       0.000e+00    0.000e+00  0.000e+00  5.217e+00 1.470e-05 1.983e-05 2.378e-05 1.472e-05 3.537e-05 3.496e-05  0.000e+00  0.000e+00  3.4663e-01  5.6626e-01
3.26286e+02  4.291e+00       4.291e+00       0.000e+00    0.000e+00  0.000e+00  5.422e+00 1.497e-05 2.020e-05 2.395e-05 1.499e-05 3.601e-05 3.561e-05  0.000e+00  0.000e+00  3.5069e-01  5.6630e-01
3.14762e+02  4.373e+00       4.373e+00       0.000e+00    0.000e+00  0.000e+00  5.632e+00 1.524e-05 2.056e-05 2.412e-05 1.527e-05 3.665e-05 3.625e-05  0.000e+00  0.000e+00  3.5467e-01  5.6634e-01
3.03829e+02  4.455e+00       4.455e+00       0.000e+00    0.000e+00  0.000e+00  5.845e+00 1.552e-05 2.093e-05 2.429e-05 1.554e-05 3.728e-05 3.690e-05  0.000e+00  0.000e+00  3.5856e-01  5.6638e-01
