     Energy         Kx              Ky       F.Density    GA.Brill.       Flux  Tot.Power  Nat.Size  Nat.Div.    Size.x    Size.y     Div.x     Div.y   Coh.Flux  Coh.Power   CohFrac.x   CohFrac.y
         eV          -               -  ph/s/mr^2/0.1%  F.Dens/mm^2  ph/s/0.1%         kW         m       rad         m         m       rad       rad  ph/s/0.1%          W           -           -
4.02115e+03  3.536e-01       3.536e-01       0.000e+00    0.000e+00  0.000e+00  3.682e-02 4.265e-06 5.753e-06 1.917e-05 4.346e-06 1.030e-05 8.810e-06  0.000e+00  0.000e+00  1.2428e-01  6.4086e-01
3.80237e+03  4.356e-01       4.356e-01       0.000e+00    0.000e+00  0.000e+00  5.588e-02 4.386e-06 5.916e-06 1.920e-05 4.465e-06 1.051e-05 9.059e-06  0.000e+00  0.000e+00  1.2857e-01  6.4153e-01
3.56791e+03  5.176e-01       5.176e-01       0.000e+00    0.000e+00  0.000e+00  7.891e-02 4.528e-06 6.108e-06 1.923e-05 4.604e-06 1.077e-05 9.352e-06  0.000e+00  0.000e+00  1.3356e-01  6.4225e-01
3.32741e+03  5.996e-01       5.996e-01       0.000e+00    0.000e+00  0.000e+00  1.059e-01 4.688e-06 6.325e-06 1.927e-05 4.762e-06 1.106e-05 9.683e-06  0.000e+00  0.000e+00  1.3919e-01  6.4300e-01
3.08865e+03  6.817e-01       6.817e-01       0.000e+00    0.000e+00  0.000e+00  1.369e-01 4.866e-06 6.565e-06 1.931e-05 4.937e-06 1.138e-05 1.005e-05  0.000e+00  0.000e+00  1.4537e-01  6.4374e-01
2.85737e+03  7.637e-01       7.637e-01       0.000e+00    0.000e+00  0.000e+00  1.718e-01 5.059e-06 6.825e-06 1.936e-05 5.128e-06 1.173e-05 1.045e-05  0.000e+00  0.000e+00  1.5201e-01  6.4447e-01
2.63746e+03  8.457e-01       8.457e-01       0.000e+00    0.000e+00  0.000e+00  2.107e-01 5.266e-06 7.104e-06 1.942e-05 5.332e-06 1.212e-05 1.088e-05  0.000e+00  0.000e+00  1.5902e-01  6.4500e-01
2.43127e+03  9.277e-01       9.277e-01       0.000e+00    0.000e+00  0.000e+00  2.535e-01 5.485e-06 7.399e-06 1.948e-05 5.548e-06 1.252e-05 1.133e-05  0.000e+00  0.000e+00  1.6638e-01  6.4564e-01
2.23995e+03  1.010e+00       1.010e+00       0.000e+00    0.000e+00  0.000e+00  3.003e-01 5.714e-06 7.708e-06 1.954e-05 5.775e-06 1.295e-05 1.180e-05  0.000e+00  0.000e+00  1.7401e-01  6.4624e-01
2.06380e+03  1.092e+00       1.092e+00       0.000e+00    0.000e+00  0.000e+00  3.511e-01 5.953e-06 8.031e-06 1.961e-05 6.011e-06 1.340e-05 1.230e-05  0.000e+00  0.000e+00  1.8185e-01  6.4680e-01
1.90251e+03  1.174e+00       1.174e+00       0.000e+00    0.000e+00  0.000e+00  4.058e-01 6.200e-06 8.364e-06 1.969e-05 6.256e-06 1.387e-05 1.281e-05  0.000e+00  0.000e+00  1.8985e-01  6.4731e-01
1.75539e+03  1.256e+00       1.256e+00       0.000e+00    0.000e+00  0.000e+00  4.645e-01 6.455e-06 8.708e-06 1.977e-05 6.509e-06 1.436e-05 1.333e-05  0.000e+00  0.000e+00  1.9797e-01  6.4778e-01
1.62153e+03  1.338e+00       1.338e+00       0.000e+00    0.000e+00  0.000e+00  5.272e-01 6.716e-06 9.060e-06 1.986e-05 6.768e-06 1.486e-05 1.387e-05  0.000e+00  0.000e+00  2.0618e-01  6.4822e-01
1.49991e+03  1.420e+00       1.420e+00       0.000e+00    0.000e+00  0.000e+00  5.938e-01 6.983e-06 9.420e-06 1.995e-05 7.033e-06 1.538e-05 1.442e-05  0.000e+00  0.000e+00  2.1443e-01  6.4861e-01
1.38950e+03  1.502e+00       1.502e+00       0.000e+00    0.000e+00  0.000e+00  6.644e-01 7.255e-06 9.787e-06 2.005e-05 7.303e-06 1.590e-05 1.498e-05  0.000e+00  0.000e+00  2.2271e-01  6.4898e-01
1.28927e+03  1.584e+00       1.584e+00       0.000e+00    0.000e+00  0.000e+00  7.389e-01 7.532e-06 1.016e-05 2.015e-05 7.578e-06 1.644e-05 1.555e-05  0.000e+00  0.000e+00  2.3098e-01  6.4931e-01
1.19824e+03  1.666e+00       1.666e+00       0.000e+00    0.000e+00  0.000e+00  8.174e-01 7.813e-06 1.054e-05 2.026e-05 7.857e-06 1.699e-05 1.614e-05  0.000e+00  0.000e+00  2.3919e-01  6.4948e-01
1.11550e+03  1.748e+00       1.748e+00       0.000e+00    0.000e+00  0.000e+00  8.999e-01 8.097e-06 1.092e-05 2.037e-05 8.140e-06 1.755e-05 1.672e-05  0.000e+00  0.000e+00  2.4739e-01  6.4975e-01
1.04022e+03  1.830e+00       1.830e+00       0.000e+00    0.000e+00  0.000e+00  9.864e-01 8.385e-06 1.131e-05 2.048e-05 8.427e-06 1.812e-05 1.732e-05  0.000e+00  0.000e+00  2.5554e-01  6.5000e-01
9.71644e+02  1.912e+00       1.912e+00       0.000e+00    0.000e+00  0.000e+00  1.077e+00 8.676e-06 1.170e-05 2.061e-05 8.716e-06 1.869e-05 1.792e-05  0.000e+00  0.000e+00  2.6362e-01  6.5023e-01
9.09085e+02  1.994e+00       1.994e+00       0.000e+00    0.000e+00  0.000e+00  1.171e+00 8.969e-06 1.210e-05 2.073e-05 9.008e-06 1.928e-05 1.852e-05  0.000e+00  0.000e+00  2.7161e-01  6.5044e-01
8.51930e+02  2.076e+00       2.076e+00       0.000e+00    0.000e+00  0.000e+00  1.269e+00 9.265e-06 1.250e-05 2.086e-05 9.303e-06 1.986e-05 1.913e-05  0.000e+00  0.000e+00  2.7951e-01  6.5064e-01
7.99630e+02  2.158e+00       2.158e+00       0.000e+00    0.000e+00  0.000e+00  1.372e+00 9.564e-06 1.290e-05 2.099e-05 9.600e-06 2.046e-05 1.975e-05  0.000e+00  0.000e+00  2.8730e-01  6.5082e-01
7.51696e+02  2.240e+00       2.240e+00       0.000e+00    0.000e+00  0.000e+00  1.478e+00 9.864e-06 1.331e-05 2.113e-05 9.899e-06 2.105e-05 2.037e-05  0.000e+00  0.000e+00  2.9499e-01  6.5099e-01
7.07691e+02  2.322e+00       2.322e+00       0.000e+00    0.000e+00  0.000e+00  1.588e+00 1.017e-05 1.371e-05 2.128e-05 1.020e-05 2.166e-05 2.099e-05  0.000e+00  0.000e+00  3.0256e-01  6.5114e-01
6.67226e+02  2.404e+00       2.404e+00       0.000e+00    0.000e+00  0.000e+00  1.702e+00 1.047e-05 1.412e-05 2.142e-05 1.050e-05 2.227e-05 2.162e-05  0.000e+00  0.000e+00  3.0996e-01  6.5117e-01
6.29955e+02  2.486e+00       2.486e+00       0.000e+00    0.000e+00  0.000e+00  1.821e+00 1.077e-05 1.454e-05 2.157e-05 1.081e-05 2.288e-05 2.225e-05  0.000e+00  0.000e+00  3.1729e-01  6.5130e-01
5.95572e+02  2.568e+00       2.568e+00       0.000e+00    0.000e+00  0.000e+00  1.943e+00 1.108e-05 1.495e-05 2.173e-05 1.111e-05 2.350e-05 2.288e-05  0.000e+00  0.000e+00  3.2448e-01  6.5142e-01
5.63800e+02  2.650e+00       2.650e+00       0.000e+00    0.000e+00  0.000e+00  2.069e+00 1.139e-05 1.536e-05 2.189e-05 1.142e-05 2.412e-05 2.352e-05  0.000e+00  0.000e+00  3.3154e-01  6.5154e-01
5.34395e+02  2.732e+00       2.732e+00       0.000e+00    0.000e+00  0.000e+00  2.199e+00 1.170e-05 1.578e-05 2.205e-05 1.173e-05 2.474e-05 2.416e-05  0.000e+00  0.000e+00  3.3847e-01  6.5164e-01
5.07140e+02  2.814e+00       2.814e+00       0.000e+00    0.000e+00  0.000e+00  2.333e+00 1.201e-05 1.620e-05 2.222e-05 1.204e-05 2.536e-05 2.480e-05  0.000e+00  0.000e+00  3.4527e-01  6.5174e-01
4.81838e+02  2.896e+00       2.896e+00       0.000e+00    0.000e+00  0.000e+00  2.471e+00 1.232e-05 1.662e-05 2.239e-05 1.235e-05 2.599e-05 2.544e-05  0.000e+00  0.000e+00  3.5193e-01  6.5184e-01
4.58315e+02  2.978e+00       2.978e+00       0.000e+00    0.000e+00  0.000e+00  2.613e+00 1.263e-05 1.704e-05 2.256e-05 1.266e-05 2.662e-05 2.608e-05  0.000e+00  0.000e+00  3.5845e-01  6.5192e-01
4.36415e+02  3.060e+00       3.060e+00       0.000e+00    0.000e+00  0.000e+00  2.759e+00 1.295e-05 1.746e-05 2.274e-05 1.297e-05 2.726e-05 2.673e-05  0.000e+00  0.000e+00  3.6478e-01  6.5192e-01
4.15997e+02  3.142e+00       3.142e+00       0.000e+00    0.000e+00  0.000e+00  2.908e+00 1.326e-05 1.789e-05 2.292e-05 1.329e-05 2.790e-05 2.738e-05  0.000e+00  0.000e+00  3.7103e-01  6.5199e-01
3.96935e+02  3.224e+00       3.224e+00       0.000e+00    0.000e+00  0.000e+00  3.062e+00 1.357e-05 1.831e-05 2.310e-05 1.360e-05 2.853e-05 2.803e-05  0.000e+00  0.000e+00  3.7714e-01  6.5206e-01
3.79115e+02  3.306e+00       3.306e+00       0.000e+00    0.000e+00  0.000e+00  3.220e+00 1.389e-05 1.874e-05 2.329e-05 1.391e-05 2.917e-05 2.868e-05  0.000e+00  0.000e+00  3.8312e-01  6.5213e-01
3.62436e+02  3.388e+00       3.388e+00       0.000e+00    0.000e+00  0.000e+00  3.382e+00 1.421e-05 1.916e-05 2.348e-05 1.423e-05 2.981e-05 2.933e-05  0.000e+00  0.000e+00  3.8896e-01  6.5219e-01
3.46804e+02  3.470e+00       3.470e+00       0.000e+00    0.000e+00  0.000e+00  3.547e+00 1.452e-05 1.959e-05 2.367e-05 1.455e-05 3.046e-05 2.999e-05  0.000e+00  0.000e+00  3.9466e-01  6.5225e-01
3.32136e+02  3.553e+00       3.553e+00       0.000e+00    0.000e+00  0.000e+00  3.717e+00 1.484e-05 2.002e-05 2.386e-05 1.486e-05 3.110e-05 3.064e-05  0.000e+00  0.000e+00  4.0024e-01  6.5231e-01
3.18357e+02  3.635e+00       3.635e+00       0.000e+00    0.000e+00  0.000e+00  3.891e+00 1.516e-05 2.045e-05 2.406e-05 1.518e-05 3.175e-05 3.130e-05  0.000e+00  0.000e+00  4.0569e-01  6.5237e-01
3.05398e+02  3.717e+00       3.717e+00       0.000e+00    0.000e+00  0.000e+00  4.068e+00 1.548e-05 2.088e-05 2.426e-05 1.550e-05 3.239e-05 3.195e-05  0.000e+00  0.000e+00  4.1101e-01  6.5242e-01
2.93197e+02  3.799e+00       3.799e+00       0.000e+00    0.000e+00  0.000e+00  4.250e+00 1.579e-05 2.131e-05 2.447e-05 1.582e-05 3.305e-05 3.261e-05  0.000e+00  0.000e+00  4.1615e-01  6.5239e-01
2.81697e+02  3.881e+00       3.881e+00       0.000e+00    0.000e+00  0.000e+00  4.435e+00 1.611e-05 2.174e-05 2.468e-05 1.613e-05 3.370e-05 3.327e-05  0.000e+00  0.000e+00  4.2121e-01  6.5243e-01
2.70847e+02  3.963e+00       3.963e+00       0.000e+00    0.000e+00  0.000e+00  4.625e+00 1.643e-05 2.217e-05 2.489e-05 1.645e-05 3.435e-05 3.393e-05  0.000e+00  0.000e+00  4.2616e-01  6.5248e-01
2.60599e+02  4.045e+00       4.045e+00       0.000e+00    0.000e+00  0.000e+00  4.818e+00 1.675e-05 2.260e-05 2.510e-05 1.677e-05 3.500e-05 3.459e-05  0.000e+00  0.000e+00  4.3098e-01  6.5252e-01
2.50911e+02  4.127e+00       4.127e+00       0.000e+00    0.000e+00  0.000e+00  5.016e+00 1.707e-05 2.303e-05 2.531e-05 1.709e-05 3.565e-05 3.525e-05  0.000e+00  0.000e+00  4.3569e-01  6.5256e-01
2.41744e+02  4.209e+00       4.209e+00       0.000e+00    0.000e+00  0.000e+00  5.217e+00 1.739e-05 2.346e-05 2.553e-05 1.741e-05 3.631e-05 3.591e-05  0.000e+00  0.000e+00  4.4028e-01  6.5260e-01
2.33061e+02  4.291e+00       4.291e+00       0.000e+00    0.000e+00  0.000e+00  5.422e+00 1.771e-05 2.390e-05 2.575e-05 1.773e-05 3.696e-05 3.658e-05  0.000e+00  0.000e+00  4.4476e-01  6.5264e-01
2.24830e+02  4.373e+00       4.373e+00       0.000e+00    0.000e+00  0.000e+00  5.632e+00 1.804e-05 2.433e-05 2.597e-05 1.806e-05 3.762e-05 3.724e-05  0.000e+00  0.000e+00  4.4913e-01  6.5267e-01
2.17020e+02  4.455e+00       4.455e+00       0.000e+00    0.000e+00  0.000e+00  5.845e+00 1.836e-05 2.476e-05 2.620e-05 1.838e-05 3.828e-05 3.791e-05  0.000e+00  0.000e+00  4.5334e-01  6.5264e-01
