     Energy         Kx              Ky       F.Density    GA.Brill.       Flux  Tot.Power  Nat.Size  Nat.Div.    Size.x    Size.y     Div.x     Div.y   Coh.Flux  Coh.Power   CohFrac.x   CohFrac.y
         eV          -               -  ph/s/mr^2/0.1%  F.Dens/mm^2  ph/s/0.1%         kW         m       rad         m         m       rad       rad  ph/s/0.1%          W           -           -
8.04229e+02  0.000e+00       5.000e-01       2.645e+17    2.096e+20  3.195e+14  3.682e-02 9.536e-06 1.286e-05 2.098e-05 9.573e-06 1.439e-05 1.336e-05  1.245e+14  2.473e-02  4.0635e-01  9.5898e-01
7.54940e+02  0.000e+00       6.300e-01       3.605e+17    2.750e+20  4.623e+14  5.845e-02 9.843e-06 1.328e-05 2.112e-05 9.878e-06 1.479e-05 1.380e-05  1.854e+14  3.684e-02  4.1827e-01  9.5895e-01
7.02016e+02  0.000e+00       7.600e-01       4.407e+17    3.216e+20  6.049e+14  8.506e-02 1.021e-05 1.377e-05 2.130e-05 1.024e-05 1.527e-05 1.431e-05  2.508e+14  4.982e-02  4.3224e-01  9.5923e-01
6.48084e+02  0.000e+00       8.900e-01       4.993e+17    3.469e+20  7.388e+14  1.167e-01 1.062e-05 1.433e-05 2.150e-05 1.066e-05 1.582e-05 1.489e-05  3.174e+14  6.305e-02  4.4774e-01  9.5952e-01
5.95157e+02  0.000e+00       1.020e+00       5.357e+17    3.529e+20  8.590e+14  1.532e-01 1.109e-05 1.495e-05 2.173e-05 1.112e-05 1.643e-05 1.554e-05  3.829e+14  7.606e-02  4.6442e-01  9.5981e-01
5.44625e+02  0.000e+00       1.150e+00       5.523e+17    3.440e+20  9.634e+14  1.948e-01 1.159e-05 1.563e-05 2.199e-05 1.162e-05 1.709e-05 1.624e-05  4.457e+14  8.855e-02  4.8192e-01  9.6010e-01
4.97338e+02  0.000e+00       1.280e+00       5.531e+17    3.251e+20  1.052e+15  2.413e-01 1.213e-05 1.636e-05 2.228e-05 1.216e-05 1.781e-05 1.699e-05  5.051e+14  1.003e-01  4.9993e-01  9.6038e-01
4.53729e+02  0.000e+00       1.410e+00       5.423e+17    3.002e+20  1.126e+15  2.928e-01 1.270e-05 1.713e-05 2.259e-05 1.272e-05 1.858e-05 1.779e-05  5.604e+14  1.113e-01  5.1806e-01  9.6040e-01
4.13925e+02  0.000e+00       1.540e+00       5.234e+17    2.727e+20  1.187e+15  3.493e-01 1.329e-05 1.793e-05 2.293e-05 1.332e-05 1.938e-05 1.863e-05  6.117e+14  1.215e-01  5.3632e-01  9.6063e-01
3.77856e+02  0.000e+00       1.670e+00       4.996e+17    2.449e+20  1.237e+15  4.107e-01 1.391e-05 1.877e-05 2.330e-05 1.394e-05 2.021e-05 1.950e-05  6.591e+14  1.309e-01  5.5440e-01  9.6085e-01
3.45327e+02  0.000e+00       1.800e+00       4.731e+17    2.181e+20  1.278e+15  4.771e-01 1.455e-05 1.963e-05 2.369e-05 1.458e-05 2.108e-05 2.039e-05  7.028e+14  1.396e-01  5.7217e-01  9.6105e-01
3.16078e+02  0.000e+00       1.930e+00       4.456e+17    1.932e+20  1.311e+15  5.486e-01 1.521e-05 2.052e-05 2.410e-05 1.523e-05 2.197e-05 2.132e-05  7.431e+14  1.476e-01  5.8952e-01  9.6125e-01
2.89819e+02  0.000e+00       2.060e+00       4.181e+17    1.705e+20  1.338e+15  6.249e-01 1.589e-05 2.143e-05 2.453e-05 1.591e-05 2.289e-05 2.226e-05  7.802e+14  1.550e-01  6.0635e-01  9.6143e-01
2.66258e+02  0.000e+00       2.190e+00       3.913e+17    1.503e+20  1.361e+15  7.063e-01 1.657e-05 2.236e-05 2.498e-05 1.659e-05 2.383e-05 2.323e-05  8.145e+14  1.618e-01  6.2246e-01  9.6137e-01
2.45112e+02  0.000e+00       2.320e+00       3.658e+17    1.323e+20  1.379e+15  7.927e-01 1.727e-05 2.330e-05 2.545e-05 1.729e-05 2.479e-05 2.421e-05  8.462e+14  1.681e-01  6.3808e-01  9.6152e-01
2.26119e+02  0.000e+00       2.450e+00       3.418e+17    1.165e+20  1.394e+15  8.840e-01 1.798e-05 2.426e-05 2.594e-05 1.800e-05 2.576e-05 2.520e-05  8.755e+14  1.739e-01  6.5305e-01  9.6166e-01
2.09038e+02  0.000e+00       2.580e+00       3.193e+17    1.026e+20  1.406e+15  9.803e-01 1.870e-05 2.523e-05 2.644e-05 1.872e-05 2.675e-05 2.621e-05  9.026e+14  1.793e-01  6.6736e-01  9.6179e-01
1.93653e+02  0.000e+00       2.710e+00       2.984e+17    9.054e+19  1.417e+15  1.082e+00 1.943e-05 2.622e-05 2.696e-05 1.945e-05 2.775e-05 2.723e-05  9.279e+14  1.843e-01  6.8089e-01  9.6173e-01
1.79772e+02  0.000e+00       2.840e+00       2.790e+17    8.000e+19  1.425e+15  1.188e+00 2.017e-05 2.721e-05 2.750e-05 2.019e-05 2.876e-05 2.827e-05  9.513e+14  1.890e-01  6.9387e-01  9.6183e-01
1.67224e+02  0.000e+00       2.970e+00       2.612e+17    7.081e+19  1.432e+15  1.299e+00 2.091e-05 2.821e-05 2.805e-05 2.093e-05 2.979e-05 2.931e-05  9.731e+14  1.933e-01  7.0622e-01  9.6193e-01
1.55858e+02  0.000e+00       3.100e+00       2.447e+17    6.279e+19  1.438e+15  1.415e+00 2.166e-05 2.922e-05 2.861e-05 2.168e-05 3.082e-05 3.035e-05  9.934e+14  1.973e-01  7.1794e-01  9.6203e-01
1.45543e+02  0.000e+00       3.230e+00       2.295e+17    5.580e+19  1.443e+15  1.536e+00 2.242e-05 3.024e-05 2.919e-05 2.243e-05 3.186e-05 3.141e-05  1.012e+15  2.011e-01  7.2906e-01  9.6213e-01
1.36160e+02  0.000e+00       3.360e+00       2.156e+17    4.969e+19  1.448e+15  1.663e+00 2.318e-05 3.127e-05 2.977e-05 2.319e-05 3.291e-05 3.248e-05  1.030e+15  2.046e-01  7.3946e-01  9.6205e-01
1.27610e+02  0.000e+00       3.490e+00       2.027e+17    4.434e+19  1.451e+15  1.794e+00 2.394e-05 3.230e-05 3.037e-05 2.395e-05 3.397e-05 3.355e-05  1.047e+15  2.079e-01  7.4943e-01  9.6213e-01
1.19801e+02  0.000e+00       3.620e+00       1.909e+17    3.966e+19  1.454e+15  1.930e+00 2.471e-05 3.333e-05 3.098e-05 2.472e-05 3.503e-05 3.462e-05  1.062e+15  2.110e-01  7.5888e-01  9.6220e-01
1.12655e+02  0.000e+00       3.750e+00       1.799e+17    3.555e+19  1.457e+15  2.071e+00 2.548e-05 3.437e-05 3.160e-05 2.549e-05 3.610e-05 3.571e-05  1.076e+15  2.138e-01  7.6770e-01  9.6213e-01
1.06103e+02  0.000e+00       3.880e+00       1.698e+17    3.193e+19  1.460e+15  2.217e+00 2.625e-05 3.542e-05 3.223e-05 2.627e-05 3.718e-05 3.679e-05  1.090e+15  2.165e-01  7.7615e-01  9.6220e-01
1.00083e+02  0.000e+00       4.010e+00       1.605e+17    2.874e+19  1.461e+15  2.368e+00 2.703e-05 3.647e-05 3.286e-05 2.705e-05 3.825e-05 3.788e-05  1.103e+15  2.191e-01  7.8415e-01  9.6226e-01
9.45430e+01  0.000e+00       4.140e+00       1.519e+17    2.593e+19  1.463e+15  2.524e+00 2.781e-05 3.752e-05 3.351e-05 2.783e-05 3.934e-05 3.897e-05  1.115e+15  2.214e-01  7.9172e-01  9.6232e-01
8.94343e+01  0.000e+00       4.270e+00       1.439e+17    2.343e+19  1.464e+15  2.685e+00 2.860e-05 3.858e-05 3.416e-05 2.861e-05 4.042e-05 4.007e-05  1.126e+15  2.237e-01  7.9889e-01  9.6238e-01
8.47152e+01  0.000e+00       4.400e+00       1.365e+17    2.122e+19  1.466e+15  2.851e+00 2.938e-05 3.964e-05 3.482e-05 2.939e-05 4.152e-05 4.117e-05  1.136e+15  2.258e-01  8.0556e-01  9.6231e-01
8.03483e+01  0.000e+00       4.530e+00       1.296e+17    1.926e+19  1.467e+15  3.022e+00 3.017e-05 4.070e-05 3.549e-05 3.018e-05 4.261e-05 4.228e-05  1.146e+15  2.277e-01  8.1198e-01  9.6236e-01
7.63007e+01  0.000e+00       4.660e+00       1.232e+17    1.751e+19  1.468e+15  3.198e+00 3.096e-05 4.177e-05 3.616e-05 3.097e-05 4.371e-05 4.338e-05  1.156e+15  2.296e-01  8.1807e-01  9.6241e-01
7.25428e+01  0.000e+00       4.790e+00       1.173e+17    1.595e+19  1.469e+15  3.379e+00 3.175e-05 4.283e-05 3.684e-05 3.176e-05 4.481e-05 4.449e-05  1.165e+15  2.313e-01  8.2383e-01  9.6246e-01
6.90486e+01  0.000e+00       4.920e+00       1.117e+17    1.455e+19  1.470e+15  3.565e+00 3.255e-05 4.390e-05 3.753e-05 3.256e-05 4.592e-05 4.561e-05  1.173e+15  2.330e-01  8.2919e-01  9.6239e-01
6.57946e+01  0.000e+00       5.050e+00       1.065e+17    1.330e+19  1.470e+15  3.756e+00 3.334e-05 4.498e-05 3.822e-05 3.335e-05 4.702e-05 4.672e-05  1.181e+15  2.346e-01  8.3437e-01  9.6244e-01
6.27598e+01  0.000e+00       5.180e+00       1.017e+17    1.218e+19  1.471e+15  3.952e+00 3.414e-05 4.605e-05 3.892e-05 3.415e-05 4.813e-05 4.784e-05  1.188e+15  2.360e-01  8.3920e-01  9.6238e-01
5.99255e+01  0.000e+00       5.310e+00       9.716e+16    1.117e+19  1.471e+15  4.152e+00 3.494e-05 4.713e-05 3.962e-05 3.495e-05 4.924e-05 4.895e-05  1.195e+15  2.374e-01  8.4395e-01  9.6252e-01
5.72748e+01  0.000e+00       5.440e+00       9.292e+16    1.026e+19  1.472e+15  4.358e+00 3.573e-05 4.821e-05 4.033e-05 3.574e-05 5.035e-05 5.007e-05  1.202e+15  2.388e-01  8.4838e-01  9.6257e-01
5.47925e+01  0.000e+00       5.570e+00       8.894e+16    9.439e+18  1.472e+15  4.569e+00 3.653e-05 4.929e-05 4.104e-05 3.654e-05 5.147e-05 5.119e-05  1.208e+15  2.400e-01  8.5249e-01  9.6250e-01
5.24649e+01  0.000e+00       5.700e+00       8.520e+16    8.697e+18  1.473e+15  4.785e+00 3.734e-05 5.037e-05 4.175e-05 3.735e-05 5.259e-05 5.232e-05  1.214e+15  2.412e-01  8.5649e-01  9.6253e-01
5.02798e+01  0.000e+00       5.830e+00       8.169e+16    8.025e+18  1.473e+15  5.005e+00 3.814e-05 5.145e-05 4.247e-05 3.815e-05 5.370e-05 5.344e-05  1.220e+15  2.423e-01  8.6030e-01  9.6257e-01
4.82260e+01  0.000e+00       5.960e+00       7.839e+16    7.415e+18  1.473e+15  5.231e+00 3.894e-05 5.253e-05 4.320e-05 3.895e-05 5.482e-05 5.456e-05  1.225e+15  2.434e-01  8.6392e-01  9.6261e-01
4.62933e+01  0.000e+00       6.090e+00       7.528e+16    6.861e+18  1.474e+15  5.462e+00 3.975e-05 5.362e-05 4.392e-05 3.976e-05 5.595e-05 5.569e-05  1.230e+15  2.444e-01  8.6728e-01  9.6254e-01
4.44725e+01  0.000e+00       6.220e+00       7.234e+16    6.357e+18  1.474e+15  5.698e+00 4.055e-05 5.471e-05 4.465e-05 4.056e-05 5.707e-05 5.682e-05  1.235e+15  2.454e-01  8.7056e-01  9.6257e-01
4.27554e+01  0.000e+00       6.350e+00       6.957e+16    5.897e+18  1.474e+15  5.938e+00 4.136e-05 5.579e-05 4.539e-05 4.137e-05 5.819e-05 5.795e-05  1.240e+15  2.463e-01  8.7369e-01  9.6261e-01
4.11343e+01  0.000e+00       6.480e+00       6.695e+16    5.478e+18  1.475e+15  6.184e+00 4.217e-05 5.688e-05 4.612e-05 4.217e-05 5.933e-05 5.909e-05  1.244e+15  2.472e-01  8.7659e-01  9.6255e-01
3.96024e+01  0.000e+00       6.610e+00       6.448e+16    5.095e+18  1.475e+15  6.434e+00 4.297e-05 5.797e-05 4.686e-05 4.298e-05 6.045e-05 6.022e-05  1.248e+15  2.480e-01  8.7944e-01  9.6258e-01
3.81532e+01  0.000e+00       6.740e+00       6.213e+16    4.744e+18  1.475e+15  6.690e+00 4.378e-05 5.906e-05 4.761e-05 4.379e-05 6.158e-05 6.135e-05  1.252e+15  2.488e-01  8.8208e-01  9.6252e-01
3.67811e+01  0.000e+00       6.870e+00       5.991e+16    4.422e+18  1.475e+15  6.951e+00 4.459e-05 6.016e-05 4.835e-05 4.460e-05 6.271e-05 6.248e-05  1.256e+15  2.495e-01  8.8467e-01  9.6255e-01
3.54807e+01  0.000e+00       7.000e+00       5.781e+16    4.127e+18  1.475e+15  7.216e+00 4.540e-05 6.125e-05 4.910e-05 4.541e-05 6.384e-05 6.362e-05  1.260e+15  2.503e-01  8.8715e-01  9.6258e-01
