     Energy         Kx              Ky       F.Density    GA.Brill.       Flux  Tot.Power  Nat.Size  Nat.Div.    Size.x    Size.y     Div.x     Div.y   Coh.Flux  Coh.Power   CohFrac.x   CohFrac.y
         eV          -               -  ph/s/mr^2/0.1%  F.Dens/mm^2  ph/s/0.1%         kW         m       rad         m         m       rad       rad  ph/s/0.1%          W           -           -
2.41269e+03  3.536e-01       3.536e-01       0.000e+00    0.000e+00  0.000e+00  3.682e-02 5.506e-06 7.427e-06 1.948e-05 5.569e-06 1.084e-05 9.436e-06  0.000e+00  0.000e+00  1.9363e-01  7.7824e-01
2.32347e+03  4.101e-01       4.101e-01       0.000e+00    0.000e+00  0.000e+00  4.954e-02 5.610e-06 7.569e-06 1.951e-05 5.672e-06 1.100e-05 9.615e-06  0.000e+00  0.000e+00  1.9791e-01  7.7859e-01
2.22883e+03  4.667e-01       4.667e-01       0.000e+00    0.000e+00  0.000e+00  6.415e-02 5.728e-06 7.728e-06 1.955e-05 5.789e-06 1.118e-05 9.820e-06  0.000e+00  0.000e+00  2.0264e-01  7.7871e-01
2.13085e+03  5.233e-01       5.233e-01       0.000e+00    0.000e+00  0.000e+00  8.064e-02 5.859e-06 7.903e-06 1.959e-05 5.918e-06 1.137e-05 1.004e-05  0.000e+00  0.000e+00  2.0788e-01  7.7906e-01
2.03134e+03  5.798e-01       5.798e-01       0.000e+00    0.000e+00  0.000e+00  9.902e-02 6.000e-06 8.095e-06 1.963e-05 6.058e-06 1.159e-05 1.029e-05  0.000e+00  0.000e+00  2.1356e-01  7.7947e-01
1.93187e+03  6.364e-01       6.364e-01       0.000e+00    0.000e+00  0.000e+00  1.193e-01 6.153e-06 8.300e-06 1.968e-05 6.209e-06 1.182e-05 1.055e-05  0.000e+00  0.000e+00  2.1961e-01  7.7986e-01
1.83372e+03  6.930e-01       6.930e-01       0.000e+00    0.000e+00  0.000e+00  1.414e-01 6.315e-06 8.520e-06 1.973e-05 6.370e-06 1.207e-05 1.082e-05  0.000e+00  0.000e+00  2.2600e-01  7.8024e-01
1.73791e+03  7.495e-01       7.495e-01       0.000e+00    0.000e+00  0.000e+00  1.655e-01 6.487e-06 8.751e-06 1.978e-05 6.541e-06 1.233e-05 1.112e-05  0.000e+00  0.000e+00  2.3269e-01  7.8061e-01
1.64521e+03  8.061e-01       8.061e-01       0.000e+00    0.000e+00  0.000e+00  1.914e-01 6.667e-06 8.994e-06 1.984e-05 6.720e-06 1.261e-05 1.143e-05  0.000e+00  0.000e+00  2.3964e-01  7.8098e-01
1.55617e+03  8.627e-01       8.627e-01       0.000e+00    0.000e+00  0.000e+00  2.192e-01 6.856e-06 9.248e-06 1.991e-05 6.906e-06 1.290e-05 1.175e-05  0.000e+00  0.000e+00  2.4681e-01  7.8133e-01
1.47115e+03  9.192e-01       9.192e-01       0.000e+00    0.000e+00  0.000e+00  2.489e-01 7.051e-06 9.512e-06 1.998e-05 7.100e-06 1.321e-05 1.208e-05  0.000e+00  0.000e+00  2.5418e-01  7.8167e-01
1.39037e+03  9.758e-01       9.758e-01       0.000e+00    0.000e+00  0.000e+00  2.805e-01 7.253e-06 9.784e-06 2.005e-05 7.301e-06 1.353e-05 1.243e-05  0.000e+00  0.000e+00  2.6170e-01  7.8199e-01
1.31391e+03  1.032e+00       1.032e+00       0.000e+00    0.000e+00  0.000e+00  3.139e-01 7.461e-06 1.006e-05 2.012e-05 7.507e-06 1.385e-05 1.279e-05  0.000e+00  0.000e+00  2.6935e-01  7.8230e-01
1.24178e+03  1.089e+00       1.089e+00       0.000e+00    0.000e+00  0.000e+00  3.493e-01 7.674e-06 1.035e-05 2.020e-05 7.720e-06 1.419e-05 1.315e-05  0.000e+00  0.000e+00  2.7710e-01  7.8259e-01
1.17389e+03  1.146e+00       1.146e+00       0.000e+00    0.000e+00  0.000e+00  3.865e-01 7.893e-06 1.065e-05 2.029e-05 7.937e-06 1.454e-05 1.353e-05  0.000e+00  0.000e+00  2.8493e-01  7.8287e-01
1.11013e+03  1.202e+00       1.202e+00       0.000e+00    0.000e+00  0.000e+00  4.256e-01 8.117e-06 1.095e-05 2.038e-05 8.160e-06 1.490e-05 1.391e-05  0.000e+00  0.000e+00  2.9281e-01  7.8314e-01
1.05033e+03  1.259e+00       1.259e+00       0.000e+00    0.000e+00  0.000e+00  4.666e-01 8.345e-06 1.126e-05 2.047e-05 8.386e-06 1.526e-05 1.430e-05  0.000e+00  0.000e+00  3.0073e-01  7.8339e-01
9.94312e+02  1.315e+00       1.315e+00       0.000e+00    0.000e+00  0.000e+00  5.095e-01 8.576e-06 1.157e-05 2.056e-05 8.617e-06 1.564e-05 1.470e-05  0.000e+00  0.000e+00  3.0860e-01  7.8343e-01
9.41868e+02  1.372e+00       1.372e+00       0.000e+00    0.000e+00  0.000e+00  5.543e-01 8.812e-06 1.189e-05 2.066e-05 8.852e-06 1.602e-05 1.510e-05  0.000e+00  0.000e+00  3.1653e-01  7.8364e-01
8.92795e+02  1.428e+00       1.428e+00       0.000e+00    0.000e+00  0.000e+00  6.009e-01 9.051e-06 1.221e-05 2.077e-05 9.089e-06 1.640e-05 1.551e-05  0.000e+00  0.000e+00  3.2445e-01  7.8384e-01
8.46887e+02  1.485e+00       1.485e+00       0.000e+00    0.000e+00  0.000e+00  6.494e-01 9.293e-06 1.254e-05 2.087e-05 9.331e-06 1.680e-05 1.593e-05  0.000e+00  0.000e+00  3.3233e-01  7.8403e-01
8.03943e+02  1.541e+00       1.541e+00       0.000e+00    0.000e+00  0.000e+00  6.999e-01 9.538e-06 1.287e-05 2.098e-05 9.575e-06 1.719e-05 1.634e-05  0.000e+00  0.000e+00  3.4018e-01  7.8421e-01
7.63767e+02  1.598e+00       1.598e+00       0.000e+00    0.000e+00  0.000e+00  7.522e-01 9.786e-06 1.320e-05 2.110e-05 9.821e-06 1.760e-05 1.677e-05  0.000e+00  0.000e+00  3.4798e-01  7.8438e-01
7.26169e+02  1.655e+00       1.655e+00       0.000e+00    0.000e+00  0.000e+00  8.064e-01 1.004e-05 1.354e-05 2.121e-05 1.007e-05 1.801e-05 1.720e-05  0.000e+00  0.000e+00  3.5572e-01  7.8454e-01
6.90971e+02  1.711e+00       1.711e+00       0.000e+00    0.000e+00  0.000e+00  8.625e-01 1.029e-05 1.388e-05 2.133e-05 1.032e-05 1.842e-05 1.763e-05  0.000e+00  0.000e+00  3.6339e-01  7.8470e-01
6.58006e+02  1.768e+00       1.768e+00       0.000e+00    0.000e+00  0.000e+00  9.204e-01 1.054e-05 1.422e-05 2.146e-05 1.058e-05 1.884e-05 1.806e-05  0.000e+00  0.000e+00  3.7098e-01  7.8484e-01
6.27114e+02  1.824e+00       1.824e+00       0.000e+00    0.000e+00  0.000e+00  9.803e-01 1.080e-05 1.457e-05 2.159e-05 1.083e-05 1.926e-05 1.850e-05  0.000e+00  0.000e+00  3.7849e-01  7.8498e-01
5.98148e+02  1.881e+00       1.881e+00       0.000e+00    0.000e+00  0.000e+00  1.042e+00 1.106e-05 1.492e-05 2.172e-05 1.109e-05 1.968e-05 1.895e-05  0.000e+00  0.000e+00  3.8591e-01  7.8511e-01
5.70969e+02  1.937e+00       1.937e+00       0.000e+00    0.000e+00  0.000e+00  1.106e+00 1.132e-05 1.527e-05 2.185e-05 1.135e-05 2.011e-05 1.939e-05  0.000e+00  0.000e+00  3.9324e-01  7.8523e-01
5.45451e+02  1.994e+00       1.994e+00       0.000e+00    0.000e+00  0.000e+00  1.171e+00 1.158e-05 1.562e-05 2.199e-05 1.161e-05 2.055e-05 1.984e-05  0.000e+00  0.000e+00  4.0040e-01  7.8519e-01
5.21474e+02  2.051e+00       2.051e+00       0.000e+00    0.000e+00  0.000e+00  1.239e+00 1.184e-05 1.598e-05 2.213e-05 1.187e-05 2.098e-05 2.029e-05  0.000e+00  0.000e+00  4.0752e-01  7.8529e-01
4.98929e+02  2.107e+00       2.107e+00       0.000e+00    0.000e+00  0.000e+00  1.308e+00 1.211e-05 1.633e-05 2.227e-05 1.214e-05 2.142e-05 2.075e-05  0.000e+00  0.000e+00  4.1455e-01  7.8539e-01
4.77714e+02  2.164e+00       2.164e+00       0.000e+00    0.000e+00  0.000e+00  1.379e+00 1.237e-05 1.669e-05 2.241e-05 1.240e-05 2.186e-05 2.120e-05  0.000e+00  0.000e+00  4.2146e-01  7.8549e-01
4.57734e+02  2.220e+00       2.220e+00       0.000e+00    0.000e+00  0.000e+00  1.452e+00 1.264e-05 1.705e-05 2.256e-05 1.267e-05 2.231e-05 2.166e-05  0.000e+00  0.000e+00  4.2827e-01  7.8558e-01
4.38905e+02  2.277e+00       2.277e+00       0.000e+00    0.000e+00  0.000e+00  1.527e+00 1.291e-05 1.741e-05 2.271e-05 1.294e-05 2.275e-05 2.212e-05  0.000e+00  0.000e+00  4.3497e-01  7.8567e-01
4.21144e+02  2.333e+00       2.333e+00       0.000e+00    0.000e+00  0.000e+00  1.604e+00 1.318e-05 1.778e-05 2.287e-05 1.320e-05 2.320e-05 2.258e-05  0.000e+00  0.000e+00  4.4155e-01  7.8575e-01
4.04379e+02  2.390e+00       2.390e+00       0.000e+00    0.000e+00  0.000e+00  1.682e+00 1.345e-05 1.814e-05 2.303e-05 1.347e-05 2.365e-05 2.304e-05  0.000e+00  0.000e+00  4.4802e-01  7.8583e-01
3.88542e+02  2.447e+00       2.447e+00       0.000e+00    0.000e+00  0.000e+00  1.763e+00 1.372e-05 1.851e-05 2.318e-05 1.375e-05 2.410e-05 2.351e-05  0.000e+00  0.000e+00  4.5438e-01  7.8591e-01
3.73569e+02  2.503e+00       2.503e+00       0.000e+00    0.000e+00  0.000e+00  1.845e+00 1.399e-05 1.888e-05 2.335e-05 1.402e-05 2.456e-05 2.397e-05  0.000e+00  0.000e+00  4.6062e-01  7.8598e-01
3.59402e+02  2.560e+00       2.560e+00       0.000e+00    0.000e+00  0.000e+00  1.930e+00 1.427e-05 1.924e-05 2.351e-05 1.429e-05 2.502e-05 2.444e-05  0.000e+00  0.000e+00  4.6667e-01  7.8592e-01
3.45988e+02  2.616e+00       2.616e+00       0.000e+00    0.000e+00  0.000e+00  2.016e+00 1.454e-05 1.961e-05 2.368e-05 1.456e-05 2.548e-05 2.491e-05  0.000e+00  0.000e+00  4.7268e-01  7.8598e-01
3.33277e+02  2.673e+00       2.673e+00       0.000e+00    0.000e+00  0.000e+00  2.104e+00 1.481e-05 1.998e-05 2.385e-05 1.484e-05 2.594e-05 2.538e-05  0.000e+00  0.000e+00  4.7858e-01  7.8604e-01
3.21223e+02  2.729e+00       2.729e+00       0.000e+00    0.000e+00  0.000e+00  2.194e+00 1.509e-05 2.036e-05 2.402e-05 1.511e-05 2.640e-05 2.585e-05  0.000e+00  0.000e+00  4.8437e-01  7.8610e-01
3.09785e+02  2.786e+00       2.786e+00       0.000e+00    0.000e+00  0.000e+00  2.286e+00 1.537e-05 2.073e-05 2.419e-05 1.539e-05 2.686e-05 2.633e-05  0.000e+00  0.000e+00  4.9004e-01  7.8616e-01
2.98922e+02  2.843e+00       2.843e+00       0.000e+00    0.000e+00  0.000e+00  2.380e+00 1.564e-05 2.110e-05 2.437e-05 1.566e-05 2.733e-05 2.680e-05  0.000e+00  0.000e+00  4.9560e-01  7.8621e-01
2.88599e+02  2.899e+00       2.899e+00       0.000e+00    0.000e+00  0.000e+00  2.476e+00 1.592e-05 2.148e-05 2.455e-05 1.594e-05 2.779e-05 2.728e-05  0.000e+00  0.000e+00  5.0105e-01  7.8626e-01
2.78782e+02  2.956e+00       2.956e+00       0.000e+00    0.000e+00  0.000e+00  2.573e+00 1.620e-05 2.185e-05 2.473e-05 1.622e-05 2.826e-05 2.775e-05  0.000e+00  0.000e+00  5.0639e-01  7.8632e-01
2.69439e+02  3.012e+00       3.012e+00       0.000e+00    0.000e+00  0.000e+00  2.673e+00 1.648e-05 2.223e-05 2.491e-05 1.650e-05 2.873e-05 2.823e-05  0.000e+00  0.000e+00  5.1162e-01  7.8637e-01
2.60542e+02  3.069e+00       3.069e+00       0.000e+00    0.000e+00  0.000e+00  2.774e+00 1.675e-05 2.260e-05 2.510e-05 1.678e-05 2.920e-05 2.871e-05  0.000e+00  0.000e+00  5.1674e-01  7.8641e-01
2.52064e+02  3.125e+00       3.125e+00       0.000e+00    0.000e+00  0.000e+00  2.877e+00 1.703e-05 2.298e-05 2.529e-05 1.705e-05 2.967e-05 2.919e-05  0.000e+00  0.000e+00  5.2169e-01  7.8634e-01
2.43980e+02  3.182e+00       3.182e+00       0.000e+00    0.000e+00  0.000e+00  2.982e+00 1.731e-05 2.336e-05 2.548e-05 1.733e-05 3.014e-05 2.967e-05  0.000e+00  0.000e+00  5.2660e-01  7.8639e-01
