     Energy         Kx              Ky       F.Density    GA.Brill.       Flux  Tot.Power  Nat.Size  Nat.Div.    Size.x    Size.y     Div.x     Div.y   Coh.Flux  Coh.Power   CohFrac.x   CohFrac.y
         eV          -               -  ph/s/mr^2/0.1%  F.Dens/mm^2  ph/s/0.1%         kW         m       rad         m         m       rad       rad  ph/s/0.1%          W           -           -
2.41269e+03  0.000e+00       5.000e-01       1.003e+16    1.471e+19  6.443e+12  3.682e-02 5.506e-06 7.427e-06 1.948e-05 5.569e-06 1.084e-05 9.436e-06  9.710e+11  1.929e-04  1.9363e-01  7.7824e-01
2.26482e+03  0.000e+00       6.300e-01       2.980e+16    4.228e+19  2.026e+13  5.845e-02 5.683e-06 7.666e-06 1.953e-05 5.744e-06 1.111e-05 9.741e-06  3.167e+12  6.292e-04  2.0079e-01  7.7858e-01
2.10605e+03  0.000e+00       7.600e-01       6.517e+16    8.892e+19  4.725e+13  8.506e-02 5.893e-06 7.950e-06 1.960e-05 5.952e-06 1.142e-05 1.010e-05  7.705e+12  1.530e-03  2.0927e-01  7.7918e-01
1.94425e+03  0.000e+00       8.900e-01       1.151e+17    1.504e+20  8.962e+13  1.167e-01 6.133e-06 8.274e-06 1.967e-05 6.190e-06 1.179e-05 1.051e-05  1.529e+13  3.038e-03  2.1884e-01  7.7981e-01
1.78547e+03  0.000e+00       1.020e+00       1.741e+17    2.173e+20  1.463e+14  1.532e-01 6.400e-06 8.634e-06 1.976e-05 6.455e-06 1.220e-05 1.097e-05  2.619e+13  5.202e-03  2.2931e-01  7.8043e-01
1.63387e+03  0.000e+00       1.150e+00       2.347e+17    2.790e+20  2.138e+14  1.948e-01 6.691e-06 9.026e-06 1.985e-05 6.743e-06 1.265e-05 1.147e-05  4.017e+13  7.980e-03  2.4053e-01  7.8102e-01
1.49202e+03  0.000e+00       1.280e+00       2.902e+17    3.282e+20  2.873e+14  2.413e-01 7.001e-06 9.445e-06 1.996e-05 7.051e-06 1.313e-05 1.200e-05  5.666e+13  1.126e-02  2.5232e-01  7.8158e-01
1.36119e+03  0.000e+00       1.410e+00       3.362e+17    3.613e+20  3.622e+14  2.928e-01 7.330e-06 9.888e-06 2.008e-05 7.378e-06 1.365e-05 1.256e-05  7.494e+13  1.489e-02  2.6455e-01  7.8211e-01
1.24178e+03  0.000e+00       1.540e+00       3.707e+17    3.783e+20  4.348e+14  3.493e-01 7.674e-06 1.035e-05 2.020e-05 7.720e-06 1.419e-05 1.315e-05  9.428e+13  1.873e-02  2.7710e-01  7.8259e-01
1.13357e+03  0.000e+00       1.670e+00       3.936e+17    3.813e+20  5.025e+14  4.107e-01 8.032e-06 1.084e-05 2.034e-05 8.076e-06 1.476e-05 1.376e-05  1.140e+14  2.265e-02  2.8985e-01  7.8304e-01
1.03598e+03  0.000e+00       1.800e+00       4.061e+17    3.735e+20  5.639e+14  4.771e-01 8.402e-06 1.133e-05 2.049e-05 8.444e-06 1.535e-05 1.440e-05  1.337e+14  2.657e-02  3.0271e-01  7.8345e-01
9.48235e+02  0.000e+00       1.930e+00       4.099e+17    3.581e+20  6.189e+14  5.486e-01 8.782e-06 1.185e-05 2.065e-05 8.822e-06 1.597e-05 1.505e-05  1.530e+14  3.040e-02  3.1554e-01  7.8362e-01
8.69458e+02  0.000e+00       2.060e+00       4.069e+17    3.377e+20  6.669e+14  6.249e-01 9.172e-06 1.237e-05 2.082e-05 9.210e-06 1.660e-05 1.572e-05  1.717e+14  3.411e-02  3.2839e-01  7.8394e-01
7.98774e+02  0.000e+00       2.190e+00       3.988e+17    3.147e+20  7.085e+14  7.063e-01 9.569e-06 1.291e-05 2.100e-05 9.605e-06 1.724e-05 1.640e-05  1.896e+14  3.766e-02  3.4116e-01  7.8424e-01
7.35336e+02  0.000e+00       2.320e+00       3.872e+17    2.907e+20  7.444e+14  7.927e-01 9.973e-06 1.345e-05 2.118e-05 1.001e-05 1.790e-05 1.709e-05  2.066e+14  4.104e-02  3.5379e-01  7.8450e-01
6.78357e+02  0.000e+00       2.450e+00       3.733e+17    2.668e+20  7.751e+14  8.840e-01 1.038e-05 1.401e-05 2.138e-05 1.042e-05 1.857e-05 1.779e-05  2.228e+14  4.425e-02  3.6624e-01  7.8475e-01
6.27114e+02  0.000e+00       2.580e+00       3.580e+17    2.437e+20  8.014e+14  9.803e-01 1.080e-05 1.457e-05 2.159e-05 1.083e-05 1.926e-05 1.850e-05  2.381e+14  4.730e-02  3.7849e-01  7.8498e-01
5.80960e+02  0.000e+00       2.710e+00       3.419e+17    2.219e+20  8.239e+14  1.082e+00 1.122e-05 1.514e-05 2.180e-05 1.125e-05 1.995e-05 1.922e-05  2.526e+14  5.018e-02  3.9051e-01  7.8519e-01
5.39317e+02  0.000e+00       2.840e+00       3.256e+17    2.016e+20  8.434e+14  1.188e+00 1.165e-05 1.571e-05 2.202e-05 1.168e-05 2.066e-05 1.996e-05  2.663e+14  5.291e-02  4.0219e-01  7.8521e-01
5.01673e+02  0.000e+00       2.970e+00       3.095e+17    1.829e+20  8.598e+14  1.299e+00 1.207e-05 1.629e-05 2.225e-05 1.210e-05 2.137e-05 2.069e-05  2.793e+14  5.549e-02  4.1368e-01  7.8538e-01
4.67575e+02  0.000e+00       3.100e+00       2.939e+17    1.659e+20  8.738e+14  1.415e+00 1.251e-05 1.687e-05 2.249e-05 1.253e-05 2.208e-05 2.143e-05  2.916e+14  5.793e-02  4.2488e-01  7.8553e-01
4.36628e+02  0.000e+00       3.230e+00       2.787e+17    1.505e+20  8.858e+14  1.536e+00 1.294e-05 1.746e-05 2.273e-05 1.297e-05 2.281e-05 2.218e-05  3.033e+14  6.025e-02  4.3579e-01  7.8568e-01
4.08481e+02  0.000e+00       3.360e+00       2.643e+17    1.365e+20  8.962e+14  1.663e+00 1.338e-05 1.805e-05 2.299e-05 1.341e-05 2.354e-05 2.293e-05  3.144e+14  6.245e-02  4.4641e-01  7.8581e-01
3.82829e+02  0.000e+00       3.490e+00       2.506e+17    1.239e+20  9.051e+14  1.794e+00 1.382e-05 1.865e-05 2.325e-05 1.385e-05 2.427e-05 2.368e-05  3.249e+14  6.454e-02  4.5673e-01  7.8593e-01
3.59402e+02  0.000e+00       3.620e+00       2.376e+17    1.126e+20  9.130e+14  1.930e+00 1.427e-05 1.924e-05 2.351e-05 1.429e-05 2.502e-05 2.444e-05  3.349e+14  6.652e-02  4.6667e-01  7.8592e-01
3.37964e+02  0.000e+00       3.750e+00       2.254e+17    1.024e+20  9.197e+14  2.071e+00 1.471e-05 1.985e-05 2.378e-05 1.473e-05 2.577e-05 2.521e-05  3.444e+14  6.841e-02  4.7638e-01  7.8602e-01
3.18308e+02  0.000e+00       3.880e+00       2.139e+17    9.318e+19  9.254e+14  2.217e+00 1.516e-05 2.045e-05 2.406e-05 1.518e-05 2.651e-05 2.597e-05  3.534e+14  7.020e-02  4.8579e-01  7.8611e-01
3.00250e+02  0.000e+00       4.010e+00       2.031e+17    8.493e+19  9.304e+14  2.368e+00 1.561e-05 2.105e-05 2.435e-05 1.563e-05 2.727e-05 2.674e-05  3.620e+14  7.192e-02  4.9491e-01  7.8620e-01
2.83629e+02  0.000e+00       4.140e+00       1.930e+17    7.751e+19  9.348e+14  2.524e+00 1.606e-05 2.166e-05 2.464e-05 1.608e-05 2.803e-05 2.751e-05  3.703e+14  7.355e-02  5.0373e-01  7.8629e-01
2.68303e+02  0.000e+00       4.270e+00       1.835e+17    7.083e+19  9.386e+14  2.685e+00 1.651e-05 2.227e-05 2.494e-05 1.653e-05 2.879e-05 2.829e-05  3.781e+14  7.511e-02  5.1226e-01  7.8637e-01
2.54146e+02  0.000e+00       4.400e+00       1.746e+17    6.481e+19  9.420e+14  2.851e+00 1.696e-05 2.288e-05 2.524e-05 1.698e-05 2.955e-05 2.906e-05  3.856e+14  7.660e-02  5.2052e-01  7.8645e-01
2.41045e+02  0.000e+00       4.530e+00       1.662e+17    5.938e+19  9.452e+14  3.022e+00 1.742e-05 2.350e-05 2.555e-05 1.744e-05 3.032e-05 2.985e-05  3.928e+14  7.802e-02  5.2841e-01  7.8640e-01
2.28902e+02  0.000e+00       4.660e+00       1.584e+17    5.448e+19  9.478e+14  3.198e+00 1.787e-05 2.411e-05 2.586e-05 1.789e-05 3.109e-05 3.063e-05  3.996e+14  7.938e-02  5.3611e-01  7.8647e-01
2.17629e+02  0.000e+00       4.790e+00       1.511e+17    5.006e+19  9.501e+14  3.379e+00 1.833e-05 2.473e-05 2.618e-05 1.835e-05 3.186e-05 3.141e-05  4.062e+14  8.068e-02  5.4355e-01  7.8653e-01
2.07146e+02  0.000e+00       4.920e+00       1.442e+17    4.605e+19  9.521e+14  3.565e+00 1.879e-05 2.535e-05 2.650e-05 1.881e-05 3.263e-05 3.219e-05  4.124e+14  8.193e-02  5.5073e-01  7.8659e-01
1.97384e+02  0.000e+00       5.050e+00       1.378e+17    4.242e+19  9.539e+14  3.756e+00 1.925e-05 2.597e-05 2.683e-05 1.927e-05 3.341e-05 3.298e-05  4.185e+14  8.312e-02  5.5767e-01  7.8664e-01
1.88279e+02  0.000e+00       5.180e+00       1.317e+17    3.913e+19  9.555e+14  3.952e+00 1.971e-05 2.659e-05 2.716e-05 1.973e-05 3.419e-05 3.377e-05  4.242e+14  8.427e-02  5.6436e-01  7.8670e-01
1.79776e+02  0.000e+00       5.310e+00       1.260e+17    3.614e+19  9.571e+14  4.152e+00 2.017e-05 2.721e-05 2.750e-05 2.019e-05 3.497e-05 3.456e-05  4.297e+14  8.536e-02  5.7075e-01  7.8665e-01
1.71824e+02  0.000e+00       5.440e+00       1.207e+17    3.342e+19  9.584e+14  4.358e+00 2.063e-05 2.783e-05 2.784e-05 2.065e-05 3.575e-05 3.535e-05  4.350e+14  8.642e-02  5.7698e-01  7.8669e-01
1.64377e+02  0.000e+00       5.570e+00       1.157e+17    3.094e+19  9.595e+14  4.569e+00 2.109e-05 2.846e-05 2.818e-05 2.111e-05 3.653e-05 3.614e-05  4.401e+14  8.742e-02  5.8299e-01  7.8674e-01
1.57395e+02  0.000e+00       5.700e+00       1.109e+17    2.868e+19  9.605e+14  4.785e+00 2.156e-05 2.908e-05 2.853e-05 2.157e-05 3.732e-05 3.693e-05  4.450e+14  8.839e-02  5.8880e-01  7.8678e-01
1.50840e+02  0.000e+00       5.830e+00       1.065e+17    2.662e+19  9.615e+14  5.005e+00 2.202e-05 2.971e-05 2.888e-05 2.204e-05 3.810e-05 3.773e-05  4.497e+14  8.932e-02  5.9440e-01  7.8682e-01
1.44678e+02  0.000e+00       5.960e+00       1.022e+17    2.474e+19  9.623e+14  5.231e+00 2.248e-05 3.033e-05 2.924e-05 2.250e-05 3.889e-05 3.852e-05  4.542e+14  9.022e-02  5.9980e-01  7.8687e-01
1.38880e+02  0.000e+00       6.090e+00       9.826e+16    2.301e+19  9.632e+14  5.462e+00 2.295e-05 3.096e-05 2.960e-05 2.296e-05 3.968e-05 3.932e-05  4.585e+14  9.107e-02  6.0494e-01  7.8681e-01
1.33418e+02  0.000e+00       6.220e+00       9.450e+16    2.143e+19  9.639e+14  5.698e+00 2.341e-05 3.158e-05 2.996e-05 2.343e-05 4.047e-05 4.012e-05  4.626e+14  9.190e-02  6.0997e-01  7.8685e-01
1.28266e+02  0.000e+00       6.350e+00       9.094e+16    1.998e+19  9.645e+14  5.938e+00 2.388e-05 3.221e-05 3.032e-05 2.389e-05 4.126e-05 4.091e-05  4.666e+14  9.269e-02  6.1483e-01  7.8688e-01
1.23403e+02  0.000e+00       6.480e+00       8.757e+16    1.864e+19  9.650e+14  6.184e+00 2.434e-05 3.284e-05 3.069e-05 2.436e-05 4.205e-05 4.171e-05  4.705e+14  9.345e-02  6.1951e-01  7.8692e-01
1.18807e+02  0.000e+00       6.610e+00       8.438e+16    1.742e+19  9.655e+14  6.434e+00 2.481e-05 3.347e-05 3.106e-05 2.483e-05 4.284e-05 4.251e-05  4.742e+14  9.419e-02  6.2403e-01  7.8695e-01
1.14460e+02  0.000e+00       6.740e+00       8.136e+16    1.629e+19  9.660e+14  6.690e+00 2.528e-05 3.410e-05 3.144e-05 2.529e-05 4.363e-05 4.331e-05  4.777e+14  9.489e-02  6.2840e-01  7.8698e-01
1.10343e+02  0.000e+00       6.870e+00       7.849e+16    1.524e+19  9.666e+14  6.951e+00 2.575e-05 3.473e-05 3.181e-05 2.576e-05 4.443e-05 4.411e-05  4.811e+14  9.557e-02  6.3255e-01  7.8693e-01
1.06442e+02  0.000e+00       7.000e+00       7.576e+16    1.428e+19  9.669e+14  7.216e+00 2.621e-05 3.536e-05 3.219e-05 2.623e-05 4.523e-05 4.491e-05  4.844e+14  9.623e-02  6.3661e-01  7.8696e-01
