     Energy         Kx              Ky       F.Density    GA.Brill.       Flux  Tot.Power  Nat.Size  Nat.Div.    Size.x    Size.y     Div.x     Div.y   Coh.Flux  Coh.Power   CohFrac.x   CohFrac.y
         eV          -               -  ph/s/mr^2/0.1%  F.Dens/mm^2  ph/s/0.1%         kW         m       rad         m         m       rad       rad  ph/s/0.1%          W           -           -
2.41269e+03  5.000e-01       3.062e-17       1.003e+16    1.471e+19  6.443e+12  3.682e-02 5.506e-06 7.427e-06 1.948e-05 5.569e-06 1.084e-05 9.436e-06  9.710e+11  1.929e-04  1.9363e-01  7.7824e-01
2.29085e+03  6.080e-01       3.723e-17       2.541e+16    3.626e+19  1.709e+13  5.444e-02 5.650e-06 7.622e-06 1.953e-05 5.712e-06 1.106e-05 9.683e-06  2.655e+12  5.275e-04  1.9953e-01  7.7872e-01
2.16048e+03  7.160e-01       4.384e-17       5.141e+16    7.111e+19  3.644e+13  7.550e-02 5.818e-06 7.849e-06 1.957e-05 5.878e-06 1.131e-05 9.974e-06  5.855e+12  1.163e-03  2.0627e-01  7.7898e-01
2.02635e+03  8.240e-01       5.046e-17       8.818e+16    1.179e+20  6.618e+13  9.999e-02 6.008e-06 8.105e-06 1.963e-05 6.066e-06 1.160e-05 1.030e-05  1.103e+13  2.191e-03  2.1385e-01  7.7949e-01
1.89239e+03  9.320e-01       5.707e-17       1.335e+17    1.720e+20  1.065e+14  1.279e-01 6.217e-06 8.387e-06 1.970e-05 6.273e-06 1.192e-05 1.066e-05  1.845e+13  3.666e-03  2.2213e-01  7.8001e-01
1.76160e+03  1.040e+00       6.368e-17       1.835e+17    2.273e+20  1.561e+14  1.593e-01 6.443e-06 8.692e-06 1.977e-05 6.497e-06 1.226e-05 1.104e-05  2.815e+13  5.592e-03  2.3099e-01  7.8052e-01
1.63614e+03  1.148e+00       7.029e-17       2.338e+17    2.782e+20  2.127e+14  1.941e-01 6.686e-06 9.019e-06 1.985e-05 6.738e-06 1.264e-05 1.146e-05  3.993e+13  7.933e-03  2.4035e-01  7.8101e-01
1.51740e+03  1.256e+00       7.691e-17       2.806e+17    3.203e+20  2.735e+14  2.323e-01 6.943e-06 9.366e-06 1.994e-05 6.993e-06 1.304e-05 1.190e-05  5.346e+13  1.062e-02  2.5011e-01  7.8148e-01
1.40618e+03  1.364e+00       8.352e-17       3.212e+17    3.515e+20  3.358e+14  2.740e-01 7.212e-06 9.729e-06 2.003e-05 7.260e-06 1.346e-05 1.236e-05  6.832e+13  1.357e-02  2.6018e-01  7.8193e-01
1.30281e+03  1.472e+00       9.013e-17       3.542e+17    3.713e+20  3.973e+14  3.191e-01 7.493e-06 1.011e-05 2.014e-05 7.539e-06 1.390e-05 1.284e-05  8.407e+13  1.670e-02  2.7050e-01  7.8234e-01
1.20731e+03  1.580e+00       9.675e-17       3.790e+17    3.806e+20  4.562e+14  3.676e-01 7.783e-06 1.050e-05 2.025e-05 7.828e-06 1.436e-05 1.334e-05  1.003e+14  1.993e-02  2.8100e-01  7.8273e-01
1.11944e+03  1.688e+00       1.034e-16       3.959e+17    3.808e+20  5.114e+14  4.196e-01 8.083e-06 1.090e-05 2.036e-05 8.126e-06 1.484e-05 1.385e-05  1.168e+14  2.320e-02  2.9163e-01  7.8310e-01
1.03883e+03  1.796e+00       1.100e-16       4.058e+17    3.739e+20  5.621e+14  4.750e-01 8.391e-06 1.132e-05 2.049e-05 8.432e-06 1.533e-05 1.438e-05  1.331e+14  2.645e-02  3.0232e-01  7.8343e-01
9.65038e+02  1.904e+00       1.166e-16       4.097e+17    3.616e+20  6.085e+14  5.339e-01 8.706e-06 1.174e-05 2.062e-05 8.746e-06 1.584e-05 1.492e-05  1.492e+14  2.964e-02  3.1296e-01  7.8355e-01
8.97556e+02  2.012e+00       1.232e-16       4.086e+17    3.457e+20  6.500e+14  5.962e-01 9.027e-06 1.218e-05 2.076e-05 9.066e-06 1.636e-05 1.547e-05  1.649e+14  3.275e-02  3.2365e-01  7.8382e-01
8.35881e+02  2.120e+00       1.298e-16       4.037e+17    3.273e+20  6.869e+14  6.619e-01 9.354e-06 1.262e-05 2.090e-05 9.391e-06 1.689e-05 1.603e-05  1.800e+14  3.577e-02  3.3430e-01  7.8408e-01
7.79518e+02  2.228e+00       1.364e-16       3.958e+17    3.078e+20  7.196e+14  7.310e-01 9.686e-06 1.307e-05 2.105e-05 9.722e-06 1.743e-05 1.660e-05  1.946e+14  3.866e-02  3.4487e-01  7.8432e-01
7.27990e+02  2.336e+00       1.430e-16       3.856e+17    2.877e+20  7.484e+14  8.036e-01 1.002e-05 1.352e-05 2.121e-05 1.006e-05 1.798e-05 1.718e-05  2.086e+14  4.145e-02  3.5533e-01  7.8454e-01
6.80855e+02  2.444e+00       1.497e-16       3.740e+17    2.679e+20  7.738e+14  8.796e-01 1.036e-05 1.398e-05 2.137e-05 1.040e-05 1.854e-05 1.776e-05  2.221e+14  4.411e-02  3.6567e-01  7.8474e-01
6.37700e+02  2.552e+00       1.563e-16       3.613e+17    2.485e+20  7.961e+14  9.591e-01 1.071e-05 1.445e-05 2.154e-05 1.074e-05 1.911e-05 1.835e-05  2.349e+14  4.666e-02  3.7587e-01  7.8493e-01
5.98148e+02  2.660e+00       1.629e-16       3.481e+17    2.301e+20  8.157e+14  1.042e+00 1.106e-05 1.492e-05 2.172e-05 1.109e-05 1.968e-05 1.895e-05  2.471e+14  4.909e-02  3.8591e-01  7.8511e-01
5.61855e+02  2.768e+00       1.695e-16       3.346e+17    2.126e+20  8.331e+14  1.128e+00 1.141e-05 1.539e-05 2.190e-05 1.144e-05 2.027e-05 1.955e-05  2.588e+14  5.142e-02  3.9571e-01  7.8511e-01
5.28512e+02  2.876e+00       1.761e-16       3.212e+17    1.963e+20  8.482e+14  1.218e+00 1.176e-05 1.587e-05 2.208e-05 1.179e-05 2.085e-05 2.016e-05  2.700e+14  5.364e-02  4.0540e-01  7.8526e-01
4.97838e+02  2.984e+00       1.827e-16       3.078e+17    1.810e+20  8.614e+14  1.311e+00 1.212e-05 1.635e-05 2.228e-05 1.215e-05 2.144e-05 2.077e-05  2.807e+14  5.576e-02  4.1490e-01  7.8540e-01
4.69579e+02  3.092e+00       1.893e-16       2.948e+17    1.669e+20  8.730e+14  1.408e+00 1.248e-05 1.684e-05 2.247e-05 1.251e-05 2.204e-05 2.138e-05  2.909e+14  5.779e-02  4.2420e-01  7.8552e-01
4.43509e+02  3.200e+00       1.959e-16       2.822e+17    1.539e+20  8.832e+14  1.508e+00 1.284e-05 1.732e-05 2.268e-05 1.287e-05 2.264e-05 2.200e-05  3.007e+14  5.973e-02  4.3330e-01  7.8564e-01
4.19424e+02  3.308e+00       2.026e-16       2.700e+17    1.419e+20  8.922e+14  1.612e+00 1.321e-05 1.781e-05 2.288e-05 1.323e-05 2.325e-05 2.263e-05  3.100e+14  6.158e-02  4.4220e-01  7.8576e-01
3.97141e+02  3.416e+00       2.092e-16       2.583e+17    1.309e+20  9.002e+14  1.718e+00 1.357e-05 1.831e-05 2.310e-05 1.360e-05 2.386e-05 2.325e-05  3.190e+14  6.336e-02  4.5090e-01  7.8586e-01
3.76497e+02  3.524e+00       2.158e-16       2.471e+17    1.208e+20  9.072e+14  1.829e+00 1.394e-05 1.880e-05 2.331e-05 1.396e-05 2.447e-05 2.388e-05  3.275e+14  6.506e-02  4.5938e-01  7.8597e-01
3.57343e+02  3.632e+00       2.224e-16       2.364e+17    1.116e+20  9.137e+14  1.943e+00 1.431e-05 1.930e-05 2.354e-05 1.433e-05 2.509e-05 2.451e-05  3.358e+14  6.670e-02  4.6758e-01  7.8593e-01
3.39547e+02  3.740e+00       2.290e-16       2.263e+17    1.031e+20  9.192e+14  2.060e+00 1.468e-05 1.980e-05 2.376e-05 1.470e-05 2.571e-05 2.515e-05  3.437e+14  6.826e-02  4.7565e-01  7.8601e-01
3.22991e+02  3.848e+00       2.356e-16       2.166e+17    9.534e+19  9.241e+14  2.181e+00 1.505e-05 2.030e-05 2.399e-05 1.507e-05 2.633e-05 2.578e-05  3.512e+14  6.977e-02  4.8351e-01  7.8609e-01
3.07568e+02  3.956e+00       2.422e-16       2.075e+17    8.825e+19  9.284e+14  2.305e+00 1.542e-05 2.080e-05 2.423e-05 1.544e-05 2.696e-05 2.642e-05  3.585e+14  7.121e-02  4.9116e-01  7.8617e-01
2.93180e+02  4.064e+00       2.488e-16       1.988e+17    8.175e+19  9.323e+14  2.432e+00 1.579e-05 2.131e-05 2.447e-05 1.582e-05 2.758e-05 2.706e-05  3.655e+14  7.260e-02  4.9861e-01  7.8624e-01
2.79742e+02  4.172e+00       2.555e-16       1.906e+17    7.580e+19  9.358e+14  2.563e+00 1.617e-05 2.181e-05 2.471e-05 1.619e-05 2.821e-05 2.770e-05  3.722e+14  7.394e-02  5.0586e-01  7.8631e-01
2.67174e+02  4.280e+00       2.621e-16       1.828e+17    7.034e+19  9.389e+14  2.698e+00 1.655e-05 2.232e-05 2.496e-05 1.657e-05 2.884e-05 2.835e-05  3.787e+14  7.523e-02  5.1291e-01  7.8638e-01
2.55406e+02  4.388e+00       2.687e-16       1.754e+17    6.534e+19  9.417e+14  2.836e+00 1.692e-05 2.283e-05 2.521e-05 1.694e-05 2.948e-05 2.899e-05  3.849e+14  7.646e-02  5.1977e-01  7.8644e-01
2.44375e+02  4.496e+00       2.753e-16       1.684e+17    6.075e+19  9.444e+14  2.977e+00 1.730e-05 2.334e-05 2.547e-05 1.732e-05 3.012e-05 2.964e-05  3.909e+14  7.765e-02  5.2635e-01  7.8638e-01
2.34021e+02  4.604e+00       2.819e-16       1.617e+17    5.653e+19  9.467e+14  3.122e+00 1.768e-05 2.385e-05 2.573e-05 1.770e-05 3.076e-05 3.029e-05  3.967e+14  7.880e-02  5.3283e-01  7.8644e-01
2.24293e+02  4.712e+00       2.885e-16       1.554e+17    5.266e+19  9.487e+14  3.270e+00 1.806e-05 2.436e-05 2.599e-05 1.808e-05 3.140e-05 3.094e-05  4.023e+14  7.991e-02  5.3912e-01  7.8649e-01
2.15142e+02  4.820e+00       2.951e-16       1.495e+17    4.910e+19  9.506e+14  3.421e+00 1.844e-05 2.487e-05 2.625e-05 1.846e-05 3.204e-05 3.159e-05  4.076e+14  8.098e-02  5.4523e-01  7.8654e-01
2.06525e+02  4.928e+00       3.018e-16       1.438e+17    4.582e+19  9.522e+14  3.576e+00 1.882e-05 2.539e-05 2.652e-05 1.884e-05 3.268e-05 3.224e-05  4.128e+14  8.200e-02  5.5117e-01  7.8659e-01
1.98402e+02  5.036e+00       3.084e-16       1.385e+17    4.280e+19  9.537e+14  3.735e+00 1.920e-05 2.590e-05 2.679e-05 1.922e-05 3.332e-05 3.289e-05  4.178e+14  8.300e-02  5.5693e-01  7.8664e-01
1.90738e+02  5.144e+00       3.150e-16       1.334e+17    4.001e+19  9.550e+14  3.897e+00 1.958e-05 2.642e-05 2.707e-05 1.960e-05 3.397e-05 3.355e-05  4.226e+14  8.396e-02  5.6253e-01  7.8668e-01
1.83499e+02  5.252e+00       3.216e-16       1.285e+17    3.744e+19  9.565e+14  4.062e+00 1.996e-05 2.693e-05 2.735e-05 1.998e-05 3.462e-05 3.421e-05  4.273e+14  8.488e-02  5.6790e-01  7.8662e-01
1.76655e+02  5.360e+00       3.282e-16       1.240e+17    3.506e+19  9.576e+14  4.231e+00 2.035e-05 2.745e-05 2.763e-05 2.036e-05 3.527e-05 3.486e-05  4.318e+14  8.577e-02  5.7317e-01  7.8666e-01
1.70179e+02  5.468e+00       3.348e-16       1.196e+17    3.287e+19  9.587e+14  4.403e+00 2.073e-05 2.797e-05 2.791e-05 2.075e-05 3.592e-05 3.552e-05  4.361e+14  8.664e-02  5.7829e-01  7.8670e-01
1.64045e+02  5.576e+00       3.414e-16       1.154e+17    3.083e+19  9.596e+14  4.579e+00 2.111e-05 2.848e-05 2.820e-05 2.113e-05 3.657e-05 3.618e-05  4.403e+14  8.747e-02  5.8327e-01  7.8674e-01
1.58230e+02  5.684e+00       3.480e-16       1.115e+17    2.895e+19  9.604e+14  4.758e+00 2.150e-05 2.900e-05 2.849e-05 2.152e-05 3.722e-05 3.684e-05  4.444e+14  8.828e-02  5.8809e-01  7.8678e-01
1.52714e+02  5.792e+00       3.547e-16       1.077e+17    2.721e+19  9.612e+14  4.940e+00 2.188e-05 2.952e-05 2.878e-05 2.190e-05 3.787e-05 3.749e-05  4.483e+14  8.905e-02  5.9278e-01  7.8681e-01
1.47475e+02  5.900e+00       3.613e-16       1.042e+17    2.559e+19  9.619e+14  5.126e+00 2.227e-05 3.004e-05 2.907e-05 2.229e-05 3.852e-05 3.815e-05  4.521e+14  8.981e-02  5.9733e-01  7.8685e-01
