     Energy         Kx              Ky       F.Density    GA.Brill.       Flux  Tot.Power  Nat.Size  Nat.Div.    Size.x    Size.y     Div.x     Div.y   Coh.Flux  Coh.Power   CohFrac.x   CohFrac.y
         eV          -               -  ph/s/mr^2/0.1%  F.Dens/mm^2  ph/s/0.1%         kW         m       rad         m         m       rad       rad  ph/s/0.1%          W           -           -
4.02115e+03  5.000e-01       3.062e-17       2.486e+14    4.750e+17  1.417e+11  3.682e-02 4.265e-06 5.753e-06 1.917e-05 4.346e-06 1.030e-05 8.810e-06  1.129e+10  2.242e-06  1.2428e-01  6.4086e-01
3.81809e+03  6.080e-01       3.723e-17       1.230e+15    2.290e+18  7.337e+11  5.444e-02 4.377e-06 5.904e-06 1.920e-05 4.456e-06 1.050e-05 9.041e-06  6.036e+10  1.199e-05  1.2825e-01  6.4148e-01
3.60080e+03  7.160e-01       4.384e-17       4.205e+15    7.595e+18  2.639e+12  7.550e-02 4.507e-06 6.080e-06 1.923e-05 4.584e-06 1.073e-05 9.309e-06  2.251e+11  4.472e-05  1.3284e-01  6.4215e-01
3.37725e+03  8.240e-01       5.046e-17       1.096e+16    1.915e+19  7.276e+12  9.999e-02 4.654e-06 6.278e-06 1.926e-05 4.728e-06 1.099e-05 9.612e-06  6.454e+11  1.282e-04  1.3798e-01  6.4285e-01
3.15398e+03  9.320e-01       5.707e-17       2.325e+16    3.923e+19  1.640e+13  1.279e-01 4.815e-06 6.496e-06 1.930e-05 4.887e-06 1.129e-05 9.946e-06  1.516e+12  3.011e-04  1.4361e-01  6.4354e-01
2.93600e+03  1.040e+00       6.368e-17       4.206e+16    6.838e+19  3.162e+13  1.593e-01 4.991e-06 6.733e-06 1.934e-05 5.061e-06 1.161e-05 1.031e-05  3.048e+12  6.056e-04  1.4967e-01  6.4422e-01
2.72690e+03  1.148e+00       7.029e-17       6.711e+16    1.050e+20  5.392e+13  1.941e-01 5.179e-06 6.986e-06 1.939e-05 5.246e-06 1.195e-05 1.070e-05  5.425e+12  1.078e-03  1.5606e-01  6.4472e-01
2.52900e+03  1.256e+00       7.691e-17       9.692e+16    1.457e+20  8.336e+13  2.323e-01 5.378e-06 7.255e-06 1.945e-05 5.442e-06 1.232e-05 1.111e-05  8.757e+12  1.740e-03  1.6279e-01  6.4533e-01
2.34363e+03  1.364e+00       8.352e-17       1.293e+17    1.868e+20  1.192e+14  2.740e-01 5.586e-06 7.536e-06 1.951e-05 5.648e-06 1.271e-05 1.154e-05  1.307e+13  2.596e-03  1.6977e-01  6.4592e-01
2.17136e+03  1.472e+00       9.013e-17       1.618e+17    2.245e+20  1.599e+14  3.191e-01 5.804e-06 7.829e-06 1.957e-05 5.864e-06 1.312e-05 1.199e-05  1.830e+13  3.634e-03  1.7696e-01  6.4646e-01
2.01218e+03  1.580e+00       9.675e-17       1.925e+17    2.563e+20  2.040e+14  3.676e-01 6.029e-06 8.133e-06 1.964e-05 6.087e-06 1.355e-05 1.245e-05  2.432e+13  4.832e-03  1.8432e-01  6.4696e-01
1.86573e+03  1.688e+00       1.034e-16       2.197e+17    2.808e+20  2.496e+14  4.196e-01 6.261e-06 8.446e-06 1.971e-05 6.317e-06 1.399e-05 1.293e-05  3.100e+13  6.158e-03  1.9180e-01  6.4743e-01
1.73139e+03  1.796e+00       1.100e-16       2.425e+17    2.976e+20  2.954e+14  4.750e-01 6.499e-06 8.768e-06 1.979e-05 6.553e-06 1.444e-05 1.342e-05  3.815e+13  7.579e-03  1.9938e-01  6.4786e-01
1.60840e+03  1.904e+00       1.166e-16       2.606e+17    3.072e+20  3.400e+14  5.339e-01 6.743e-06 9.097e-06 1.987e-05 6.795e-06 1.491e-05 1.393e-05  4.563e+13  9.064e-03  2.0703e-01  6.4826e-01
1.49593e+03  2.012e+00       1.232e-16       2.740e+17    3.103e+20  3.826e+14  5.962e-01 6.992e-06 9.433e-06 1.995e-05 7.042e-06 1.539e-05 1.444e-05  5.329e+13  1.059e-02  2.1471e-01  6.4863e-01
1.39314e+03  2.120e+00       1.298e-16       2.830e+17    3.081e+20  4.226e+14  6.619e-01 7.246e-06 9.774e-06 2.004e-05 7.294e-06 1.588e-05 1.496e-05  6.101e+13  1.212e-02  2.2242e-01  6.4897e-01
1.29920e+03  2.228e+00       1.364e-16       2.882e+17    3.017e+20  4.597e+14  7.310e-01 7.503e-06 1.012e-05 2.014e-05 7.549e-06 1.639e-05 1.549e-05  6.869e+13  1.365e-02  2.3013e-01  6.4928e-01
1.21332e+03  2.336e+00       1.430e-16       2.901e+17    2.922e+20  4.940e+14  8.036e-01 7.764e-06 1.047e-05 2.024e-05 7.809e-06 1.690e-05 1.603e-05  7.628e+13  1.515e-02  2.3777e-01  6.4943e-01
1.13476e+03  2.444e+00       1.497e-16       2.893e+17    2.805e+20  5.250e+14  8.796e-01 8.028e-06 1.083e-05 2.034e-05 8.072e-06 1.742e-05 1.658e-05  8.370e+13  1.663e-02  2.4542e-01  6.4969e-01
1.06283e+03  2.552e+00       1.563e-16       2.863e+17    2.673e+20  5.530e+14  9.591e-01 8.295e-06 1.119e-05 2.045e-05 8.337e-06 1.794e-05 1.713e-05  9.094e+13  1.806e-02  2.5302e-01  6.4993e-01
9.96913e+02  2.660e+00       1.629e-16       2.816e+17    2.533e+20  5.782e+14  1.042e+00 8.565e-06 1.155e-05 2.056e-05 8.606e-06 1.848e-05 1.769e-05  9.795e+13  1.946e-02  2.6056e-01  6.5015e-01
9.36426e+02  2.768e+00       1.695e-16       2.756e+17    2.390e+20  6.008e+14  1.128e+00 8.838e-06 1.192e-05 2.067e-05 8.877e-06 1.901e-05 1.825e-05  1.047e+14  2.081e-02  2.6804e-01  6.5035e-01
8.80854e+02  2.876e+00       1.761e-16       2.686e+17    2.247e+20  6.211e+14  1.218e+00 9.112e-06 1.229e-05 2.079e-05 9.150e-06 1.956e-05 1.882e-05  1.113e+14  2.211e-02  2.7543e-01  6.5054e-01
8.29729e+02  2.984e+00       1.827e-16       2.610e+17    2.107e+20  6.392e+14  1.311e+00 9.389e-06 1.267e-05 2.092e-05 9.426e-06 2.011e-05 1.939e-05  1.176e+14  2.336e-02  2.8275e-01  6.5071e-01
7.82631e+02  3.092e+00       1.893e-16       2.529e+17    1.971e+20  6.553e+14  1.408e+00 9.667e-06 1.304e-05 2.104e-05 9.703e-06 2.066e-05 1.996e-05  1.237e+14  2.457e-02  2.8997e-01  6.5088e-01
7.39181e+02  3.200e+00       1.959e-16       2.445e+17    1.842e+20  6.697e+14  1.508e+00 9.947e-06 1.342e-05 2.117e-05 9.982e-06 2.122e-05 2.054e-05  1.295e+14  2.573e-02  2.9709e-01  6.5103e-01
6.99040e+02  3.308e+00       2.026e-16       2.361e+17    1.719e+20  6.825e+14  1.612e+00 1.023e-05 1.380e-05 2.131e-05 1.026e-05 2.178e-05 2.112e-05  1.352e+14  2.685e-02  3.0411e-01  6.5117e-01
6.61902e+02  3.416e+00       2.092e-16       2.277e+17    1.603e+20  6.942e+14  1.718e+00 1.051e-05 1.418e-05 2.144e-05 1.054e-05 2.235e-05 2.171e-05  1.406e+14  2.793e-02  3.1098e-01  6.5119e-01
6.27495e+02  3.524e+00       2.158e-16       2.194e+17    1.494e+20  7.045e+14  1.829e+00 1.080e-05 1.456e-05 2.158e-05 1.083e-05 2.292e-05 2.229e-05  1.458e+14  2.896e-02  3.1779e-01  6.5131e-01
5.95572e+02  3.632e+00       2.224e-16       2.112e+17    1.392e+20  7.136e+14  1.943e+00 1.108e-05 1.495e-05 2.173e-05 1.111e-05 2.350e-05 2.288e-05  1.508e+14  2.996e-02  3.2448e-01  6.5142e-01
5.65912e+02  3.740e+00       2.290e-16       2.033e+17    1.297e+20  7.218e+14  2.060e+00 1.137e-05 1.534e-05 2.188e-05 1.140e-05 2.407e-05 2.348e-05  1.557e+14  3.093e-02  3.3106e-01  6.5153e-01
5.38319e+02  3.848e+00       2.356e-16       1.956e+17    1.209e+20  7.291e+14  2.181e+00 1.166e-05 1.572e-05 2.203e-05 1.169e-05 2.465e-05 2.407e-05  1.604e+14  3.185e-02  3.3753e-01  6.5163e-01
5.12613e+02  3.956e+00       2.422e-16       1.881e+17    1.127e+20  7.357e+14  2.305e+00 1.194e-05 1.611e-05 2.218e-05 1.197e-05 2.523e-05 2.466e-05  1.649e+14  3.275e-02  3.4387e-01  6.5172e-01
4.88633e+02  4.064e+00       2.488e-16       1.810e+17    1.051e+20  7.415e+14  2.432e+00 1.223e-05 1.650e-05 2.234e-05 1.226e-05 2.582e-05 2.526e-05  1.692e+14  3.362e-02  3.5010e-01  6.5181e-01
4.66236e+02  4.172e+00       2.555e-16       1.741e+17    9.810e+19  7.468e+14  2.563e+00 1.252e-05 1.690e-05 2.250e-05 1.255e-05 2.641e-05 2.586e-05  1.734e+14  3.445e-02  3.5622e-01  6.5189e-01
4.45290e+02  4.280e+00       2.621e-16       1.675e+17    9.158e+19  7.516e+14  2.698e+00 1.282e-05 1.729e-05 2.266e-05 1.284e-05 2.699e-05 2.646e-05  1.775e+14  3.526e-02  3.6221e-01  6.5197e-01
4.25677e+02  4.388e+00       2.687e-16       1.611e+17    8.554e+19  7.561e+14  2.836e+00 1.311e-05 1.768e-05 2.283e-05 1.313e-05 2.759e-05 2.707e-05  1.814e+14  3.604e-02  3.6803e-01  6.5195e-01
4.07292e+02  4.496e+00       2.753e-16       1.551e+17    7.995e+19  7.600e+14  2.977e+00 1.340e-05 1.808e-05 2.300e-05 1.343e-05 2.818e-05 2.767e-05  1.852e+14  3.679e-02  3.7379e-01  6.5202e-01
3.90035e+02  4.604e+00       2.819e-16       1.493e+17    7.477e+19  7.635e+14  3.122e+00 1.369e-05 1.847e-05 2.317e-05 1.372e-05 2.878e-05 2.828e-05  1.889e+14  3.752e-02  3.7942e-01  6.5209e-01
3.73821e+02  4.712e+00       2.885e-16       1.438e+17    6.998e+19  7.666e+14  3.270e+00 1.399e-05 1.887e-05 2.334e-05 1.401e-05 2.937e-05 2.888e-05  1.925e+14  3.823e-02  3.8494e-01  6.5215e-01
3.58570e+02  4.820e+00       2.951e-16       1.386e+17    6.554e+19  7.695e+14  3.421e+00 1.428e-05 1.927e-05 2.352e-05 1.431e-05 2.997e-05 2.949e-05  1.959e+14  3.891e-02  3.9035e-01  6.5221e-01
3.44208e+02  4.928e+00       3.018e-16       1.336e+17    6.143e+19  7.721e+14  3.576e+00 1.458e-05 1.966e-05 2.370e-05 1.460e-05 3.057e-05 3.010e-05  1.992e+14  3.958e-02  3.9563e-01  6.5226e-01
3.30671e+02  5.036e+00       3.084e-16       1.288e+17    5.761e+19  7.744e+14  3.735e+00 1.487e-05 2.006e-05 2.388e-05 1.490e-05 3.117e-05 3.071e-05  2.025e+14  4.022e-02  4.0081e-01  6.5232e-01
3.17897e+02  5.144e+00       3.150e-16       1.242e+17    5.407e+19  7.766e+14  3.897e+00 1.517e-05 2.046e-05 2.407e-05 1.519e-05 3.177e-05 3.132e-05  2.056e+14  4.085e-02  4.0587e-01  6.5237e-01
3.05832e+02  5.252e+00       3.216e-16       1.199e+17    5.079e+19  7.786e+14  4.062e+00 1.546e-05 2.086e-05 2.426e-05 1.549e-05 3.237e-05 3.193e-05  2.087e+14  4.145e-02  4.1083e-01  6.5242e-01
2.94426e+02  5.360e+00       3.282e-16       1.157e+17    4.774e+19  7.805e+14  4.231e+00 1.576e-05 2.126e-05 2.445e-05 1.578e-05 3.298e-05 3.255e-05  2.116e+14  4.204e-02  4.1562e-01  6.5238e-01
2.83632e+02  5.468e+00       3.348e-16       1.118e+17    4.490e+19  7.822e+14  4.403e+00 1.606e-05 2.166e-05 2.464e-05 1.608e-05 3.358e-05 3.316e-05  2.145e+14  4.261e-02  4.2035e-01  6.5243e-01
2.73409e+02  5.576e+00       3.414e-16       1.080e+17    4.227e+19  7.837e+14  4.579e+00 1.636e-05 2.206e-05 2.484e-05 1.638e-05 3.419e-05 3.377e-05  2.173e+14  4.316e-02  4.2498e-01  6.5247e-01
2.63717e+02  5.684e+00       3.480e-16       1.044e+17    3.981e+19  7.850e+14  4.758e+00 1.665e-05 2.247e-05 2.503e-05 1.667e-05 3.480e-05 3.439e-05  2.200e+14  4.370e-02  4.2950e-01  6.5251e-01
2.54523e+02  5.792e+00       3.547e-16       1.010e+17    3.753e+19  7.863e+14  4.940e+00 1.695e-05 2.287e-05 2.523e-05 1.697e-05 3.541e-05 3.500e-05  2.226e+14  4.423e-02  4.3392e-01  6.5255e-01
2.45791e+02  5.900e+00       3.613e-16       9.770e+16    3.540e+19  7.874e+14  5.126e+00 1.725e-05 2.327e-05 2.543e-05 1.727e-05 3.601e-05 3.562e-05  2.252e+14  4.473e-02  4.3824e-01  6.5258e-01
