     Energy         Kx              Ky       F.Density    GA.Brill.       Flux  Tot.Power  Nat.Size  Nat.Div.    Size.x    Size.y     Div.x     Div.y   Coh.Flux  Coh.Power   CohFrac.x   CohFrac.y
         eV          -               -  ph/s/mr^2/0.1%  F.Dens/mm^2  ph/s/0.1%         kW         m       rad         m         m       rad       rad  ph/s/0.1%          W           -           -
4.02115e+03  3.536e-01       3.536e-01       0.000e+00    0.000e+00  0.000e+00  3.682e-02 4.265e-06 5.753e-06 1.917e-05 4.346e-06 1.030e-05 8.810e-06  0.000e+00  0.000e+00  1.2428e-01  6.4086e-01
3.87244e+03  4.101e-01       4.101e-01       0.000e+00    0.000e+00  0.000e+00  4.954e-02 4.346e-06 5.863e-06 1.919e-05 4.426e-06 1.044e-05 8.977e-06  0.000e+00  0.000e+00  1.2716e-01  6.4132e-01
3.71472e+03  4.667e-01       4.667e-01       0.000e+00    0.000e+00  0.000e+00  6.415e-02 4.437e-06 5.986e-06 1.921e-05 4.515e-06 1.060e-05 9.165e-06  0.000e+00  0.000e+00  1.3038e-01  6.4180e-01
3.55141e+03  5.233e-01       5.233e-01       0.000e+00    0.000e+00  0.000e+00  8.064e-02 4.538e-06 6.122e-06 1.923e-05 4.614e-06 1.079e-05 9.373e-06  0.000e+00  0.000e+00  1.3393e-01  6.4231e-01
3.38556e+03  5.798e-01       5.798e-01       0.000e+00    0.000e+00  0.000e+00  9.902e-02 4.648e-06 6.270e-06 1.926e-05 4.722e-06 1.098e-05 9.600e-06  0.000e+00  0.000e+00  1.3778e-01  6.4282e-01
3.21978e+03  6.364e-01       6.364e-01       0.000e+00    0.000e+00  0.000e+00  1.193e-01 4.766e-06 6.429e-06 1.929e-05 4.839e-06 1.120e-05 9.844e-06  0.000e+00  0.000e+00  1.4190e-01  6.4333e-01
3.05620e+03  6.930e-01       6.930e-01       0.000e+00    0.000e+00  0.000e+00  1.414e-01 4.892e-06 6.599e-06 1.932e-05 4.963e-06 1.143e-05 1.010e-05  0.000e+00  0.000e+00  1.4626e-01  6.4385e-01
2.89652e+03  7.495e-01       7.495e-01       0.000e+00    0.000e+00  0.000e+00  1.655e-01 5.025e-06 6.779e-06 1.935e-05 5.094e-06 1.167e-05 1.038e-05  0.000e+00  0.000e+00  1.5084e-01  6.4435e-01
2.74202e+03  8.061e-01       8.061e-01       0.000e+00    0.000e+00  0.000e+00  1.914e-01 5.165e-06 6.967e-06 1.939e-05 5.232e-06 1.193e-05 1.067e-05  0.000e+00  0.000e+00  1.5561e-01  6.4484e-01
2.59362e+03  8.627e-01       8.627e-01       0.000e+00    0.000e+00  0.000e+00  2.192e-01 5.310e-06 7.164e-06 1.943e-05 5.376e-06 1.220e-05 1.097e-05  0.000e+00  0.000e+00  1.6052e-01  6.4513e-01
2.45192e+03  9.192e-01       9.192e-01       0.000e+00    0.000e+00  0.000e+00  2.489e-01 5.462e-06 7.368e-06 1.947e-05 5.525e-06 1.248e-05 1.128e-05  0.000e+00  0.000e+00  1.6561e-01  6.4558e-01
2.31728e+03  9.758e-01       9.758e-01       0.000e+00    0.000e+00  0.000e+00  2.805e-01 5.618e-06 7.579e-06 1.952e-05 5.680e-06 1.277e-05 1.160e-05  0.000e+00  0.000e+00  1.7082e-01  6.4600e-01
2.18985e+03  1.032e+00       1.032e+00       0.000e+00    0.000e+00  0.000e+00  3.139e-01 5.779e-06 7.796e-06 1.956e-05 5.839e-06 1.307e-05 1.194e-05  0.000e+00  0.000e+00  1.7615e-01  6.4640e-01
2.06963e+03  1.089e+00       1.089e+00       0.000e+00    0.000e+00  0.000e+00  3.493e-01 5.945e-06 8.019e-06 1.961e-05 6.003e-06 1.339e-05 1.228e-05  0.000e+00  0.000e+00  1.8157e-01  6.4678e-01
1.95649e+03  1.146e+00       1.146e+00       0.000e+00    0.000e+00  0.000e+00  3.865e-01 6.114e-06 8.248e-06 1.966e-05 6.171e-06 1.371e-05 1.263e-05  0.000e+00  0.000e+00  1.8707e-01  6.4714e-01
1.85022e+03  1.202e+00       1.202e+00       0.000e+00    0.000e+00  0.000e+00  4.256e-01 6.287e-06 8.482e-06 1.972e-05 6.343e-06 1.404e-05 1.299e-05  0.000e+00  0.000e+00  1.9264e-01  6.4748e-01
1.75056e+03  1.259e+00       1.259e+00       0.000e+00    0.000e+00  0.000e+00  4.666e-01 6.464e-06 8.720e-06 1.978e-05 6.518e-06 1.438e-05 1.335e-05  0.000e+00  0.000e+00  1.9825e-01  6.4780e-01
1.65719e+03  1.315e+00       1.315e+00       0.000e+00    0.000e+00  0.000e+00  5.095e-01 6.643e-06 8.962e-06 1.984e-05 6.696e-06 1.472e-05 1.372e-05  0.000e+00  0.000e+00  2.0391e-01  6.4810e-01
1.56978e+03  1.372e+00       1.372e+00       0.000e+00    0.000e+00  0.000e+00  5.543e-01 6.826e-06 9.208e-06 1.990e-05 6.877e-06 1.507e-05 1.410e-05  0.000e+00  0.000e+00  2.0959e-01  6.4839e-01
1.48799e+03  1.428e+00       1.428e+00       0.000e+00    0.000e+00  0.000e+00  6.009e-01 7.011e-06 9.458e-06 1.996e-05 7.060e-06 1.543e-05 1.448e-05  0.000e+00  0.000e+00  2.1529e-01  6.4865e-01
1.41148e+03  1.485e+00       1.485e+00       0.000e+00    0.000e+00  0.000e+00  6.494e-01 7.198e-06 9.711e-06 2.003e-05 7.247e-06 1.579e-05 1.486e-05  0.000e+00  0.000e+00  2.2099e-01  6.4890e-01
1.33991e+03  1.541e+00       1.541e+00       0.000e+00    0.000e+00  0.000e+00  6.999e-01 7.388e-06 9.967e-06 2.010e-05 7.435e-06 1.616e-05 1.526e-05  0.000e+00  0.000e+00  2.2670e-01  6.4914e-01
1.27294e+03  1.598e+00       1.598e+00       0.000e+00    0.000e+00  0.000e+00  7.522e-01 7.580e-06 1.023e-05 2.017e-05 7.626e-06 1.654e-05 1.565e-05  0.000e+00  0.000e+00  2.3241e-01  6.4937e-01
1.21028e+03  1.655e+00       1.655e+00       0.000e+00    0.000e+00  0.000e+00  8.064e-01 7.774e-06 1.049e-05 2.024e-05 7.818e-06 1.692e-05 1.605e-05  0.000e+00  0.000e+00  2.3805e-01  6.4944e-01
1.15162e+03  1.711e+00       1.711e+00       0.000e+00    0.000e+00  0.000e+00  8.625e-01 7.969e-06 1.075e-05 2.032e-05 8.013e-06 1.730e-05 1.646e-05  0.000e+00  0.000e+00  2.4372e-01  6.4964e-01
1.09668e+03  1.768e+00       1.768e+00       0.000e+00    0.000e+00  0.000e+00  9.204e-01 8.166e-06 1.102e-05 2.040e-05 8.209e-06 1.769e-05 1.687e-05  0.000e+00  0.000e+00  2.4937e-01  6.4982e-01
1.04519e+03  1.824e+00       1.824e+00       0.000e+00    0.000e+00  0.000e+00  9.803e-01 8.365e-06 1.128e-05 2.048e-05 8.407e-06 1.808e-05 1.728e-05  0.000e+00  0.000e+00  2.5498e-01  6.4999e-01
9.96913e+02  1.881e+00       1.881e+00       0.000e+00    0.000e+00  0.000e+00  1.042e+00 8.565e-06 1.155e-05 2.056e-05 8.606e-06 1.848e-05 1.769e-05  0.000e+00  0.000e+00  2.6056e-01  6.5015e-01
9.51616e+02  1.937e+00       1.937e+00       0.000e+00    0.000e+00  0.000e+00  1.106e+00 8.767e-06 1.183e-05 2.064e-05 8.807e-06 1.887e-05 1.810e-05  0.000e+00  0.000e+00  2.6610e-01  6.5030e-01
9.09085e+02  1.994e+00       1.994e+00       0.000e+00    0.000e+00  0.000e+00  1.171e+00 8.969e-06 1.210e-05 2.073e-05 9.008e-06 1.928e-05 1.852e-05  0.000e+00  0.000e+00  2.7161e-01  6.5044e-01
8.69124e+02  2.051e+00       2.051e+00       0.000e+00    0.000e+00  0.000e+00  1.239e+00 9.173e-06 1.238e-05 2.082e-05 9.211e-06 1.968e-05 1.894e-05  0.000e+00  0.000e+00  2.7707e-01  6.5058e-01
8.31548e+02  2.107e+00       2.107e+00       0.000e+00    0.000e+00  0.000e+00  1.308e+00 9.378e-06 1.265e-05 2.091e-05 9.416e-06 2.009e-05 1.937e-05  0.000e+00  0.000e+00  2.8248e-01  6.5071e-01
7.96190e+02  2.164e+00       2.164e+00       0.000e+00    0.000e+00  0.000e+00  1.379e+00 9.584e-06 1.293e-05 2.100e-05 9.621e-06 2.050e-05 1.979e-05  0.000e+00  0.000e+00  2.8784e-01  6.5083e-01
7.62891e+02  2.220e+00       2.220e+00       0.000e+00    0.000e+00  0.000e+00  1.452e+00 9.791e-06 1.321e-05 2.110e-05 9.827e-06 2.091e-05 2.022e-05  0.000e+00  0.000e+00  2.9315e-01  6.5095e-01
7.31508e+02  2.277e+00       2.277e+00       0.000e+00    0.000e+00  0.000e+00  1.527e+00 9.999e-06 1.349e-05 2.120e-05 1.003e-05 2.132e-05 2.065e-05  0.000e+00  0.000e+00  2.9840e-01  6.5106e-01
7.01907e+02  2.333e+00       2.333e+00       0.000e+00    0.000e+00  0.000e+00  1.604e+00 1.021e-05 1.377e-05 2.130e-05 1.024e-05 2.174e-05 2.108e-05  0.000e+00  0.000e+00  3.0360e-01  6.5116e-01
6.73965e+02  2.390e+00       2.390e+00       0.000e+00    0.000e+00  0.000e+00  1.682e+00 1.042e-05 1.405e-05 2.140e-05 1.045e-05 2.216e-05 2.151e-05  0.000e+00  0.000e+00  3.0869e-01  6.5115e-01
6.47569e+02  2.447e+00       2.447e+00       0.000e+00    0.000e+00  0.000e+00  1.763e+00 1.063e-05 1.434e-05 2.150e-05 1.066e-05 2.259e-05 2.195e-05  0.000e+00  0.000e+00  3.1377e-01  6.5124e-01
6.22614e+02  2.503e+00       2.503e+00       0.000e+00    0.000e+00  0.000e+00  1.845e+00 1.084e-05 1.462e-05 2.160e-05 1.087e-05 2.301e-05 2.238e-05  0.000e+00  0.000e+00  3.1879e-01  6.5133e-01
5.99003e+02  2.560e+00       2.560e+00       0.000e+00    0.000e+00  0.000e+00  1.930e+00 1.105e-05 1.491e-05 2.171e-05 1.108e-05 2.343e-05 2.282e-05  0.000e+00  0.000e+00  3.2374e-01  6.5141e-01
5.76646e+02  2.616e+00       2.616e+00       0.000e+00    0.000e+00  0.000e+00  2.016e+00 1.126e-05 1.519e-05 2.182e-05 1.129e-05 2.386e-05 2.326e-05  0.000e+00  0.000e+00  3.2864e-01  6.5149e-01
5.55462e+02  2.673e+00       2.673e+00       0.000e+00    0.000e+00  0.000e+00  2.104e+00 1.147e-05 1.548e-05 2.193e-05 1.151e-05 2.429e-05 2.369e-05  0.000e+00  0.000e+00  3.3347e-01  6.5157e-01
5.35372e+02  2.729e+00       2.729e+00       0.000e+00    0.000e+00  0.000e+00  2.194e+00 1.169e-05 1.577e-05 2.204e-05 1.172e-05 2.472e-05 2.413e-05  0.000e+00  0.000e+00  3.3824e-01  6.5164e-01
5.16308e+02  2.786e+00       2.786e+00       0.000e+00    0.000e+00  0.000e+00  2.286e+00 1.190e-05 1.606e-05 2.216e-05 1.193e-05 2.515e-05 2.458e-05  0.000e+00  0.000e+00  3.4294e-01  6.5171e-01
4.98204e+02  2.843e+00       2.843e+00       0.000e+00    0.000e+00  0.000e+00  2.380e+00 1.212e-05 1.634e-05 2.227e-05 1.214e-05 2.558e-05 2.502e-05  0.000e+00  0.000e+00  3.4758e-01  6.5178e-01
4.80998e+02  2.899e+00       2.899e+00       0.000e+00    0.000e+00  0.000e+00  2.476e+00 1.233e-05 1.663e-05 2.239e-05 1.236e-05 2.601e-05 2.546e-05  0.000e+00  0.000e+00  3.5215e-01  6.5184e-01
4.64636e+02  2.956e+00       2.956e+00       0.000e+00    0.000e+00  0.000e+00  2.573e+00 1.255e-05 1.693e-05 2.251e-05 1.257e-05 2.645e-05 2.591e-05  0.000e+00  0.000e+00  3.5666e-01  6.5190e-01
4.49065e+02  3.012e+00       3.012e+00       0.000e+00    0.000e+00  0.000e+00  2.673e+00 1.276e-05 1.722e-05 2.263e-05 1.279e-05 2.688e-05 2.635e-05  0.000e+00  0.000e+00  3.6111e-01  6.5196e-01
4.34237e+02  3.069e+00       3.069e+00       0.000e+00    0.000e+00  0.000e+00  2.774e+00 1.298e-05 1.751e-05 2.275e-05 1.300e-05 2.733e-05 2.680e-05  0.000e+00  0.000e+00  3.6544e-01  6.5192e-01
4.20106e+02  3.125e+00       3.125e+00       0.000e+00    0.000e+00  0.000e+00  2.877e+00 1.319e-05 1.780e-05 2.288e-05 1.322e-05 2.776e-05 2.725e-05  0.000e+00  0.000e+00  3.6975e-01  6.5198e-01
4.06633e+02  3.182e+00       3.182e+00       0.000e+00    0.000e+00  0.000e+00  2.982e+00 1.341e-05 1.809e-05 2.300e-05 1.344e-05 2.820e-05 2.769e-05  0.000e+00  0.000e+00  3.7400e-01  6.5202e-01
