     Energy         Kx              Ky       F.Density    GA.Brill.       Flux  Tot.Power  Nat.Size  Nat.Div.    Size.x    Size.y     Div.x     Div.y   Coh.Flux  Coh.Power   CohFrac.x   CohFrac.y
         eV          -               -  ph/s/mr^2/0.1%  F.Dens/mm^2  ph/s/0.1%         kW         m       rad         m         m       rad       rad  ph/s/0.1%          W           -           -
7.23806e+03  3.536e-01       3.536e-01       0.000e+00    0.000e+00  0.000e+00  3.682e-02 3.179e-06 4.288e-06 1.896e-05 3.287e-06 9.997e-06 8.455e-06  0.000e+00  0.000e+00  7.1922e-02  4.9050e-01
6.84427e+03  4.356e-01       4.356e-01       0.000e+00    0.000e+00  0.000e+00  5.588e-02 3.269e-06 4.410e-06 1.897e-05 3.374e-06 1.020e-05 8.695e-06  0.000e+00  0.000e+00  7.4483e-02  4.9138e-01
6.42223e+03  5.176e-01       5.176e-01       0.000e+00    0.000e+00  0.000e+00  7.891e-02 3.375e-06 4.552e-06 1.899e-05 3.477e-06 1.044e-05 8.975e-06  0.000e+00  0.000e+00  7.7474e-02  4.9233e-01
5.98934e+03  5.996e-01       5.996e-01       0.000e+00    0.000e+00  0.000e+00  1.059e-01 3.494e-06 4.714e-06 1.901e-05 3.593e-06 1.072e-05 9.294e-06  0.000e+00  0.000e+00  8.0851e-02  4.9331e-01
5.55958e+03  6.817e-01       6.817e-01       0.000e+00    0.000e+00  0.000e+00  1.369e-01 3.627e-06 4.893e-06 1.904e-05 3.722e-06 1.102e-05 9.646e-06  0.000e+00  0.000e+00  8.4566e-02  4.9429e-01
5.14327e+03  7.637e-01       7.637e-01       0.000e+00    0.000e+00  0.000e+00  1.718e-01 3.771e-06 5.087e-06 1.907e-05 3.862e-06 1.136e-05 1.003e-05  0.000e+00  0.000e+00  8.8576e-02  4.9525e-01
4.74743e+03  8.457e-01       8.457e-01       0.000e+00    0.000e+00  0.000e+00  2.107e-01 3.925e-06 5.295e-06 1.910e-05 4.013e-06 1.172e-05 1.044e-05  0.000e+00  0.000e+00  9.2839e-02  4.9617e-01
4.37628e+03  9.277e-01       9.277e-01       0.000e+00    0.000e+00  0.000e+00  2.535e-01 4.088e-06 5.515e-06 1.913e-05 4.173e-06 1.211e-05 1.087e-05  0.000e+00  0.000e+00  9.7318e-02  4.9703e-01
4.03191e+03  1.010e+00       1.010e+00       0.000e+00    0.000e+00  0.000e+00  3.003e-01 4.259e-06 5.746e-06 1.917e-05 4.340e-06 1.252e-05 1.132e-05  0.000e+00  0.000e+00  1.0198e-01  4.9784e-01
3.71485e+03  1.092e+00       1.092e+00       0.000e+00    0.000e+00  0.000e+00  3.511e-01 4.437e-06 5.986e-06 1.921e-05 4.515e-06 1.295e-05 1.180e-05  0.000e+00  0.000e+00  1.0679e-01  4.9859e-01
3.42452e+03  1.174e+00       1.174e+00       0.000e+00    0.000e+00  0.000e+00  4.058e-01 4.621e-06 6.234e-06 1.925e-05 4.696e-06 1.340e-05 1.229e-05  0.000e+00  0.000e+00  1.1170e-01  4.9918e-01
3.15970e+03  1.256e+00       1.256e+00       0.000e+00    0.000e+00  0.000e+00  4.645e-01 4.811e-06 6.490e-06 1.930e-05 4.883e-06 1.386e-05 1.279e-05  0.000e+00  0.000e+00  1.1672e-01  4.9980e-01
2.91875e+03  1.338e+00       1.338e+00       0.000e+00    0.000e+00  0.000e+00  5.272e-01 5.006e-06 6.753e-06 1.935e-05 5.075e-06 1.434e-05 1.331e-05  0.000e+00  0.000e+00  1.2183e-01  5.0038e-01
2.69985e+03  1.420e+00       1.420e+00       0.000e+00    0.000e+00  0.000e+00  5.938e-01 5.205e-06 7.021e-06 1.940e-05 5.271e-06 1.483e-05 1.384e-05  0.000e+00  0.000e+00  1.2699e-01  5.0090e-01
2.50111e+03  1.502e+00       1.502e+00       0.000e+00    0.000e+00  0.000e+00  6.644e-01 5.408e-06 7.295e-06 1.946e-05 5.472e-06 1.534e-05 1.438e-05  0.000e+00  0.000e+00  1.3220e-01  5.0138e-01
2.32069e+03  1.584e+00       1.584e+00       0.000e+00    0.000e+00  0.000e+00  7.389e-01 5.614e-06 7.573e-06 1.951e-05 5.676e-06 1.585e-05 1.493e-05  0.000e+00  0.000e+00  1.3744e-01  5.0181e-01
2.15683e+03  1.666e+00       1.666e+00       0.000e+00    0.000e+00  0.000e+00  8.174e-01 5.823e-06 7.856e-06 1.958e-05 5.883e-06 1.638e-05 1.548e-05  0.000e+00  0.000e+00  1.4269e-01  5.0221e-01
2.00790e+03  1.748e+00       1.748e+00       0.000e+00    0.000e+00  0.000e+00  8.999e-01 6.035e-06 8.142e-06 1.964e-05 6.093e-06 1.691e-05 1.605e-05  0.000e+00  0.000e+00  1.4795e-01  5.0258e-01
1.87240e+03  1.830e+00       1.830e+00       0.000e+00    0.000e+00  0.000e+00  9.864e-01 6.250e-06 8.431e-06 1.971e-05 6.306e-06 1.745e-05 1.662e-05  0.000e+00  0.000e+00  1.5321e-01  5.0291e-01
1.74896e+03  1.912e+00       1.912e+00       0.000e+00    0.000e+00  0.000e+00  1.077e+00 6.467e-06 8.724e-06 1.978e-05 6.520e-06 1.800e-05 1.719e-05  0.000e+00  0.000e+00  1.5846e-01  5.0322e-01
1.63635e+03  1.994e+00       1.994e+00       0.000e+00    0.000e+00  0.000e+00  1.171e+00 6.685e-06 9.019e-06 1.985e-05 6.737e-06 1.856e-05 1.777e-05  0.000e+00  0.000e+00  1.6369e-01  5.0350e-01
1.53347e+03  2.076e+00       2.076e+00       0.000e+00    0.000e+00  0.000e+00  1.269e+00 6.906e-06 9.316e-06 1.992e-05 6.956e-06 1.912e-05 1.836e-05  0.000e+00  0.000e+00  1.6887e-01  5.0367e-01
1.43933e+03  2.158e+00       2.158e+00       0.000e+00    0.000e+00  0.000e+00  1.372e+00 7.128e-06 9.616e-06 2.000e-05 7.177e-06 1.969e-05 1.895e-05  0.000e+00  0.000e+00  1.7404e-01  5.0391e-01
1.35305e+03  2.240e+00       2.240e+00       0.000e+00    0.000e+00  0.000e+00  1.478e+00 7.352e-06 9.918e-06 2.008e-05 7.399e-06 2.026e-05 1.955e-05  0.000e+00  0.000e+00  1.7918e-01  5.0412e-01
1.27384e+03  2.322e+00       2.322e+00       0.000e+00    0.000e+00  0.000e+00  1.588e+00 7.577e-06 1.022e-05 2.017e-05 7.623e-06 2.084e-05 2.015e-05  0.000e+00  0.000e+00  1.8428e-01  5.0432e-01
1.20101e+03  2.404e+00       2.404e+00       0.000e+00    0.000e+00  0.000e+00  1.702e+00 7.804e-06 1.053e-05 2.025e-05 7.848e-06 2.142e-05 2.075e-05  0.000e+00  0.000e+00  1.8934e-01  5.0450e-01
1.13392e+03  2.486e+00       2.486e+00       0.000e+00    0.000e+00  0.000e+00  1.821e+00 8.031e-06 1.083e-05 2.034e-05 8.075e-06 2.201e-05 2.135e-05  0.000e+00  0.000e+00  1.9435e-01  5.0467e-01
1.07203e+03  2.568e+00       2.568e+00       0.000e+00    0.000e+00  0.000e+00  1.943e+00 8.260e-06 1.114e-05 2.043e-05 8.302e-06 2.260e-05 2.196e-05  0.000e+00  0.000e+00  1.9931e-01  5.0483e-01
1.01484e+03  2.650e+00       2.650e+00       0.000e+00    0.000e+00  0.000e+00  2.069e+00 8.489e-06 1.145e-05 2.053e-05 8.530e-06 2.319e-05 2.257e-05  0.000e+00  0.000e+00  2.0422e-01  5.0498e-01
9.61912e+02  2.732e+00       2.732e+00       0.000e+00    0.000e+00  0.000e+00  2.199e+00 8.720e-06 1.176e-05 2.062e-05 8.760e-06 2.379e-05 2.318e-05  0.000e+00  0.000e+00  2.0908e-01  5.0511e-01
9.12852e+02  2.814e+00       2.814e+00       0.000e+00    0.000e+00  0.000e+00  2.333e+00 8.951e-06 1.207e-05 2.072e-05 8.990e-06 2.439e-05 2.380e-05  0.000e+00  0.000e+00  2.1388e-01  5.0524e-01
8.67309e+02  2.896e+00       2.896e+00       0.000e+00    0.000e+00  0.000e+00  2.471e+00 9.183e-06 1.239e-05 2.082e-05 9.221e-06 2.499e-05 2.442e-05  0.000e+00  0.000e+00  2.1859e-01  5.0529e-01
8.24968e+02  2.978e+00       2.978e+00       0.000e+00    0.000e+00  0.000e+00  2.613e+00 9.416e-06 1.270e-05 2.093e-05 9.453e-06 2.560e-05 2.503e-05  0.000e+00  0.000e+00  2.2327e-01  5.0540e-01
7.85548e+02  3.060e+00       3.060e+00       0.000e+00    0.000e+00  0.000e+00  2.759e+00 9.649e-06 1.302e-05 2.103e-05 9.685e-06 2.620e-05 2.565e-05  0.000e+00  0.000e+00  2.2789e-01  5.0550e-01
7.48795e+02  3.142e+00       3.142e+00       0.000e+00    0.000e+00  0.000e+00  2.908e+00 9.883e-06 1.333e-05 2.114e-05 9.918e-06 2.681e-05 2.628e-05  0.000e+00  0.000e+00  2.3245e-01  5.0560e-01
7.14483e+02  3.224e+00       3.224e+00       0.000e+00    0.000e+00  0.000e+00  3.062e+00 1.012e-05 1.365e-05 2.125e-05 1.015e-05 2.742e-05 2.690e-05  0.000e+00  0.000e+00  2.3695e-01  5.0569e-01
6.82408e+02  3.306e+00       3.306e+00       0.000e+00    0.000e+00  0.000e+00  3.220e+00 1.035e-05 1.397e-05 2.137e-05 1.039e-05 2.804e-05 2.752e-05  0.000e+00  0.000e+00  2.4138e-01  5.0577e-01
6.52384e+02  3.388e+00       3.388e+00       0.000e+00    0.000e+00  0.000e+00  3.382e+00 1.059e-05 1.428e-05 2.148e-05 1.062e-05 2.865e-05 2.815e-05  0.000e+00  0.000e+00  2.4575e-01  5.0585e-01
6.24247e+02  3.470e+00       3.470e+00       0.000e+00    0.000e+00  0.000e+00  3.547e+00 1.082e-05 1.460e-05 2.160e-05 1.086e-05 2.927e-05 2.878e-05  0.000e+00  0.000e+00  2.5005e-01  5.0593e-01
5.97845e+02  3.553e+00       3.553e+00       0.000e+00    0.000e+00  0.000e+00  3.717e+00 1.106e-05 1.492e-05 2.172e-05 1.109e-05 2.988e-05 2.940e-05  0.000e+00  0.000e+00  2.5429e-01  5.0600e-01
5.73043e+02  3.635e+00       3.635e+00       0.000e+00    0.000e+00  0.000e+00  3.891e+00 1.130e-05 1.524e-05 2.184e-05 1.133e-05 3.050e-05 3.003e-05  0.000e+00  0.000e+00  2.5846e-01  5.0607e-01
5.49716e+02  3.717e+00       3.717e+00       0.000e+00    0.000e+00  0.000e+00  4.068e+00 1.153e-05 1.556e-05 2.196e-05 1.156e-05 3.113e-05 3.067e-05  0.000e+00  0.000e+00  2.6254e-01  5.0608e-01
5.27754e+02  3.799e+00       3.799e+00       0.000e+00    0.000e+00  0.000e+00  4.250e+00 1.177e-05 1.588e-05 2.209e-05 1.180e-05 3.175e-05 3.130e-05  0.000e+00  0.000e+00  2.6658e-01  5.0613e-01
5.07054e+02  3.881e+00       3.881e+00       0.000e+00    0.000e+00  0.000e+00  4.435e+00 1.201e-05 1.620e-05 2.222e-05 1.204e-05 3.237e-05 3.193e-05  0.000e+00  0.000e+00  2.7056e-01  5.0619e-01
4.87524e+02  3.963e+00       3.963e+00       0.000e+00    0.000e+00  0.000e+00  4.625e+00 1.225e-05 1.652e-05 2.235e-05 1.228e-05 3.300e-05 3.256e-05  0.000e+00  0.000e+00  2.7447e-01  5.0624e-01
4.69078e+02  4.045e+00       4.045e+00       0.000e+00    0.000e+00  0.000e+00  4.818e+00 1.249e-05 1.684e-05 2.248e-05 1.251e-05 3.362e-05 3.320e-05  0.000e+00  0.000e+00  2.7832e-01  5.0629e-01
4.51640e+02  4.127e+00       4.127e+00       0.000e+00    0.000e+00  0.000e+00  5.016e+00 1.273e-05 1.717e-05 2.261e-05 1.275e-05 3.425e-05 3.383e-05  0.000e+00  0.000e+00  2.8210e-01  5.0634e-01
4.35139e+02  4.209e+00       4.209e+00       0.000e+00    0.000e+00  0.000e+00  5.217e+00 1.296e-05 1.749e-05 2.275e-05 1.299e-05 3.488e-05 3.447e-05  0.000e+00  0.000e+00  2.8582e-01  5.0639e-01
4.19510e+02  4.291e+00       4.291e+00       0.000e+00    0.000e+00  0.000e+00  5.422e+00 1.320e-05 1.781e-05 2.288e-05 1.323e-05 3.550e-05 3.510e-05  0.000e+00  0.000e+00  2.8948e-01  5.0643e-01
4.04694e+02  4.373e+00       4.373e+00       0.000e+00    0.000e+00  0.000e+00  5.632e+00 1.344e-05 1.814e-05 2.302e-05 1.347e-05 3.613e-05 3.574e-05  0.000e+00  0.000e+00  2.9307e-01  5.0648e-01
3.90637e+02  4.455e+00       4.455e+00       0.000e+00    0.000e+00  0.000e+00  5.845e+00 1.368e-05 1.846e-05 2.316e-05 1.371e-05 3.677e-05 3.638e-05  0.000e+00  0.000e+00  2.9657e-01  5.0647e-01
