     Energy         Kx              Ky       F.Density    GA.Brill.       Flux  Tot.Power  Nat.Size  Nat.Div.    Size.x    Size.y     Div.x     Div.y   Coh.Flux  Coh.Power   CohFrac.x   CohFrac.y
         eV          -               -  ph/s/mr^2/0.1%  F.Dens/mm^2  ph/s/0.1%         kW         m       rad         m         m       rad       rad  ph/s/0.1%          W           -           -
8.84652e+03  3.536e-01       3.536e-01       0.000e+00    0.000e+00  0.000e+00  3.682e-02 2.875e-06 3.879e-06 1.891e-05 2.994e-06 9.934e-06 8.380e-06  0.000e+00  0.000e+00  5.9371e-02  4.4445e-01
8.36522e+03  4.356e-01       4.356e-01       0.000e+00    0.000e+00  0.000e+00  5.588e-02 2.957e-06 3.989e-06 1.892e-05 3.073e-06 1.014e-05 8.618e-06  0.000e+00  0.000e+00  6.1500e-02  4.4541e-01
7.84939e+03  5.176e-01       5.176e-01       0.000e+00    0.000e+00  0.000e+00  7.891e-02 3.052e-06 4.118e-06 1.894e-05 3.165e-06 1.037e-05 8.896e-06  0.000e+00  0.000e+00  6.3988e-02  4.4644e-01
7.32031e+03  5.996e-01       5.996e-01       0.000e+00    0.000e+00  0.000e+00  1.059e-01 3.161e-06 4.264e-06 1.896e-05 3.269e-06 1.064e-05 9.212e-06  0.000e+00  0.000e+00  6.6798e-02  4.4751e-01
6.79504e+03  6.817e-01       6.817e-01       0.000e+00    0.000e+00  0.000e+00  1.369e-01 3.281e-06 4.426e-06 1.898e-05 3.386e-06 1.095e-05 9.561e-06  0.000e+00  0.000e+00  6.9892e-02  4.4858e-01
6.28622e+03  7.637e-01       7.637e-01       0.000e+00    0.000e+00  0.000e+00  1.718e-01 3.411e-06 4.601e-06 1.900e-05 3.512e-06 1.128e-05 9.940e-06  0.000e+00  0.000e+00  7.3234e-02  4.4963e-01
5.80241e+03  8.457e-01       8.457e-01       0.000e+00    0.000e+00  0.000e+00  2.107e-01 3.550e-06 4.789e-06 1.902e-05 3.647e-06 1.164e-05 1.035e-05  0.000e+00  0.000e+00  7.6790e-02  4.5063e-01
5.34879e+03  9.277e-01       9.277e-01       0.000e+00    0.000e+00  0.000e+00  2.535e-01 3.698e-06 4.988e-06 1.905e-05 3.791e-06 1.202e-05 1.077e-05  0.000e+00  0.000e+00  8.0528e-02  4.5157e-01
4.92790e+03  1.010e+00       1.010e+00       0.000e+00    0.000e+00  0.000e+00  3.003e-01 3.852e-06 5.197e-06 1.908e-05 3.942e-06 1.243e-05 1.123e-05  0.000e+00  0.000e+00  8.4421e-02  4.5246e-01
4.54037e+03  1.092e+00       1.092e+00       0.000e+00    0.000e+00  0.000e+00  3.511e-01 4.014e-06 5.414e-06 1.912e-05 4.100e-06 1.285e-05 1.169e-05  0.000e+00  0.000e+00  8.8443e-02  4.5328e-01
4.18552e+03  1.174e+00       1.174e+00       0.000e+00    0.000e+00  0.000e+00  4.058e-01 4.180e-06 5.639e-06 1.915e-05 4.263e-06 1.330e-05 1.218e-05  0.000e+00  0.000e+00  9.2573e-02  4.5403e-01
3.86185e+03  1.256e+00       1.256e+00       0.000e+00    0.000e+00  0.000e+00  4.645e-01 4.352e-06 5.871e-06 1.919e-05 4.431e-06 1.376e-05 1.268e-05  0.000e+00  0.000e+00  9.6790e-02  4.5473e-01
3.56736e+03  1.338e+00       1.338e+00       0.000e+00    0.000e+00  0.000e+00  5.272e-01 4.528e-06 6.108e-06 1.923e-05 4.604e-06 1.423e-05 1.319e-05  0.000e+00  0.000e+00  1.0106e-01  4.5528e-01
3.29981e+03  1.420e+00       1.420e+00       0.000e+00    0.000e+00  0.000e+00  5.938e-01 4.708e-06 6.351e-06 1.927e-05 4.781e-06 1.472e-05 1.372e-05  0.000e+00  0.000e+00  1.0540e-01  4.5585e-01
3.05691e+03  1.502e+00       1.502e+00       0.000e+00    0.000e+00  0.000e+00  6.644e-01 4.891e-06 6.599e-06 1.932e-05 4.962e-06 1.522e-05 1.425e-05  0.000e+00  0.000e+00  1.0978e-01  4.5638e-01
2.83639e+03  1.584e+00       1.584e+00       0.000e+00    0.000e+00  0.000e+00  7.389e-01 5.078e-06 6.850e-06 1.937e-05 5.146e-06 1.573e-05 1.480e-05  0.000e+00  0.000e+00  1.1420e-01  4.5685e-01
2.63612e+03  1.666e+00       1.666e+00       0.000e+00    0.000e+00  0.000e+00  8.174e-01 5.267e-06 7.106e-06 1.942e-05 5.333e-06 1.625e-05 1.535e-05  0.000e+00  0.000e+00  1.1863e-01  4.5729e-01
2.45410e+03  1.748e+00       1.748e+00       0.000e+00    0.000e+00  0.000e+00  8.999e-01 5.459e-06 7.364e-06 1.947e-05 5.523e-06 1.678e-05 1.591e-05  0.000e+00  0.000e+00  1.2308e-01  4.5769e-01
2.28849e+03  1.830e+00       1.830e+00       0.000e+00    0.000e+00  0.000e+00  9.864e-01 5.653e-06 7.626e-06 1.953e-05 5.715e-06 1.731e-05 1.647e-05  0.000e+00  0.000e+00  1.2754e-01  4.5806e-01
2.13762e+03  1.912e+00       1.912e+00       0.000e+00    0.000e+00  0.000e+00  1.077e+00 5.849e-06 7.891e-06 1.958e-05 5.909e-06 1.786e-05 1.704e-05  0.000e+00  0.000e+00  1.3199e-01  4.5839e-01
1.99999e+03  1.994e+00       1.994e+00       0.000e+00    0.000e+00  0.000e+00  1.171e+00 6.047e-06 8.158e-06 1.964e-05 6.105e-06 1.841e-05 1.762e-05  0.000e+00  0.000e+00  1.3643e-01  4.5870e-01
1.87425e+03  2.076e+00       2.076e+00       0.000e+00    0.000e+00  0.000e+00  1.269e+00 6.247e-06 8.427e-06 1.971e-05 6.302e-06 1.896e-05 1.820e-05  0.000e+00  0.000e+00  1.4087e-01  4.5898e-01
1.75919e+03  2.158e+00       2.158e+00       0.000e+00    0.000e+00  0.000e+00  1.372e+00 6.448e-06 8.698e-06 1.977e-05 6.502e-06 1.953e-05 1.878e-05  0.000e+00  0.000e+00  1.4528e-01  4.5924e-01
1.65373e+03  2.240e+00       2.240e+00       0.000e+00    0.000e+00  0.000e+00  1.478e+00 6.650e-06 8.971e-06 1.984e-05 6.703e-06 2.010e-05 1.938e-05  0.000e+00  0.000e+00  1.4965e-01  4.5941e-01
1.55692e+03  2.322e+00       2.322e+00       0.000e+00    0.000e+00  0.000e+00  1.588e+00 6.854e-06 9.246e-06 1.991e-05 6.905e-06 2.067e-05 1.997e-05  0.000e+00  0.000e+00  1.5402e-01  4.5963e-01
1.46790e+03  2.404e+00       2.404e+00       0.000e+00    0.000e+00  0.000e+00  1.702e+00 7.059e-06 9.522e-06 1.998e-05 7.108e-06 2.125e-05 2.056e-05  0.000e+00  0.000e+00  1.5836e-01  4.5983e-01
1.38590e+03  2.486e+00       2.486e+00       0.000e+00    0.000e+00  0.000e+00  1.821e+00 7.264e-06 9.800e-06 2.005e-05 7.312e-06 2.183e-05 2.116e-05  0.000e+00  0.000e+00  1.6267e-01  4.6001e-01
1.31026e+03  2.568e+00       2.568e+00       0.000e+00    0.000e+00  0.000e+00  1.943e+00 7.471e-06 1.008e-05 2.013e-05 7.518e-06 2.241e-05 2.177e-05  0.000e+00  0.000e+00  1.6694e-01  4.6018e-01
1.24036e+03  2.650e+00       2.650e+00       0.000e+00    0.000e+00  0.000e+00  2.069e+00 7.679e-06 1.036e-05 2.021e-05 7.724e-06 2.300e-05 2.237e-05  0.000e+00  0.000e+00  1.7118e-01  4.6034e-01
1.17567e+03  2.732e+00       2.732e+00       0.000e+00    0.000e+00  0.000e+00  2.199e+00 7.887e-06 1.064e-05 2.029e-05 7.931e-06 2.359e-05 2.298e-05  0.000e+00  0.000e+00  1.7538e-01  4.6049e-01
1.11571e+03  2.814e+00       2.814e+00       0.000e+00    0.000e+00  0.000e+00  2.333e+00 8.096e-06 1.092e-05 2.037e-05 8.139e-06 2.418e-05 2.359e-05  0.000e+00  0.000e+00  1.7954e-01  4.6063e-01
1.06004e+03  2.896e+00       2.896e+00       0.000e+00    0.000e+00  0.000e+00  2.471e+00 8.306e-06 1.121e-05 2.045e-05 8.348e-06 2.478e-05 2.420e-05  0.000e+00  0.000e+00  1.8366e-01  4.6076e-01
1.00829e+03  2.978e+00       2.978e+00       0.000e+00    0.000e+00  0.000e+00  2.613e+00 8.517e-06 1.149e-05 2.054e-05 8.558e-06 2.538e-05 2.481e-05  0.000e+00  0.000e+00  1.8774e-01  4.6088e-01
9.60114e+02  3.060e+00       3.060e+00       0.000e+00    0.000e+00  0.000e+00  2.759e+00 8.728e-06 1.177e-05 2.063e-05 8.768e-06 2.598e-05 2.543e-05  0.000e+00  0.000e+00  1.9175e-01  4.6094e-01
9.15194e+02  3.142e+00       3.142e+00       0.000e+00    0.000e+00  0.000e+00  2.908e+00 8.939e-06 1.206e-05 2.072e-05 8.978e-06 2.658e-05 2.604e-05  0.000e+00  0.000e+00  1.9574e-01  4.6104e-01
8.73257e+02  3.224e+00       3.224e+00       0.000e+00    0.000e+00  0.000e+00  3.062e+00 9.152e-06 1.235e-05 2.081e-05 9.190e-06 2.719e-05 2.666e-05  0.000e+00  0.000e+00  1.9968e-01  4.6114e-01
8.34054e+02  3.306e+00       3.306e+00       0.000e+00    0.000e+00  0.000e+00  3.220e+00 9.364e-06 1.263e-05 2.090e-05 9.401e-06 2.780e-05 2.728e-05  0.000e+00  0.000e+00  2.0358e-01  4.6123e-01
7.97359e+02  3.388e+00       3.388e+00       0.000e+00    0.000e+00  0.000e+00  3.382e+00 9.577e-06 1.292e-05 2.100e-05 9.614e-06 2.841e-05 2.790e-05  0.000e+00  0.000e+00  2.0743e-01  4.6132e-01
7.62968e+02  3.470e+00       3.470e+00       0.000e+00    0.000e+00  0.000e+00  3.547e+00 9.791e-06 1.321e-05 2.110e-05 9.826e-06 2.902e-05 2.852e-05  0.000e+00  0.000e+00  2.1122e-01  4.6140e-01
7.30700e+02  3.553e+00       3.553e+00       0.000e+00    0.000e+00  0.000e+00  3.717e+00 1.000e-05 1.350e-05 2.120e-05 1.004e-05 2.963e-05 2.914e-05  0.000e+00  0.000e+00  2.1498e-01  4.6147e-01
7.00386e+02  3.635e+00       3.635e+00       0.000e+00    0.000e+00  0.000e+00  3.891e+00 1.022e-05 1.379e-05 2.130e-05 1.025e-05 3.024e-05 2.977e-05  0.000e+00  0.000e+00  2.1868e-01  4.6155e-01
6.71876e+02  3.717e+00       3.717e+00       0.000e+00    0.000e+00  0.000e+00  4.068e+00 1.043e-05 1.407e-05 2.140e-05 1.047e-05 3.086e-05 3.039e-05  0.000e+00  0.000e+00  2.2233e-01  4.6162e-01
6.45033e+02  3.799e+00       3.799e+00       0.000e+00    0.000e+00  0.000e+00  4.250e+00 1.065e-05 1.436e-05 2.151e-05 1.068e-05 3.147e-05 3.102e-05  0.000e+00  0.000e+00  2.2593e-01  4.6168e-01
6.19733e+02  3.881e+00       3.881e+00       0.000e+00    0.000e+00  0.000e+00  4.435e+00 1.086e-05 1.465e-05 2.162e-05 1.090e-05 3.209e-05 3.164e-05  0.000e+00  0.000e+00  2.2949e-01  4.6174e-01
5.95862e+02  3.963e+00       3.963e+00       0.000e+00    0.000e+00  0.000e+00  4.625e+00 1.108e-05 1.495e-05 2.173e-05 1.111e-05 3.271e-05 3.228e-05  0.000e+00  0.000e+00  2.3297e-01  4.6175e-01
5.73318e+02  4.045e+00       4.045e+00       0.000e+00    0.000e+00  0.000e+00  4.818e+00 1.129e-05 1.524e-05 2.184e-05 1.133e-05 3.333e-05 3.290e-05  0.000e+00  0.000e+00  2.3642e-01  4.6181e-01
5.52005e+02  4.127e+00       4.127e+00       0.000e+00    0.000e+00  0.000e+00  5.016e+00 1.151e-05 1.553e-05 2.195e-05 1.154e-05 3.395e-05 3.353e-05  0.000e+00  0.000e+00  2.3982e-01  4.6186e-01
5.31837e+02  4.209e+00       4.209e+00       0.000e+00    0.000e+00  0.000e+00  5.217e+00 1.173e-05 1.582e-05 2.206e-05 1.176e-05 3.458e-05 3.416e-05  0.000e+00  0.000e+00  2.4318e-01  4.6191e-01
5.12735e+02  4.291e+00       4.291e+00       0.000e+00    0.000e+00  0.000e+00  5.422e+00 1.194e-05 1.611e-05 2.218e-05 1.197e-05 3.520e-05 3.479e-05  0.000e+00  0.000e+00  2.4648e-01  4.6196e-01
4.94626e+02  4.373e+00       4.373e+00       0.000e+00    0.000e+00  0.000e+00  5.632e+00 1.216e-05 1.640e-05 2.230e-05 1.219e-05 3.582e-05 3.542e-05  0.000e+00  0.000e+00  2.4973e-01  4.6200e-01
4.77445e+02  4.455e+00       4.455e+00       0.000e+00    0.000e+00  0.000e+00  5.845e+00 1.238e-05 1.670e-05 2.242e-05 1.240e-05 3.645e-05 3.605e-05  0.000e+00  0.000e+00  2.5294e-01  4.6204e-01
