     Energy         Kx              Ky       F.Density    GA.Brill.       Flux  Tot.Power  Nat.Size  Nat.Div.    Size.x    Size.y     Div.x     Div.y   Coh.Flux  Coh.Power   CohFrac.x   CohFrac.y
         eV          -               -  ph/s/mr^2/0.1%  F.Dens/mm^2  ph/s/0.1%         kW         m       rad         m         m       rad       rad  ph/s/0.1%          W           -           -
8.84652e+03  3.536e-01       3.536e-01       0.000e+00    0.000e+00  0.000e+00  3.682e-02 2.875e-06 3.879e-06 1.891e-05 2.994e-06 9.934e-06 8.380e-06  0.000e+00  0.000e+00  5.9371e-02  4.4445e-01
8.51938e+03  4.101e-01       4.101e-01       0.000e+00    0.000e+00  0.000e+00  4.954e-02 2.930e-06 3.953e-06 1.892e-05 3.047e-06 1.007e-05 8.540e-06  0.000e+00  0.000e+00  6.0799e-02  4.4510e-01
8.17239e+03  4.667e-01       4.667e-01       0.000e+00    0.000e+00  0.000e+00  6.415e-02 2.992e-06 4.036e-06 1.893e-05 3.106e-06 1.022e-05 8.719e-06  0.000e+00  0.000e+00  6.2403e-02  4.4579e-01
7.81311e+03  5.233e-01       5.233e-01       0.000e+00    0.000e+00  0.000e+00  8.064e-02 3.060e-06 4.127e-06 1.894e-05 3.172e-06 1.039e-05 8.917e-06  0.000e+00  0.000e+00  6.4172e-02  4.4652e-01
7.44824e+03  5.798e-01       5.798e-01       0.000e+00    0.000e+00  0.000e+00  9.902e-02 3.134e-06 4.227e-06 1.895e-05 3.243e-06 1.058e-05 9.132e-06  0.000e+00  0.000e+00  6.6092e-02  4.4725e-01
7.08351e+03  6.364e-01       6.364e-01       0.000e+00    0.000e+00  0.000e+00  1.193e-01 3.213e-06 4.335e-06 1.896e-05 3.320e-06 1.078e-05 9.364e-06  0.000e+00  0.000e+00  6.8152e-02  4.4799e-01
6.72364e+03  6.930e-01       6.930e-01       0.000e+00    0.000e+00  0.000e+00  1.414e-01 3.298e-06 4.449e-06 1.898e-05 3.402e-06 1.099e-05 9.611e-06  0.000e+00  0.000e+00  7.0339e-02  4.4873e-01
6.37235e+03  7.495e-01       7.495e-01       0.000e+00    0.000e+00  0.000e+00  1.655e-01 3.388e-06 4.570e-06 1.899e-05 3.489e-06 1.122e-05 9.872e-06  0.000e+00  0.000e+00  7.2641e-02  4.4945e-01
6.03245e+03  8.061e-01       8.061e-01       0.000e+00    0.000e+00  0.000e+00  1.914e-01 3.482e-06 4.697e-06 1.901e-05 3.581e-06 1.146e-05 1.015e-05  0.000e+00  0.000e+00  7.5048e-02  4.5015e-01
5.70596e+03  8.627e-01       8.627e-01       0.000e+00    0.000e+00  0.000e+00  2.192e-01 3.580e-06 4.830e-06 1.903e-05 3.676e-06 1.172e-05 1.043e-05  0.000e+00  0.000e+00  7.7549e-02  4.5083e-01
5.39422e+03  9.192e-01       9.192e-01       0.000e+00    0.000e+00  0.000e+00  2.489e-01 3.682e-06 4.967e-06 1.905e-05 3.776e-06 1.198e-05 1.073e-05  0.000e+00  0.000e+00  8.0134e-02  4.5148e-01
5.09801e+03  9.758e-01       9.758e-01       0.000e+00    0.000e+00  0.000e+00  2.805e-01 3.788e-06 5.110e-06 1.907e-05 3.879e-06 1.226e-05 1.104e-05  0.000e+00  0.000e+00  8.2793e-02  4.5210e-01
4.81767e+03  1.032e+00       1.032e+00       0.000e+00    0.000e+00  0.000e+00  3.139e-01 3.896e-06 5.256e-06 1.909e-05 3.985e-06 1.254e-05 1.135e-05  0.000e+00  0.000e+00  8.5519e-02  4.5269e-01
4.55318e+03  1.089e+00       1.089e+00       0.000e+00    0.000e+00  0.000e+00  3.493e-01 4.008e-06 5.407e-06 1.911e-05 4.094e-06 1.284e-05 1.168e-05  0.000e+00  0.000e+00  8.8303e-02  4.5325e-01
4.30427e+03  1.146e+00       1.146e+00       0.000e+00    0.000e+00  0.000e+00  3.865e-01 4.122e-06 5.561e-06 1.914e-05 4.206e-06 1.314e-05 1.201e-05  0.000e+00  0.000e+00  9.1138e-02  4.5378e-01
4.07049e+03  1.202e+00       1.202e+00       0.000e+00    0.000e+00  0.000e+00  4.256e-01 4.239e-06 5.718e-06 1.916e-05 4.320e-06 1.345e-05 1.235e-05  0.000e+00  0.000e+00  9.4018e-02  4.5428e-01
3.85123e+03  1.259e+00       1.259e+00       0.000e+00    0.000e+00  0.000e+00  4.666e-01 4.358e-06 5.879e-06 1.919e-05 4.437e-06 1.377e-05 1.270e-05  0.000e+00  0.000e+00  9.6922e-02  4.5467e-01
3.64581e+03  1.315e+00       1.315e+00       0.000e+00    0.000e+00  0.000e+00  5.095e-01 4.479e-06 6.042e-06 1.922e-05 4.556e-06 1.410e-05 1.305e-05  0.000e+00  0.000e+00  9.9872e-02  4.5511e-01
3.45351e+03  1.372e+00       1.372e+00       0.000e+00    0.000e+00  0.000e+00  5.543e-01 4.602e-06 6.208e-06 1.925e-05 4.677e-06 1.443e-05 1.341e-05  0.000e+00  0.000e+00  1.0285e-01  4.5552e-01
3.27358e+03  1.428e+00       1.428e+00       0.000e+00    0.000e+00  0.000e+00  6.009e-01 4.727e-06 6.376e-06 1.928e-05 4.800e-06 1.477e-05 1.377e-05  0.000e+00  0.000e+00  1.0585e-01  4.5591e-01
3.10525e+03  1.485e+00       1.485e+00       0.000e+00    0.000e+00  0.000e+00  6.494e-01 4.853e-06 6.547e-06 1.931e-05 4.925e-06 1.511e-05 1.414e-05  0.000e+00  0.000e+00  1.0887e-01  4.5627e-01
2.94779e+03  1.541e+00       1.541e+00       0.000e+00    0.000e+00  0.000e+00  6.999e-01 4.981e-06 6.720e-06 1.934e-05 5.051e-06 1.546e-05 1.451e-05  0.000e+00  0.000e+00  1.1191e-01  4.5661e-01
2.80048e+03  1.598e+00       1.598e+00       0.000e+00    0.000e+00  0.000e+00  7.522e-01 5.110e-06 6.894e-06 1.938e-05 5.178e-06 1.582e-05 1.489e-05  0.000e+00  0.000e+00  1.1496e-01  4.5693e-01
2.66262e+03  1.655e+00       1.655e+00       0.000e+00    0.000e+00  0.000e+00  8.064e-01 5.241e-06 7.070e-06 1.941e-05 5.307e-06 1.618e-05 1.527e-05  0.000e+00  0.000e+00  1.1802e-01  4.5723e-01
2.53356e+03  1.711e+00       1.711e+00       0.000e+00    0.000e+00  0.000e+00  8.625e-01 5.373e-06 7.248e-06 1.945e-05 5.437e-06 1.654e-05 1.565e-05  0.000e+00  0.000e+00  1.2109e-01  4.5752e-01
2.41269e+03  1.768e+00       1.768e+00       0.000e+00    0.000e+00  0.000e+00  9.204e-01 5.506e-06 7.427e-06 1.948e-05 5.569e-06 1.690e-05 1.604e-05  0.000e+00  0.000e+00  1.2416e-01  4.5778e-01
2.29942e+03  1.824e+00       1.824e+00       0.000e+00    0.000e+00  0.000e+00  9.803e-01 5.640e-06 7.608e-06 1.952e-05 5.701e-06 1.728e-05 1.643e-05  0.000e+00  0.000e+00  1.2723e-01  4.5803e-01
2.19321e+03  1.881e+00       1.881e+00       0.000e+00    0.000e+00  0.000e+00  1.042e+00 5.775e-06 7.790e-06 1.956e-05 5.835e-06 1.765e-05 1.682e-05  0.000e+00  0.000e+00  1.3030e-01  4.5827e-01
2.09355e+03  1.937e+00       1.937e+00       0.000e+00    0.000e+00  0.000e+00  1.106e+00 5.911e-06 7.973e-06 1.960e-05 5.969e-06 1.803e-05 1.722e-05  0.000e+00  0.000e+00  1.3337e-01  4.5849e-01
1.99999e+03  1.994e+00       1.994e+00       0.000e+00    0.000e+00  0.000e+00  1.171e+00 6.047e-06 8.158e-06 1.964e-05 6.105e-06 1.841e-05 1.762e-05  0.000e+00  0.000e+00  1.3643e-01  4.5870e-01
1.91207e+03  2.051e+00       2.051e+00       0.000e+00    0.000e+00  0.000e+00  1.239e+00 6.185e-06 8.343e-06 1.969e-05 6.241e-06 1.879e-05 1.802e-05  0.000e+00  0.000e+00  1.3949e-01  4.5889e-01
1.82941e+03  2.107e+00       2.107e+00       0.000e+00    0.000e+00  0.000e+00  1.308e+00 6.323e-06 8.530e-06 1.973e-05 6.378e-06 1.918e-05 1.842e-05  0.000e+00  0.000e+00  1.4254e-01  4.5908e-01
1.75162e+03  2.164e+00       2.164e+00       0.000e+00    0.000e+00  0.000e+00  1.379e+00 6.462e-06 8.717e-06 1.978e-05 6.516e-06 1.957e-05 1.882e-05  0.000e+00  0.000e+00  1.4558e-01  4.5926e-01
1.67836e+03  2.220e+00       2.220e+00       0.000e+00    0.000e+00  0.000e+00  1.452e+00 6.601e-06 8.905e-06 1.982e-05 6.654e-06 1.996e-05 1.923e-05  0.000e+00  0.000e+00  1.4860e-01  4.5935e-01
1.60932e+03  2.277e+00       2.277e+00       0.000e+00    0.000e+00  0.000e+00  1.527e+00 6.741e-06 9.094e-06 1.987e-05 6.793e-06 2.035e-05 1.964e-05  0.000e+00  0.000e+00  1.5161e-01  4.5951e-01
1.54420e+03  2.333e+00       2.333e+00       0.000e+00    0.000e+00  0.000e+00  1.604e+00 6.882e-06 9.284e-06 1.992e-05 6.933e-06 2.075e-05 2.005e-05  0.000e+00  0.000e+00  1.5462e-01  4.5965e-01
1.48272e+03  2.390e+00       2.390e+00       0.000e+00    0.000e+00  0.000e+00  1.682e+00 7.023e-06 9.475e-06 1.997e-05 7.073e-06 2.115e-05 2.046e-05  0.000e+00  0.000e+00  1.5761e-01  4.5979e-01
1.42465e+03  2.447e+00       2.447e+00       0.000e+00    0.000e+00  0.000e+00  1.763e+00 7.165e-06 9.666e-06 2.002e-05 7.214e-06 2.155e-05 2.087e-05  0.000e+00  0.000e+00  1.6059e-01  4.5992e-01
1.36975e+03  2.503e+00       2.503e+00       0.000e+00    0.000e+00  0.000e+00  1.845e+00 7.307e-06 9.857e-06 2.007e-05 7.355e-06 2.195e-05 2.129e-05  0.000e+00  0.000e+00  1.6355e-01  4.6005e-01
1.31781e+03  2.560e+00       2.560e+00       0.000e+00    0.000e+00  0.000e+00  1.930e+00 7.450e-06 1.005e-05 2.012e-05 7.497e-06 2.235e-05 2.170e-05  0.000e+00  0.000e+00  1.6650e-01  4.6017e-01
1.26862e+03  2.616e+00       2.616e+00       0.000e+00    0.000e+00  0.000e+00  2.016e+00 7.593e-06 1.024e-05 2.017e-05 7.639e-06 2.275e-05 2.212e-05  0.000e+00  0.000e+00  1.6943e-01  4.6028e-01
1.22202e+03  2.673e+00       2.673e+00       0.000e+00    0.000e+00  0.000e+00  2.104e+00 7.736e-06 1.044e-05 2.023e-05 7.781e-06 2.316e-05 2.254e-05  0.000e+00  0.000e+00  1.7234e-01  4.6038e-01
1.17782e+03  2.729e+00       2.729e+00       0.000e+00    0.000e+00  0.000e+00  2.194e+00 7.880e-06 1.063e-05 2.028e-05 7.924e-06 2.357e-05 2.296e-05  0.000e+00  0.000e+00  1.7524e-01  4.6049e-01
1.13588e+03  2.786e+00       2.786e+00       0.000e+00    0.000e+00  0.000e+00  2.286e+00 8.024e-06 1.082e-05 2.034e-05 8.068e-06 2.398e-05 2.338e-05  0.000e+00  0.000e+00  1.7811e-01  4.6058e-01
1.09605e+03  2.843e+00       2.843e+00       0.000e+00    0.000e+00  0.000e+00  2.380e+00 8.169e-06 1.102e-05 2.040e-05 8.211e-06 2.439e-05 2.380e-05  0.000e+00  0.000e+00  1.8097e-01  4.6068e-01
1.05820e+03  2.899e+00       2.899e+00       0.000e+00    0.000e+00  0.000e+00  2.476e+00 8.314e-06 1.122e-05 2.046e-05 8.355e-06 2.480e-05 2.422e-05  0.000e+00  0.000e+00  1.8380e-01  4.6076e-01
1.02220e+03  2.956e+00       2.956e+00       0.000e+00    0.000e+00  0.000e+00  2.573e+00 8.459e-06 1.141e-05 2.051e-05 8.500e-06 2.521e-05 2.464e-05  0.000e+00  0.000e+00  1.8662e-01  4.6085e-01
9.87943e+02  3.012e+00       3.012e+00       0.000e+00    0.000e+00  0.000e+00  2.673e+00 8.604e-06 1.161e-05 2.058e-05 8.645e-06 2.563e-05 2.506e-05  0.000e+00  0.000e+00  1.8942e-01  4.6093e-01
9.55321e+02  3.069e+00       3.069e+00       0.000e+00    0.000e+00  0.000e+00  2.774e+00 8.750e-06 1.180e-05 2.064e-05 8.790e-06 2.604e-05 2.549e-05  0.000e+00  0.000e+00  1.9217e-01  4.6095e-01
9.24234e+02  3.125e+00       3.125e+00       0.000e+00    0.000e+00  0.000e+00  2.877e+00 8.896e-06 1.200e-05 2.070e-05 8.935e-06 2.646e-05 2.592e-05  0.000e+00  0.000e+00  1.9492e-01  4.6102e-01
8.94592e+02  3.182e+00       3.182e+00       0.000e+00    0.000e+00  0.000e+00  2.982e+00 9.042e-06 1.220e-05 2.076e-05 9.080e-06 2.688e-05 2.634e-05  0.000e+00  0.000e+00  1.9765e-01  4.6109e-01
