     Energy         Kx              Ky       F.Density    GA.Brill.       Flux  Tot.Power  Nat.Size  Nat.Div.    Size.x    Size.y     Div.x     Div.y   Coh.Flux  Coh.Power   CohFrac.x   CohFrac.y
         eV          -               -  ph/s/mr^2/0.1%  F.Dens/mm^2  ph/s/0.1%         kW         m       rad         m         m       rad       rad  ph/s/0.1%          W           -           -
8.04229e+02  3.536e-01       3.536e-01       2.802e+17    2.221e+20  3.386e+14  3.682e-02 9.536e-06 1.286e-05 2.098e-05 9.573e-06 1.439e-05 1.336e-05  1.319e+14  2.621e-02  4.0635e-01  9.5898e-01
7.60475e+02  4.356e-01       4.356e-01       3.818e+17    2.925e+20  4.862e+14  5.588e-02 9.807e-06 1.323e-05 2.111e-05 9.842e-06 1.475e-05 1.375e-05  1.944e+14  3.861e-02  4.1688e-01  9.5892e-01
7.13581e+02  5.176e-01       5.176e-01       4.766e+17    3.513e+20  6.442e+14  7.891e-02 1.012e-05 1.366e-05 2.126e-05 1.016e-05 1.516e-05 1.419e-05  2.651e+14  5.267e-02  4.2908e-01  9.5917e-01
6.65482e+02  5.996e-01       5.996e-01       5.587e+17    3.945e+20  8.063e+14  1.059e-01 1.048e-05 1.414e-05 2.143e-05 1.052e-05 1.563e-05 1.469e-05  3.424e+14  6.801e-02  4.4259e-01  9.5942e-01
6.17731e+02  6.817e-01       6.817e-01       6.247e+17    4.213e+20  9.671e+14  1.369e-01 1.088e-05 1.468e-05 2.163e-05 1.091e-05 1.616e-05 1.525e-05  4.242e+14  8.427e-02  4.5712e-01  9.5969e-01
5.71474e+02  7.637e-01       7.637e-01       6.738e+17    4.327e+20  1.123e+15  1.718e-01 1.131e-05 1.526e-05 2.185e-05 1.134e-05 1.673e-05 1.585e-05  5.092e+14  1.012e-01  4.7242e-01  9.5995e-01
5.27492e+02  8.457e-01       8.457e-01       7.068e+17    4.314e+20  1.271e+15  2.107e-01 1.178e-05 1.588e-05 2.209e-05 1.180e-05 1.734e-05 1.650e-05  5.958e+14  1.184e-01  4.8825e-01  9.6020e-01
4.86253e+02  9.277e-01       9.277e-01       7.255e+17    4.202e+20  1.410e+15  2.535e-01 1.226e-05 1.654e-05 2.235e-05 1.229e-05 1.799e-05 1.719e-05  6.829e+14  1.357e-01  5.0441e-01  9.6044e-01
4.47990e+02  1.010e+00       1.010e+00       7.320e+17    4.019e+20  1.539e+15  3.003e-01 1.278e-05 1.724e-05 2.264e-05 1.280e-05 1.869e-05 1.791e-05  7.696e+14  1.529e-01  5.2059e-01  9.6044e-01
4.12761e+02  1.092e+00       1.092e+00       7.288e+17    3.790e+20  1.658e+15  3.511e-01 1.331e-05 1.796e-05 2.295e-05 1.334e-05 1.940e-05 1.866e-05  8.550e+14  1.698e-01  5.3688e-01  9.6064e-01
3.80502e+02  1.174e+00       1.174e+00       7.181e+17    3.536e+20  1.766e+15  4.058e-01 1.386e-05 1.870e-05 2.327e-05 1.389e-05 2.015e-05 1.943e-05  9.385e+14  1.864e-01  5.5302e-01  9.6083e-01
3.51078e+02  1.256e+00       1.256e+00       7.016e+17    3.271e+20  1.865e+15  4.645e-01 1.443e-05 1.947e-05 2.361e-05 1.446e-05 2.092e-05 2.023e-05  1.020e+15  2.026e-01  5.6892e-01  9.6102e-01
3.24306e+02  1.338e+00       1.338e+00       6.812e+17    3.006e+20  1.955e+15  5.272e-01 1.502e-05 2.026e-05 2.398e-05 1.504e-05 2.171e-05 2.104e-05  1.099e+15  2.182e-01  5.8450e-01  9.6119e-01
2.99983e+02  1.420e+00       1.420e+00       6.580e+17    2.750e+20  2.038e+15  5.938e-01 1.561e-05 2.106e-05 2.435e-05 1.564e-05 2.252e-05 2.188e-05  1.174e+15  2.333e-01  5.9956e-01  9.6116e-01
2.77901e+02  1.502e+00       1.502e+00       6.331e+17    2.506e+20  2.112e+15  6.644e-01 1.622e-05 2.188e-05 2.475e-05 1.624e-05 2.335e-05 2.274e-05  1.247e+15  2.478e-01  6.1429e-01  9.6130e-01
2.57854e+02  1.584e+00       1.584e+00       6.074e+17    2.279e+20  2.179e+15  7.389e-01 1.684e-05 2.272e-05 2.516e-05 1.686e-05 2.420e-05 2.360e-05  1.317e+15  2.616e-01  6.2854e-01  9.6143e-01
2.39648e+02  1.666e+00       1.666e+00       5.814e+17    2.068e+20  2.241e+15  8.174e-01 1.747e-05 2.357e-05 2.558e-05 1.749e-05 2.506e-05 2.448e-05  1.384e+15  2.749e-01  6.4229e-01  9.6156e-01
2.23100e+02  1.748e+00       1.748e+00       5.556e+17    1.875e+20  2.296e+15  8.999e-01 1.811e-05 2.443e-05 2.602e-05 1.813e-05 2.593e-05 2.537e-05  1.447e+15  2.875e-01  6.5552e-01  9.6168e-01
2.08044e+02  1.830e+00       1.830e+00       5.303e+17    1.699e+20  2.348e+15  9.864e-01 1.875e-05 2.529e-05 2.647e-05 1.877e-05 2.681e-05 2.628e-05  1.508e+15  2.996e-01  6.6811e-01  9.6162e-01
1.94329e+02  1.912e+00       1.912e+00       5.057e+17    1.539e+20  2.394e+15  1.077e+00 1.940e-05 2.617e-05 2.694e-05 1.942e-05 2.771e-05 2.719e-05  1.566e+15  3.111e-01  6.8027e-01  9.6172e-01
1.81817e+02  1.994e+00       1.994e+00       4.821e+17    1.394e+20  2.436e+15  1.171e+00 2.006e-05 2.706e-05 2.741e-05 2.007e-05 2.861e-05 2.811e-05  1.621e+15  3.220e-01  6.9192e-01  9.6182e-01
1.70386e+02  2.076e+00       2.076e+00       4.594e+17    1.264e+20  2.474e+15  1.269e+00 2.072e-05 2.795e-05 2.790e-05 2.074e-05 2.952e-05 2.903e-05  1.673e+15  3.323e-01  7.0305e-01  9.6191e-01
1.59926e+02  2.158e+00       2.158e+00       4.378e+17    1.146e+20  2.509e+15  1.372e+00 2.139e-05 2.885e-05 2.840e-05 2.140e-05 3.044e-05 2.997e-05  1.723e+15  3.422e-01  7.1368e-01  9.6200e-01
1.50339e+02  2.240e+00       2.240e+00       4.172e+17    1.041e+20  2.542e+15  1.478e+00 2.206e-05 2.975e-05 2.891e-05 2.207e-05 3.137e-05 3.091e-05  1.769e+15  3.515e-01  7.2371e-01  9.6193e-01
1.41538e+02  2.322e+00       2.322e+00       3.977e+17    9.456e+19  2.570e+15  1.588e+00 2.273e-05 3.067e-05 2.943e-05 2.275e-05 3.229e-05 3.185e-05  1.814e+15  3.604e-01  7.3350e-01  9.6217e-01
1.33445e+02  2.404e+00       2.404e+00       3.793e+17    8.602e+19  2.598e+15  1.702e+00 2.341e-05 3.158e-05 2.996e-05 2.343e-05 3.324e-05 3.281e-05  1.856e+15  3.688e-01  7.4259e-01  9.6207e-01
1.25991e+02  2.486e+00       2.486e+00       3.618e+17    7.833e+19  2.623e+15  1.821e+00 2.409e-05 3.250e-05 3.049e-05 2.411e-05 3.418e-05 3.376e-05  1.896e+15  3.767e-01  7.5136e-01  9.6214e-01
1.19114e+02  2.568e+00       2.568e+00       3.453e+17    7.142e+19  2.646e+15  1.943e+00 2.478e-05 3.343e-05 3.104e-05 2.479e-05 3.513e-05 3.472e-05  1.934e+15  3.843e-01  7.5972e-01  9.6221e-01
1.12760e+02  2.650e+00       2.650e+00       3.297e+17    6.520e+19  2.668e+15  2.069e+00 2.547e-05 3.436e-05 3.159e-05 2.548e-05 3.609e-05 3.569e-05  1.971e+15  3.914e-01  7.6757e-01  9.6213e-01
1.06879e+02  2.732e+00       2.732e+00       3.150e+17    5.959e+19  2.688e+15  2.199e+00 2.616e-05 3.529e-05 3.215e-05 2.617e-05 3.704e-05 3.666e-05  2.005e+15  3.982e-01  7.7514e-01  9.6219e-01
1.01428e+02  2.814e+00       2.814e+00       3.012e+17    5.453e+19  2.706e+15  2.333e+00 2.685e-05 3.622e-05 3.272e-05 2.687e-05 3.800e-05 3.763e-05  2.037e+15  4.047e-01  7.8234e-01  9.6225e-01
9.63676e+01  2.896e+00       2.896e+00       2.881e+17    4.997e+19  2.723e+15  2.471e+00 2.755e-05 3.716e-05 3.329e-05 2.756e-05 3.897e-05 3.860e-05  2.068e+15  4.108e-01  7.8921e-01  9.6230e-01
9.16631e+01  2.978e+00       2.978e+00       2.758e+17    4.585e+19  2.739e+15  2.613e+00 2.825e-05 3.811e-05 3.387e-05 2.826e-05 3.994e-05 3.958e-05  2.097e+15  4.166e-01  7.9574e-01  9.6236e-01
8.72831e+01  3.060e+00       3.060e+00       2.641e+17    4.212e+19  2.754e+15  2.759e+00 2.895e-05 3.905e-05 3.446e-05 2.896e-05 4.091e-05 4.056e-05  2.125e+15  4.221e-01  8.0185e-01  9.6228e-01
8.31994e+01  3.142e+00       3.142e+00       2.531e+17    3.875e+19  2.768e+15  2.908e+00 2.965e-05 4.000e-05 3.505e-05 2.966e-05 4.189e-05 4.155e-05  2.151e+15  4.274e-01  8.0777e-01  9.6233e-01
7.93870e+01  3.224e+00       3.224e+00       2.427e+17    3.569e+19  2.780e+15  3.062e+00 3.035e-05 4.095e-05 3.565e-05 3.036e-05 4.286e-05 4.253e-05  2.176e+15  4.323e-01  8.1342e-01  9.6237e-01
7.58231e+01  3.306e+00       3.306e+00       2.329e+17    3.291e+19  2.793e+15  3.220e+00 3.106e-05 4.190e-05 3.625e-05 3.107e-05 4.385e-05 4.352e-05  2.200e+15  4.371e-01  8.1870e-01  9.6231e-01
7.24872e+01  3.388e+00       3.388e+00       2.236e+17    3.039e+19  2.803e+15  3.382e+00 3.176e-05 4.285e-05 3.685e-05 3.178e-05 4.482e-05 4.451e-05  2.223e+15  4.416e-01  8.2392e-01  9.6247e-01
6.93608e+01  3.470e+00       3.470e+00       2.149e+17    2.810e+19  2.813e+15  3.547e+00 3.247e-05 4.381e-05 3.747e-05 3.248e-05 4.581e-05 4.550e-05  2.244e+15  4.458e-01  8.2880e-01  9.6251e-01
6.64272e+01  3.553e+00       3.553e+00       2.065e+17    2.601e+19  2.824e+15  3.717e+00 3.318e-05 4.476e-05 3.808e-05 3.319e-05 4.680e-05 4.650e-05  2.265e+15  4.499e-01  8.3336e-01  9.6243e-01
6.36714e+01  3.635e+00       3.635e+00       1.987e+17    2.410e+19  2.834e+15  3.891e+00 3.389e-05 4.572e-05 3.870e-05 3.390e-05 4.779e-05 4.749e-05  2.284e+15  4.538e-01  8.3771e-01  9.6237e-01
6.10796e+01  3.717e+00       3.717e+00       1.912e+17    2.236e+19  2.842e+15  4.068e+00 3.460e-05 4.668e-05 3.933e-05 3.461e-05 4.878e-05 4.849e-05  2.303e+15  4.575e-01  8.4195e-01  9.6240e-01
5.86394e+01  3.799e+00       3.799e+00       1.842e+17    2.077e+19  2.850e+15  4.250e+00 3.532e-05 4.764e-05 3.996e-05 3.533e-05 4.977e-05 4.949e-05  2.321e+15  4.610e-01  8.4600e-01  9.6244e-01
5.63394e+01  3.881e+00       3.881e+00       1.775e+17    1.931e+19  2.858e+15  4.435e+00 3.603e-05 4.861e-05 4.059e-05 3.604e-05 5.077e-05 5.049e-05  2.338e+15  4.644e-01  8.4986e-01  9.6247e-01
5.41693e+01  3.963e+00       3.963e+00       1.711e+17    1.797e+19  2.866e+15  4.625e+00 3.674e-05 4.957e-05 4.122e-05 3.675e-05 5.177e-05 5.149e-05  2.354e+15  4.676e-01  8.5348e-01  9.6241e-01
5.21198e+01  4.045e+00       4.045e+00       1.651e+17    1.675e+19  2.872e+15  4.818e+00 3.746e-05 5.053e-05 4.186e-05 3.747e-05 5.276e-05 5.249e-05  2.369e+15  4.706e-01  8.5701e-01  9.6244e-01
5.01822e+01  4.127e+00       4.127e+00       1.593e+17    1.562e+19  2.878e+15  5.016e+00 3.818e-05 5.150e-05 4.251e-05 3.819e-05 5.376e-05 5.349e-05  2.384e+15  4.736e-01  8.6047e-01  9.6257e-01
4.83488e+01  4.209e+00       4.209e+00       1.538e+17    1.459e+19  2.885e+15  5.217e+00 3.889e-05 5.247e-05 4.315e-05 3.890e-05 5.476e-05 5.450e-05  2.398e+15  4.764e-01  8.6361e-01  9.6250e-01
4.66122e+01  4.291e+00       4.291e+00       1.486e+17    1.363e+19  2.891e+15  5.422e+00 3.961e-05 5.344e-05 4.380e-05 3.962e-05 5.576e-05 5.550e-05  2.411e+15  4.790e-01  8.6670e-01  9.6253e-01
4.49660e+01  4.373e+00       4.373e+00       1.437e+17    1.275e+19  2.897e+15  5.632e+00 4.033e-05 5.441e-05 4.445e-05 4.034e-05 5.677e-05 5.651e-05  2.424e+15  4.816e-01  8.6959e-01  9.6248e-01
4.34041e+01  4.455e+00       4.455e+00       1.390e+17    1.194e+19  2.901e+15  5.845e+00 4.105e-05 5.538e-05 4.510e-05 4.106e-05 5.776e-05 5.752e-05  2.437e+15  4.840e-01  8.7250e-01  9.6260e-01
