     Energy         Kx              Ky       F.Density    GA.Brill.       Flux  Tot.Power  Nat.Size  Nat.Div.    Size.x    Size.y     Div.x     Div.y   Coh.Flux  Coh.Power   CohFrac.x   CohFrac.y
         eV          -               -  ph/s/mr^2/0.1%  F.Dens/mm^2  ph/s/0.1%         kW         m       rad         m         m       rad       rad  ph/s/0.1%          W           -           -
7.23806e+03  0.000e+00       5.000e-01       1.342e+11    3.427e+14  7.125e+07  3.682e-02 3.179e-06 4.288e-06 1.896e-05 3.287e-06 9.997e-06 8.455e-06  2.514e+06  4.993e-10  7.1922e-02  4.9050e-01
6.79446e+03  0.000e+00       6.300e-01       4.238e+12    1.050e+16  2.377e+09  5.845e-02 3.281e-06 4.426e-06 1.898e-05 3.386e-06 1.023e-05 8.726e-06  8.741e+07  1.736e-08  7.4822e-02  4.9149e-01
6.31814e+03  0.000e+00       7.600e-01       5.451e+13    1.304e+17  3.256e+10  8.506e-02 3.402e-06 4.590e-06 1.900e-05 3.503e-06 1.050e-05 9.049e-06  1.255e+09  2.493e-07  7.8256e-02  4.9257e-01
5.83276e+03  0.000e+00       8.900e-01       3.749e+14    8.622e+17  2.401e+11  1.167e-01 3.541e-06 4.777e-06 1.902e-05 3.638e-06 1.082e-05 9.418e-06  9.739e+09  1.935e-06  8.2159e-02  4.9367e-01
5.35641e+03  0.000e+00       1.020e+00       1.634e+15    3.603e+18  1.128e+12  1.532e-01 3.695e-06 4.985e-06 1.905e-05 3.789e-06 1.118e-05 9.827e-06  4.826e+10  9.587e-06  8.6468e-02  4.9476e-01
4.90162e+03  0.000e+00       1.150e+00       5.063e+15    1.068e+19  3.782e+12  1.948e-01 3.863e-06 5.211e-06 1.908e-05 3.952e-06 1.157e-05 1.027e-05  1.709e+11  3.394e-05  9.1121e-02  4.9581e-01
4.47605e+03  0.000e+00       1.280e+00       1.211e+16    2.441e+19  9.811e+12  2.413e-01 4.042e-06 5.453e-06 1.912e-05 4.128e-06 1.200e-05 1.075e-05  4.682e+11  9.301e-05  9.6063e-02  4.9680e-01
4.08356e+03  0.000e+00       1.410e+00       2.373e+16    4.568e+19  2.089e+13  2.928e-01 4.232e-06 5.709e-06 1.916e-05 4.314e-06 1.245e-05 1.125e-05  1.053e+12  2.091e-04  1.0124e-01  4.9772e-01
3.72533e+03  0.000e+00       1.540e+00       3.988e+16    7.329e+19  3.818e+13  3.493e-01 4.431e-06 5.977e-06 1.921e-05 4.509e-06 1.293e-05 1.178e-05  2.029e+12  4.031e-04  1.0662e-01  4.9856e-01
3.40071e+03  0.000e+00       1.670e+00       5.950e+16    1.044e+20  6.195e+13  4.107e-01 4.638e-06 6.256e-06 1.926e-05 4.712e-06 1.344e-05 1.233e-05  3.468e+12  6.889e-04  1.1213e-01  4.9923e-01
3.10795e+03  0.000e+00       1.800e+00       8.089e+16    1.354e+20  9.152e+13  4.771e-01 4.851e-06 6.544e-06 1.931e-05 4.922e-06 1.396e-05 1.290e-05  5.389e+12  1.070e-03  1.1778e-01  4.9993e-01
2.84470e+03  0.000e+00       1.930e+00       1.022e+17    1.635e+20  1.256e+14  5.486e-01 5.071e-06 6.840e-06 1.937e-05 5.139e-06 1.450e-05 1.348e-05  7.766e+12  1.543e-03  1.2352e-01  5.0055e-01
2.60837e+03  0.000e+00       2.060e+00       1.221e+17    1.865e+20  1.626e+14  6.249e-01 5.295e-06 7.143e-06 1.943e-05 5.361e-06 1.506e-05 1.408e-05  1.054e+13  2.093e-03  1.2932e-01  5.0112e-01
2.39632e+03  0.000e+00       2.190e+00       1.393e+17    2.036e+20  2.009e+14  7.063e-01 5.525e-06 7.453e-06 1.949e-05 5.587e-06 1.563e-05 1.469e-05  1.362e+13  2.706e-03  1.3518e-01  5.0163e-01
2.20601e+03  0.000e+00       2.320e+00       1.534e+17    2.145e+20  2.392e+14  7.927e-01 5.758e-06 7.768e-06 1.956e-05 5.818e-06 1.621e-05 1.531e-05  1.694e+13  3.365e-03  1.4106e-01  5.0209e-01
2.03507e+03  0.000e+00       2.450e+00       1.642e+17    2.199e+20  2.764e+14  8.840e-01 5.995e-06 8.087e-06 1.963e-05 6.053e-06 1.681e-05 1.594e-05  2.041e+13  4.054e-03  1.4696e-01  5.0251e-01
1.88134e+03  0.000e+00       2.580e+00       1.718e+17    2.207e+20  3.117e+14  9.803e-01 6.235e-06 8.411e-06 1.970e-05 6.291e-06 1.741e-05 1.658e-05  2.396e+13  4.759e-03  1.5285e-01  5.0289e-01
1.74288e+03  0.000e+00       2.710e+00       1.767e+17    2.176e+20  3.447e+14  1.082e+00 6.478e-06 8.739e-06 1.978e-05 6.532e-06 1.803e-05 1.722e-05  2.753e+13  5.469e-03  1.5873e-01  5.0323e-01
1.61795e+03  0.000e+00       2.840e+00       1.790e+17    2.117e+20  3.750e+14  1.188e+00 6.723e-06 9.070e-06 1.986e-05 6.775e-06 1.865e-05 1.787e-05  3.108e+13  6.174e-03  1.6459e-01  5.0354e-01
1.50502e+03  0.000e+00       2.970e+00       1.794e+17    2.038e+20  4.029e+14  1.299e+00 6.971e-06 9.404e-06 1.995e-05 7.021e-06 1.929e-05 1.854e-05  3.458e+13  6.870e-03  1.7039e-01  5.0374e-01
1.40273e+03  0.000e+00       3.100e+00       1.781e+17    1.946e+20  4.280e+14  1.415e+00 7.221e-06 9.741e-06 2.004e-05 7.269e-06 1.993e-05 1.920e-05  3.800e+13  7.549e-03  1.7617e-01  5.0400e-01
1.30988e+03  0.000e+00       3.230e+00       1.755e+17    1.845e+20  4.506e+14  1.536e+00 7.472e-06 1.008e-05 2.013e-05 7.519e-06 2.057e-05 1.987e-05  4.133e+13  8.211e-03  1.8191e-01  5.0423e-01
1.22544e+03  0.000e+00       3.360e+00       1.719e+17    1.741e+20  4.709e+14  1.663e+00 7.725e-06 1.042e-05 2.022e-05 7.771e-06 2.122e-05 2.054e-05  4.456e+13  8.852e-03  1.8760e-01  5.0444e-01
1.14849e+03  0.000e+00       3.490e+00       1.677e+17    1.637e+20  4.890e+14  1.794e+00 7.980e-06 1.077e-05 2.032e-05 8.024e-06 2.188e-05 2.122e-05  4.768e+13  9.472e-03  1.9323e-01  5.0464e-01
1.07821e+03  0.000e+00       3.620e+00       1.629e+17    1.534e+20  5.052e+14  1.930e+00 8.236e-06 1.111e-05 2.042e-05 8.278e-06 2.254e-05 2.190e-05  5.070e+13  1.007e-02  1.9880e-01  5.0481e-01
1.01389e+03  0.000e+00       3.750e+00       1.578e+17    1.434e+20  5.196e+14  2.071e+00 8.493e-06 1.146e-05 2.053e-05 8.534e-06 2.320e-05 2.258e-05  5.360e+13  1.065e-02  2.0431e-01  5.0498e-01
9.54923e+02  0.000e+00       3.880e+00       1.526e+17    1.338e+20  5.324e+14  2.217e+00 8.752e-06 1.181e-05 2.064e-05 8.791e-06 2.387e-05 2.327e-05  5.640e+13  1.120e-02  2.0974e-01  5.0513e-01
9.00750e+02  0.000e+00       4.010e+00       1.472e+17    1.248e+20  5.438e+14  2.368e+00 9.011e-06 1.216e-05 2.075e-05 9.050e-06 2.454e-05 2.396e-05  5.910e+13  1.174e-02  2.1511e-01  5.0527e-01
8.50887e+02  0.000e+00       4.140e+00       1.418e+17    1.162e+20  5.541e+14  2.524e+00 9.271e-06 1.251e-05 2.086e-05 9.309e-06 2.522e-05 2.465e-05  6.170e+13  1.226e-02  2.2037e-01  5.0534e-01
8.04909e+02  0.000e+00       4.270e+00       1.365e+17    1.083e+20  5.631e+14  2.685e+00 9.532e-06 1.286e-05 2.098e-05 9.569e-06 2.590e-05 2.534e-05  6.421e+13  1.276e-02  2.2559e-01  5.0545e-01
7.62437e+02  0.000e+00       4.400e+00       1.313e+17    1.008e+20  5.712e+14  2.851e+00 9.794e-06 1.321e-05 2.110e-05 9.830e-06 2.658e-05 2.604e-05  6.663e+13  1.324e-02  2.3073e-01  5.0556e-01
7.23135e+02  0.000e+00       4.530e+00       1.263e+17    9.384e+19  5.784e+14  3.022e+00 1.006e-05 1.357e-05 2.122e-05 1.009e-05 2.726e-05 2.674e-05  6.896e+13  1.370e-02  2.3579e-01  5.0567e-01
6.86706e+02  0.000e+00       4.660e+00       1.214e+17    8.739e+19  5.848e+14  3.198e+00 1.032e-05 1.392e-05 2.135e-05 1.035e-05 2.795e-05 2.744e-05  7.122e+13  1.415e-02  2.4077e-01  5.0576e-01
6.52886e+02  0.000e+00       4.790e+00       1.166e+17    8.141e+19  5.906e+14  3.379e+00 1.058e-05 1.428e-05 2.148e-05 1.062e-05 2.864e-05 2.814e-05  7.340e+13  1.458e-02  2.4567e-01  5.0585e-01
6.21438e+02  0.000e+00       4.920e+00       1.121e+17    7.587e+19  5.958e+14  3.565e+00 1.085e-05 1.463e-05 2.161e-05 1.088e-05 2.933e-05 2.884e-05  7.550e+13  1.500e-02  2.5049e-01  5.0594e-01
5.92151e+02  0.000e+00       5.050e+00       1.077e+17    7.075e+19  6.004e+14  3.756e+00 1.111e-05 1.499e-05 2.174e-05 1.114e-05 3.002e-05 2.954e-05  7.754e+13  1.540e-02  2.5523e-01  5.0602e-01
5.64838e+02  0.000e+00       5.180e+00       1.035e+17    6.601e+19  6.045e+14  3.952e+00 1.138e-05 1.535e-05 2.188e-05 1.141e-05 3.072e-05 3.025e-05  7.951e+13  1.579e-02  2.5989e-01  5.0609e-01
5.39329e+02  0.000e+00       5.310e+00       9.955e+16    6.163e+19  6.084e+14  4.152e+00 1.165e-05 1.571e-05 2.202e-05 1.168e-05 3.142e-05 3.096e-05  8.142e+13  1.617e-02  2.6443e-01  5.0610e-01
5.15473e+02  0.000e+00       5.440e+00       9.574e+16    5.758e+19  6.118e+14  4.358e+00 1.191e-05 1.607e-05 2.216e-05 1.194e-05 3.211e-05 3.167e-05  8.328e+13  1.654e-02  2.6892e-01  5.0617e-01
4.93132e+02  0.000e+00       5.570e+00       9.211e+16    5.383e+19  6.148e+14  4.569e+00 1.218e-05 1.643e-05 2.231e-05 1.221e-05 3.281e-05 3.238e-05  8.507e+13  1.690e-02  2.7333e-01  5.0623e-01
4.72185e+02  0.000e+00       5.700e+00       8.864e+16    5.037e+19  6.176e+14  4.785e+00 1.245e-05 1.679e-05 2.245e-05 1.247e-05 3.351e-05 3.309e-05  8.682e+13  1.725e-02  2.7766e-01  5.0629e-01
4.52519e+02  0.000e+00       5.830e+00       8.534e+16    4.716e+19  6.201e+14  5.005e+00 1.271e-05 1.715e-05 2.260e-05 1.274e-05 3.422e-05 3.380e-05  8.851e+13  1.758e-02  2.8191e-01  5.0634e-01
4.34034e+02  0.000e+00       5.960e+00       8.219e+16    4.419e+19  6.223e+14  5.231e+00 1.298e-05 1.751e-05 2.276e-05 1.301e-05 3.492e-05 3.451e-05  9.015e+13  1.791e-02  2.8608e-01  5.0639e-01
4.16639e+02  0.000e+00       6.090e+00       7.920e+16    4.144e+19  6.244e+14  5.462e+00 1.325e-05 1.787e-05 2.291e-05 1.328e-05 3.562e-05 3.522e-05  9.175e+13  1.823e-02  2.9016e-01  5.0644e-01
4.00253e+02  0.000e+00       6.220e+00       7.635e+16    3.890e+19  6.262e+14  5.698e+00 1.352e-05 1.824e-05 2.307e-05 1.354e-05 3.633e-05 3.594e-05  9.331e+13  1.853e-02  2.9417e-01  5.0649e-01
3.84799e+02  0.000e+00       6.350e+00       7.363e+16    3.653e+19  6.281e+14  5.938e+00 1.379e-05 1.860e-05 2.322e-05 1.381e-05 3.704e-05 3.665e-05  9.482e+13  1.883e-02  2.9807e-01  5.0648e-01
3.70209e+02  0.000e+00       6.480e+00       7.104e+16    3.434e+19  6.296e+14  6.184e+00 1.406e-05 1.896e-05 2.338e-05 1.408e-05 3.775e-05 3.737e-05  9.629e+13  1.913e-02  3.0192e-01  5.0652e-01
3.56421e+02  0.000e+00       6.610e+00       6.858e+16    3.230e+19  6.310e+14  6.434e+00 1.432e-05 1.932e-05 2.355e-05 1.435e-05 3.845e-05 3.808e-05  9.771e+13  1.941e-02  3.0570e-01  5.0656e-01
3.43379e+02  0.000e+00       6.740e+00       6.623e+16    3.041e+19  6.323e+14  6.690e+00 1.459e-05 1.969e-05 2.371e-05 1.462e-05 3.916e-05 3.880e-05  9.911e+13  1.969e-02  3.0939e-01  5.0660e-01
3.31030e+02  0.000e+00       6.870e+00       6.399e+16    2.865e+19  6.335e+14  6.951e+00 1.486e-05 2.005e-05 2.388e-05 1.489e-05 3.987e-05 3.952e-05  1.005e+14  1.996e-02  3.1302e-01  5.0664e-01
3.19326e+02  0.000e+00       7.000e+00       6.185e+16    2.701e+19  6.346e+14  7.216e+00 1.513e-05 2.042e-05 2.405e-05 1.516e-05 4.059e-05 4.023e-05  1.018e+14  2.022e-02  3.1657e-01  5.0667e-01
