Simulation Number ExitSlit.totalHeight Dipole.photonEnergy PG.cFactor Dipole.numberRays Dipole.sourceWidth Dipole.sourceHeight Dipole.verEbeamDiv
0                     0.02                  50                    2.25                  100000.0              0.01715               0.0024300000000000003 0.81                 
1                     0.02                  55                    2.25                  100000.0              0.01715               0.0024300000000000003 0.81                 
2                     0.02                  60                    2.25                  100000.0              0.01715               0.0024300000000000003 0.81                 
3                     0.02                  65                    2.25                  100000.0              0.01715               0.0024300000000000003 0.81                 
4                     0.02                  70                    2.25                  100000.0              0.01715               0.0024300000000000003 0.81                 
5                     0.02                  75                    2.25                  100000.0              0.01715               0.0024300000000000003 0.81                 
6                     0.02                  80                    2.25                  100000.0              0.01715               0.0024300000000000003 0.81                 
7                     0.02                  85                    2.25                  100000.0              0.01715               0.0024300000000000003 0.81                 
8                     0.02                  90                    2.25                  100000.0              0.01715               0.0024300000000000003 0.81                 
9                     0.02                  95                    2.25                  100000.0              0.01715               0.0024300000000000003 0.81                 
10                    0.02                  100                   2.25                  100000.0              0.01715               0.0024300000000000003 0.81                 
11                    0.02                  105                   2.25                  100000.0              0.01715               0.0024300000000000003 0.81                 
12                    0.02                  110                   2.25                  100000.0              0.01715               0.0024300000000000003 0.81                 
13                    0.02                  115                   2.25                  100000.0              0.01715               0.0024300000000000003 0.81                 
14                    0.02                  120                   2.25                  100000.0              0.01715               0.0024300000000000003 0.81                 
15                    0.02                  125                   2.25                  100000.0              0.01715               0.0024300000000000003 0.81                 
16                    0.02                  130                   2.25                  100000.0              0.01715               0.0024300000000000003 0.81                 
17                    0.02                  135                   2.25                  100000.0              0.01715               0.0024300000000000003 0.81                 
18                    0.02                  140                   2.25                  100000.0              0.01715               0.0024300000000000003 0.81                 
19                    0.02                  145                   2.25                  100000.0              0.01715               0.0024300000000000003 0.81                 
20                    0.02                  150                   2.25                  100000.0              0.01715               0.0024300000000000003 0.81                 
21                    0.02                  155                   2.25                  100000.0              0.01715               0.0024300000000000003 0.81                 
22                    0.02                  160                   2.25                  100000.0              0.01715               0.0024300000000000003 0.81                 
23                    0.02                  165                   2.25                  100000.0              0.01715               0.0024300000000000003 0.81                 
24                    0.02                  170                   2.25                  100000.0              0.01715               0.0024300000000000003 0.81                 
25                    0.02                  175                   2.25                  100000.0              0.01715               0.0024300000000000003 0.81                 
26                    0.02                  180                   2.25                  100000.0              0.01715               0.0024300000000000003 0.81                 
27                    0.02                  185                   2.25                  100000.0              0.01715               0.0024300000000000003 0.81                 
28                    0.02                  190                   2.25                  100000.0              0.01715               0.0024300000000000003 0.81                 
29                    0.02                  195                   2.25                  100000.0              0.01715               0.0024300000000000003 0.81                 
30                    0.02                  200                   2.25                  100000.0              0.01715               0.0024300000000000003 0.81                 
31                    0.02                  205                   2.25                  100000.0              0.01715               0.0024300000000000003 0.81                 
32                    0.02                  210                   2.25                  100000.0              0.01715               0.0024300000000000003 0.81                 
33                    0.02                  215                   2.25                  100000.0              0.01715               0.0024300000000000003 0.81                 
34                    0.02                  220                   2.25                  100000.0              0.01715               0.0024300000000000003 0.81                 
35                    0.02                  225                   2.25                  100000.0              0.01715               0.0024300000000000003 0.81                 
36                    0.02                  230                   2.25                  100000.0              0.01715               0.0024300000000000003 0.81                 
37                    0.02                  235                   2.25                  100000.0              0.01715               0.0024300000000000003 0.81                 
38                    0.02                  240                   2.25                  100000.0              0.01715               0.0024300000000000003 0.81                 
39                    0.02                  245                   2.25                  100000.0              0.01715               0.0024300000000000003 0.81                 
40                    0.02                  250                   2.25                  100000.0              0.01715               0.0024300000000000003 0.81                 
41                    0.02                  255                   2.25                  100000.0              0.01715               0.0024300000000000003 0.81                 
42                    0.02                  260                   2.25                  100000.0              0.01715               0.0024300000000000003 0.81                 
43                    0.02                  265                   2.25                  100000.0              0.01715               0.0024300000000000003 0.81                 
44                    0.02                  270                   2.25                  100000.0              0.01715               0.0024300000000000003 0.81                 
45                    0.02                  275                   2.25                  100000.0              0.01715               0.0024300000000000003 0.81                 
46                    0.02                  280                   2.25                  100000.0              0.01715               0.0024300000000000003 0.81                 
47                    0.02                  285                   2.25                  100000.0              0.01715               0.0024300000000000003 0.81                 
48                    0.02                  290                   2.25                  100000.0              0.01715               0.0024300000000000003 0.81                 
49                    0.02                  295                   2.25                  100000.0              0.01715               0.0024300000000000003 0.81                 
50                    0.02                  300                   2.25                  100000.0              0.01715               0.0024300000000000003 0.81                 
51                    0.02                  305                   2.25                  100000.0              0.01715               0.0024300000000000003 0.81                 
52                    0.02                  310                   2.25                  100000.0              0.01715               0.0024300000000000003 0.81                 
53                    0.02                  315                   2.25                  100000.0              0.01715               0.0024300000000000003 0.81                 
54                    0.02                  320                   2.25                  100000.0              0.01715               0.0024300000000000003 0.81                 
55                    0.02                  325                   2.25                  100000.0              0.01715               0.0024300000000000003 0.81                 
56                    0.02                  330                   2.25                  100000.0              0.01715               0.0024300000000000003 0.81                 
57                    0.02                  335                   2.25                  100000.0              0.01715               0.0024300000000000003 0.81                 
58                    0.02                  340                   2.25                  100000.0              0.01715               0.0024300000000000003 0.81                 
59                    0.02                  345                   2.25                  100000.0              0.01715               0.0024300000000000003 0.81                 
60                    0.02                  350                   2.25                  100000.0              0.01715               0.0024300000000000003 0.81                 
61                    0.02                  355                   2.25                  100000.0              0.01715               0.0024300000000000003 0.81                 
62                    0.02                  360                   2.25                  100000.0              0.01715               0.0024300000000000003 0.81                 
63                    0.02                  365                   2.25                  100000.0              0.01715               0.0024300000000000003 0.81                 
64                    0.02                  370                   2.25                  100000.0              0.01715               0.0024300000000000003 0.81                 
65                    0.02                  375                   2.25                  100000.0              0.01715               0.0024300000000000003 0.81                 
66                    0.02                  380                   2.25                  100000.0              0.01715               0.0024300000000000003 0.81                 
67                    0.02                  385                   2.25                  100000.0              0.01715               0.0024300000000000003 0.81                 
68                    0.02                  390                   2.25                  100000.0              0.01715               0.0024300000000000003 0.81                 
69                    0.02                  395                   2.25                  100000.0              0.01715               0.0024300000000000003 0.81                 
70                    0.02                  400                   2.25                  100000.0              0.01715               0.0024300000000000003 0.81                 
71                    0.02                  405                   2.25                  100000.0              0.01715               0.0024300000000000003 0.81                 
72                    0.02                  410                   2.25                  100000.0              0.01715               0.0024300000000000003 0.81                 
73                    0.02                  415                   2.25                  100000.0              0.01715               0.0024300000000000003 0.81                 
74                    0.02                  420                   2.25                  100000.0              0.01715               0.0024300000000000003 0.81                 
75                    0.02                  425                   2.25                  100000.0              0.01715               0.0024300000000000003 0.81                 
76                    0.02                  430                   2.25                  100000.0              0.01715               0.0024300000000000003 0.81                 
77                    0.02                  435                   2.25                  100000.0              0.01715               0.0024300000000000003 0.81                 
78                    0.02                  440                   2.25                  100000.0              0.01715               0.0024300000000000003 0.81                 
79                    0.02                  445                   2.25                  100000.0              0.01715               0.0024300000000000003 0.81                 
80                    0.02                  450                   2.25                  100000.0              0.01715               0.0024300000000000003 0.81                 
81                    0.02                  455                   2.25                  100000.0              0.01715               0.0024300000000000003 0.81                 
82                    0.02                  460                   2.25                  100000.0              0.01715               0.0024300000000000003 0.81                 
83                    0.02                  465                   2.25                  100000.0              0.01715               0.0024300000000000003 0.81                 
84                    0.02                  470                   2.25                  100000.0              0.01715               0.0024300000000000003 0.81                 
85                    0.02                  475                   2.25                  100000.0              0.01715               0.0024300000000000003 0.81                 
86                    0.02                  480                   2.25                  100000.0              0.01715               0.0024300000000000003 0.81                 
87                    0.02                  485                   2.25                  100000.0              0.01715               0.0024300000000000003 0.81                 
88                    0.02                  490                   2.25                  100000.0              0.01715               0.0024300000000000003 0.81                 
89                    0.02                  495                   2.25                  100000.0              0.01715               0.0024300000000000003 0.81                 
90                    0.02                  500                   2.25                  100000.0              0.01715               0.0024300000000000003 0.81                 
91                    0.02                  505                   2.25                  100000.0              0.01715               0.0024300000000000003 0.81                 
92                    0.02                  510                   2.25                  100000.0              0.01715               0.0024300000000000003 0.81                 
93                    0.02                  515                   2.25                  100000.0              0.01715               0.0024300000000000003 0.81                 
94                    0.02                  520                   2.25                  100000.0              0.01715               0.0024300000000000003 0.81                 
95                    0.02                  525                   2.25                  100000.0              0.01715               0.0024300000000000003 0.81                 
96                    0.02                  530                   2.25                  100000.0              0.01715               0.0024300000000000003 0.81                 
97                    0.02                  535                   2.25                  100000.0              0.01715               0.0024300000000000003 0.81                 
98                    0.02                  540                   2.25                  100000.0              0.01715               0.0024300000000000003 0.81                 
99                    0.02                  545                   2.25                  100000.0              0.01715               0.0024300000000000003 0.81                 
100                   0.02                  550                   2.25                  100000.0              0.01715               0.0024300000000000003 0.81                 
101                   0.02                  555                   2.25                  100000.0              0.01715               0.0024300000000000003 0.81                 
102                   0.02                  560                   2.25                  100000.0              0.01715               0.0024300000000000003 0.81                 
103                   0.02                  565                   2.25                  100000.0              0.01715               0.0024300000000000003 0.81                 
104                   0.02                  570                   2.25                  100000.0              0.01715               0.0024300000000000003 0.81                 
105                   0.02                  575                   2.25                  100000.0              0.01715               0.0024300000000000003 0.81                 
106                   0.02                  580                   2.25                  100000.0              0.01715               0.0024300000000000003 0.81                 
107                   0.02                  585                   2.25                  100000.0              0.01715               0.0024300000000000003 0.81                 
108                   0.02                  590                   2.25                  100000.0              0.01715               0.0024300000000000003 0.81                 
109                   0.02                  595                   2.25                  100000.0              0.01715               0.0024300000000000003 0.81                 
110                   0.02                  600                   2.25                  100000.0              0.01715               0.0024300000000000003 0.81                 
111                   0.02                  605                   2.25                  100000.0              0.01715               0.0024300000000000003 0.81                 
112                   0.02                  610                   2.25                  100000.0              0.01715               0.0024300000000000003 0.81                 
113                   0.02                  615                   2.25                  100000.0              0.01715               0.0024300000000000003 0.81                 
114                   0.02                  620                   2.25                  100000.0              0.01715               0.0024300000000000003 0.81                 
115                   0.02                  625                   2.25                  100000.0              0.01715               0.0024300000000000003 0.81                 
116                   0.02                  630                   2.25                  100000.0              0.01715               0.0024300000000000003 0.81                 
117                   0.02                  635                   2.25                  100000.0              0.01715               0.0024300000000000003 0.81                 
118                   0.02                  640                   2.25                  100000.0              0.01715               0.0024300000000000003 0.81                 
119                   0.02                  645                   2.25                  100000.0              0.01715               0.0024300000000000003 0.81                 
120                   0.02                  650                   2.25                  100000.0              0.01715               0.0024300000000000003 0.81                 
121                   0.02                  655                   2.25                  100000.0              0.01715               0.0024300000000000003 0.81                 
122                   0.02                  660                   2.25                  100000.0              0.01715               0.0024300000000000003 0.81                 
123                   0.02                  665                   2.25                  100000.0              0.01715               0.0024300000000000003 0.81                 
124                   0.02                  670                   2.25                  100000.0              0.01715               0.0024300000000000003 0.81                 
125                   0.02                  675                   2.25                  100000.0              0.01715               0.0024300000000000003 0.81                 
126                   0.02                  680                   2.25                  100000.0              0.01715               0.0024300000000000003 0.81                 
127                   0.02                  685                   2.25                  100000.0              0.01715               0.0024300000000000003 0.81                 
128                   0.02                  690                   2.25                  100000.0              0.01715               0.0024300000000000003 0.81                 
129                   0.02                  695                   2.25                  100000.0              0.01715               0.0024300000000000003 0.81                 
130                   0.02                  700                   2.25                  100000.0              0.01715               0.0024300000000000003 0.81                 
131                   0.02                  705                   2.25                  100000.0              0.01715               0.0024300000000000003 0.81                 
132                   0.02                  710                   2.25                  100000.0              0.01715               0.0024300000000000003 0.81                 
133                   0.02                  715                   2.25                  100000.0              0.01715               0.0024300000000000003 0.81                 
134                   0.02                  720                   2.25                  100000.0              0.01715               0.0024300000000000003 0.81                 
135                   0.02                  725                   2.25                  100000.0              0.01715               0.0024300000000000003 0.81                 
136                   0.02                  730                   2.25                  100000.0              0.01715               0.0024300000000000003 0.81                 
137                   0.02                  735                   2.25                  100000.0              0.01715               0.0024300000000000003 0.81                 
138                   0.02                  740                   2.25                  100000.0              0.01715               0.0024300000000000003 0.81                 
139                   0.02                  745                   2.25                  100000.0              0.01715               0.0024300000000000003 0.81                 
140                   0.02                  750                   2.25                  100000.0              0.01715               0.0024300000000000003 0.81                 
141                   0.02                  755                   2.25                  100000.0              0.01715               0.0024300000000000003 0.81                 
142                   0.02                  760                   2.25                  100000.0              0.01715               0.0024300000000000003 0.81                 
143                   0.02                  765                   2.25                  100000.0              0.01715               0.0024300000000000003 0.81                 
144                   0.02                  770                   2.25                  100000.0              0.01715               0.0024300000000000003 0.81                 
145                   0.02                  775                   2.25                  100000.0              0.01715               0.0024300000000000003 0.81                 
146                   0.02                  780                   2.25                  100000.0              0.01715               0.0024300000000000003 0.81                 
147                   0.02                  785                   2.25                  100000.0              0.01715               0.0024300000000000003 0.81                 
148                   0.02                  790                   2.25                  100000.0              0.01715               0.0024300000000000003 0.81                 
149                   0.02                  795                   2.25                  100000.0              0.01715               0.0024300000000000003 0.81                 
150                   0.02                  800                   2.25                  100000.0              0.01715               0.0024300000000000003 0.81                 
151                   0.02                  805                   2.25                  100000.0              0.01715               0.0024300000000000003 0.81                 
152                   0.02                  810                   2.25                  100000.0              0.01715               0.0024300000000000003 0.81                 
153                   0.02                  815                   2.25                  100000.0              0.01715               0.0024300000000000003 0.81                 
154                   0.02                  820                   2.25                  100000.0              0.01715               0.0024300000000000003 0.81                 
155                   0.02                  825                   2.25                  100000.0              0.01715               0.0024300000000000003 0.81                 
156                   0.02                  830                   2.25                  100000.0              0.01715               0.0024300000000000003 0.81                 
157                   0.02                  835                   2.25                  100000.0              0.01715               0.0024300000000000003 0.81                 
158                   0.02                  840                   2.25                  100000.0              0.01715               0.0024300000000000003 0.81                 
159                   0.02                  845                   2.25                  100000.0              0.01715               0.0024300000000000003 0.81                 
160                   0.02                  850                   2.25                  100000.0              0.01715               0.0024300000000000003 0.81                 
161                   0.02                  855                   2.25                  100000.0              0.01715               0.0024300000000000003 0.81                 
162                   0.02                  860                   2.25                  100000.0              0.01715               0.0024300000000000003 0.81                 
163                   0.02                  865                   2.25                  100000.0              0.01715               0.0024300000000000003 0.81                 
164                   0.02                  870                   2.25                  100000.0              0.01715               0.0024300000000000003 0.81                 
165                   0.02                  875                   2.25                  100000.0              0.01715               0.0024300000000000003 0.81                 
166                   0.02                  880                   2.25                  100000.0              0.01715               0.0024300000000000003 0.81                 
167                   0.02                  885                   2.25                  100000.0              0.01715               0.0024300000000000003 0.81                 
168                   0.02                  890                   2.25                  100000.0              0.01715               0.0024300000000000003 0.81                 
169                   0.02                  895                   2.25                  100000.0              0.01715               0.0024300000000000003 0.81                 
170                   0.02                  900                   2.25                  100000.0              0.01715               0.0024300000000000003 0.81                 
171                   0.02                  905                   2.25                  100000.0              0.01715               0.0024300000000000003 0.81                 
172                   0.02                  910                   2.25                  100000.0              0.01715               0.0024300000000000003 0.81                 
173                   0.02                  915                   2.25                  100000.0              0.01715               0.0024300000000000003 0.81                 
174                   0.02                  920                   2.25                  100000.0              0.01715               0.0024300000000000003 0.81                 
175                   0.02                  925                   2.25                  100000.0              0.01715               0.0024300000000000003 0.81                 
176                   0.02                  930                   2.25                  100000.0              0.01715               0.0024300000000000003 0.81                 
177                   0.02                  935                   2.25                  100000.0              0.01715               0.0024300000000000003 0.81                 
178                   0.02                  940                   2.25                  100000.0              0.01715               0.0024300000000000003 0.81                 
179                   0.02                  945                   2.25                  100000.0              0.01715               0.0024300000000000003 0.81                 
180                   0.02                  950                   2.25                  100000.0              0.01715               0.0024300000000000003 0.81                 
181                   0.02                  955                   2.25                  100000.0              0.01715               0.0024300000000000003 0.81                 
182                   0.02                  960                   2.25                  100000.0              0.01715               0.0024300000000000003 0.81                 
183                   0.02                  965                   2.25                  100000.0              0.01715               0.0024300000000000003 0.81                 
184                   0.02                  970                   2.25                  100000.0              0.01715               0.0024300000000000003 0.81                 
185                   0.02                  975                   2.25                  100000.0              0.01715               0.0024300000000000003 0.81                 
186                   0.02                  980                   2.25                  100000.0              0.01715               0.0024300000000000003 0.81                 
187                   0.02                  985                   2.25                  100000.0              0.01715               0.0024300000000000003 0.81                 
188                   0.02                  990                   2.25                  100000.0              0.01715               0.0024300000000000003 0.81                 
189                   0.02                  995                   2.25                  100000.0              0.01715               0.0024300000000000003 0.81                 
190                   0.02                  1000                  2.25                  100000.0              0.01715               0.0024300000000000003 0.81                 
191                   0.02                  1005                  2.25                  100000.0              0.01715               0.0024300000000000003 0.81                 
192                   0.02                  1010                  2.25                  100000.0              0.01715               0.0024300000000000003 0.81                 
193                   0.02                  1015                  2.25                  100000.0              0.01715               0.0024300000000000003 0.81                 
194                   0.02                  1020                  2.25                  100000.0              0.01715               0.0024300000000000003 0.81                 
195                   0.02                  1025                  2.25                  100000.0              0.01715               0.0024300000000000003 0.81                 
196                   0.02                  1030                  2.25                  100000.0              0.01715               0.0024300000000000003 0.81                 
197                   0.02                  1035                  2.25                  100000.0              0.01715               0.0024300000000000003 0.81                 
198                   0.02                  1040                  2.25                  100000.0              0.01715               0.0024300000000000003 0.81                 
199                   0.02                  1045                  2.25                  100000.0              0.01715               0.0024300000000000003 0.81                 
200                   0.02                  1050                  2.25                  100000.0              0.01715               0.0024300000000000003 0.81                 
201                   0.02                  1055                  2.25                  100000.0              0.01715               0.0024300000000000003 0.81                 
202                   0.02                  1060                  2.25                  100000.0              0.01715               0.0024300000000000003 0.81                 
203                   0.02                  1065                  2.25                  100000.0              0.01715               0.0024300000000000003 0.81                 
204                   0.02                  1070                  2.25                  100000.0              0.01715               0.0024300000000000003 0.81                 
205                   0.02                  1075                  2.25                  100000.0              0.01715               0.0024300000000000003 0.81                 
206                   0.02                  1080                  2.25                  100000.0              0.01715               0.0024300000000000003 0.81                 
207                   0.02                  1085                  2.25                  100000.0              0.01715               0.0024300000000000003 0.81                 
208                   0.02                  1090                  2.25                  100000.0              0.01715               0.0024300000000000003 0.81                 
209                   0.02                  1095                  2.25                  100000.0              0.01715               0.0024300000000000003 0.81                 
210                   0.02                  1100                  2.25                  100000.0              0.01715               0.0024300000000000003 0.81                 
211                   0.02                  1105                  2.25                  100000.0              0.01715               0.0024300000000000003 0.81                 
212                   0.02                  1110                  2.25                  100000.0              0.01715               0.0024300000000000003 0.81                 
213                   0.02                  1115                  2.25                  100000.0              0.01715               0.0024300000000000003 0.81                 
214                   0.02                  1120                  2.25                  100000.0              0.01715               0.0024300000000000003 0.81                 
215                   0.02                  1125                  2.25                  100000.0              0.01715               0.0024300000000000003 0.81                 
216                   0.02                  1130                  2.25                  100000.0              0.01715               0.0024300000000000003 0.81                 
217                   0.02                  1135                  2.25                  100000.0              0.01715               0.0024300000000000003 0.81                 
218                   0.02                  1140                  2.25                  100000.0              0.01715               0.0024300000000000003 0.81                 
219                   0.02                  1145                  2.25                  100000.0              0.01715               0.0024300000000000003 0.81                 
220                   0.02                  1150                  2.25                  100000.0              0.01715               0.0024300000000000003 0.81                 
221                   0.02                  1155                  2.25                  100000.0              0.01715               0.0024300000000000003 0.81                 
222                   0.02                  1160                  2.25                  100000.0              0.01715               0.0024300000000000003 0.81                 
223                   0.02                  1165                  2.25                  100000.0              0.01715               0.0024300000000000003 0.81                 
224                   0.02                  1170                  2.25                  100000.0              0.01715               0.0024300000000000003 0.81                 
225                   0.02                  1175                  2.25                  100000.0              0.01715               0.0024300000000000003 0.81                 
226                   0.02                  1180                  2.25                  100000.0              0.01715               0.0024300000000000003 0.81                 
227                   0.02                  1185                  2.25                  100000.0              0.01715               0.0024300000000000003 0.81                 
228                   0.02                  1190                  2.25                  100000.0              0.01715               0.0024300000000000003 0.81                 
229                   0.02                  1195                  2.25                  100000.0              0.01715               0.0024300000000000003 0.81                 
230                   0.02                  1200                  2.25                  100000.0              0.01715               0.0024300000000000003 0.81                 
231                   0.02                  1205                  2.25                  100000.0              0.01715               0.0024300000000000003 0.81                 
232                   0.02                  1210                  2.25                  100000.0              0.01715               0.0024300000000000003 0.81                 
233                   0.02                  1215                  2.25                  100000.0              0.01715               0.0024300000000000003 0.81                 
234                   0.02                  1220                  2.25                  100000.0              0.01715               0.0024300000000000003 0.81                 
235                   0.02                  1225                  2.25                  100000.0              0.01715               0.0024300000000000003 0.81                 
236                   0.02                  1230                  2.25                  100000.0              0.01715               0.0024300000000000003 0.81                 
237                   0.02                  1235                  2.25                  100000.0              0.01715               0.0024300000000000003 0.81                 
238                   0.02                  1240                  2.25                  100000.0              0.01715               0.0024300000000000003 0.81                 
239                   0.02                  1245                  2.25                  100000.0              0.01715               0.0024300000000000003 0.81                 
240                   0.02                  1250                  2.25                  100000.0              0.01715               0.0024300000000000003 0.81                 
241                   0.02                  1255                  2.25                  100000.0              0.01715               0.0024300000000000003 0.81                 
242                   0.02                  1260                  2.25                  100000.0              0.01715               0.0024300000000000003 0.81                 
243                   0.02                  1265                  2.25                  100000.0              0.01715               0.0024300000000000003 0.81                 
244                   0.02                  1270                  2.25                  100000.0              0.01715               0.0024300000000000003 0.81                 
245                   0.02                  1275                  2.25                  100000.0              0.01715               0.0024300000000000003 0.81                 
246                   0.02                  1280                  2.25                  100000.0              0.01715               0.0024300000000000003 0.81                 
247                   0.02                  1285                  2.25                  100000.0              0.01715               0.0024300000000000003 0.81                 
248                   0.02                  1290                  2.25                  100000.0              0.01715               0.0024300000000000003 0.81                 
249                   0.02                  1295                  2.25                  100000.0              0.01715               0.0024300000000000003 0.81                 
250                   0.02                  1300                  2.25                  100000.0              0.01715               0.0024300000000000003 0.81                 
251                   0.02                  1305                  2.25                  100000.0              0.01715               0.0024300000000000003 0.81                 
252                   0.02                  1310                  2.25                  100000.0              0.01715               0.0024300000000000003 0.81                 
253                   0.02                  1315                  2.25                  100000.0              0.01715               0.0024300000000000003 0.81                 
254                   0.02                  1320                  2.25                  100000.0              0.01715               0.0024300000000000003 0.81                 
255                   0.02                  1325                  2.25                  100000.0              0.01715               0.0024300000000000003 0.81                 
256                   0.02                  1330                  2.25                  100000.0              0.01715               0.0024300000000000003 0.81                 
257                   0.02                  1335                  2.25                  100000.0              0.01715               0.0024300000000000003 0.81                 
258                   0.02                  1340                  2.25                  100000.0              0.01715               0.0024300000000000003 0.81                 
259                   0.02                  1345                  2.25                  100000.0              0.01715               0.0024300000000000003 0.81                 
260                   0.02                  1350                  2.25                  100000.0              0.01715               0.0024300000000000003 0.81                 
261                   0.02                  1355                  2.25                  100000.0              0.01715               0.0024300000000000003 0.81                 
262                   0.02                  1360                  2.25                  100000.0              0.01715               0.0024300000000000003 0.81                 
263                   0.02                  1365                  2.25                  100000.0              0.01715               0.0024300000000000003 0.81                 
264                   0.02                  1370                  2.25                  100000.0              0.01715               0.0024300000000000003 0.81                 
265                   0.02                  1375                  2.25                  100000.0              0.01715               0.0024300000000000003 0.81                 
266                   0.02                  1380                  2.25                  100000.0              0.01715               0.0024300000000000003 0.81                 
267                   0.02                  1385                  2.25                  100000.0              0.01715               0.0024300000000000003 0.81                 
268                   0.02                  1390                  2.25                  100000.0              0.01715               0.0024300000000000003 0.81                 
269                   0.02                  1395                  2.25                  100000.0              0.01715               0.0024300000000000003 0.81                 
270                   0.02                  1400                  2.25                  100000.0              0.01715               0.0024300000000000003 0.81                 
271                   0.02                  1405                  2.25                  100000.0              0.01715               0.0024300000000000003 0.81                 
272                   0.02                  1410                  2.25                  100000.0              0.01715               0.0024300000000000003 0.81                 
273                   0.02                  1415                  2.25                  100000.0              0.01715               0.0024300000000000003 0.81                 
274                   0.02                  1420                  2.25                  100000.0              0.01715               0.0024300000000000003 0.81                 
275                   0.02                  1425                  2.25                  100000.0              0.01715               0.0024300000000000003 0.81                 
276                   0.02                  1430                  2.25                  100000.0              0.01715               0.0024300000000000003 0.81                 
277                   0.02                  1435                  2.25                  100000.0              0.01715               0.0024300000000000003 0.81                 
278                   0.02                  1440                  2.25                  100000.0              0.01715               0.0024300000000000003 0.81                 
279                   0.02                  1445                  2.25                  100000.0              0.01715               0.0024300000000000003 0.81                 
280                   0.02                  1450                  2.25                  100000.0              0.01715               0.0024300000000000003 0.81                 
281                   0.02                  1455                  2.25                  100000.0              0.01715               0.0024300000000000003 0.81                 
282                   0.02                  1460                  2.25                  100000.0              0.01715               0.0024300000000000003 0.81                 
283                   0.02                  1465                  2.25                  100000.0              0.01715               0.0024300000000000003 0.81                 
284                   0.02                  1470                  2.25                  100000.0              0.01715               0.0024300000000000003 0.81                 
285                   0.02                  1475                  2.25                  100000.0              0.01715               0.0024300000000000003 0.81                 
286                   0.02                  1480                  2.25                  100000.0              0.01715               0.0024300000000000003 0.81                 
287                   0.02                  1485                  2.25                  100000.0              0.01715               0.0024300000000000003 0.81                 
288                   0.02                  1490                  2.25                  100000.0              0.01715               0.0024300000000000003 0.81                 
289                   0.02                  1495                  2.25                  100000.0              0.01715               0.0024300000000000003 0.81                 
290                   0.02                  1500                  2.25                  100000.0              0.01715               0.0024300000000000003 0.81                 
291                   0.02                  1505                  2.25                  100000.0              0.01715               0.0024300000000000003 0.81                 
292                   0.02                  1510                  2.25                  100000.0              0.01715               0.0024300000000000003 0.81                 
293                   0.02                  1515                  2.25                  100000.0              0.01715               0.0024300000000000003 0.81                 
294                   0.02                  1520                  2.25                  100000.0              0.01715               0.0024300000000000003 0.81                 
295                   0.02                  1525                  2.25                  100000.0              0.01715               0.0024300000000000003 0.81                 
296                   0.02                  1530                  2.25                  100000.0              0.01715               0.0024300000000000003 0.81                 
297                   0.02                  1535                  2.25                  100000.0              0.01715               0.0024300000000000003 0.81                 
298                   0.02                  1540                  2.25                  100000.0              0.01715               0.0024300000000000003 0.81                 
299                   0.02                  1545                  2.25                  100000.0              0.01715               0.0024300000000000003 0.81                 
300                   0.02                  1550                  2.25                  100000.0              0.01715               0.0024300000000000003 0.81                 
301                   0.02                  1555                  2.25                  100000.0              0.01715               0.0024300000000000003 0.81                 
302                   0.02                  1560                  2.25                  100000.0              0.01715               0.0024300000000000003 0.81                 
303                   0.02                  1565                  2.25                  100000.0              0.01715               0.0024300000000000003 0.81                 
304                   0.02                  1570                  2.25                  100000.0              0.01715               0.0024300000000000003 0.81                 
305                   0.02                  1575                  2.25                  100000.0              0.01715               0.0024300000000000003 0.81                 
306                   0.02                  1580                  2.25                  100000.0              0.01715               0.0024300000000000003 0.81                 
307                   0.02                  1585                  2.25                  100000.0              0.01715               0.0024300000000000003 0.81                 
308                   0.02                  1590                  2.25                  100000.0              0.01715               0.0024300000000000003 0.81                 
309                   0.02                  1595                  2.25                  100000.0              0.01715               0.0024300000000000003 0.81                 
310                   0.02                  1600                  2.25                  100000.0              0.01715               0.0024300000000000003 0.81                 
311                   0.02                  1605                  2.25                  100000.0              0.01715               0.0024300000000000003 0.81                 
312                   0.02                  1610                  2.25                  100000.0              0.01715               0.0024300000000000003 0.81                 
313                   0.02                  1615                  2.25                  100000.0              0.01715               0.0024300000000000003 0.81                 
314                   0.02                  1620                  2.25                  100000.0              0.01715               0.0024300000000000003 0.81                 
315                   0.02                  1625                  2.25                  100000.0              0.01715               0.0024300000000000003 0.81                 
316                   0.02                  1630                  2.25                  100000.0              0.01715               0.0024300000000000003 0.81                 
317                   0.02                  1635                  2.25                  100000.0              0.01715               0.0024300000000000003 0.81                 
318                   0.02                  1640                  2.25                  100000.0              0.01715               0.0024300000000000003 0.81                 
319                   0.02                  1645                  2.25                  100000.0              0.01715               0.0024300000000000003 0.81                 
320                   0.02                  1650                  2.25                  100000.0              0.01715               0.0024300000000000003 0.81                 
321                   0.02                  1655                  2.25                  100000.0              0.01715               0.0024300000000000003 0.81                 
322                   0.02                  1660                  2.25                  100000.0              0.01715               0.0024300000000000003 0.81                 
323                   0.02                  1665                  2.25                  100000.0              0.01715               0.0024300000000000003 0.81                 
324                   0.02                  1670                  2.25                  100000.0              0.01715               0.0024300000000000003 0.81                 
325                   0.02                  1675                  2.25                  100000.0              0.01715               0.0024300000000000003 0.81                 
326                   0.02                  1680                  2.25                  100000.0              0.01715               0.0024300000000000003 0.81                 
327                   0.02                  1685                  2.25                  100000.0              0.01715               0.0024300000000000003 0.81                 
328                   0.02                  1690                  2.25                  100000.0              0.01715               0.0024300000000000003 0.81                 
329                   0.02                  1695                  2.25                  100000.0              0.01715               0.0024300000000000003 0.81                 
330                   0.02                  1700                  2.25                  100000.0              0.01715               0.0024300000000000003 0.81                 
331                   0.02                  1705                  2.25                  100000.0              0.01715               0.0024300000000000003 0.81                 
332                   0.02                  1710                  2.25                  100000.0              0.01715               0.0024300000000000003 0.81                 
333                   0.02                  1715                  2.25                  100000.0              0.01715               0.0024300000000000003 0.81                 
334                   0.02                  1720                  2.25                  100000.0              0.01715               0.0024300000000000003 0.81                 
335                   0.02                  1725                  2.25                  100000.0              0.01715               0.0024300000000000003 0.81                 
336                   0.02                  1730                  2.25                  100000.0              0.01715               0.0024300000000000003 0.81                 
337                   0.02                  1735                  2.25                  100000.0              0.01715               0.0024300000000000003 0.81                 
338                   0.02                  1740                  2.25                  100000.0              0.01715               0.0024300000000000003 0.81                 
339                   0.02                  1745                  2.25                  100000.0              0.01715               0.0024300000000000003 0.81                 
340                   0.02                  1750                  2.25                  100000.0              0.01715               0.0024300000000000003 0.81                 
341                   0.02                  1755                  2.25                  100000.0              0.01715               0.0024300000000000003 0.81                 
342                   0.02                  1760                  2.25                  100000.0              0.01715               0.0024300000000000003 0.81                 
343                   0.02                  1765                  2.25                  100000.0              0.01715               0.0024300000000000003 0.81                 
344                   0.02                  1770                  2.25                  100000.0              0.01715               0.0024300000000000003 0.81                 
345                   0.02                  1775                  2.25                  100000.0              0.01715               0.0024300000000000003 0.81                 
346                   0.02                  1780                  2.25                  100000.0              0.01715               0.0024300000000000003 0.81                 
347                   0.02                  1785                  2.25                  100000.0              0.01715               0.0024300000000000003 0.81                 
348                   0.02                  1790                  2.25                  100000.0              0.01715               0.0024300000000000003 0.81                 
349                   0.02                  1795                  2.25                  100000.0              0.01715               0.0024300000000000003 0.81                 
350                   0.02                  1800                  2.25                  100000.0              0.01715               0.0024300000000000003 0.81                 
351                   0.02                  1805                  2.25                  100000.0              0.01715               0.0024300000000000003 0.81                 
352                   0.02                  1810                  2.25                  100000.0              0.01715               0.0024300000000000003 0.81                 
353                   0.02                  1815                  2.25                  100000.0              0.01715               0.0024300000000000003 0.81                 
354                   0.02                  1820                  2.25                  100000.0              0.01715               0.0024300000000000003 0.81                 
355                   0.02                  1825                  2.25                  100000.0              0.01715               0.0024300000000000003 0.81                 
356                   0.02                  1830                  2.25                  100000.0              0.01715               0.0024300000000000003 0.81                 
357                   0.02                  1835                  2.25                  100000.0              0.01715               0.0024300000000000003 0.81                 
358                   0.02                  1840                  2.25                  100000.0              0.01715               0.0024300000000000003 0.81                 
359                   0.02                  1845                  2.25                  100000.0              0.01715               0.0024300000000000003 0.81                 
360                   0.02                  1850                  2.25                  100000.0              0.01715               0.0024300000000000003 0.81                 
361                   0.02                  1855                  2.25                  100000.0              0.01715               0.0024300000000000003 0.81                 
362                   0.02                  1860                  2.25                  100000.0              0.01715               0.0024300000000000003 0.81                 
363                   0.02                  1865                  2.25                  100000.0              0.01715               0.0024300000000000003 0.81                 
364                   0.02                  1870                  2.25                  100000.0              0.01715               0.0024300000000000003 0.81                 
365                   0.02                  1875                  2.25                  100000.0              0.01715               0.0024300000000000003 0.81                 
366                   0.02                  1880                  2.25                  100000.0              0.01715               0.0024300000000000003 0.81                 
367                   0.02                  1885                  2.25                  100000.0              0.01715               0.0024300000000000003 0.81                 
368                   0.02                  1890                  2.25                  100000.0              0.01715               0.0024300000000000003 0.81                 
369                   0.02                  1895                  2.25                  100000.0              0.01715               0.0024300000000000003 0.81                 
370                   0.02                  1900                  2.25                  100000.0              0.01715               0.0024300000000000003 0.81                 
371                   0.02                  1905                  2.25                  100000.0              0.01715               0.0024300000000000003 0.81                 
372                   0.02                  1910                  2.25                  100000.0              0.01715               0.0024300000000000003 0.81                 
373                   0.02                  1915                  2.25                  100000.0              0.01715               0.0024300000000000003 0.81                 
374                   0.02                  1920                  2.25                  100000.0              0.01715               0.0024300000000000003 0.81                 
375                   0.02                  1925                  2.25                  100000.0              0.01715               0.0024300000000000003 0.81                 
376                   0.02                  1930                  2.25                  100000.0              0.01715               0.0024300000000000003 0.81                 
377                   0.02                  1935                  2.25                  100000.0              0.01715               0.0024300000000000003 0.81                 
378                   0.02                  1940                  2.25                  100000.0              0.01715               0.0024300000000000003 0.81                 
379                   0.02                  1945                  2.25                  100000.0              0.01715               0.0024300000000000003 0.81                 
380                   0.02                  1950                  2.25                  100000.0              0.01715               0.0024300000000000003 0.81                 
381                   0.02                  1955                  2.25                  100000.0              0.01715               0.0024300000000000003 0.81                 
382                   0.02                  1960                  2.25                  100000.0              0.01715               0.0024300000000000003 0.81                 
383                   0.02                  1965                  2.25                  100000.0              0.01715               0.0024300000000000003 0.81                 
384                   0.02                  1970                  2.25                  100000.0              0.01715               0.0024300000000000003 0.81                 
385                   0.02                  1975                  2.25                  100000.0              0.01715               0.0024300000000000003 0.81                 
386                   0.02                  1980                  2.25                  100000.0              0.01715               0.0024300000000000003 0.81                 
387                   0.02                  1985                  2.25                  100000.0              0.01715               0.0024300000000000003 0.81                 
388                   0.02                  1990                  2.25                  100000.0              0.01715               0.0024300000000000003 0.81                 
389                   0.02                  1995                  2.25                  100000.0              0.01715               0.0024300000000000003 0.81                 
390                   0.02                  2000                  2.25                  100000.0              0.01715               0.0024300000000000003 0.81                 
391                   0.02                  2005                  2.25                  100000.0              0.01715               0.0024300000000000003 0.81                 
392                   0.02                  2010                  2.25                  100000.0              0.01715               0.0024300000000000003 0.81                 
393                   0.02                  2015                  2.25                  100000.0              0.01715               0.0024300000000000003 0.81                 
394                   0.02                  2020                  2.25                  100000.0              0.01715               0.0024300000000000003 0.81                 
395                   0.02                  2025                  2.25                  100000.0              0.01715               0.0024300000000000003 0.81                 
396                   0.02                  2030                  2.25                  100000.0              0.01715               0.0024300000000000003 0.81                 
397                   0.02                  2035                  2.25                  100000.0              0.01715               0.0024300000000000003 0.81                 
398                   0.02                  2040                  2.25                  100000.0              0.01715               0.0024300000000000003 0.81                 
399                   0.02                  2045                  2.25                  100000.0              0.01715               0.0024300000000000003 0.81                 
400                   0.02                  2050                  2.25                  100000.0              0.01715               0.0024300000000000003 0.81                 
401                   0.02                  2055                  2.25                  100000.0              0.01715               0.0024300000000000003 0.81                 
402                   0.02                  2060                  2.25                  100000.0              0.01715               0.0024300000000000003 0.81                 
403                   0.02                  2065                  2.25                  100000.0              0.01715               0.0024300000000000003 0.81                 
404                   0.02                  2070                  2.25                  100000.0              0.01715               0.0024300000000000003 0.81                 
405                   0.02                  2075                  2.25                  100000.0              0.01715               0.0024300000000000003 0.81                 
406                   0.02                  2080                  2.25                  100000.0              0.01715               0.0024300000000000003 0.81                 
407                   0.02                  2085                  2.25                  100000.0              0.01715               0.0024300000000000003 0.81                 
408                   0.02                  2090                  2.25                  100000.0              0.01715               0.0024300000000000003 0.81                 
409                   0.02                  2095                  2.25                  100000.0              0.01715               0.0024300000000000003 0.81                 
410                   0.02                  2100                  2.25                  100000.0              0.01715               0.0024300000000000003 0.81                 
411                   0.02                  2105                  2.25                  100000.0              0.01715               0.0024300000000000003 0.81                 
412                   0.02                  2110                  2.25                  100000.0              0.01715               0.0024300000000000003 0.81                 
413                   0.02                  2115                  2.25                  100000.0              0.01715               0.0024300000000000003 0.81                 
414                   0.02                  2120                  2.25                  100000.0              0.01715               0.0024300000000000003 0.81                 
415                   0.02                  2125                  2.25                  100000.0              0.01715               0.0024300000000000003 0.81                 
416                   0.02                  2130                  2.25                  100000.0              0.01715               0.0024300000000000003 0.81                 
417                   0.02                  2135                  2.25                  100000.0              0.01715               0.0024300000000000003 0.81                 
418                   0.02                  2140                  2.25                  100000.0              0.01715               0.0024300000000000003 0.81                 
419                   0.02                  2145                  2.25                  100000.0              0.01715               0.0024300000000000003 0.81                 
420                   0.02                  2150                  2.25                  100000.0              0.01715               0.0024300000000000003 0.81                 
421                   0.02                  2155                  2.25                  100000.0              0.01715               0.0024300000000000003 0.81                 
422                   0.02                  2160                  2.25                  100000.0              0.01715               0.0024300000000000003 0.81                 
423                   0.02                  2165                  2.25                  100000.0              0.01715               0.0024300000000000003 0.81                 
424                   0.02                  2170                  2.25                  100000.0              0.01715               0.0024300000000000003 0.81                 
425                   0.02                  2175                  2.25                  100000.0              0.01715               0.0024300000000000003 0.81                 
426                   0.02                  2180                  2.25                  100000.0              0.01715               0.0024300000000000003 0.81                 
427                   0.02                  2185                  2.25                  100000.0              0.01715               0.0024300000000000003 0.81                 
428                   0.02                  2190                  2.25                  100000.0              0.01715               0.0024300000000000003 0.81                 
429                   0.02                  2195                  2.25                  100000.0              0.01715               0.0024300000000000003 0.81                 
430                   0.02                  2200                  2.25                  100000.0              0.01715               0.0024300000000000003 0.81                 
431                   0.02                  2205                  2.25                  100000.0              0.01715               0.0024300000000000003 0.81                 
432                   0.02                  2210                  2.25                  100000.0              0.01715               0.0024300000000000003 0.81                 
433                   0.02                  2215                  2.25                  100000.0              0.01715               0.0024300000000000003 0.81                 
434                   0.02                  2220                  2.25                  100000.0              0.01715               0.0024300000000000003 0.81                 
435                   0.02                  2225                  2.25                  100000.0              0.01715               0.0024300000000000003 0.81                 
436                   0.02                  2230                  2.25                  100000.0              0.01715               0.0024300000000000003 0.81                 
437                   0.02                  2235                  2.25                  100000.0              0.01715               0.0024300000000000003 0.81                 
438                   0.02                  2240                  2.25                  100000.0              0.01715               0.0024300000000000003 0.81                 
439                   0.02                  2245                  2.25                  100000.0              0.01715               0.0024300000000000003 0.81                 
440                   0.02                  2250                  2.25                  100000.0              0.01715               0.0024300000000000003 0.81                 
441                   0.02                  2255                  2.25                  100000.0              0.01715               0.0024300000000000003 0.81                 
442                   0.02                  2260                  2.25                  100000.0              0.01715               0.0024300000000000003 0.81                 
443                   0.02                  2265                  2.25                  100000.0              0.01715               0.0024300000000000003 0.81                 
444                   0.02                  2270                  2.25                  100000.0              0.01715               0.0024300000000000003 0.81                 
445                   0.02                  2275                  2.25                  100000.0              0.01715               0.0024300000000000003 0.81                 
446                   0.02                  2280                  2.25                  100000.0              0.01715               0.0024300000000000003 0.81                 
447                   0.02                  2285                  2.25                  100000.0              0.01715               0.0024300000000000003 0.81                 
448                   0.02                  2290                  2.25                  100000.0              0.01715               0.0024300000000000003 0.81                 
449                   0.02                  2295                  2.25                  100000.0              0.01715               0.0024300000000000003 0.81                 
450                   0.02                  2300                  2.25                  100000.0              0.01715               0.0024300000000000003 0.81                 
451                   0.02                  2305                  2.25                  100000.0              0.01715               0.0024300000000000003 0.81                 
452                   0.02                  2310                  2.25                  100000.0              0.01715               0.0024300000000000003 0.81                 
453                   0.02                  2315                  2.25                  100000.0              0.01715               0.0024300000000000003 0.81                 
454                   0.02                  2320                  2.25                  100000.0              0.01715               0.0024300000000000003 0.81                 
455                   0.02                  2325                  2.25                  100000.0              0.01715               0.0024300000000000003 0.81                 
456                   0.02                  2330                  2.25                  100000.0              0.01715               0.0024300000000000003 0.81                 
457                   0.02                  2335                  2.25                  100000.0              0.01715               0.0024300000000000003 0.81                 
458                   0.02                  2340                  2.25                  100000.0              0.01715               0.0024300000000000003 0.81                 
459                   0.02                  2345                  2.25                  100000.0              0.01715               0.0024300000000000003 0.81                 
460                   0.02                  2350                  2.25                  100000.0              0.01715               0.0024300000000000003 0.81                 
461                   0.02                  2355                  2.25                  100000.0              0.01715               0.0024300000000000003 0.81                 
462                   0.02                  2360                  2.25                  100000.0              0.01715               0.0024300000000000003 0.81                 
463                   0.02                  2365                  2.25                  100000.0              0.01715               0.0024300000000000003 0.81                 
464                   0.02                  2370                  2.25                  100000.0              0.01715               0.0024300000000000003 0.81                 
465                   0.02                  2375                  2.25                  100000.0              0.01715               0.0024300000000000003 0.81                 
466                   0.02                  2380                  2.25                  100000.0              0.01715               0.0024300000000000003 0.81                 
467                   0.02                  2385                  2.25                  100000.0              0.01715               0.0024300000000000003 0.81                 
468                   0.02                  2390                  2.25                  100000.0              0.01715               0.0024300000000000003 0.81                 
469                   0.02                  2395                  2.25                  100000.0              0.01715               0.0024300000000000003 0.81                 
470                   0.02                  2400                  2.25                  100000.0              0.01715               0.0024300000000000003 0.81                 
471                   0.02                  2405                  2.25                  100000.0              0.01715               0.0024300000000000003 0.81                 
472                   0.02                  2410                  2.25                  100000.0              0.01715               0.0024300000000000003 0.81                 
473                   0.02                  2415                  2.25                  100000.0              0.01715               0.0024300000000000003 0.81                 
474                   0.02                  2420                  2.25                  100000.0              0.01715               0.0024300000000000003 0.81                 
475                   0.02                  2425                  2.25                  100000.0              0.01715               0.0024300000000000003 0.81                 
476                   0.02                  2430                  2.25                  100000.0              0.01715               0.0024300000000000003 0.81                 
477                   0.02                  2435                  2.25                  100000.0              0.01715               0.0024300000000000003 0.81                 
478                   0.02                  2440                  2.25                  100000.0              0.01715               0.0024300000000000003 0.81                 
479                   0.02                  2445                  2.25                  100000.0              0.01715               0.0024300000000000003 0.81                 
480                   0.02                  2450                  2.25                  100000.0              0.01715               0.0024300000000000003 0.81                 
481                   0.02                  2455                  2.25                  100000.0              0.01715               0.0024300000000000003 0.81                 
482                   0.02                  2460                  2.25                  100000.0              0.01715               0.0024300000000000003 0.81                 
483                   0.02                  2465                  2.25                  100000.0              0.01715               0.0024300000000000003 0.81                 
484                   0.02                  2470                  2.25                  100000.0              0.01715               0.0024300000000000003 0.81                 
485                   0.02                  2475                  2.25                  100000.0              0.01715               0.0024300000000000003 0.81                 
486                   0.02                  2480                  2.25                  100000.0              0.01715               0.0024300000000000003 0.81                 
487                   0.02                  2485                  2.25                  100000.0              0.01715               0.0024300000000000003 0.81                 
488                   0.02                  2490                  2.25                  100000.0              0.01715               0.0024300000000000003 0.81                 
489                   0.02                  2495                  2.25                  100000.0              0.01715               0.0024300000000000003 0.81                 
490                   0.02                  2500                  2.25                  100000.0              0.01715               0.0024300000000000003 0.81                 
491                   0.02                  2505                  2.25                  100000.0              0.01715               0.0024300000000000003 0.81                 
492                   0.02                  2510                  2.25                  100000.0              0.01715               0.0024300000000000003 0.81                 
493                   0.02                  2515                  2.25                  100000.0              0.01715               0.0024300000000000003 0.81                 
494                   0.02                  2520                  2.25                  100000.0              0.01715               0.0024300000000000003 0.81                 
495                   0.02                  2525                  2.25                  100000.0              0.01715               0.0024300000000000003 0.81                 
496                   0.02                  2530                  2.25                  100000.0              0.01715               0.0024300000000000003 0.81                 
497                   0.02                  2535                  2.25                  100000.0              0.01715               0.0024300000000000003 0.81                 
498                   0.02                  2540                  2.25                  100000.0              0.01715               0.0024300000000000003 0.81                 
499                   0.02                  2545                  2.25                  100000.0              0.01715               0.0024300000000000003 0.81                 
500                   0.02                  2550                  2.25                  100000.0              0.01715               0.0024300000000000003 0.81                 
