-3.7473438409894974e-06
0.00022014275470576982
0.00019114584552223094
-0.00011418814117842481
0.0002531276950961731
-0.00022068729667092007
5.9714648698394905e-05
6.80906410485255e-05
-2.6706652799902335e-05
-0.0002131513271907958
0.00020189701913650367
-0.00021190793689747887
-0.00021566756638979125
6.358144222486073e-05
1.828196636604083e-05
0.00024196363225637078
-8.363789634227497e-05
-8.796247704388825e-05
-4.3906754586167174e-05
0.00019018641969510193
-0.0001273820099050117
-0.00028624347888535633
-7.888740127431473e-05
1.0286021353633193e-05
3.3614582971536286e-05
-9.938508715710427e-05
-0.0001650124132547285
0.00020239275758277534
0.00019300603286225617
-5.3913297681034984e-05
6.620790561546558e-05
-0.00015713031707456068
-6.715665056556297e-05
0.00025377101100522843
-3.147017386062823e-05
0.00023384144788773166
-0.00010943114554529256
3.01065187789553e-05
4.641828101535118e-05
-0.0001968218380691318
-1.8586145976940728e-05
0.0002635596351381789
0.00018658505279834026
-0.00028412099389529805
9.524345359561372e-05
-0.00010495277432675154
-0.00019130582549901594
9.728462664503583e-05
0.0002713569554497409
8.952127372241757e-05
-1.4519514040265324e-05
-2.1897280528899315e-05
0.00018261554988532457
2.6946517801239355e-05
-9.054824105179685e-05
6.592625837478094e-05
-0.00013559231877485902
-0.000255203627766723
-0.000188323514363882
1.1110220507407629e-05
-0.0001657560196675038
-0.00010865191559235809
4.25914627045385e-05
9.838831248827954e-05
0.0002791503978790394
8.587473826818579e-05
0.00029165985077828305
9.066512202955782e-05
-0.0002718974111301138
0.000164666071169889
0.00014222298136290192
6.061571765718208e-05
-0.0002482311084770196
-0.0002927833978891358
0.0001306187698745931
0.0001692720517762094
-0.0001382926457916314
0.0001910724479165995
-0.0001386477349062472
1.9647981170664e-05
-6.800162851114291e-05
0.0001924498868567706
-4.639665515951505e-06
9.22314152799875e-05
0.0001974284223185343
-1.7410538749511838e-05
0.00022421403284801888
-0.00021217290371446855
-0.00021280420339810744
7.01345866546293e-05
0.00022412194241481245
1.3989903969281324e-05
0.00024107524373801896
0.00021542127347870657
0.0001416641159696678
-0.00018668895187232316
-0.0001818933276303446
-0.00020796443604337257
-9.195467215698501e-05
-0.00029000706604065
