0.00016121103872723862
-0.0002444720080137912
-0.00028917975009541
5.1112732085902175e-06
0.00028802439144256223
-9.102430883167981e-05
-0.00018042109555510707
-5.579575501020364e-05
0.0002115180706662952
-0.00010936962947758966
0.0001972641902770798
0.00014029884024516068
-0.00021902658859060734
0.00010707313206674703
3.0185107879507854e-05
0.000212257414000864
-0.0001488288260344443
-0.0002642062387866022
-0.00025691196376727824
-0.00021312953201885144
-0.00028604349036622916
1.1760897168824024e-05
0.00019052570628957526
-0.0002530158692305942
0.00028883605232645333
8.911559388463273e-05
-0.00013282445236557631
-6.787346754516765e-05
0.0002584726386968596
0.00021391815999311897
-0.00012330253407061067
-0.00016153498289571782
-0.0002943967049488282
5.720857809391735e-06
-5.019739249635094e-05
-0.00020900659716162426
6.846090341381766e-05
-8.726871026192289e-05
0.00011363200781888482
5.716990823499723e-05
-0.00015133299327182856
-0.00012567264984384414
0.00023543587439193628
0.00016557138225974826
-5.6956402400276066e-05
0.000239386879058431
0.00014819804238755488
0.00020390188328336657
-0.00011466492795536893
-6.838050540862748e-05
-0.00029802907146235996
-0.00018137204291809582
-8.235727216385016e-05
-0.00029387779292337486
3.350231967775576e-05
-0.00020735352931137676
0.00028225547312584945
0.0002848355795907256
3.0411484478340628e-05
-6.615353989580572e-05
-9.701090641819313e-05
0.0002387937679373074
9.916937212521467e-05
-0.00026666445753624577
9.550151071014356e-06
0.0001547134727583964
-0.000223881092952093
-0.0002753869844508924
-0.00010604027480251246
-0.00027439205328325307
-4.845192970939083e-05
-3.0135093052990696e-05
6.23594867256388e-05
8.144531622330766e-05
1.6729159243393803e-05
-0.0002467658783283769
0.0002056801397089675
-0.00028016154857852025
0.0002484982977144434
-0.00025849866954379564
-0.0001400046736904834
-8.303945085876482e-05
-0.00025568549718771945
-0.0001998078944336403
-0.0001350044499190467
-0.0001631151312913495
-1.5066901426835405e-05
0.0002297417011040479
8.018311571298878e-05
-0.00021307132522392196
0.00018805670333239257
6.0228600609486956e-05
-0.0001729632435589395
0.00029120771043225467
6.632463226367667e-05
0.00022712492313032038
0.00025819653101799106
8.190853527281615e-05
0.0002631282953235706
-0.00024367171627110283
