-2.273309606150341e-05
-1.1014719950556908e-05
-1.5025118329349919e-05
3.0993176506862375e-05
-2.22549080021729e-05
2.4639963013058402e-05
-3.916596716978812e-05
-2.4697696687898287e-05
-1.730134620846198e-05
-4.845321755759656e-05
2.2918523819298938e-05
-4.953299103445244e-05
7.49265848940809e-06
-4.357844813784363e-05
-9.114313595888347e-06
-2.4963159033410476e-05
2.5685289424838102e-05
4.705959041664516e-05
3.0577249148918316e-05
4.04652160513343e-05
-3.707524474249e-05
5.1834438355418335e-06
6.2583987858222964e-06
-3.280275743891499e-05
3.373676511511231e-05
3.414439386807662e-05
1.2943945168800385e-05
1.0449179230869676e-05
1.2499789005048928e-05
-3.898247978297114e-05
-2.6046682033104985e-05
1.1190476443057356e-05
4.2039231110458314e-05
-1.872645362489175e-05
2.5769615289479614e-05
-1.721447207614602e-05
-2.9770362184663447e-05
2.2561182881434656e-05
-2.3588135020921552e-05
-1.7010554607624604e-05
4.3071443158001006e-05
-1.8117342950817995e-05
-4.850695526614715e-05
3.877293757624972e-05
-6.026235136396417e-06
-3.20564163711407e-05
1.025675269308465e-06
3.235495573084672e-05
-3.2354633208630246e-05
-2.2420261872340377e-05
3.8568736044869985e-05
4.802813708037654e-05
3.4926340269883183e-05
-3.706694110632906e-05
-4.494487227551231e-05
2.626881352763208e-05
-2.3845055399443228e-05
1.7868091093358814e-05
2.606309173072366e-05
-3.876299631271354e-06
-1.846321582305788e-05
-4.2849494137004354e-05
4.164796861743491e-06
-6.172660205828559e-06
-9.46788431304698e-06
-1.9584922651334204e-05
-3.501654729721832e-05
-9.869078779226859e-06
8.202498809493385e-06
-1.712601679199254e-05
-1.048385625044281e-06
4.071952289282238e-05
2.8554101272445492e-06
4.4506807583621846e-05
1.763997244970376e-05
1.0770027988995521e-05
1.2644207132461468e-05
2.3149473050905357e-05
-1.7934878474886972e-05
1.561793003423462e-05
2.4126750923327045e-05
4.8713977786630904e-05
-1.0225927112640068e-05
2.7712716011272247e-05
-3.054991925451428e-05
-4.417750222308262e-05
-2.649633695003515e-05
-2.7885378534306915e-05
4.300043551584786e-06
-1.3272787684100241e-06
-3.79600803748321e-05
3.601471452983252e-05
-4.926018910383626e-05
1.2050094475863827e-06
-3.920726286642512e-05
4.777933892985262e-05
4.73655917630739e-05
4.476449622117704e-05
3.5704722019876046e-05
-3.817412310868919e-05
