-8.638658900540143e-05
0.00015596139265336624
0.00011387613046256236
-0.00029799875163255204
3.5509074513760046e-05
-0.00011867207036079345
-0.00018053092111450583
-0.00015856407142240646
-9.39502517058482e-05
-0.00018780978582252808
-0.0001235398228963764
-9.759834188785731e-05
-0.0002108607619513443
5.242785162817159e-05
-9.243205424326292e-06
0.00020585716317560518
0.00012488257281925702
0.0002923177616784329
0.00023994395276350536
1.2763902372750578e-05
0.00013156291380931863
-0.0001520296934596099
-0.0002361726474083627
-0.0001295153172817042
-0.00010459254786569102
9.3232692395728e-05
-0.0002932298008066963
0.00028243919397602464
-0.000129717473091231
9.064454439669127e-05
3.126121012426866e-05
-0.0001559595225926909
-0.00027654491114094566
-4.542733441291046e-05
6.331701287594891e-05
6.636623834273508e-05
6.595505440468023e-05
0.00024604190898242195
4.188556157928581e-05
0.0002545493701786669
-0.0002569016265574829
-7.37789077969524e-05
0.00011699490556848417
0.0002846250767873469
-6.675375000186927e-05
-6.275339092488982e-05
6.744982832943328e-07
0.00017902241245800707
-3.1633540142597736e-05
-0.0001631211855239622
-0.00015479927527373413
0.00023824181732632325
4.978572059129491e-05
-0.00029988894331593936
-0.00011084311983892197
7.765713901222661e-05
0.0001802631977964724
-0.00017575436818141726
9.326473203249931e-05
-0.00010874718558539424
-0.00028652709701515233
0.0002094140488914363
0.00012587011426513196
8.344069299742659e-05
-0.000257510120190048
-0.00023026876717863507
0.0002424040464549273
-7.160516240924339e-05
-3.7319325524690224e-05
0.00011907989648108318
3.82859712176607e-05
-4.611652056176835e-05
0.00027522032090989416
-0.00028158568396383055
-0.000219185116429526
0.00023512364362879187
0.00019503113605403097
0.0002974238687620749
-0.00013876765664039273
-0.00028121074887330094
-0.0002682096820576982
0.00020674329558609885
6.168529376037151e-05
-0.000274465514648618
-0.00017431327841288514
-0.0002756128172152529
0.00026721473889851913
-0.0001085805516955053
0.00025871414944009474
0.00027815750083811844
0.00017043204694442392
0.00020667152433377108
-0.00015371349916450325
4.140879599843421e-05
-0.000279288934068534
-0.00017487258014893848
0.0002879009001124987
-0.00023330475924777754
-0.00011938579998558484
0.00023841858005893085
