-2.9613766461975935e-05
-3.6651034811270456e-05
2.194267384438946e-05
1.4736738526313071e-05
3.782131912474152e-05
3.072150037949507e-05
1.1354454382352402e-05
-1.0459703027967848e-05
-2.0207551570126247e-05
2.253166809580326e-05
4.788468316340964e-05
3.8115901679058794e-06
1.2223565617813248e-05
-4.3662293761611136e-05
-3.310756517301411e-05
-4.320255200137389e-06
-3.854633094706849e-05
-4.9667512048249874e-05
-3.2309259470286245e-05
1.5771652161913925e-05
1.3715701690911369e-05
-3.0109567382405347e-05
-4.173112616760124e-06
-1.204684640229138e-05
-1.7597719355682085e-05
4.838710265941655e-05
-1.0220466550072901e-05
4.9346771095992754e-05
-3.856360886048219e-05
-2.069171531464964e-05
3.537773917585096e-05
-4.134916853235196e-05
-1.4781385402715932e-05
-2.820396434132504e-05
-8.923092230242028e-06
3.9585161317500795e-05
-2.1445205159780412e-05
1.602824765971451e-05
2.749047632576525e-05
-2.788963439875888e-05
2.0495896542089692e-05
-4.822952592316578e-05
2.8808735716502917e-05
5.4890366535924955e-06
-4.479099954595337e-06
-4.278832870401298e-05
-2.6675616771891885e-06
4.467609190639772e-05
2.8590188417268498e-05
4.471107425211817e-05
-3.8614109903228025e-05
3.1996735006406057e-05
-4.129158512333944e-05
-1.2516617677729345e-05
1.6669650925842137e-05
4.193382853189412e-05
1.3017088130355574e-05
4.446405409380557e-05
5.941017212421649e-06
-1.4261418523275069e-05
1.9702895033201933e-05
-4.8636933012475175e-05
3.759295235653029e-05
-4.743225566975819e-05
2.0979140291978647e-05
1.969011220056583e-05
3.2052299103625857e-06
-6.3926649613074485e-06
-3.068949940221367e-05
-2.097402437167226e-06
-3.838983536116277e-05
-2.5642392059868426e-05
-2.871025056297657e-05
2.1016311239479417e-05
2.6835142822542993e-05
-3.8496719492628445e-05
-4.87608879318345e-05
2.197047787697674e-07
-2.4604790295423873e-05
2.9780935136816598e-05
2.2328524677203472e-05
3.723230710710718e-05
1.885334457502911e-05
-1.6642718540789735e-05
-2.7196312533050684e-05
1.2332683549693976e-05
-4.4056483061968125e-05
1.7655225095093206e-06
4.184649914125639e-05
9.23679385160864e-06
-1.6546649573705995e-05
4.90336073698309e-05
-2.788593044632988e-05
-3.889717347309452e-06
4.1385514132654925e-05
4.130123079017645e-05
-2.2205787430180537e-05
3.662060549715592e-05
-1.5257601918279095e-05
-2.8617748294294e-05
