3.178315383244191e-05
-3.056713484540754e-05
1.4675524476354326e-05
-3.861254650509693e-06
-2.729433597296176e-05
-4.758352960655322e-05
-2.7103978476720094e-05
-2.6615182690562312e-05
3.905104722900967e-05
-3.390173236184595e-05
-3.061911104092796e-05
-1.3021710336970305e-05
-1.4698002639149845e-05
2.4002078536451293e-05
3.096245099611316e-05
-3.48624987596022e-05
-4.24797085905192e-06
1.0108681499483838e-05
4.2357250067817515e-06
-8.43702695085229e-06
1.3946136314175481e-05
-2.2949709608584268e-05
-4.53355795381441e-05
-3.242443482203756e-05
-3.574203942489122e-05
3.410522921386618e-05
1.4347095914917457e-05
4.1502353687892305e-05
-2.6801396740458706e-05
-4.685934393143452e-05
4.154765710083348e-05
-6.724592685644261e-06
4.2728511639724763e-05
-1.8379709416248329e-06
-5.846659401223441e-06
-1.998839384608677e-05
-3.451499390662805e-05
1.0136365234192071e-05
-1.6116055503157103e-06
3.421478146602796e-05
4.980639672318346e-05
1.7438838428197798e-05
-2.1453812648189263e-05
-4.517611534419218e-06
4.023742639356432e-05
1.5047140182762208e-05
-2.0852953246607554e-05
2.2832841481986556e-05
5.674852556814148e-06
4.429582746021185e-06
-3.9955034091424805e-05
6.997390507474055e-06
4.574548506621972e-05
-2.788034785652539e-05
4.221882044878736e-05
4.576379303118962e-05
2.8194691549628734e-05
2.730802125668752e-06
-2.0889611501478058e-05
4.829436864232866e-05
-2.505369352688778e-06
1.0909495210434596e-05
-2.7032017572441482e-05
-6.297532108841673e-06
-4.379176412452416e-05
-3.6272586044384185e-05
4.8066757694457825e-05
-9.397332843251846e-06
-4.722644758215994e-05
-3.642242473900732e-05
-2.0293090899457734e-05
4.597084219911193e-06
-2.3334505795912553e-05
-4.3034890526397356e-05
-2.1334255419630246e-05
-2.1469744250911107e-05
-1.0056496671268634e-05
3.9566404008788786e-05
4.7994786173409706e-05
1.6141691285422907e-05
1.1392244206974021e-09
-4.425574032365491e-05
4.5727155942387595e-05
3.232638400371348e-05
-3.226909295665698e-05
-4.124777649288384e-05
3.851095292050783e-05
-4.458759843149312e-05
-8.426614486898645e-06
1.4173691523792962e-05
3.789874409142004e-06
-3.3312552731405766e-06
3.720259345866374e-05
-3.960384441107721e-05
-1.711291444857398e-05
-4.4058121400987086e-05
4.703896579233414e-05
-2.307423631879153e-05
2.8939466291902153e-05
-2.4873953236797243e-05
