2.9486799130538552e-05
-0.00014340990521933373
0.0001663477658201205
-1.5753477742961805e-05
-0.0001696221195391543
1.781407453758303e-05
-0.0002877043307403589
-0.00014416976976774936
-0.00015147624031207923
0.00012716940809932576
-9.14565782060564e-05
-7.981426151829963e-05
0.0002469172758892553
-0.00018708524859180987
0.000212598529414508
-0.00029188914841983137
0.00011248578467625697
-0.00027364595702394136
-0.00011820719338691214
0.00016808342205530045
0.0002472844844931405
3.932224417222747e-05
9.483360154330801e-06
8.609038283070207e-06
4.4705098780047916e-05
-0.00024126840022683705
-0.0002880654854373858
-0.00024940717748344487
0.00022406489769769906
-0.0002755928860609557
-0.0002001611035427583
-0.00026484803811719406
6.950800199536798e-05
-3.0658206172928804e-05
6.996257473985382e-06
0.00025461842596878284
9.457231646355281e-05
0.00024990466710902835
0.00023306432040359353
0.0002443346189326915
-0.0001634978126753752
0.00024211526059403436
-3.580195900809832e-05
2.9499400798961345e-05
-0.00027198714315690344
-6.907593970655024e-05
-0.000110474269564537
-0.0002279787594419188
-2.1124008080453593e-06
-0.00013241574333862282
7.916290453111594e-05
-0.00024078633950193158
0.000146622179460919
2.66598578021641e-06
-8.315139096125293e-05
-0.00014322939440484744
-0.00029127002429847257
1.6241645160337543e-05
0.00017181361331015493
-0.00011851529343555076
0.00029646635447747076
-0.00015941872132727185
-0.0002239298240420168
-1.946075343989143e-06
-4.483989149995732e-05
-8.64687902736459e-05
-2.077729891293838e-05
-0.00024258685119267576
-0.00023634238056529977
9.95856906969467e-05
0.00027042840154344164
0.00016778581692336353
-0.0002112091264726376
-4.7827194244829275e-05
-8.315356894517088e-05
0.00014512267043971234
3.139027000198031e-05
0.00027469740378727707
-9.427199148685802e-05
-0.0002525136275832539
-0.00025833541655914866
-9.300572104800975e-05
-0.00011691645581302066
5.361898520324501e-06
-9.809062405256153e-05
-0.0002853074745488156
-2.086970562661266e-06
0.00016873653640495355
5.16210518309014e-05
-0.0001171283149920348
0.00018574806704800784
-8.926940723773009e-05
-6.510671245736949e-05
0.0002401020044144238
-8.780732570979482e-05
-3.6925615249393576e-06
-0.00027817859832386074
-2.5805516091386533e-05
-8.726980447370115e-05
-0.0002407578985736045
