2.176702713968742e-05
2.143992152171991e-05
-2.7657770986798414e-05
3.861902995935094e-05
4.295929864063005e-05
-4.753965372680761e-05
3.0403999051102432e-05
4.705583273678752e-05
-3.5298722369148886e-05
9.868025086057886e-06
-2.113533111771253e-05
4.9127546337698645e-05
3.5780020586370194e-05
2.944610950812923e-05
4.143777474935458e-05
-2.1284038537056584e-05
-4.596130873999527e-05
1.4876910769297075e-05
-3.2613413435775965e-05
3.0716246442746847e-06
2.1265719112691812e-05
4.181798897538855e-05
3.785650390347241e-05
1.9721907884412197e-05
-3.0128336978049577e-05
-1.192300210428656e-05
-1.1911427059707755e-05
2.0018828132346772e-05
-3.9379383900880605e-05
-6.365515312456874e-07
1.5968673056997384e-05
-4.3279326020844534e-05
4.1016626621871336e-07
2.7566684236701037e-05
2.3801138662986005e-05
2.9190679013373838e-05
2.7599604799996513e-05
-3.070629553530765e-05
-1.1163679290142895e-05
-3.116049589952478e-05
1.3028670960458015e-05
1.1333893413487357e-05
3.4260847715675035e-05
2.6105915733685558e-08
3.473593822273314e-05
-2.0031724681564867e-05
-2.7797850093281475e-05
-1.423738375196174e-05
-2.1440752938662544e-05
-2.1237643397447692e-05
3.3744106111993325e-05
-2.2590231818658937e-05
3.221713613889791e-05
4.957700461237988e-05
7.395306651877786e-06
1.9247111544011e-05
8.980833274913905e-06
1.4441903044735167e-05
-1.6773342933287274e-06
1.2985358314994664e-05
-2.7779407922959577e-05
2.0277137002474255e-05
-1.3233050967306317e-05
3.6783372795271835e-05
-3.622974456207433e-05
-4.727659709082645e-05
4.63473043239044e-05
2.096069040096777e-05
3.7335671532734856e-05
-4.82090993695e-05
1.3775567784065887e-05
3.3221249742345056e-05
7.0081858030117885e-06
3.62373384399256e-05
4.444027944785335e-05
2.2059894932631643e-05
3.846049584963555e-05
-1.5900120447377888e-05
-4.189017257669177e-05
-3.25554317943485e-05
-1.5980898477534376e-05
-1.1523434768541188e-05
4.718138667090775e-05
2.6273776141644963e-05
4.596118255035448e-05
6.458735737721687e-06
4.968231049952348e-05
1.2159959649385405e-06
4.7679910725608014e-05
3.2965430494789136e-05
4.518076488600156e-05
-2.829715669712758e-05
-2.9132822490853818e-05
2.0762312785993892e-05
4.052286605836738e-05
-5.548922709797398e-06
-3.420272686889495e-05
2.0078858546181847e-05
3.37996984632678e-05
2.9983663215700722e-05
