-3.3981326650991194e-05
-4.610610766142762e-05
3.2230926058371074e-05
4.3366520953448726e-05
3.2466662183985864e-06
-1.0182748468890732e-05
-3.213101350282471e-05
-3.270395264893358e-05
-1.9096317233937004e-06
-3.1958273192687305e-05
-1.8380627338059684e-05
1.0273842197205097e-05
-3.546185398042511e-05
-1.2406402325764998e-05
-3.4423255742318346e-05
-2.976676366537313e-05
-4.4908905558740174e-05
-4.710361404078768e-05
2.687892895134059e-05
-2.9277911001316828e-05
-1.7279420372496302e-05
-1.1221729926563467e-06
-2.814590590305885e-07
1.3887340689467426e-06
-3.42625023059043e-07
2.6468587561158254e-05
3.748483709138647e-05
-3.198948142260666e-05
2.9746916149578024e-05
5.950454773162619e-06
1.758944976353851e-05
1.068583999861992e-05
2.430065172499209e-05
4.01193851659039e-05
-4.7653830540620476e-07
-2.452500116882889e-05
4.9604394145935766e-05
3.9491764460430354e-05
-6.0549416834843164e-06
-1.0521156772767514e-05
-2.058390072564673e-05
-6.468562063763817e-06
-1.7423235422266973e-05
1.6760183740140428e-05
3.986811940046125e-05
-3.435252992350742e-05
-3.850217091654389e-05
-4.1857859690097657e-05
-1.2468431630097336e-05
-1.8576317138657803e-05
2.077086950248325e-05
-9.771474290334124e-07
1.1278783872491686e-05
1.1733993308125759e-05
2.1301760467054493e-05
8.540137581394902e-06
-3.029078030042387e-05
-2.2748406247495858e-05
1.3523017291090061e-05
5.468994119809654e-06
-3.0918221224740435e-05
4.1062940130239785e-05
4.5456730691483285e-05
-4.9007795249791976e-05
4.44520728000867e-05
2.4900538661971285e-05
1.4738291061905033e-05
1.165997441281824e-05
-2.060934253313038e-05
-1.7481000945129687e-05
1.7122707790578923e-05
-1.2536385432743823e-05
-3.9912927349051065e-05
-4.4243183917259314e-05
-3.130802890576971e-05
3.992257674956687e-05
-8.179515709906905e-06
3.423798284702951e-05
3.363347903750766e-05
3.8729254453311416e-05
-3.0302522046104698e-05
-3.026403196581687e-06
3.333228389785842e-05
3.142134560849376e-05
1.6203192294963238e-05
2.7205707973784064e-05
2.102856451710778e-05
3.293961115309666e-05
-2.6597885443839288e-05
4.795339906529268e-05
-3.7198543213433835e-05
-1.4375687391430049e-05
4.840172916242192e-05
4.831272839981948e-05
-7.579246914949143e-06
4.055000587600414e-05
-4.816675174186931e-05
2.6789602156592557e-05
3.1313435299754294e-06
-3.661234607703865e-05
