-3.4997312819570734e-05
3.433598046081053e-05
-2.6686030320563397e-06
-2.896393260968495e-05
-3.483493671542372e-05
4.571205180020954e-05
2.792014971413502e-05
-3.0380038874342588e-05
-2.89978243075107e-05
2.2147128944386198e-05
4.11414349617279e-05
-4.365617645463788e-05
1.9031585572317152e-05
3.522345840637186e-06
-1.7149526858565145e-05
-2.8023816995671215e-05
-4.975610531656081e-05
-7.859189754294851e-06
-4.686115344778781e-05
-3.2534414463995165e-05
-2.7586018928581823e-06
4.7122355890096494e-05
2.9102691648287946e-05
-2.764852716953813e-06
-1.6960217927943974e-05
-1.1607426433949119e-05
2.798548934940734e-05
-3.801483009608256e-05
1.5745639706102854e-05
-8.87919772021777e-06
-3.1773215561448834e-05
1.0258498885723913e-05
1.8887076454092545e-05
-4.119451706150265e-05
2.3708553103504374e-06
1.892980199565389e-05
-1.712793122859112e-05
3.373455617123342e-05
1.3043389723116162e-05
-1.3056498594924203e-05
4.4186641201360244e-05
-1.0374018689577026e-05
2.3162343700147566e-05
-3.1364096691675046e-06
-4.6792792560172624e-05
-1.3490747896460977e-05
2.6212298669371182e-05
7.018584910709249e-06
-2.3447557195267723e-05
3.593679698644541e-05
4.1396946641840696e-05
2.476125947560847e-06
5.564598124470054e-06
-1.8970441418760678e-05
1.541764629886219e-05
-3.168545003400257e-05
-1.1720464719201932e-05
4.7939504567355585e-05
-2.022968339826229e-05
1.4634053241791051e-05
-2.7732584245742976e-05
-9.057269152829105e-06
-2.588234380138689e-05
1.2941023437235934e-05
-8.224039515874481e-06
-6.9342662351199605e-06
-4.251704248359563e-05
-2.227542296309012e-05
-3.504125412976857e-05
2.998204064689084e-06
2.2678534666217504e-05
-2.209889701371769e-05
3.0599998306103666e-05
2.95423399100083e-06
4.267071757924527e-05
2.760631882152902e-05
2.2131489406410894e-05
-2.0081320133554238e-05
2.0392604248523312e-05
-3.0948224193242126e-05
-4.681716685077241e-05
-8.692461445394615e-06
-7.585829684728916e-06
-3.3886445512845264e-05
3.63922458223253e-05
4.1842750459074146e-05
-2.499275438522537e-05
-4.217828143821902e-05
-2.027445351423066e-05
1.7131167957714362e-05
3.537587055530162e-05
-2.1975089036618324e-05
-4.700060000252239e-05
-3.910597279373822e-07
1.0241007121133028e-05
3.1852134811458816e-05
-2.9964776956219766e-05
4.783868377137312e-05
-2.2806743372305062e-05
-2.289067249242396e-05
