-7.69021569642979e-05
0.00023430048304312867
-0.00024009806931986582
0.00015631409762169795
-5.159610195484582e-05
2.4480800142868584e-05
-4.234528891521554e-05
0.0001653740096075284
-1.1277641156341202e-05
7.776575947269831e-05
-9.637711725051431e-05
0.00025325191800168364
0.00026285916511949436
-1.7439404062468062e-05
-0.00025395057734461024
-0.00014138864778953615
-6.155505519091076e-05
0.0002987127907854988
-0.00028296440541399103
-5.8798503197709075e-05
0.00017571248451421343
-9.390126269685883e-05
0.00026558876988596133
-0.0002480793411355486
0.0002637829816361966
-0.0002073991980887161
7.431479775133149e-05
0.00023201273243869685
0.00015949472279394968
0.00017269170613288723
-0.00018989740296883198
2.316859494276807e-05
0.00011616419830760106
0.0002949876035938474
-6.42929509246261e-05
0.0002496302663451448
-0.000209538552639219
-0.00019517376084421858
-2.4286850973574367e-06
-0.0002218774467074524
-0.00019549331834445158
1.9628862820474243e-05
-8.755311030350489e-05
-2.724775614554981e-05
0.0002958515870802514
1.7617505854514734e-05
0.00018005883284574238
-2.950534634665739e-06
0.00014727521847400363
-0.00017693863673765787
-1.6597513807867865e-05
-0.00026030653363826
-4.284368472457791e-05
-7.672439111464297e-05
-8.741838894877314e-05
8.451381430289772e-05
0.0002534685273208619
0.00013262079689441462
5.3346269261044356e-05
-0.0002092733694436226
0.000228757774216191
0.00024557304304505435
-0.00017977268627423723
0.0002996320973705446
-0.00026168362004150747
-0.00011459302555490822
-2.9141043837399908e-05
4.692877491447331e-06
-7.4161244971118366e-06
-8.853689319459062e-05
-5.1571603092833524e-05
0.00021151451051997172
0.00024214406298862546
-7.647008098058173e-05
0.0001329431131855702
-0.0001223942810521087
0.00014212284491467594
-0.00014411657614457125
-7.255208730149576e-05
-1.1301913040846399e-05
0.00023938074054773807
-0.0001862736515995845
-0.00018459572888289557
-0.00021894289737013227
-5.88025582117273e-05
8.85181842479834e-05
0.0002417051240478023
0.0001160991073155753
-0.00019047378437087972
0.00015556657652317284
-0.00026999018444989
-1.2477493247140068e-05
-0.00010872825671668878
0.00016729807688550694
-3.08186183378223e-06
-0.0002454145936201398
0.00013328504790704348
2.7014559445483492e-05
0.00024173555246790728
0.00017721479936387091
