-0.00024162070937719182
-0.00014908408516570946
0.00014700555676215392
-3.2516943475567974e-05
-5.666911499088676e-05
0.00020119506572058207
0.00012959408765991022
0.0002894217847684931
9.22626364359215e-05
-0.00016181957338407257
-0.00022445468107417673
5.615006033269477e-05
-0.00021107837059082838
8.831800002676325e-05
-0.00012756886664654638
-9.67620501653139e-05
-0.00015992968230226976
-4.537839132966084e-05
0.0001102698049439596
2.394154501977468e-05
0.00024901199704206696
0.00014758764518785878
-0.00014568647072785027
-6.997114426922886e-05
-0.0002354556355936565
-0.0002201563786539995
-0.0002270054285066066
9.27727451210769e-05
-0.0002592236324672255
0.0002289378607890767
-1.57855242479945e-05
8.460351503068497e-05
-0.00029300367441944603
5.931983509873046e-05
-0.00020702337607163935
-9.472935022328526e-05
-0.00021489585300758955
0.0002415761444912262
2.158889531460198e-05
0.0002703963211325621
-0.00018700058817617047
0.0001604215355746028
-0.00024517958280414294
0.0002553052842379643
-0.00017015547556274585
-0.0002440535512636325
2.6279035082620277e-05
2.3843896196754674e-06
-2.5532877537374945e-05
0.0002290959307353233
4.0786693823747e-05
0.00022406121619969547
0.000216456686289592
-3.1961692877986324e-05
-0.00023188499451498888
1.281901311644333e-05
-0.00028857533632569414
-0.00026086972050114496
0.00013362919764202277
-0.00023020776907131896
-0.00022794552523865526
-0.00026719007473905224
-0.00015271516684168133
-0.000128196746820017
0.00015356844146676102
2.356489696555186e-05
-0.00016471716599451833
-6.748980370456037e-06
-0.00014934758664159054
0.0002673426402963624
4.854399199386006e-05
-2.0172273802168054e-06
-0.00026333847266120673
0.00018427480625832882
-0.000175555463498143
0.0002229472868439959
-0.00015099596471504162
-0.0002554552239618169
8.436648441023957e-05
0.0001523161713540804
-7.532804285176851e-07
0.00022793369126910466
-4.232744602037519e-05
0.000133768148111674
-5.5706756273532444e-05
-0.00016593472719581936
4.4341246275517e-05
-0.00027831713189506717
0.0001758848249777342
-7.648757258832642e-05
-8.584283663008095e-05
-0.0002370368267487724
8.541628262712081e-05
-4.769085795046959e-05
-0.00024563342057995144
8.587109726793953e-07
0.0002586303452758215
0.00023622071919453697
0.0002306925817453116
-0.00011829303954105674
