-1.1617774725150623e-05
-2.4967702478930355e-05
3.796884920703589e-05
3.7522900111447784e-05
7.15860125964317e-06
1.3647341747783928e-05
-4.123750941913219e-05
2.8071092932252825e-05
5.95181755672414e-06
2.6364597455872414e-05
-1.9008700699080117e-05
-4.0860244081663543e-05
-3.7862449669697566e-05
4.3801172814426035e-05
-3.4489051277221525e-05
-3.529966570864248e-05
2.1331937885994287e-05
1.953099677052875e-05
3.356442191313122e-05
-2.2134851771726917e-05
-1.3352654534062912e-05
-5.851645751012499e-08
4.054481889111726e-05
1.323339886345706e-06
6.0037127480189065e-06
2.8577070401473294e-05
3.586829774676318e-05
-1.109683846976083e-05
3.647534046360963e-05
3.0855273430061736e-05
4.930241118840994e-06
-7.290104771695307e-06
-1.1018753749124587e-05
4.371681930007602e-05
2.2182600584184305e-05
-2.7722235532185904e-05
4.1229254712542915e-05
4.3008785758144096e-05
-4.1575766220220234e-05
1.2297856151889348e-05
3.3516781074538444e-07
3.690254911603698e-05
-5.100334313590729e-06
4.104916301937788e-06
-4.281971808188303e-05
1.7948210162157647e-05
3.523777104095807e-05
3.8802009753098366e-07
-3.773792361630326e-05
-4.889091825133104e-05
1.4939402095342557e-05
4.1132172189771385e-05
-4.5434448162221966e-05
4.872995763293231e-05
-1.65979482587152e-05
-4.4395182755036735e-05
3.7146157323994733e-06
2.477586392042691e-05
-3.1247511617154547e-05
2.171829920835455e-05
4.679970528531674e-05
-1.5345966604331498e-05
-1.448326884685073e-05
-1.9244990346424416e-05
-2.4835511506377153e-05
-2.848385766179309e-05
1.4577010979166774e-06
-4.293929726130793e-05
-9.32306149349744e-06
-1.7520101627272714e-05
-3.288739699656653e-05
-2.2341996603453807e-05
4.681398823029983e-05
-3.640435727803605e-05
1.985597738674059e-05
-2.3222269542068263e-05
-4.208886475517525e-05
-4.845679449220506e-05
2.734106919721667e-05
-2.2807791853151606e-05
-1.6658448455391747e-06
1.858948904922931e-05
-3.939167223600578e-05
1.552695818625241e-05
-3.5862389819541545e-05
1.4234447364506625e-05
-2.098223095284918e-05
6.423162231823044e-06
-3.914977373181644e-05
-2.5820424400462927e-05
2.63710253546783e-06
-6.637030573055458e-06
3.4521104328728786e-05
-3.4449151008677495e-05
-4.553577635556672e-05
1.1206548778270975e-05
3.618897902694123e-05
-2.3036090848429614e-05
3.490850772175761e-05
4.722389827538793e-07
