0.00013528870148662173
-2.055522768720764e-05
0.00021651500932615017
-0.0002104377732445497
-4.629378713537488e-05
-0.0002569919429319589
-0.00023625177847717995
-0.0001048153961390407
-0.0001447741157125051
0.00013365238457120322
-4.454924300694205e-05
0.00018323127391907601
-0.0001721659033504237
0.00019558875857770842
-1.677572439063717e-05
0.00021615808540325498
-0.0002545159558644607
1.463488581278404e-06
2.112641153204889e-05
0.0001739629685626089
0.00017913599105689684
-9.066132140988646e-06
-0.00017933217386391218
-0.00012692260375922156
-0.00027487714630234337
-5.5265763106933255e-05
-0.00015639149938064252
-0.00020004936425172226
0.00021537274259563545
0.0002377576466760433
0.0002988085176931588
-0.00017557913957305234
-0.00029748534420317047
0.00013676939352653999
-0.00027558003527892083
0.00013712617526583331
-0.00015816518020453328
0.00014642146004550748
0.00014322403940994672
0.0002063798882786842
0.00027900276861639995
0.00019881455348167392
-3.4832968772538964e-05
-3.286696388467991e-05
-0.000119627513477379
1.8099375632291918e-05
0.00017685140208246276
0.0002601052912253159
0.0002878544982896488
-0.00018546057441949304
0.00013641186005362155
0.00018135566535789542
0.00025150340349339514
0.00019715609374106898
8.814137907587824e-05
-1.9785518719397488e-05
0.0001258306862877679
7.021639037451869e-05
9.879087227267702e-05
-0.0002811470182199828
0.00029588233342216767
-9.828970198890309e-05
0.00019315127356697514
0.00013676841590462032
7.25182428690333e-06
0.00024503679590937656
0.0002605040384010378
-4.35412705496245e-06
4.5722965885519184e-05
-0.00020091428009852237
-0.0001658867920068274
8.821597326204604e-05
-0.00011319890429066412
8.99195547962152e-05
0.0001121798916781351
0.00017685072991898896
-0.00018895994570691598
6.406755800122775e-05
0.0001346482107829041
0.00015649115119476404
0.00020330984193501486
0.00015949011611630551
-1.9682571592468377e-05
0.00027513594370707936
0.0002362560099773697
4.1877081316033286e-06
0.000276862168018911
0.0001954412642177742
-2.7346499677866933e-05
-0.00017591288992652155
-0.00026375575786259463
0.00010824028934715318
-0.000162128261728894
0.00022555870859768812
0.00013341283203879232
7.04203761204118e-05
-0.0001350969218848943
-8.794023520482038e-05
6.1454975122384e-05
0.00018663891003166465
