2.9956458144654974e-05
-1.4133090506710113e-05
2.9878006480153038e-05
-4.071461480628359e-05
-1.5211689522026594e-06
-5.485614665761959e-06
-4.445986339809609e-05
-4.222398476436862e-05
5.107917139591754e-06
4.604632300105947e-05
-3.72763032130261e-05
-1.5930211932512838e-05
-7.565733536950426e-06
1.3787057321657216e-05
1.7193171575961856e-05
-1.780838311877183e-05
-3.357463808088863e-05
-3.0910229749043263e-05
1.0556961837818727e-05
-1.6555802080152174e-05
-4.717667975528483e-05
1.594682428222835e-05
2.8517775093963044e-05
-1.852298672918831e-05
1.1956787250809645e-06
-1.5848139792900896e-05
-2.148060297149308e-05
4.5940434060924855e-06
4.71376582453588e-05
4.9159060683367675e-05
3.256167873983518e-05
6.099194303297759e-06
-6.368836013226607e-06
-2.8425542421436424e-05
3.612923362215508e-05
-3.3996117272204796e-05
3.928511124445925e-05
6.025153500153259e-06
2.9156224963603345e-06
-4.8020087629069465e-05
3.1026849437021635e-05
-1.1038656621080355e-05
-6.178868862341091e-06
4.550319386107011e-05
-4.656533579082426e-05
-4.260199638836294e-05
2.0259295171053022e-05
-1.0857262214294116e-05
-4.363482822731473e-05
-1.241159526322415e-05
4.784290223517582e-06
1.4976343552612025e-05
3.1314699749059544e-05
-2.9979549573971376e-05
-3.8007921738133943e-06
1.3432598538483881e-05
-1.126960146632848e-05
4.7856782131447014e-05
-4.958024292018253e-05
-2.9344443766485973e-05
1.505365665320608e-05
-2.6878447155287633e-06
4.098225064885753e-05
-2.9733389894682395e-05
4.3593208272581426e-05
1.8278760880131846e-05
3.413749950349173e-05
1.3606112597817908e-05
-5.581835008587319e-06
1.7285868719516842e-05
4.736061759037661e-05
-2.2231039756587157e-05
-2.9083113651140015e-05
-1.681344590107796e-05
2.0731270643131938e-05
-3.353050388086474e-05
2.2085894608786203e-05
2.6961127408594534e-05
-3.70624434822844e-05
4.648912550821543e-07
-4.17865069768568e-05
2.6532220470423367e-06
-4.4770077899522275e-06
-3.8301002554270724e-05
-2.60670940861516e-05
4.947931821481814e-05
-4.133667092429524e-05
-1.214459067486595e-05
-4.870009426454105e-05
4.4168259189494514e-05
4.301763915252776e-06
-1.86581686485658e-05
7.39602984943348e-06
-4.120220854330017e-05
1.2178691129676205e-05
-6.729710433593853e-06
1.5076868353431433e-05
1.0585006207034799e-05
3.190027187882677e-05
-9.086974143124646e-06
