-7.899139036946211e-05
8.848738846386383e-05
-0.0002646170151801221
7.951681543424098e-05
-0.0002326679357125992
0.00013014429888924615
-7.237471457197816e-05
0.00023597058259664975
0.0001183390206891891
5.415584581798885e-05
-0.0002909517429001527
0.0002276663511198783
-1.6755089077729972e-05
-0.00011102264069296625
-0.00020014623815899828
0.00016686192330665105
0.00015923506751475033
0.00027737198172785965
-2.934152354995231e-05
-9.236184994100045e-05
-0.00017594374683066393
-0.00014523388058033837
0.0002524071293241923
3.654243637000684e-05
0.0001780298628590584
-0.00021975369934825083
-0.0001650150111429388
0.00025678081088744185
0.00021059291033812515
-0.00026942000530355467
-0.00013946872143740202
-0.0001667378510566825
0.00024938664390759753
5.175282054428081e-05
4.484976134121204e-05
-0.0002758998638319045
-0.00022250718475660963
0.00013929406882343413
-1.01864660465827e-05
0.00016794783619155106
0.0001996708839638786
-6.70818482125528e-05
0.0002830472824117923
0.00010006351309934741
-0.0002509886042183389
-4.180083960058528e-06
-0.00020750249435685217
0.00027349774516966023
-0.0002887015296935503
-0.0002700426219980244
0.00016157003350615134
0.0002720520731230893
0.000152338613833316
0.00012459341044372734
0.0002827758093025409
-0.00010436696927657973
4.631690754192499e-05
0.00018085064915157568
0.0002949653580264832
0.00022263118536016145
0.00021122383669926924
8.242808561454432e-05
0.00018438890459971638
3.368291116439675e-05
0.00014707084645028715
0.00016557025653655852
8.486794798997566e-05
-0.0001698745785442182
9.649157145781356e-05
9.064515319335046e-05
-0.00020266297327675757
-0.00023074038570993887
6.675712491354096e-06
-1.959590917386528e-06
0.0002680120255084375
-0.00013302395186628202
0.00012280540248012196
-0.00016203506839784128
1.6825452995089128e-05
0.000266798493143105
4.645642354113061e-05
-1.8996435707124316e-07
0.0001629900167560222
-0.00018761170488010274
9.17163780506363e-06
-0.0002737592214969474
-0.00021065473477842875
0.0001222214072453388
0.0002943587124978251
0.00016126103949581672
0.00022395537187819547
-6.577125176572519e-06
-0.00010062159170775144
3.942145305907955e-05
-8.00676423636728e-05
0.00020295049264832532
-0.0002134686331536363
4.0515334303235404e-05
0.00021250704297394392
-0.0001970053674834036
