-0.00028056816521563347
-0.00014108501095553134
-0.00022186619644348543
-0.00017939986998569748
-0.00017995351956739714
-0.00016091638120894222
0.00011056070393740744
-0.0001380476641977901
0.00025908924352477993
-5.095298158589687e-05
6.711655155504262e-05
-0.00024772469451657327
-0.00018826468883002348
-5.751345892704017e-05
-0.00019394099729346223
3.654959957783002e-05
0.00023186311479920927
-0.00016618692881261886
-5.2818279698233915e-05
-8.324417464346224e-06
0.0002942142551032734
0.00010797773331108025
0.00010791873634449615
-0.00010978025177166547
-8.234885985223319e-05
8.666983197296068e-05
5.01245817527165e-05
4.170253797982764e-05
-0.0002594491874794799
-8.18890397123976e-05
0.00012047086441460572
0.00012080751841831019
-9.130482655901538e-05
7.287292087075755e-05
-0.00013936713218960886
0.00022936768930130854
-0.00012207323895934886
0.00025724267961785074
0.00014157383949044432
-0.00024523434864562197
-0.0002916837626499365
5.0937998330954774e-05
-0.000165381880745954
-0.0001843964674665621
6.698193374273057e-05
-0.00018040805642172706
-6.589955610146667e-05
0.00028967648247661036
-0.00016108334750771633
-0.00027158949834740537
-0.0002674711091220682
5.753953742815477e-05
-8.115042793265157e-05
-0.00015976202840072663
-0.0002262558388877207
-0.00019503247438339968
9.990939395815957e-05
-0.00029188604866632443
0.0002524017545398265
-1.721052430588184e-05
0.00019673569253711708
-0.0002661363494713523
-7.852863893567508e-05
-3.979603373986841e-05
0.00018264498182364385
9.032276798983497e-05
8.386080000574562e-05
-0.0002389464223021837
3.568634289803738e-05
0.0001766579355332439
0.00012505426801466183
0.00023965084499355435
-2.2408927709231016e-05
-0.00019966739116025056
-0.00021108165056166168
-1.508687505075596e-05
0.0001931065583473804
-4.797140995080215e-05
-0.00025031289864658367
0.00015743630845356532
-0.000240495714090372
0.00022542030065433757
5.752063995892291e-05
0.0002995761109500097
-0.00026904661838107367
-0.00019607143469766198
-0.00020343563981444277
-0.00011407823011945768
6.426629081630929e-05
0.0002217518325568233
-0.00021264803772152023
0.00011997907834286457
3.7076172613615874e-05
-0.00015544660233151588
5.6181678750980805e-05
-7.624828101916685e-05
-9.226608589572253e-05
0.00022526910036287285
6.504318892552093e-05
0.00013028461163315823
