8.927244886837714e-05
-0.0001106388122109383
0.000253199737846624
0.0001804720488573864
-5.599326959227554e-06
-9.948312571070089e-05
2.9095804015838314e-05
-0.00013290465850502187
-0.00019932861289554917
-0.0002676718976894946
1.7087455048763042e-05
4.48900179368366e-05
-0.00022863845421200324
0.00023598568815219378
9.144075700186032e-05
-4.883540767859428e-05
1.2925671809425475e-05
-0.0002609185048553796
-9.060128785651057e-05
-0.00023322677622985744
-0.0002672738290487801
0.00027949181149002376
6.690472705886131e-05
-0.0002375802139971504
0.0002658502632346496
-0.00015628786086988752
-5.984305371324307e-05
-0.00020891821146072634
-3.1568118634935256e-05
-0.00010523521565717047
3.1196634988785393e-05
-0.00011949974792599096
5.250087862577926e-05
-0.00025371879281820627
-6.849385934188366e-05
0.0001449842284659957
-8.152318457166219e-05
-0.00020374846601673124
0.0001171541665591841
5.838207844085998e-06
-3.3806956516496645e-05
-4.202599673696738e-05
-0.00012645352789220435
0.0002683975791149897
-0.00016395322606668232
1.6168090698260966e-05
0.00027230056923328085
0.00018268145045922685
-0.00018439247361235915
-0.00028717187811378277
-0.00013942004561751052
0.00028533101178326994
-6.07843025664824e-05
-7.801790464750827e-06
0.00028610986988841135
0.0001835412406679084
0.0002033130628376994
-0.00015259628301431946
-8.805378203949834e-05
-0.00021508260450497343
-0.0001043839390975634
-0.00029051460165187705
-9.316026055441776e-05
8.513212200286563e-05
9.832954099474068e-05
0.0002628890369558799
-0.0001703441624004234
9.895190780185605e-05
0.00014954937822268474
0.00021293756382349235
-0.0002814831602323112
-2.1726781291118622e-05
0.00018132168883749564
-0.00028887202399183664
0.00011769173949843884
-0.00017547971512253563
0.0002843555717664745
1.9076964409511538e-05
-2.2991024662321702e-05
0.00021465661877394482
-7.975461583158017e-05
-0.00015823165119376452
0.00022465640407976075
-0.00022449703293225048
0.0002630466040270867
-6.895824637838919e-05
9.811991996990524e-05
0.0001963441255835913
0.0001748711084432726
0.0001755628815633671
-3.5378089006381285e-05
0.00020678151274562364
-0.00024037148289994146
0.00013686206933813058
-0.0002488956660149706
-0.00011520166470893034
0.00028802758996679384
0.00023900516047905006
0.0002866199847641723
-0.00012850819076173168
