     Energy         Kx              Ky       F.Density    GA.Brill.       Flux  Tot.Power  Nat.Size  Nat.Div.    Size.x    Size.y     Div.x     Div.y   Coh.Flux  Coh.Power   CohFrac.x   CohFrac.y
         eV          -               -  ph/s/mr^2/0.1%  F.Dens/mm^2  ph/s/0.1%         kW         m       rad         m         m       rad       rad  ph/s/0.1%          W           -           -
1.35662e+04  5.000e-01       3.062e-17       2.650e+11    6.433e+14  1.355e+08  1.312e-01 2.339e-06 3.110e-06 1.867e-05 3.512e-06 9.810e-06 8.294e-06  1.343e+06  2.668e-10  3.9705e-02  2.4970e-01
1.34196e+04  5.240e-01       3.209e-17       5.462e+11    1.323e+15  2.818e+08  1.441e-01 2.351e-06 3.127e-06 1.867e-05 3.520e-06 9.848e-06 8.339e-06  2.822e+06  5.606e-10  3.9981e-02  2.5047e-01
1.32695e+04  5.480e-01       3.356e-17       1.079e+12    2.606e+15  5.621e+08  1.576e-01 2.365e-06 3.144e-06 1.867e-05 3.529e-06 9.888e-06 8.385e-06  5.688e+06  1.130e-09  4.0268e-02  2.5126e-01
1.31163e+04  5.720e-01       3.502e-17       2.050e+12    4.938e+15  1.079e+09  1.717e-01 2.378e-06 3.163e-06 1.868e-05 3.538e-06 9.929e-06 8.434e-06  1.103e+07  2.191e-09  4.0566e-02  2.5207e-01
1.29601e+04  5.960e-01       3.649e-17       3.757e+12    9.024e+15  1.997e+09  1.864e-01 2.393e-06 3.182e-06 1.868e-05 3.548e-06 9.972e-06 8.484e-06  2.065e+07  4.101e-09  4.0875e-02  2.5291e-01
1.28015e+04  6.200e-01       3.796e-17       6.660e+12    1.595e+16  3.578e+09  2.017e-01 2.407e-06 3.201e-06 1.868e-05 3.558e-06 1.002e-05 8.536e-06  3.740e+07  7.430e-09  4.1195e-02  2.5377e-01
1.26407e+04  6.440e-01       3.943e-17       1.145e+13    2.733e+16  6.216e+09  2.177e-01 2.423e-06 3.222e-06 1.868e-05 3.568e-06 1.006e-05 8.590e-06  6.573e+07  1.306e-08  4.1524e-02  2.5465e-01
1.24780e+04  6.680e-01       4.090e-17       1.911e+13    4.549e+16  1.049e+10  2.342e-01 2.438e-06 3.243e-06 1.868e-05 3.579e-06 1.011e-05 8.645e-06  1.123e+08  2.230e-08  4.1864e-02  2.5555e-01
1.23137e+04  6.920e-01       4.237e-17       3.106e+13    7.369e+16  1.725e+10  2.513e-01 2.455e-06 3.264e-06 1.869e-05 3.590e-06 1.016e-05 8.702e-06  1.868e+08  3.710e-08  4.2214e-02  2.5647e-01
1.21481e+04  7.160e-01       4.384e-17       4.922e+13    1.164e+17  2.766e+10  2.691e-01 2.471e-06 3.286e-06 1.869e-05 3.601e-06 1.021e-05 8.761e-06  3.031e+08  6.021e-08  4.2574e-02  2.5741e-01
1.19815e+04  7.400e-01       4.531e-17       7.618e+13    1.795e+17  4.332e+10  2.874e-01 2.488e-06 3.309e-06 1.869e-05 3.613e-06 1.026e-05 8.821e-06  4.806e+08  9.548e-08  4.2943e-02  2.5836e-01
1.18141e+04  7.640e-01       4.678e-17       1.153e+14    2.709e+17  6.638e+10  3.063e-01 2.506e-06 3.332e-06 1.869e-05 3.625e-06 1.031e-05 8.883e-06  7.458e+08  1.481e-07  4.3321e-02  2.5933e-01
1.16462e+04  7.880e-01       4.825e-17       1.710e+14    4.001e+17  9.964e+10  3.259e-01 2.524e-06 3.356e-06 1.870e-05 3.638e-06 1.037e-05 8.946e-06  1.134e+09  2.252e-07  4.3709e-02  2.6031e-01
1.14780e+04  8.120e-01       4.972e-17       2.485e+14    5.795e+17  1.467e+11  3.460e-01 2.542e-06 3.381e-06 1.870e-05 3.651e-06 1.042e-05 9.011e-06  1.691e+09  3.358e-07  4.4105e-02  2.6131e-01
1.13098e+04  8.360e-01       5.119e-17       3.547e+14    8.239e+17  2.120e+11  3.668e-01 2.561e-06 3.406e-06 1.870e-05 3.664e-06 1.048e-05 9.077e-06  2.475e+09  4.917e-07  4.4510e-02  2.6231e-01
1.11418e+04  8.600e-01       5.266e-17       4.974e+14    1.151e+18  3.012e+11  3.882e-01 2.581e-06 3.432e-06 1.870e-05 3.677e-06 1.054e-05 9.145e-06  3.563e+09  7.078e-07  4.4923e-02  2.6333e-01
1.09741e+04  8.840e-01       5.413e-17       6.860e+14    1.581e+18  4.210e+11  4.101e-01 2.600e-06 3.458e-06 1.871e-05 3.691e-06 1.060e-05 9.214e-06  5.046e+09  1.002e-06  4.5345e-02  2.6435e-01
1.08070e+04  9.080e-01       5.560e-17       9.316e+14    2.139e+18  5.794e+11  4.327e-01 2.620e-06 3.484e-06 1.871e-05 3.705e-06 1.066e-05 9.285e-06  7.038e+09  1.398e-06  4.5774e-02  2.6539e-01
1.06406e+04  9.320e-01       5.707e-17       1.247e+15    2.850e+18  7.858e+11  4.559e-01 2.641e-06 3.511e-06 1.871e-05 3.720e-06 1.072e-05 9.356e-06  9.675e+09  1.922e-06  4.6212e-02  2.6643e-01
1.04752e+04  9.560e-01       5.854e-17       1.645e+15    3.745e+18  1.051e+12  4.797e-01 2.661e-06 3.539e-06 1.871e-05 3.734e-06 1.079e-05 9.429e-06  1.312e+10  2.606e-06  4.6657e-02  2.6748e-01
1.03108e+04  9.800e-01       6.001e-17       2.141e+15    4.856e+18  1.388e+12  5.040e-01 2.683e-06 3.567e-06 1.872e-05 3.749e-06 1.085e-05 9.504e-06  1.755e+10  3.487e-06  4.7109e-02  2.6853e-01
1.01475e+04  1.004e+00       6.148e-17       2.753e+15    6.217e+18  1.809e+12  5.290e-01 2.704e-06 3.596e-06 1.872e-05 3.765e-06 1.092e-05 9.579e-06  2.320e+10  4.609e-06  4.7568e-02  2.6959e-01
9.98564e+03  1.028e+00       6.295e-17       3.498e+15    7.865e+18  2.331e+12  5.546e-01 2.726e-06 3.625e-06 1.872e-05 3.781e-06 1.099e-05 9.656e-06  3.031e+10  6.021e-06  4.8034e-02  2.7065e-01
9.82519e+03  1.052e+00       6.442e-17       4.394e+15    9.835e+18  2.971e+12  5.808e-01 2.748e-06 3.654e-06 1.873e-05 3.797e-06 1.105e-05 9.734e-06  3.915e+10  7.778e-06  4.8507e-02  2.7171e-01
9.66628e+03  1.076e+00       6.589e-17       5.460e+15    1.217e+19  3.745e+12  6.076e-01 2.771e-06 3.684e-06 1.873e-05 3.813e-06 1.112e-05 9.814e-06  5.005e+10  9.941e-06  4.8987e-02  2.7278e-01
9.50902e+03  1.100e+00       6.736e-17       6.716e+15    1.490e+19  4.674e+12  6.350e-01 2.793e-06 3.714e-06 1.873e-05 3.830e-06 1.120e-05 9.894e-06  6.332e+10  1.258e-05  4.9472e-02  2.7385e-01
9.35349e+03  1.124e+00       6.883e-17       8.180e+15    1.806e+19  5.777e+12  6.631e-01 2.816e-06 3.745e-06 1.874e-05 3.846e-06 1.127e-05 9.975e-06  7.935e+10  1.576e-05  4.9964e-02  2.7492e-01
9.19977e+03  1.148e+00       7.029e-17       9.872e+15    2.170e+19  7.075e+12  6.917e-01 2.840e-06 3.776e-06 1.874e-05 3.864e-06 1.134e-05 1.006e-05  9.853e+10  1.957e-05  5.0462e-02  2.7598e-01
9.04793e+03  1.172e+00       7.176e-17       1.181e+16    2.584e+19  8.590e+12  7.209e-01 2.864e-06 3.808e-06 1.874e-05 3.881e-06 1.141e-05 1.014e-05  1.213e+11  2.409e-05  5.0966e-02  2.7705e-01
8.89803e+03  1.196e+00       7.323e-17       1.401e+16    3.050e+19  1.034e+13  7.507e-01 2.888e-06 3.840e-06 1.875e-05 3.899e-06 1.149e-05 1.023e-05  1.481e+11  2.941e-05  5.1475e-02  2.7812e-01
8.75013e+03  1.220e+00       7.470e-17       1.649e+16    3.573e+19  1.236e+13  7.812e-01 2.912e-06 3.872e-06 1.875e-05 3.917e-06 1.157e-05 1.031e-05  1.793e+11  3.562e-05  5.1984e-02  2.7914e-01
8.60427e+03  1.244e+00       7.617e-17       1.926e+16    4.152e+19  1.465e+13  8.122e-01 2.937e-06 3.905e-06 1.876e-05 3.935e-06 1.164e-05 1.040e-05  2.155e+11  4.282e-05  5.2504e-02  2.8020e-01
8.46049e+03  1.268e+00       7.764e-17       2.233e+16    4.791e+19  1.725e+13  8.438e-01 2.961e-06 3.938e-06 1.876e-05 3.954e-06 1.172e-05 1.049e-05  2.572e+11  5.110e-05  5.3029e-02  2.8125e-01
8.31882e+03  1.292e+00       7.911e-17       2.571e+16    5.490e+19  2.016e+13  8.761e-01 2.986e-06 3.971e-06 1.876e-05 3.973e-06 1.180e-05 1.058e-05  3.049e+11  6.056e-05  5.3558e-02  2.8231e-01
8.17929e+03  1.316e+00       8.058e-17       2.941e+16    6.248e+19  2.342e+13  9.089e-01 3.012e-06 4.005e-06 1.877e-05 3.992e-06 1.188e-05 1.066e-05  3.589e+11  7.130e-05  5.4093e-02  2.8335e-01
8.04193e+03  1.340e+00       8.205e-17       3.344e+16    7.068e+19  2.703e+13  9.424e-01 3.037e-06 4.039e-06 1.877e-05 4.011e-06 1.196e-05 1.076e-05  4.200e+11  8.343e-05  5.4632e-02  2.8440e-01
7.90674e+03  1.364e+00       8.352e-17       3.778e+16    7.946e+19  3.101e+13  9.764e-01 3.063e-06 4.074e-06 1.878e-05 4.031e-06 1.205e-05 1.085e-05  4.885e+11  9.703e-05  5.5176e-02  2.8543e-01
7.77374e+03  1.388e+00       8.499e-17       4.245e+16    8.882e+19  3.539e+13  1.011e+00 3.089e-06 4.108e-06 1.878e-05 4.051e-06 1.213e-05 1.094e-05  5.649e+11  1.122e-04  5.5724e-02  2.8646e-01
7.64294e+03  1.412e+00       8.646e-17       4.744e+16    9.875e+19  4.016e+13  1.046e+00 3.116e-06 4.143e-06 1.878e-05 4.071e-06 1.221e-05 1.103e-05  6.497e+11  1.291e-04  5.6276e-02  2.8749e-01
7.51433e+03  1.436e+00       8.793e-17       5.275e+16    1.092e+20  4.533e+13  1.082e+00 3.142e-06 4.179e-06 1.879e-05 4.091e-06 1.230e-05 1.112e-05  7.433e+11  1.477e-04  5.6832e-02  2.8851e-01
7.38792e+03  1.460e+00       8.940e-17       5.835e+16    1.202e+20  5.093e+13  1.119e+00 3.169e-06 4.214e-06 1.879e-05 4.112e-06 1.238e-05 1.122e-05  8.462e+11  1.681e-04  5.7392e-02  2.8952e-01
7.26371e+03  1.484e+00       9.087e-17       6.425e+16    1.316e+20  5.694e+13  1.156e+00 3.196e-06 4.250e-06 1.880e-05 4.132e-06 1.247e-05 1.131e-05  9.588e+11  1.905e-04  5.7956e-02  2.9053e-01
7.14167e+03  1.508e+00       9.234e-17       7.042e+16    1.435e+20  6.338e+13  1.193e+00 3.223e-06 4.286e-06 1.880e-05 4.154e-06 1.255e-05 1.141e-05  1.081e+12  2.148e-04  5.8523e-02  2.9152e-01
7.02180e+03  1.532e+00       9.381e-17       7.686e+16    1.558e+20  7.025e+13  1.232e+00 3.251e-06 4.323e-06 1.881e-05 4.175e-06 1.264e-05 1.151e-05  1.214e+12  2.412e-04  5.9094e-02  2.9251e-01
6.90410e+03  1.556e+00       9.528e-17       8.354e+16    1.684e+20  7.754e+13  1.271e+00 3.278e-06 4.359e-06 1.881e-05 4.196e-06 1.273e-05 1.160e-05  1.358e+12  2.697e-04  5.9669e-02  2.9349e-01
6.78853e+03  1.580e+00       9.675e-17       9.044e+16    1.814e+20  8.525e+13  1.310e+00 3.306e-06 4.396e-06 1.882e-05 4.218e-06 1.282e-05 1.170e-05  1.512e+12  3.004e-04  6.0246e-02  2.9447e-01
6.67509e+03  1.604e+00       9.822e-17       9.756e+16    1.946e+20  9.338e+13  1.350e+00 3.334e-06 4.433e-06 1.882e-05 4.240e-06 1.291e-05 1.180e-05  1.678e+12  3.333e-04  6.0827e-02  2.9543e-01
6.56375e+03  1.628e+00       9.969e-17       1.049e+17    2.080e+20  1.019e+14  1.391e+00 3.362e-06 4.471e-06 1.883e-05 4.262e-06 1.300e-05 1.190e-05  1.855e+12  3.685e-04  6.1411e-02  2.9639e-01
6.45449e+03  1.652e+00       1.012e-16       1.123e+17    2.215e+20  1.109e+14  1.432e+00 3.390e-06 4.509e-06 1.883e-05 4.285e-06 1.309e-05 1.200e-05  2.043e+12  4.059e-04  6.1997e-02  2.9733e-01
6.34729e+03  1.676e+00       1.026e-16       1.199e+17    2.352e+20  1.202e+14  1.474e+00 3.419e-06 4.546e-06 1.884e-05 4.307e-06 1.318e-05 1.210e-05  2.244e+12  4.457e-04  6.2586e-02  2.9827e-01
6.24212e+03  1.700e+00       1.041e-16       1.276e+17    2.489e+20  1.299e+14  1.517e+00 3.448e-06 4.585e-06 1.884e-05 4.330e-06 1.328e-05 1.220e-05  2.455e+12  4.877e-04  6.3179e-02  2.9920e-01
