     Energy         Kx              Ky       F.Density    GA.Brill.       Flux  Tot.Power  Nat.Size  Nat.Div.    Size.x    Size.y     Div.x     Div.y   Coh.Flux  Coh.Power   CohFrac.x   CohFrac.y
         eV          -               -  ph/s/mr^2/0.1%  F.Dens/mm^2  ph/s/0.1%         kW         m       rad         m         m       rad       rad  ph/s/0.1%          W           -           -
4.52207e+03  0.000e+00       5.000e-01       2.193e+16    3.816e+19  1.226e+13  1.312e-01 4.051e-06 5.386e-06 1.896e-05 4.824e-06 1.019e-05 8.736e-06  7.172e+11  1.425e-04  1.1296e-01  5.1774e-01
4.44416e+03  0.000e+00       5.380e-01       3.138e+16    5.425e+19  1.781e+13  1.519e-01 4.086e-06 5.433e-06 1.897e-05 4.854e-06 1.025e-05 8.812e-06  1.056e+12  2.097e-04  1.1416e-01  5.1909e-01
4.36348e+03  0.000e+00       5.760e-01       4.338e+16    7.447e+19  2.501e+13  1.741e-01 4.124e-06 5.483e-06 1.898e-05 4.885e-06 1.032e-05 8.892e-06  1.503e+12  2.986e-04  1.1544e-01  5.2051e-01
4.28047e+03  0.000e+00       6.140e-01       5.816e+16    9.912e+19  3.410e+13  1.979e-01 4.163e-06 5.536e-06 1.899e-05 4.919e-06 1.039e-05 8.977e-06  2.079e+12  4.130e-04  1.1680e-01  5.2197e-01
4.19555e+03  0.000e+00       6.520e-01       7.590e+16    1.284e+20  4.528e+13  2.231e-01 4.205e-06 5.592e-06 1.900e-05 4.955e-06 1.047e-05 9.067e-06  2.802e+12  5.567e-04  1.1822e-01  5.2349e-01
4.10914e+03  0.000e+00       6.900e-01       9.668e+16    1.622e+20  5.873e+13  2.499e-01 4.249e-06 5.651e-06 1.901e-05 4.992e-06 1.055e-05 9.161e-06  3.692e+12  7.333e-04  1.1971e-01  5.2504e-01
4.02163e+03  0.000e+00       7.280e-01       1.205e+17    2.005e+20  7.459e+13  2.782e-01 4.295e-06 5.712e-06 1.902e-05 5.031e-06 1.064e-05 9.260e-06  4.764e+12  9.463e-04  1.2127e-01  5.2663e-01
3.93336e+03  0.000e+00       7.660e-01       1.473e+17    2.429e+20  9.295e+13  3.079e-01 4.343e-06 5.775e-06 1.903e-05 5.072e-06 1.073e-05 9.362e-06  6.034e+12  1.199e-03  1.2289e-01  5.2824e-01
3.84469e+03  0.000e+00       8.040e-01       1.768e+17    2.891e+20  1.139e+14  3.393e-01 4.393e-06 5.842e-06 1.904e-05 5.115e-06 1.082e-05 9.469e-06  7.515e+12  1.493e-03  1.2456e-01  5.2988e-01
3.75592e+03  0.000e+00       8.420e-01       2.089e+17    3.384e+20  1.373e+14  3.721e-01 4.445e-06 5.910e-06 1.905e-05 5.159e-06 1.092e-05 9.579e-06  9.217e+12  1.831e-03  1.2630e-01  5.3153e-01
3.66733e+03  0.000e+00       8.800e-01       2.432e+17    3.902e+20  1.632e+14  4.064e-01 4.498e-06 5.981e-06 1.906e-05 5.205e-06 1.102e-05 9.693e-06  1.115e+13  2.215e-03  1.2808e-01  5.3320e-01
3.57919e+03  0.000e+00       9.180e-01       2.794e+17    4.438e+20  1.916e+14  4.423e-01 4.553e-06 6.054e-06 1.908e-05 5.253e-06 1.112e-05 9.811e-06  1.331e+13  2.645e-03  1.2993e-01  5.3487e-01
3.49172e+03  0.000e+00       9.560e-01       3.170e+17    4.985e+20  2.222e+14  4.797e-01 4.610e-06 6.130e-06 1.909e-05 5.302e-06 1.123e-05 9.933e-06  1.571e+13  3.122e-03  1.3181e-01  5.3655e-01
3.40513e+03  0.000e+00       9.940e-01       3.557e+17    5.536e+20  2.549e+14  5.185e-01 4.668e-06 6.207e-06 1.910e-05 5.353e-06 1.134e-05 1.006e-05  1.835e+13  3.645e-03  1.3375e-01  5.3822e-01
3.31960e+03  0.000e+00       1.032e+00       3.950e+17    6.083e+20  2.895e+14  5.590e-01 4.728e-06 6.287e-06 1.912e-05 5.405e-06 1.145e-05 1.019e-05  2.122e+13  4.214e-03  1.3573e-01  5.3989e-01
3.23529e+03  0.000e+00       1.070e+00       4.344e+17    6.620e+20  3.258e+14  6.009e-01 4.789e-06 6.368e-06 1.913e-05 5.459e-06 1.157e-05 1.032e-05  2.431e+13  4.828e-03  1.3775e-01  5.4155e-01
3.15233e+03  0.000e+00       1.108e+00       4.737e+17    7.140e+20  3.636e+14  6.443e-01 4.851e-06 6.451e-06 1.915e-05 5.514e-06 1.169e-05 1.045e-05  2.761e+13  5.485e-03  1.3982e-01  5.4320e-01
3.07084e+03  0.000e+00       1.146e+00       5.123e+17    7.639e+20  4.026e+14  6.893e-01 4.915e-06 6.536e-06 1.917e-05 5.570e-06 1.181e-05 1.059e-05  3.113e+13  6.184e-03  1.4192e-01  5.4483e-01
2.99091e+03  0.000e+00       1.184e+00       5.501e+17    8.110e+20  4.426e+14  7.357e-01 4.981e-06 6.623e-06 1.918e-05 5.628e-06 1.194e-05 1.073e-05  3.484e+13  6.921e-03  1.4405e-01  5.4644e-01
2.91263e+03  0.000e+00       1.222e+00       5.866e+17    8.551e+20  4.834e+14  7.837e-01 5.047e-06 6.712e-06 1.920e-05 5.687e-06 1.207e-05 1.087e-05  3.874e+13  7.695e-03  1.4622e-01  5.4804e-01
2.83606e+03  0.000e+00       1.260e+00       6.216e+17    8.958e+20  5.247e+14  8.332e-01 5.115e-06 6.802e-06 1.922e-05 5.747e-06 1.220e-05 1.101e-05  4.280e+13  8.502e-03  1.4842e-01  5.4962e-01
2.76125e+03  0.000e+00       1.298e+00       6.549e+17    9.329e+20  5.663e+14  8.842e-01 5.184e-06 6.893e-06 1.924e-05 5.808e-06 1.233e-05 1.116e-05  4.702e+13  9.341e-03  1.5065e-01  5.5117e-01
2.68822e+03  0.000e+00       1.336e+00       6.863e+17    9.663e+20  6.081e+14  9.368e-01 5.254e-06 6.986e-06 1.925e-05 5.871e-06 1.247e-05 1.131e-05  5.139e+13  1.021e-02  1.5291e-01  5.5269e-01
2.61702e+03  0.000e+00       1.374e+00       7.157e+17    9.959e+20  6.498e+14  9.908e-01 5.325e-06 7.080e-06 1.927e-05 5.934e-06 1.260e-05 1.146e-05  5.588e+13  1.110e-02  1.5519e-01  5.5420e-01
2.54765e+03  0.000e+00       1.412e+00       7.429e+17    1.022e+21  6.912e+14  1.046e+00 5.397e-06 7.176e-06 1.929e-05 5.999e-06 1.274e-05 1.162e-05  6.049e+13  1.202e-02  1.5749e-01  5.5567e-01
2.48011e+03  0.000e+00       1.450e+00       7.680e+17    1.043e+21  7.322e+14  1.103e+00 5.470e-06 7.273e-06 1.931e-05 6.065e-06 1.289e-05 1.177e-05  6.519e+13  1.295e-02  1.5982e-01  5.5712e-01
2.41440e+03  0.000e+00       1.488e+00       7.908e+17    1.062e+21  7.727e+14  1.162e+00 5.544e-06 7.372e-06 1.934e-05 6.131e-06 1.303e-05 1.193e-05  6.999e+13  1.390e-02  1.6217e-01  5.5854e-01
2.35052e+03  0.000e+00       1.526e+00       8.114e+17    1.076e+21  8.128e+14  1.222e+00 5.618e-06 7.471e-06 1.936e-05 6.199e-06 1.318e-05 1.210e-05  7.486e+13  1.487e-02  1.6451e-01  5.5982e-01
2.28845e+03  0.000e+00       1.564e+00       8.298e+17    1.087e+21  8.519e+14  1.284e+00 5.694e-06 7.572e-06 1.938e-05 6.268e-06 1.333e-05 1.226e-05  7.979e+13  1.585e-02  1.6689e-01  5.6117e-01
2.22815e+03  0.000e+00       1.602e+00       8.460e+17    1.095e+21  8.902e+14  1.347e+00 5.771e-06 7.674e-06 1.940e-05 6.337e-06 1.348e-05 1.242e-05  8.477e+13  1.684e-02  1.6929e-01  5.6250e-01
2.16962e+03  0.000e+00       1.640e+00       8.601e+17    1.100e+21  9.275e+14  1.412e+00 5.848e-06 7.776e-06 1.943e-05 6.408e-06 1.363e-05 1.259e-05  8.978e+13  1.784e-02  1.7170e-01  5.6380e-01
2.11282e+03  0.000e+00       1.678e+00       8.722e+17    1.102e+21  9.638e+14  1.478e+00 5.926e-06 7.880e-06 1.945e-05 6.479e-06 1.379e-05 1.275e-05  9.483e+13  1.884e-02  1.7413e-01  5.6507e-01
2.05771e+03  0.000e+00       1.716e+00       8.823e+17    1.101e+21  9.991e+14  1.545e+00 6.005e-06 7.985e-06 1.947e-05 6.551e-06 1.395e-05 1.292e-05  9.990e+13  1.984e-02  1.7657e-01  5.6630e-01
2.00426e+03  0.000e+00       1.754e+00       8.905e+17    1.097e+21  1.033e+15  1.615e+00 6.084e-06 8.091e-06 1.950e-05 6.624e-06 1.410e-05 1.309e-05  1.050e+14  2.085e-02  1.7901e-01  5.6751e-01
1.95243e+03  0.000e+00       1.792e+00       8.970e+17    1.092e+21  1.066e+15  1.685e+00 6.165e-06 8.197e-06 1.952e-05 6.698e-06 1.426e-05 1.327e-05  1.101e+14  2.186e-02  1.8147e-01  5.6869e-01
1.90219e+03  0.000e+00       1.830e+00       9.018e+17    1.084e+21  1.098e+15  1.758e+00 6.245e-06 8.305e-06 1.955e-05 6.773e-06 1.442e-05 1.344e-05  1.151e+14  2.287e-02  1.8394e-01  5.6984e-01
1.85350e+03  0.000e+00       1.868e+00       9.050e+17    1.075e+21  1.129e+15  1.831e+00 6.327e-06 8.413e-06 1.957e-05 6.848e-06 1.459e-05 1.361e-05  1.202e+14  2.388e-02  1.8641e-01  5.7096e-01
1.80631e+03  0.000e+00       1.906e+00       9.068e+17    1.063e+21  1.159e+15  1.907e+00 6.409e-06 8.523e-06 1.960e-05 6.924e-06 1.475e-05 1.379e-05  1.253e+14  2.488e-02  1.8889e-01  5.7206e-01
1.76058e+03  0.000e+00       1.944e+00       9.073e+17    1.051e+21  1.188e+15  1.983e+00 6.492e-06 8.633e-06 1.963e-05 7.000e-06 1.492e-05 1.397e-05  1.303e+14  2.588e-02  1.9138e-01  5.7312e-01
1.71628e+03  0.000e+00       1.982e+00       9.064e+17    1.037e+21  1.215e+15  2.062e+00 6.575e-06 8.743e-06 1.966e-05 7.078e-06 1.509e-05 1.415e-05  1.353e+14  2.687e-02  1.9387e-01  5.7416e-01
1.67335e+03  0.000e+00       2.020e+00       9.045e+17    1.022e+21  1.242e+15  2.142e+00 6.659e-06 8.855e-06 1.968e-05 7.156e-06 1.525e-05 1.433e-05  1.403e+14  2.786e-02  1.9636e-01  5.7517e-01
1.63177e+03  0.000e+00       2.058e+00       9.015e+17    1.006e+21  1.267e+15  2.223e+00 6.743e-06 8.967e-06 1.971e-05 7.234e-06 1.542e-05 1.451e-05  1.452e+14  2.884e-02  1.9886e-01  5.7616e-01
1.59148e+03  0.000e+00       2.096e+00       8.975e+17    9.893e+20  1.292e+15  2.306e+00 6.828e-06 9.080e-06 1.974e-05 7.313e-06 1.560e-05 1.469e-05  1.501e+14  2.982e-02  2.0136e-01  5.7712e-01
1.55244e+03  0.000e+00       2.134e+00       8.926e+17    9.719e+20  1.315e+15  2.390e+00 6.913e-06 9.193e-06 1.977e-05 7.393e-06 1.577e-05 1.487e-05  1.550e+14  3.079e-02  2.0386e-01  5.7805e-01
1.51463e+03  0.000e+00       2.172e+00       8.870e+17    9.539e+20  1.338e+15  2.476e+00 6.999e-06 9.307e-06 1.980e-05 7.473e-06 1.594e-05 1.506e-05  1.598e+14  3.174e-02  2.0636e-01  5.7896e-01
1.47799e+03  0.000e+00       2.210e+00       8.806e+17    9.355e+20  1.359e+15  2.563e+00 7.085e-06 9.422e-06 1.983e-05 7.554e-06 1.612e-05 1.524e-05  1.646e+14  3.269e-02  2.0886e-01  5.7985e-01
1.44250e+03  0.000e+00       2.248e+00       8.737e+17    9.168e+20  1.380e+15  2.652e+00 7.172e-06 9.537e-06 1.986e-05 7.635e-06 1.629e-05 1.543e-05  1.693e+14  3.363e-02  2.1136e-01  5.8071e-01
1.40810e+03  0.000e+00       2.286e+00       8.661e+17    8.978e+20  1.399e+15  2.743e+00 7.259e-06 9.653e-06 1.990e-05 7.717e-06 1.647e-05 1.561e-05  1.740e+14  3.457e-02  2.1385e-01  5.8155e-01
1.37477e+03  0.000e+00       2.324e+00       8.580e+17    8.786e+20  1.418e+15  2.835e+00 7.346e-06 9.769e-06 1.993e-05 7.800e-06 1.665e-05 1.580e-05  1.787e+14  3.549e-02  2.1635e-01  5.8236e-01
1.34247e+03  0.000e+00       2.362e+00       8.496e+17    8.594e+20  1.436e+15  2.928e+00 7.434e-06 9.886e-06 1.996e-05 7.882e-06 1.683e-05 1.599e-05  1.833e+14  3.640e-02  2.1881e-01  5.8307e-01
1.31117e+03  0.000e+00       2.400e+00       8.407e+17    8.401e+20  1.454e+15  3.023e+00 7.522e-06 1.000e-05 1.999e-05 7.966e-06 1.701e-05 1.618e-05  1.878e+14  3.731e-02  2.2130e-01  5.8384e-01
