     Energy         Kx              Ky       F.Density    GA.Brill.       Flux  Tot.Power  Nat.Size  Nat.Div.    Size.x    Size.y     Div.x     Div.y   Coh.Flux  Coh.Power   CohFrac.x   CohFrac.y
         eV          -               -  ph/s/mr^2/0.1%  F.Dens/mm^2  ph/s/0.1%         kW         m       rad         m         m       rad       rad  ph/s/0.1%          W           -           -
1.35662e+04  3.536e-01       3.536e-01       0.000e+00    0.000e+00  0.000e+00  1.312e-01 2.339e-06 3.110e-06 1.867e-05 3.512e-06 9.810e-06 8.294e-06  0.000e+00  0.000e+00  3.9705e-02  2.4970e-01
1.33948e+04  3.734e-01       3.734e-01       0.000e+00    0.000e+00  0.000e+00  1.463e-01 2.354e-06 3.130e-06 1.867e-05 3.522e-06 9.855e-06 8.346e-06  0.000e+00  0.000e+00  4.0028e-02  2.5060e-01
1.32188e+04  3.932e-01       3.932e-01       0.000e+00    0.000e+00  0.000e+00  1.622e-01 2.369e-06 3.150e-06 1.867e-05 3.532e-06 9.901e-06 8.401e-06  0.000e+00  0.000e+00  4.0366e-02  2.5153e-01
1.30385e+04  4.130e-01       4.130e-01       0.000e+00    0.000e+00  0.000e+00  1.790e-01 2.385e-06 3.172e-06 1.868e-05 3.543e-06 9.950e-06 8.459e-06  0.000e+00  0.000e+00  4.0719e-02  2.5249e-01
1.28547e+04  4.327e-01       4.327e-01       0.000e+00    0.000e+00  0.000e+00  1.966e-01 2.402e-06 3.195e-06 1.868e-05 3.555e-06 1.000e-05 8.519e-06  0.000e+00  0.000e+00  4.1087e-02  2.5348e-01
1.26676e+04  4.525e-01       4.525e-01       0.000e+00    0.000e+00  0.000e+00  2.150e-01 2.420e-06 3.218e-06 1.868e-05 3.566e-06 1.005e-05 8.581e-06  0.000e+00  0.000e+00  4.1469e-02  2.5450e-01
1.24780e+04  4.723e-01       4.723e-01       0.000e+00    0.000e+00  0.000e+00  2.342e-01 2.438e-06 3.243e-06 1.868e-05 3.579e-06 1.011e-05 8.645e-06  0.000e+00  0.000e+00  4.1864e-02  2.5555e-01
1.22862e+04  4.921e-01       4.921e-01       0.000e+00    0.000e+00  0.000e+00  2.542e-01 2.457e-06 3.268e-06 1.869e-05 3.592e-06 1.017e-05 8.712e-06  0.000e+00  0.000e+00  4.2274e-02  2.5663e-01
1.20926e+04  5.119e-01       5.119e-01       0.000e+00    0.000e+00  0.000e+00  2.751e-01 2.477e-06 3.294e-06 1.869e-05 3.605e-06 1.023e-05 8.781e-06  0.000e+00  0.000e+00  4.2696e-02  2.5773e-01
1.18978e+04  5.317e-01       5.317e-01       0.000e+00    0.000e+00  0.000e+00  2.968e-01 2.497e-06 3.321e-06 1.869e-05 3.619e-06 1.029e-05 8.852e-06  0.000e+00  0.000e+00  4.3131e-02  2.5885e-01
1.17022e+04  5.515e-01       5.515e-01       0.000e+00    0.000e+00  0.000e+00  3.193e-01 2.518e-06 3.348e-06 1.869e-05 3.634e-06 1.035e-05 8.925e-06  0.000e+00  0.000e+00  4.3579e-02  2.5998e-01
1.15060e+04  5.713e-01       5.713e-01       0.000e+00    0.000e+00  0.000e+00  3.426e-01 2.539e-06 3.377e-06 1.870e-05 3.648e-06 1.041e-05 9.000e-06  0.000e+00  0.000e+00  4.4039e-02  2.6114e-01
1.13098e+04  5.911e-01       5.911e-01       0.000e+00    0.000e+00  0.000e+00  3.668e-01 2.561e-06 3.406e-06 1.870e-05 3.664e-06 1.048e-05 9.077e-06  0.000e+00  0.000e+00  4.4510e-02  2.6231e-01
1.11138e+04  6.109e-01       6.109e-01       0.000e+00    0.000e+00  0.000e+00  3.918e-01 2.584e-06 3.436e-06 1.870e-05 3.680e-06 1.055e-05 9.156e-06  0.000e+00  0.000e+00  4.4993e-02  2.6350e-01
1.09183e+04  6.307e-01       6.307e-01       0.000e+00    0.000e+00  0.000e+00  4.176e-01 2.607e-06 3.466e-06 1.871e-05 3.696e-06 1.062e-05 9.237e-06  0.000e+00  0.000e+00  4.5487e-02  2.6470e-01
1.07237e+04  6.505e-01       6.505e-01       0.000e+00    0.000e+00  0.000e+00  4.442e-01 2.630e-06 3.498e-06 1.871e-05 3.712e-06 1.069e-05 9.320e-06  0.000e+00  0.000e+00  4.5992e-02  2.6591e-01
1.05302e+04  6.703e-01       6.703e-01       0.000e+00    0.000e+00  0.000e+00  4.717e-01 2.654e-06 3.530e-06 1.871e-05 3.729e-06 1.077e-05 9.405e-06  0.000e+00  0.000e+00  4.6507e-02  2.6713e-01
1.03381e+04  6.901e-01       6.901e-01       0.000e+00    0.000e+00  0.000e+00  4.999e-01 2.679e-06 3.562e-06 1.872e-05 3.747e-06 1.084e-05 9.491e-06  0.000e+00  0.000e+00  4.7033e-02  2.6835e-01
1.01475e+04  7.099e-01       7.099e-01       0.000e+00    0.000e+00  0.000e+00  5.290e-01 2.704e-06 3.596e-06 1.872e-05 3.765e-06 1.092e-05 9.579e-06  0.000e+00  0.000e+00  4.7568e-02  2.6959e-01
9.95880e+03  7.297e-01       7.297e-01       0.000e+00    0.000e+00  0.000e+00  5.590e-01 2.730e-06 3.630e-06 1.872e-05 3.783e-06 1.100e-05 9.669e-06  0.000e+00  0.000e+00  4.8113e-02  2.7083e-01
9.77204e+03  7.495e-01       7.495e-01       0.000e+00    0.000e+00  0.000e+00  5.897e-01 2.755e-06 3.664e-06 1.873e-05 3.802e-06 1.108e-05 9.761e-06  0.000e+00  0.000e+00  4.8666e-02  2.7207e-01
9.58744e+03  7.693e-01       7.693e-01       0.000e+00    0.000e+00  0.000e+00  6.213e-01 2.782e-06 3.699e-06 1.873e-05 3.821e-06 1.116e-05 9.854e-06  0.000e+00  0.000e+00  4.9229e-02  2.7331e-01
9.40513e+03  7.891e-01       7.891e-01       0.000e+00    0.000e+00  0.000e+00  6.537e-01 2.809e-06 3.735e-06 1.874e-05 3.841e-06 1.124e-05 9.948e-06  0.000e+00  0.000e+00  4.9800e-02  2.7456e-01
9.22526e+03  8.089e-01       8.089e-01       0.000e+00    0.000e+00  0.000e+00  6.869e-01 2.836e-06 3.771e-06 1.874e-05 3.861e-06 1.133e-05 1.004e-05  0.000e+00  0.000e+00  5.0379e-02  2.7581e-01
9.04793e+03  8.287e-01       8.287e-01       0.000e+00    0.000e+00  0.000e+00  7.209e-01 2.864e-06 3.808e-06 1.874e-05 3.881e-06 1.141e-05 1.014e-05  0.000e+00  0.000e+00  5.0966e-02  2.7705e-01
8.87324e+03  8.485e-01       8.485e-01       0.000e+00    0.000e+00  0.000e+00  7.558e-01 2.892e-06 3.845e-06 1.875e-05 3.902e-06 1.150e-05 1.024e-05  0.000e+00  0.000e+00  5.1555e-02  2.7825e-01
8.70128e+03  8.683e-01       8.683e-01       0.000e+00    0.000e+00  0.000e+00  7.914e-01 2.920e-06 3.883e-06 1.875e-05 3.923e-06 1.159e-05 1.034e-05  0.000e+00  0.000e+00  5.2156e-02  2.7949e-01
8.53212e+03  8.881e-01       8.881e-01       0.000e+00    0.000e+00  0.000e+00  8.279e-01 2.949e-06 3.921e-06 1.876e-05 3.944e-06 1.168e-05 1.044e-05  0.000e+00  0.000e+00  5.2765e-02  2.8073e-01
8.36581e+03  9.079e-01       9.079e-01       0.000e+00    0.000e+00  0.000e+00  8.653e-01 2.978e-06 3.960e-06 1.876e-05 3.966e-06 1.178e-05 1.055e-05  0.000e+00  0.000e+00  5.3381e-02  2.8195e-01
8.20240e+03  9.277e-01       9.277e-01       0.000e+00    0.000e+00  0.000e+00  9.034e-01 3.008e-06 3.999e-06 1.877e-05 3.989e-06 1.187e-05 1.065e-05  0.000e+00  0.000e+00  5.4004e-02  2.8318e-01
8.04193e+03  9.475e-01       9.475e-01       0.000e+00    0.000e+00  0.000e+00  9.424e-01 3.037e-06 4.039e-06 1.877e-05 4.011e-06 1.196e-05 1.076e-05  0.000e+00  0.000e+00  5.4632e-02  2.8440e-01
7.88442e+03  9.673e-01       9.673e-01       0.000e+00    0.000e+00  0.000e+00  9.822e-01 3.068e-06 4.079e-06 1.878e-05 4.034e-06 1.206e-05 1.086e-05  0.000e+00  0.000e+00  5.5267e-02  2.8561e-01
7.72990e+03  9.871e-01       9.871e-01       0.000e+00    0.000e+00  0.000e+00  1.023e+00 3.098e-06 4.120e-06 1.878e-05 4.057e-06 1.216e-05 1.097e-05  0.000e+00  0.000e+00  5.5907e-02  2.8681e-01
7.57836e+03  1.007e+00       1.007e+00       0.000e+00    0.000e+00  0.000e+00  1.064e+00 3.129e-06 4.161e-06 1.879e-05 4.081e-06 1.225e-05 1.108e-05  0.000e+00  0.000e+00  5.6554e-02  2.8800e-01
7.42982e+03  1.027e+00       1.027e+00       0.000e+00    0.000e+00  0.000e+00  1.106e+00 3.160e-06 4.202e-06 1.879e-05 4.105e-06 1.235e-05 1.119e-05  0.000e+00  0.000e+00  5.7205e-02  2.8918e-01
7.28426e+03  1.047e+00       1.047e+00       0.000e+00    0.000e+00  0.000e+00  1.150e+00 3.192e-06 4.244e-06 1.880e-05 4.129e-06 1.245e-05 1.130e-05  0.000e+00  0.000e+00  5.7862e-02  2.9036e-01
7.14167e+03  1.066e+00       1.066e+00       0.000e+00    0.000e+00  0.000e+00  1.193e+00 3.223e-06 4.286e-06 1.880e-05 4.154e-06 1.255e-05 1.141e-05  0.000e+00  0.000e+00  5.8523e-02  2.9152e-01
7.00204e+03  1.086e+00       1.086e+00       0.000e+00    0.000e+00  0.000e+00  1.238e+00 3.255e-06 4.329e-06 1.881e-05 4.178e-06 1.266e-05 1.152e-05  0.000e+00  0.000e+00  5.9190e-02  2.9268e-01
6.86534e+03  1.106e+00       1.106e+00       0.000e+00    0.000e+00  0.000e+00  1.284e+00 3.287e-06 4.372e-06 1.881e-05 4.204e-06 1.276e-05 1.164e-05  0.000e+00  0.000e+00  5.9861e-02  2.9382e-01
6.73155e+03  1.126e+00       1.126e+00       0.000e+00    0.000e+00  0.000e+00  1.330e+00 3.320e-06 4.415e-06 1.882e-05 4.229e-06 1.287e-05 1.175e-05  0.000e+00  0.000e+00  6.0536e-02  2.9495e-01
6.60063e+03  1.146e+00       1.146e+00       0.000e+00    0.000e+00  0.000e+00  1.377e+00 3.353e-06 4.458e-06 1.882e-05 4.255e-06 1.297e-05 1.187e-05  0.000e+00  0.000e+00  6.1216e-02  2.9607e-01
6.47256e+03  1.165e+00       1.165e+00       0.000e+00    0.000e+00  0.000e+00  1.425e+00 3.386e-06 4.502e-06 1.883e-05 4.281e-06 1.308e-05 1.198e-05  0.000e+00  0.000e+00  6.1899e-02  2.9718e-01
6.34729e+03  1.185e+00       1.185e+00       0.000e+00    0.000e+00  0.000e+00  1.474e+00 3.419e-06 4.546e-06 1.884e-05 4.307e-06 1.318e-05 1.210e-05  0.000e+00  0.000e+00  6.2586e-02  2.9827e-01
6.22478e+03  1.205e+00       1.205e+00       0.000e+00    0.000e+00  0.000e+00  1.524e+00 3.452e-06 4.591e-06 1.884e-05 4.334e-06 1.329e-05 1.222e-05  0.000e+00  0.000e+00  6.3277e-02  2.9935e-01
6.10500e+03  1.225e+00       1.225e+00       0.000e+00    0.000e+00  0.000e+00  1.574e+00 3.486e-06 4.636e-06 1.885e-05 4.361e-06 1.340e-05 1.234e-05  0.000e+00  0.000e+00  6.3972e-02  3.0043e-01
5.98791e+03  1.245e+00       1.245e+00       0.000e+00    0.000e+00  0.000e+00  1.626e+00 3.520e-06 4.681e-06 1.886e-05 4.388e-06 1.351e-05 1.246e-05  0.000e+00  0.000e+00  6.4670e-02  3.0148e-01
5.87344e+03  1.264e+00       1.264e+00       0.000e+00    0.000e+00  0.000e+00  1.678e+00 3.554e-06 4.726e-06 1.886e-05 4.415e-06 1.362e-05 1.258e-05  0.000e+00  0.000e+00  6.5371e-02  3.0252e-01
5.76157e+03  1.284e+00       1.284e+00       0.000e+00    0.000e+00  0.000e+00  1.731e+00 3.589e-06 4.772e-06 1.887e-05 4.443e-06 1.374e-05 1.270e-05  0.000e+00  0.000e+00  6.6075e-02  3.0356e-01
5.65223e+03  1.304e+00       1.304e+00       0.000e+00    0.000e+00  0.000e+00  1.785e+00 3.623e-06 4.818e-06 1.887e-05 4.471e-06 1.385e-05 1.282e-05  0.000e+00  0.000e+00  6.6782e-02  3.0457e-01
5.54539e+03  1.324e+00       1.324e+00       0.000e+00    0.000e+00  0.000e+00  1.839e+00 3.658e-06 4.864e-06 1.888e-05 4.499e-06 1.396e-05 1.294e-05  0.000e+00  0.000e+00  6.7492e-02  3.0558e-01
5.44099e+03  1.344e+00       1.344e+00       0.000e+00    0.000e+00  0.000e+00  1.895e+00 3.693e-06 4.911e-06 1.889e-05 4.528e-06 1.408e-05 1.306e-05  0.000e+00  0.000e+00  6.8204e-02  3.0657e-01
