-0.00013874532269484178
0.0019062624376747868
-0.0006720779349160448
-0.0001407107780595422
0.0010622165680725512
0.00032481839216799355
0.0003795196150003389
-0.0007287872872231032
0.0012748879300412035
-0.00010585642940638207
0.0007907411680354534
-0.0008259266511174168
-0.0021170093504130323
0.0022991027898650353
0.00048279623051499876
0.0015265361361518157
0.002257043902722018
-0.001876393058596823
0.0011578784265963435
0.0012706874152868808
-0.0018789530738461335
-0.0024566167986628746
0.0005537368487355324
0.0020978027543774383
0.001668979061303812
0.000393015011026994
0.0005458379203782302
-0.0014414729243687394
0.00011399016990890033
-0.00033446246150308076
-0.002317586670249107
-0.000499355533014857
0.00016861433350953388
0.0023478903219312708
-0.0003096166474747279
0.0008353058442093033
-0.0029335108024366873
0.0012509826829535456
0.0026495622772745395
-0.0013054496272778067
0.001994071321099163
-0.0017432395416657656
-0.00243489763972068
-0.002936371494604228
0.0024611934134901705
-0.001599046365232639
0.0012291049435201908
-0.0025812155127021
0.0013209451737227805
0.0020867269411574373
-0.0006840900025985052
0.0026720086401745627
-0.002969768914529384
0.00045554897180713743
0.001730864638810804
-0.001804122347584337
-0.001721972248265214
-0.00027243588319800227
-0.002044950710297266
-0.0012637007570732142
-0.000513255951806377
-0.0006296652394960633
-0.0020645842932109706
-0.00015194104796048243
0.0013650319232620485
-0.00288894120196122
0.0002928121024901912
-0.001996901011387589
-0.0029035703548471042
-0.0005792520340081363
-0.0013442683022663947
-0.0009466711658702252
0.00029516978797121656
0.002561091090773215
0.0026546504084933786
0.001940256160776913
-0.0013221074323358896
-0.000460024941373051
0.001499362807668019
0.0017829025524492862
-0.0019374875749397
0.0018264623780424368
0.0009644615738311699
-0.000573355881861561
0.00024198388081986613
0.0018591867646439797
0.0007312742893002054
-0.00025364960431400975
0.00226188432740321
-0.001641522137338538
0.002065226225061804
0.002763036846780938
-0.0014371597458092016
-0.0006308788905463008
-0.0011569039831791964
-0.0006832885322050584
0.0017466755015752749
-0.0022099766260256183
-0.0011795702680384573
0.002020338024347601
0.0021551404551735957
0.0002758061020374258
0.002147493524720389
1.7189961671713536e-05
-0.0022932890136367345
0.0011673568531578174
0.0023166767816707517
0.0021919473753893165
0.001884592037409102
0.0013657774826686536
-0.0005293763508966987
-0.0007749328050293291
-0.001020584175055273
-0.001596190743944516
0.0029765740889096297
0.0007008458283234847
0.0019039526846736671
-0.000171901990147519
0.0012803295263112292
0.002870243416326971
0.0025713326903180666
-0.00185775509328091
0.0025161432876348224
-0.0010060879943248825
0.0029541466815026576
-0.0025246989824743316
0.0016062579750082675
0.000653816082138626
-0.0022222006260515805
0.0005240979703226029
-0.001777254044862365
0.0005909754839304071
-0.0014286549311239014
0.00041510351331618947
0.0007459242121023888
-0.0006699638679781442
-0.0016991168408422288
-0.0028736222368596644
-0.0023246113904073712
-0.002061258504011196
0.0014460565593581174
-0.0022111275715268005
-0.0015906350029309517
0.0012128976893711202
0.0010339807410946408
0.0007591061067256321
-8.521048556394458e-05
0.00022431970981482167
-0.0014930771612889598
0.000608512942279441
0.0004713625343548298
0.002693681148999643
0.0006387214588752122
0.0016098027555146643
-0.002213825322462606
-0.0018343213799948564
0.0004099459849838216
-0.0020698986747354617
0.0013829636284959299
0.002385362603905374
-0.002620443384336561
-2.8023009510083977e-05
0.0012485061710543624
-0.00035837405280576395
0.0015422365457132253
-0.0015243137602971718
-0.0019639725502620872
3.103642191179708e-05
-0.00038317688794103693
-0.000543300606433734
0.001967335483615557
-0.0010357334455474588
0.0008197753260324632
0.0017676280647964861
-0.0017494884850215657
0.002442174101374068
-0.0019620301639289486
-0.002570831910961713
0.0013726679020652144
0.00018235849476757509
0.001382071979885771
0.0010039874251925943
0.0018019141104341592
-0.0018882589306839618
-0.0012332960703040395
0.0015403909323961594
-0.00144603227404392
-0.0026506887421981927
-0.0004708554370481408
0.001252020105647511
-0.0019772699444060944
-0.0001487693574967609
0.0023578791761240062
0.0016000511553192426
-0.0026606993507952955
-0.001288450208469187
0.0014213337131669512
-0.0017085223522470604
-0.0026816230754296657
-0.00022910062022426982
-0.00024589363615242854
-0.0021985556366980437
0.0005553417904150884
-0.00021008778540373366
0.0011717194257586036
0.00142386342458479
-0.0010003614377703638
0.0008417053694686149
0.0015499595150084006
0.0020911709548826632
-0.002673145830939722
0.0003037470372985289
0.0022534097271961753
0.0013914016991836628
0.0007994276460506606
-0.0025382593151208753
-0.0015934301173237313
0.0009787285183485298
0.0018167208788878418
-0.0008018600622950712
-0.0009652077362791744
0.0001866906628185741
-0.0022344310913371165
-0.0003046589330089342
-0.0026605680220435327
0.0026779755661483625
0.00032157210952299614
0.0004468607923281587
0.0017328628944103617
-0.00020977420002653855
0.0020318716516369703
0.0023012890409002743
0.002406265719142415
0.00010833745835041233
0.0012832964376354858
0.0020448465044985145
9.374759722616342e-05
-0.0018541369872642445
-0.0016958604171962057
-0.0028318812521167113
-0.000356355014632383
0.002166251425935954
0.0013339026374048595
0.0013780879387370075
-5.979105917984463e-05
0.00036508402591121534
-0.002279555616391996
0.0009069850286802508
-0.0015401235548369759
-0.002400827969320081
0.002301121961082621
0.00047010804049592856
-0.002221257978623944
0.000250933958741947
0.0023466747374739933
-0.0028232902624861357
-0.001733502014069259
0.002072153113516176
0.00019440610138774742
-0.00023063188764523273
-0.0005707758781416769
0.0009630782274243485
-0.0004686556475865869
-0.002508902713251586
0.0009912657969705684
-0.0029959665285480006
-0.0014557738069294185
-0.0004496366317945813
0.002099069523587971
0.0007672043958998728
0.0016379413606080829
0.0018164283130316433
0.0015312486031448923
-0.0029473773784573793
-0.000240041116754255
0.00022163519012010496
0.0012251690177067873
0.002672364135492814
-0.0004762376965808568
-0.002943924498405497
-0.00290225549132029
-0.0002621510302466307
-0.0011228696332585796
-0.0029284047899525998
-0.0017770733216555586
-0.0010815707237983086
0.0023530370696577445
-0.000252036965440594
0.0027425942089121516
-0.0028551712353136883
0.0011254856838064384
0.002322602648024881
0.0023775823882410457
0.00251347124269389
0.0020048894621479503
-0.0027700406108602275
-0.0015805895155450362
-0.0020275625898859913
-0.00044046460807423485
-0.00020345732189574507
0.0026381588189975857
-0.002575839628521376
-0.0019085544106167618
-0.0029071341112526876
0.0013679588795253083
-0.0024501287945898247
0.0019632558145793394
-5.656777538407855e-05
-0.002368011481108313
0.0015956486632581705
0.00036453928571536856
-0.001641190024060452
0.0004965857904463975
0.0027475586324545694
-0.002651949116397236
-0.0007758118979111573
0.002071366070148158
0.0008975458636771363
-0.0018354952053938204
0.00055659566300358
-0.0015501587847299176
-0.002152853464065509
-0.002083745722449101
0.0012691154555730458
-0.0026616091082240496
0.0006603562547562738
0.0010069490070622519
0.0022725266524686247
0.002906461428561927
0.0012260222777571153
0.0007683554551081921
-0.00029077992630790594
-0.0009455501514481074
-0.002169156858682741
-0.0024002722621804004
-0.0015009916486757478
-0.0025113441653646746
-0.0029482442486187537
0.0019447406322923473
0.0021765474050634464
-0.0018414470264389686
0.0006069842130741426
-0.00038484857056892774
-0.00012125359156887547
0.0019312629845183163
7.072692538825313e-05
0.0009675902792439768
0.0017075303982463782
-0.0028871317779503485
0.0023872340639002404
0.0026350898688854933
-0.0014419379773882746
0.0022356890469162833
-0.00036171097131561334
-0.0007995676543094327
-0.0006584803422777846
0.002665342163842131
0.00014152708062507196
-0.0019132292281501347
0.0014806815510107112
0.0009473716407826967
0.002656169990524448
0.001104794363945786
-0.0020551495711065705
0.0013278858694698156
0.0018847290123898096
0.0017453437729047887
-0.0020248398309987226
0.0013518664402665925
-0.0015377112452594009
0.0019876616736009614
0.0027338551054219475
-0.0026095845735306113
0.0029144479187426797
-0.0028737962779128157
0.0002955491810841858
0.0027419035619072876
0.0014515522529561283
-0.0014989954536492956
0.0028569980854495523
0.001231457342868926
0.0018910889798384213
0.00016293918297313748
-0.00037915313355680593
-0.00034880374256199666
-0.00038821363086867814
-0.0006600293499605999
-0.00127129793334184
0.0012575274668828879
-0.0008182605760882911
-0.0028361223884608346
-0.0008091290465724126
0.000788937802553946
-0.0012947563507619128
-0.0026183550407209923
-0.0015510472380761318
-0.0023906220066693667
-0.002349358854618778
-0.0020715534979965184
-9.27871913919561e-05
0.0012664273457226082
-0.0014515283655366416
0.0018791993058654309
0.0020490493525089715
-0.0010036799355302023
-0.0018328634593764118
0.002014728987541752
0.0007264738491992166
-3.8743020234546614e-05
-0.00012200777030891424
-0.0005972333188297594
-0.0020971427655309873
-0.0027025399895209096
-6.420765896430385e-05
0.0008236443110182078
0.000697451389009405
0.0005744622363320832
-0.0017346931804974829
-0.0027763806854156302
0.0014106070425060659
0.0010414079339157055
-0.0028098307182065287
-0.002154003521462833
0.002056843911431759
-0.0015629663924828605
0.0011725102870152864
-0.0017069185633274938
-0.002509179371486694
-0.0028368622882230707
0.0004564516521944821
0.0008984980291754088
0.001497546499115183
-0.0016074951729738482
-0.0011432741260871471
0.0020632371023084836
5.2560482869672305e-06
-0.001502791250058132
-0.0013527042625121962
-0.0008940785334168311
0.0006008529324564083
-0.0027288166998710372
-0.0013243820967849763
0.0006899662335961717
-0.0018848254189129314
-0.000813978142069299
0.0009777103947617672
-0.001229225135211011
-8.644706533437628e-05
0.002835707539150199
0.00011440186903115528
0.0028881558054290497
-0.0017710738616414112
-0.0015822236150376124
0.0002001692709008014
-0.0028205801995275174
0.0022461333409944037
-0.0007232921502853379
-4.665705718664504e-05
-0.0015656039760085852
8.607503490965906e-05
0.0007633781158495646
0.0007566367115503904
0.0002898062283087535
0.0007485664794087987
0.0007524193304613521
-0.0019745853039152923
-0.00106227641800707
0.0018412487491307845
-0.0023965658148473374
0.0024539224560898827
-0.0005166983000295831
0.0014592796336864843
0.0003842796722543628
0.002416071953587974
0.0018046922842333132
0.001672253717955978
0.002184841351818967
0.0010082370190919619
-0.0014781726648453973
0.00017716442974367733
-0.0013247797306334096
0.0017955723822439358
0.0022422379234993232
-0.0029145806497987395
0.0008115019052075561
0.0026563866669049013
-0.0014615066260629899
0.0027527472996784824
-0.0016916573830034938
-0.0018429228566823825
0.0009418644280478746
2.1196912460225235e-05
0.0018566290207272969
0.0021701144946888783
0.0012238974696501459
-0.0025230612308642987
-0.0009891885303022867
0.00010666969099837158
0.0020488228143307414
-0.0023002855628502785
-0.001627429324347323
-0.001135342249917253
-0.002722191920987232
-0.002386357245996828
-0.0014926744414570142
-0.0014896784420754764
0.0024812685514161584
0.00078081734903968
-0.002753881041998295
6.227989795751275e-05
-0.0010110007709822014
-0.00019274154190580947
0.0006021720176087601
-0.0025024403978123676
0.0016722124289952683
-0.0007526895662849286
-0.0006022499005681474
-0.00012448395938243666
-0.0007306984679947503
0.002601721779606236
0.0013074124742329636
-0.0010087306621566067
0.0001697736592204185
0.0011768493643054094
0.0010032594150542066
0.0008933754753546316
0.0013456470010290754
0.0006383409713784688
-0.00140177495171519
-0.00047475657346239064
0.0025699553048959692
0.0004695844849012718
0.0003070501814577951
-0.0021668390591177977
0.001443185939909798
0.0019316774195948334
-0.0024562796382234277
0.0004299219341507678
-0.00010749134361018103
0.0009852084237904025
0.0013613316043793872
-0.002799391661125889
0.0022190619094559555
0.0011977299330975964
-0.0007747218614777059
0.0003954616756713077
-0.0029955336072247925
-0.0010446081124975293
0.0013922754765899074
0.0019461512486935364
-0.0025390442898949304
0.0001954068346833671
0.0016900735896901676
0.0029855639102175143
0.002257412656716247
-0.0019163505442529912
0.0025911808405334105
-0.0025707569041239537
-0.002615405796964088
-0.0010384229293712794
0.0009371807962150489
0.0006331026418128927
-0.00038707757991129693
-0.0018038035515757108
-0.0006635782417241643
0.0014951648810966394
-0.002463940691436049
0.00012656340559095503
0.00038529400382068466
-0.0021561949476246595
0.001510970593149922
0.002291848402101458
-0.002481639960500149
0.0023031857779310383
-0.0022381359669482485
0.0017110359930422557
0.0023384790822647775
0.001436033436137899
-0.0012889742375204597
0.001278763738484197
0.0016707773959123533
-0.0007127030239395143
-0.00022677559031400321
-0.0018629821215163699
0.0026628053540163205
0.002748542977955214
-0.002191504977869526
0.0008567499543425802
5.168549639963981e-05
0.00018107760120779706
0.0006765297349860936
-0.0025341410962855795
-0.0015454422142799006
-0.0008216433062469193
0.0021405811059217418
0.0010329752301870701
-0.002535941483943525
0.0022983416608488927
-0.0004061101964203868
0.0010684448797565384
0.0014946740844224626
0.0009130239241350521
0.001316991208429914
-0.0004948426664310949
0.002881838664297103
-0.000515088160926182
-0.00046346341944580524
0.0009289690921478501
0.0024543361185658296
0.0013646398917195003
0.0022779100453999106
-0.0024485367078360028
0.0028115930810065203
-0.002246737891480337
0.00045168314039978775
-0.0017409761393993015
-0.0019192845865390609
-0.0010808683816404517
0.0009450511881406104
-0.000896903627695162
0.00263207571337318
-0.001805311682830963
0.0007699473457414884
-0.002859242708077945
-0.0013718972620082282
-0.0008473349706907439
-0.0013562147558371946
-0.00024447079215953686
-0.0016053978100530892
-0.0025917983863750554
-0.0020233109122517884
0.0005714524449249932
-0.0007357069424736274
-0.0029347391205286144
-0.0012158370531508104
0.0026326683192068653
0.000685063742432648
0.0016156448455916864
0.0016584320595177627
0.0017000730174136988
0.001821959975361138
-0.0025906184443981487
0.0005457485489985697
-0.002220273625957926
-0.0012387902276387826
0.0029591182046027056
0.0013001309944375193
0.0004089263368082844
0.00018561845874395886
-0.000796711386265725
-0.002427129797127953
0.00264945201193672
0.002930519820359353
0.0026608842468728855
0.0012134045589313018
0.0011680467237945103
0.0009950626422324483
-0.0028845438432176292
-0.0028878103544386817
-0.002200849711430562
0.002738597163017412
-0.001910524773930256
0.0001370755033313245
0.0009905560229715431
-8.417181048039988e-06
0.00025107438769746485
0.0027971243387965245
0.0008340513875149075
0.0015775714387336872
-0.0005718451929552911
-0.0003329833826813348
0.0013498349941751453
-0.0007857537604927189
-0.0018358716243301765
-0.0017748852569752355
0.001010620460202667
-0.0028813864083235535
-0.0020770291795782375
0.0017501697745774727
-0.0012439808373714424
0.000297656549263392
1.668298894981577e-05
0.0010194270776607024
0.0007759749373255779
0.0005455958346904884
-0.0019452210843554525
0.0003077711280624518
-0.0012166338928029155
0.0003687474455156634
0.001034146930244722
0.0004884530984132916
0.0021308647738029988
0.0029905169778871856
-0.000874020036384406
0.0014474676808368054
0.0025249317464082575
-0.0008289926245328037
-0.0013600229646162994
-0.0014036700111039822
0.0024693884776280615
0.002557266161846667
0.002353391419040852
-0.0004734169423484852
0.002032859953073754
0.0012846971184536024
0.0004704455221916097
0.0029624035061797584
-0.0008484593081837127
-0.0006298032264014774
0.0009650979713256534
-0.0026171433176764985
-0.0009393908608227876
0.0010186869729831875
-0.000414157957772489
0.0023119582461452693
-0.0013715274134412725
-0.00029758737621832796
0.0007453631645179546
0.00022274761101386074
0.001179017948861748
0.0012968814973904246
0.002797674827201814
-0.0024552860679500064
0.00047270248351233973
-0.0015973806008279345
-0.0001948711397604711
0.002772399230107095
-0.0018591458528609106
0.00261507643636303
-0.0001459900328629601
-0.002059168092159015
-6.970192546271138e-05
-0.0005487830076716586
0.002485060995261047
-0.0011278790840308132
-0.001410451799180429
-0.001267319638558541
0.0009452003092016992
-0.0027369258489328358
0.00118374028668032
-0.00035358126956117975
0.002138553609708208
-0.0020257256661366375
-0.002241882601453143
-0.0022103503165020804
-0.0022057652595960566
-0.0006042724981128126
-0.0001601702302185242
0.00014059893935483526
0.0027596517609599974
0.0015223485106070538
-2.7212885864534488e-05
-0.002383735251606999
-0.0011749785936085392
-0.0025189792383811718
-0.0010646679077264327
0.001385681991509768
0.0009126046257017214
-0.0013255270725198258
0.0023893042428992217
-0.0008266193989862336
-0.0008442745328788108
0.0007006874609385388
-0.0014811995180519747
0.0012287089249362398
-0.001475427196486219
0.002620813906627776
0.0024972323772515298
-0.0021465739510275845
9.271299987545587e-06
-0.00022640183278329132
0.0011066109588110636
0.0022809038647124058
-0.0009819325452633046
0.0008579603827846252
-8.187526498764069e-06
-0.0010155472066401996
-0.002021094370558299
0.0003644973673207707
0.0009600867372771471
-0.0014488942477889888
-0.0007713430918045165
-0.0029036733883167918
-0.0025348421797141037
0.0013911180618407628
-0.0029739201638426366
-0.00026544988303318136
0.0025672405201339153
-0.0027251508783268587
0.0022582320392030737
-0.0008294510610145278
-0.0007012431857215604
-0.00290483248262121
-0.001930383081605488
-0.0011039876794561858
-0.0026807232029615385
-0.0018012664003664181
0.0015388386010635278
-3.985765374499859e-05
0.0013964977967171324
-9.789541428100986e-05
-0.0024434239982291947
-0.0018175175528894977
-0.000852451936852806
0.0015098220475968215
-0.002456487461947257
0.0029248821959605683
-0.0026096030920765437
-0.001787572133433416
0.0017555652711063637
-0.000170241457108233
-0.0020363346825954245
-0.0009101886156351016
-0.0009629952995826013
-0.0008348431903914921
0.0021784074792431524
0.0003722881102992742
-0.002837935012716256
0.0027395985376761287
-0.00037843140737995554
-0.0015260043761849283
0.00035739210648466375
0.001383887004540488
0.0017056926932271675
0.00285524376432841
-0.0026140105781593498
0.0003824173373580351
0.0006530281652085503
-0.0017224848815170493
-0.000626617865028331
0.001913374421042809
0.0007253255463251342
0.0001815931771206791
-0.0014726992878454311
0.001515393665027123
0.0026537218186882365
0.0020582881664580445
-0.0026179867268809765
0.0016328210079448935
0.002049303243367079
-0.00217417248451507
0.001676262206842547
0.0009709548373556323
0.0013876594616550764
-0.002155081440364446
-0.0012993382992803272
-0.0019821459230431673
0.001329128313472006
-0.000883274025977019
0.00204121240980425
-0.0012723471786907665
-0.0009434998996139298
-0.002909780132035826
0.00048054967347138525
0.002730565533166215
-0.002557211205027957
-0.002852425796455284
-0.0027720264859522367
-0.001412875502300811
0.0017299392701544316
-0.0017819911007547796
-0.0003692163880585609
-0.0011746678442865512
-0.0013139026321070015
-0.00040724178657499657
-0.0016310772183967077
-0.0014087453749300747
-0.001654362783548932
-0.0007042769382392339
-0.0019604475974144223
0.0024882334799350937
-0.002208804695194268
0.0013653133493418722
0.0017218666607170816
0.002886829425379155
-0.0011449862775030138
0.0005409503485012766
0.0013341782329940998
0.002432149308473703
-0.001709949604277172
0.00047798973438868035
-0.0011526264715422546
0.0004635167212948912
0.0021691903702067764
-0.00036117522172095977
0.0001885308198363942
-0.0017765260651355628
0.0016328001528011175
0.00040168895945634584
-0.0021688819532019836
-0.00016178936628098934
-0.002986746172873036
-0.0020496457573559164
0.0023725797926404547
-0.001955574603694175
-0.0002221143562643967
-0.0022664285258986376
0.0029677737409522214
0.0009626281987677393
-0.0006868627132785585
-0.001587169456705139
0.0014592091225293464
-0.0018846284148112482
0.000263242161027064
-0.0012085447995484997
-0.0027499534145624615
-0.001993955298718572
-0.00022851807100047333
0.0008666117518180078
-0.0021808156234225367
0.0013072737682825733
-0.002523607061724653
-0.0012183965762633915
-0.00011513928272650301
-0.0023142868489204865
0.0008078864716535941
-0.0023804505851525476
-0.002374636807245126
0.0006422047962431426
-0.0027613254190841548
0.0018946429729758173
-0.0014117291752654413
-0.00034296376125680537
-0.0024489625601955547
0.0016394712480701772
-0.0018955318899111615
-0.002932252953340746
0.0011411376003559919
-0.002315675219076961
-0.0010264042445556126
-0.0021557564149402796
-0.0003281648486109811
0.0019477586494725946
8.676481445033923e-05
-0.0016380035147433565
-0.001506399748571699
0.002268180178511079
0.0019410346445603525
0.002456834142289664
-0.001829635209340099
0.002843040885392092
0.000985124655933576
0.002953767792731904
0.002662024792077453
-0.00023384970556768019
0.0023064430404397306
-9.235548435065823e-05
1.0499396051703337e-05
-0.0005351420972895655
0.0025804083702417237
0.0006020231441499903
0.0013801266524535085
0.0018913713754341996
-0.0021310007797809196
0.002948700322828679
0.00031284306934997253
0.0012313388941715443
-0.0013088561520364424
-0.00234379995821361
-0.0003987770022086815
-0.002844954467369846
0.0025235410055141107
-0.002714891643828815
9.787600876018246e-05
-0.0018444805530936348
0.0011389273154216511
0.000331505789260461
0.0028465565327401602
-0.00037796107993175827
-0.0027181483047123587
0.0026833356166184874
-0.0016049891251686723
-0.0029484488740679723
-0.0029198472276240105
-0.0016044748025536184
0.00175261828087187
-0.0011934422557314816
0.0005752154763613905
0.0014537445641309163
0.0010330879569171768
0.0007493238165614145
0.0008261714292879222
0.0027716185703867283
0.0016492656415037386
-0.0012904689076159964
-0.0028464254384523748
0.0018480028706280857
-0.0023987236782887864
-0.0023241093658052337
0.0004821733497189901
0.0020471557270433753
-0.0012937774317140901
0.002392573460140759
0.0011692856622494644
-0.0026639421975589695
0.0016414968621643886
-0.002380966072303518
0.001369320202326673
-0.0016291254054994553
-0.002339214779944554
