0.0008672039520804193
-0.0017229176687258724
0.0021116609663514143
-0.001802086456489008
0.0008373469103324128
-0.001994652867426798
0.001714760966174251
0.002395753707683663
-0.002985776969440992
0.0016389465479156517
-0.0005409621123902862
0.0006333253506499935
0.001551703844279606
-0.0020423629333074862
0.0019154449152573591
-0.0010905909364843558
-0.0020238756518895845
-0.0003275912454929579
-0.0016391513528629647
0.0011251603379773528
0.0028333300044345137
0.0007275653307277294
-0.0024648845455187275
0.001996929463305698
0.002445967449159033
-0.0008634953353127339
-0.00034844179872672723
0.00264031345738422
-0.0028146650263074
-0.0028658006379084274
0.0007955733606169533
0.0018605305308207615
0.0008772120254351332
0.0026373720349208082
0.00060169997898743
0.0002989693569818634
0.002926743376511598
0.000577826631973108
-0.001951300796135611
0.0027913828135801236
-0.0015985386492934435
-0.0016914649208975294
0.0009168051766063577
0.0027432473230143547
0.0007826476570501105
0.0015872803083997163
-0.0006138769959174706
-0.000626140350369534
0.0008786102115125633
-0.001450060154253917
0.0021242452047066634
0.0005069123236720557
-0.0009764434766190021
0.0020489017638756135
0.0028004939581732216
0.0012467025386799658
-0.00041337081625688514
-0.0017095352538379013
0.0025279440948678816
-0.0027013565625945597
-0.0008096362806118361
0.0008387034710986806
0.0008609221704217267
0.002348899767378081
5.659583234559956e-05
0.0009602514219419793
0.0009044236531276367
0.001790685348624049
0.002264199587767855
0.002083565946108175
-0.00022586308397328511
0.0019446380476051484
0.0006975641415348645
-0.00204516206163545
0.0029573521742346743
2.4908819320962772e-05
0.0015806707824809873
0.001231476851227555
0.0017236158218476884
0.0008908233558991047
0.0014187128626699259
-0.002668716504190856
1.5184893194043585e-05
-0.000709129749962358
0.00023510418509845856
0.00203835920967737
-0.0017754194035866978
0.0004045510614064506
-0.0022231530880082837
-0.0015730377038850835
0.0005006796194567276
-9.450053858234969e-05
0.0014700619172675128
-0.001096881380983302
0.0007537411901422145
0.0011303566444631399
0.000284475543897053
0.0006691524371867652
-0.002411637661567887
0.0004771607783950441
0.002749543194745686
-0.0018893468134265237
0.0015086358843104256
-0.00040653726395487554
-0.00022334411338912046
0.0008673351316347984
-0.002022619503751645
-0.0027243621695823748
0.0014392071627738184
-0.0015682581041504403
0.0025861226415866863
-0.0015095510148846083
0.00023884375732718347
-0.002028015989096615
-0.0006258253710840801
0.001283228551410968
-0.0009904994831382054
0.0003117350627187508
0.0026566692579666606
-0.0018405310620009684
0.0015377083657075888
0.002130014987554458
-0.0016289444839701413
0.001963253355557251
0.0009704625795630183
0.001507252596188161
0.0028696224628122456
-0.000880760932678411
0.001380481931956233
0.0026968838924569666
-0.0014923945605141923
-0.0018087639475870703
-0.0006622533578165349
-0.002392760869136859
-0.002946916720889429
0.0022644632916063636
0.001241100395601896
0.0009087260011607923
0.0006776895609837152
-0.0015238136272119535
-0.0023230256393381617
0.0029442983333294835
0.0014763963422994826
0.0027957296828468713
-0.0015724828708112014
-0.0006837425655486372
-0.0016712960703505553
0.0016465567130483283
0.0023367979167310928
0.0026640094508274988
-0.0019309592777472027
-0.0009164732829855934
-0.0005122885741437218
0.0003635971679632963
0.00039123699753938583
0.0010279993765211926
-0.0027688581636328207
-0.00267938492893716
0.002907269009073862
-0.0008964186508423678
-0.0023433259287763833
0.0010928360068865614
-0.002424739890597138
-0.002650774881458557
0.0016754951211383996
-0.0028639950521688316
0.002642136470984398
-0.0027267581098729
-0.00018419985352313446
-0.0022481686602981513
0.0013666017382477462
-0.0009340971851320582
-0.002639795490106202
0.0017291000869783472
0.00017507168851453722
0.002343720815253114
0.0016756373437704815
0.0005109408497376501
-0.0029701432363601903
0.002228383453759539
-0.00023761725373655247
0.0002382040724288226
-0.001350330758626497
0.0015407307781729381
-0.0025581203699478767
0.0006242348141872697
0.00018445617501213494
-4.588093858929991e-07
-0.0023701733911472627
-0.0005037735757335068
0.0025066074142435927
0.0006146845827553465
-9.464093170940538e-05
0.0022934004981849075
0.001151000635675404
-0.000827606919017003
-0.0013998224012194344
-0.002875970427014466
-9.036317051644384e-05
0.0007323883565774026
-0.002939308996663253
-0.0012234957005092537
-0.0005192369251113306
-0.0027103133352210287
0.001893529015230733
-0.0014819272402958644
-0.0010789816023176802
-0.002629440299517601
-0.00021869417230633605
-0.00024145419624184991
0.002683846510250702
0.0023234684439538507
-1.133868361900131e-06
-0.0020424721394528343
0.0026655731100339577
0.0023459948955748865
-0.001543832309133691
0.0013600405594168972
-0.0013845756572885767
0.0015467832103321132
-0.0004410315224946766
-0.00073313473577358
-0.0004970661706941199
-0.0023094865467178658
0.0029499044352547807
0.0010694018547290325
-0.0021451795022022066
-0.0029544502419906775
0.0006264194271128369
0.0006863325386296257
0.0016097940941424372
0.0026673404774725223
-0.0015677076184687664
-0.0006786772447185474
0.0022362979214401923
-0.0008741800845360466
0.0021546317494648788
-0.0013722935020840262
0.002320464268556032
-0.002932492612341933
-0.0010745087786252622
-0.0014294842817741795
0.0004648976998948462
0.0019524360138126057
-0.0022181356847123285
0.0027359626120618367
-0.0009897548243411694
-0.0023260224971289154
-0.0005474202595241733
-0.002299134646183906
0.0014580122296628485
0.0026026688391046987
0.0024314184028521174
-0.0014186086330766686
0.0016846554627541633
-0.00044122918766841945
-0.00019995509278123314
0.002122073046933271
0.0018153829545640814
0.0003503975526743118
0.001803283578612442
-0.0009022358714717055
0.0016751272566557307
-0.0009718250858389336
0.002891996709678048
0.0029900889540342432
-0.00036567579556969713
-0.0012348647441434157
-0.002856295488241605
0.0017723502227821658
0.0006853329401619547
-0.0005508359608406488
-0.0012176280695946598
0.0005758889445183985
0.0025813400796864047
-0.001529760287060226
-0.0023045356048200065
-0.0023097159550581775
0.001194018829948418
0.0016712840190943445
0.0004435918897660908
-0.00097060217986029
-0.002823548877385098
-0.00214205371702998
0.002918112923261264
0.00171328949293976
-0.0020900332127550166
0.0018146618484015898
-0.0010660316632222367
0.0008322247256260795
-0.0007718252367189924
-0.001328650238459867
-0.0009338094758014324
0.0007489496965066428
0.0015448350016774581
-0.0004910273360509742
-0.0020512625444450393
0.002855640092874743
0.0028733630180950067
-0.002140133708071342
0.0007150310096669735
0.002003222465879497
-0.0019333463674577889
0.0005976934330445259
0.002696075804962802
-0.0023041150599592917
0.002459108636478924
0.0015195132248124361
0.0009057768484763522
0.0023333353054698835
0.0025881290250244987
0.002363985701725921
0.0014022617659435145
-0.0021016656575750144
-0.0007199662977435176
-0.0024408003287459713
0.0028251114636876325
-0.0014558040351301616
-0.0016665678477508971
-0.0006502978301333841
0.0006390807544944138
-0.00018180822686678132
-0.0005193830349510343
-0.0016358309665927139
-0.00129287385605922
-0.002682663112946574
0.00027081461343733855
0.0001439762625971802
-0.0016485994504128552
-0.0013316390528770594
0.0015191182143427968
-0.00294039221969628
-0.0019391339804249287
-0.0013756818898447943
-0.0002914221406481554
0.0002742010068103556
0.00035254917417172193
0.0013314497045466868
2.8219392320290304e-08
-0.002812428502283106
0.001252223439475452
0.000445619925619293
0.0025264208703009152
0.0005361672042721749
9.704116219845082e-06
-0.0003025911705510525
-0.0020628008659844283
-0.0029224517156869892
-0.002934483693464789
-0.0008078664752798502
-0.0007700394474607583
-0.0005011026697515778
-0.00016042024695236707
0.0014318147687263057
-0.001904928253952318
-0.0012716179592126256
-0.0013995151688033032
0.0020498260685569876
-9.245054969933423e-05
0.0006798277168089716
0.002383026523163824
0.0009300821721715214
0.0014200604293904667
-0.0026012930056069417
-0.002251329120496957
0.0017774385920181369
-0.0017644646004281064
0.0002685228345531308
0.0013392615048630555
-0.0009967214368879194
0.002277986597136834
-0.0005270039034145722
-0.001981677103291885
0.0028965930271364487
0.0015201599770508787
0.0017638574205032414
0.00023612572644963982
-0.0010310208565168619
-0.00047153990980350335
0.0003123637885946327
0.0003997541701866417
-0.001366673107592978
-0.00012527122417514474
-0.0003812362199589214
0.0029159381866209295
-0.00179117362491407
-0.0025407047585125813
-0.000954815683113187
-0.0005264692797908037
0.0020420375937359415
-0.002013870548404886
0.0024178604128874005
0.0002835763395736225
-0.0010601014248998967
0.0011899748590893638
0.0018712526577076257
0.002941731630292121
-0.0022281343969694266
-0.0013768836497196047
0.0003816757879633319
0.0018272456348816992
0.0008868654943803575
-0.0005391092901939039
-0.0008609519557790995
0.0012053790094366766
0.00221655892016151
-0.0029995969867267127
-0.000951144741411902
-0.0027594650649610058
-0.0018500305454558854
0.001815436345109626
0.00042339888085389044
-0.00293712038647834
-0.0007388778403786067
-0.0007338619518852435
-0.0018245582532452924
-0.0008064903192476647
0.0022470379326147566
-0.002793081076035607
-0.0013777018626733072
-0.0018194772459152737
-0.0017137607125039646
-0.00078203644430113
-0.00187231323832973
2.7399991519132857e-05
-0.0004865493268951548
0.00017379295636203978
-0.0015224633343181343
0.0018832094566922407
0.001542606039465915
-0.0012575967286982599
-0.0009728633488710432
0.0028320743628567893
-0.00020458634822594643
0.0004692084453270214
0.0006115840631918867
0.00028481750560780663
0.0005449678796006917
0.0012141704781092107
0.00046107969961662904
0.0014880417447876186
0.000687453703025552
-0.002338222630456037
0.0029636976370622957
-0.002258643772694841
0.0021456290138591834
0.0013866663127459567
-0.001670061233408471
-0.0015518712619086018
0.001471643905349678
-0.0027171609329271038
0.0007987881371384641
0.001713071206803661
0.0005466429865557515
-0.000278841847031819
-0.0022439544924866385
0.002567459629225624
0.0029343077423759564
0.0021196119137618487
0.002539762172826334
-0.0017159982791291751
0.00013363663717409595
1.2338527779862975e-05
-0.0010690428082761768
-0.00040081842654697856
0.0020213825661921196
0.0015635617197666584
-0.0015819768162237794
-0.0024065685350628144
0.0017159341451093652
-0.0021538900551236473
-0.00233383598083037
-0.0009197680793451807
0.001841370183757041
-0.0019451090932286717
0.002485660597688998
0.0027993899765319397
-0.00047625705470883024
-0.0027496784126832055
-0.0010724832394523813
0.0024529392410346145
-0.002992749568668447
0.0029885824589875876
0.0007487155589233118
0.0015384273175544933
-0.0007625231672221682
0.0004781759953238736
0.0028490568960005637
0.0026073596202539594
0.0011827895620658783
-0.002203266310773471
0.001895670055749676
0.0004705897002263413
0.0003113907554553332
0.0009861138331896798
0.0002521079366487092
-0.0010338389146267602
-0.002119547329877536
-0.0009726236216676572
0.0025227149027911323
-0.0010699832678210583
0.0014377393108890284
-0.0016076112065166854
0.0017796117657958837
-0.001506873722191205
-0.0008491418580854502
0.0009595627390620075
-0.00042185201344094054
-0.0009846763691985653
-0.000892123615808078
0.0015136051871028735
-0.0018831018127006714
0.000697398038340612
0.0010126907302998788
0.0027293939130236047
-0.0006722634412686282
-0.0028811182794616854
-0.001752443079059001
0.0020354466349164196
-0.0020526124271639315
0.0016342267721095273
-0.0012275105578081738
-0.0011462293669991022
-0.0009368969038055677
-0.002107676770464111
-0.0007279303529296121
-0.001817540840905757
0.0009417214732623871
0.002156484392685734
-0.0004717410643070375
-0.002373733817083336
0.001525007790521055
-0.0018772579244773504
0.0011514708017856022
-0.0010782575245758365
-0.0026663871372117217
0.0008964605137132394
-0.0020551890163229176
-0.00027830130239788224
-0.00013905722365312656
0.0001906783786519736
-0.0021179820982827513
0.001959930467289786
1.955943494721165e-05
-0.0002665102283998357
-0.0021765194254899653
-0.0024183954459996403
0.0013367074525635634
0.0010899570038365638
-0.0009638628553390043
-0.0008494004995868655
-0.0029057468114162765
0.0016515878091779871
0.0020256787653928727
-0.0001601929446714478
0.00024638370596639534
0.00030937020926207143
-0.0010035753651500656
0.002718399406291051
-0.0002918399544631191
-0.0016788747278939757
0.0012134462091175071
0.0008662399741417954
0.002981199051625869
-0.002993840259371342
-0.0026891385759742837
0.0004015398908572632
0.002481709941052324
0.0028596654974723896
0.0018850043392674284
-0.0004541112554224502
0.00033804099187219935
-0.001010417985192055
0.0004628373065596672
0.0002727609593596394
-0.0017827697932533862
0.00040760631947344816
0.001541315290126151
-0.0022709373411339833
0.0024895319325322655
0.0009840415425729238
-0.002997038203903571
0.0008200097979280401
0.0020343762756384366
0.0007084499254619405
-0.0020717044547370576
0.0014473882908887905
-0.0016879871809186535
-0.000124846611169726
-0.0006883141491679096
0.0023285694711039214
-0.0005320942706269361
-0.001827366757107961
-0.0018515149635963033
0.0012093354226801875
-0.002950241679490758
-4.035245349684946e-05
0.00045509466969982995
0.0009496840180345939
0.0012926071410187777
0.00020186617398963973
0.002405434761134283
0.0013348018902008384
0.0010944881978893935
-0.0010002608577305027
0.002474454249551195
0.002073055770019123
-0.0009085557168103538
-0.0004039008871448723
-0.00016919774392499132
-0.0009605241555686907
0.002602536160833064
-0.00145402255855301
0.0010115511454104643
0.00029793997563705996
-0.001736614848131407
0.001098665920505483
0.0018043636048829794
-0.0021726477050057844
0.002870231814316453
-0.001610005559269001
0.002115490986304559
-0.002996422053838096
3.044485050531301e-05
-0.0012274372300134923
0.0019433997710822963
-0.002828219682759344
-0.0021944457368820764
0.00011491566733111457
-0.0014052862673817306
-0.0003997372715358982
-0.002868044611856
0.002222971545819013
-0.0023014410600875213
-0.0004313424584164163
0.0029861383445585503
0.0006406756406065572
0.0015307007255391993
-0.0003523935948479286
-0.001977110232690803
0.0022738876197938166
-0.0019228074805258263
-0.00042044681678360613
-9.335799037261689e-05
0.0017741331980794042
0.0002654212664685461
0.0014299183894313791
0.00040791398674086066
0.0017830003292308126
-0.002067871341730502
0.0029552969735050748
-0.0022596613036394665
-0.002640455805492947
0.0007634937772698102
-0.0025384974348482397
-0.001062646654860158
0.0029997806500000846
-0.0019483868511193997
-0.0016022181483616828
-0.00011871207749802448
0.0007264453023272314
-0.0004124171647367893
6.911662155414597e-05
-0.0022495741010704743
-0.002404238025977668
0.0016193661451256872
0.0028870994202838847
0.002360397703235816
0.0008006767351405068
0.0016341946904097982
0.002162142175453156
7.94694374139566e-05
3.984758868512796e-05
0.0027619503958812557
0.0011666007201888654
-0.000418159797664647
0.002471104764832384
-0.00011988953468586869
0.002663837945025319
-0.0022119797068482364
-0.002486873809019275
0.002687927506232427
0.0002895238359244645
-0.0008191833580387699
0.002321991919720548
0.001945578584623314
-0.0008515271688470188
0.0023392259529050018
0.0006000935095355924
0.0011274150740017332
0.00029523757063766587
-0.00023394125464363093
-0.0017501156067039397
0.0002957336043559245
0.00036035849615914965
-0.002987339569464324
0.0009851182694412958
-0.0028375823953155164
-0.0029626876202147453
-0.0012000064706529845
0.0011533976157821783
4.4912679556538895e-06
0.0027863900113560746
0.001972712023639892
0.0005618103640516875
0.002622497176948386
0.0014911845403535488
-0.00013937095192935586
-0.002096216092404261
0.001295424722052678
-0.0018687151713176356
0.001651531746094938
0.002863506083800792
-0.000564863157388957
-0.002594754897887034
0.00048263715980779564
0.0010999290101802173
0.0026895142937564597
-0.0011030179494212697
-0.002532074364601267
0.0005948718626958686
-0.0019730744515872468
-0.0007671038760837896
0.002619836170651058
0.0025956144028808055
-0.0010242134453882627
0.0021990474352192825
0.0026313657244103747
0.0028420987857987424
-0.0018356824865866435
-0.0021975762646916806
-0.0018281366681842568
-0.00038737875120711156
0.0019708782173106214
0.0017401067233259035
-0.0018919126504286328
-0.001278071858289019
-0.0017510645220950298
-0.002481028810954101
-0.0013197079150249692
0.0016359009079344056
0.002763347895349646
-0.0014606223270851983
0.0010502272590558687
-0.0004178495013439586
0.0022437282807130582
-8.71571906078247e-05
-0.0024202693307796533
-0.0017531645340117387
0.0005924027105534495
-0.0009256751188780141
-0.0008205519272373217
-0.0005044982132151122
0.00044203044500749694
-0.0008292016657070155
-0.0018759423234811343
0.0024115061615686117
0.00032778111959738936
0.00289904026749431
0.00181498096082281
-0.0017995003270322096
0.00042070212306019334
-0.0004614700383300022
0.0019207016010165511
-0.0018041854591856932
-0.002028902092892793
0.0027208589460137253
0.002373656757165405
-0.0011679758977759288
0.001862941502740089
0.0003614549783178397
0.0022151294134018585
0.001147542829504169
-0.0020272911620252583
-0.0025119109610314497
0.00032400092491388383
0.0011723036953734754
0.0017790438437515297
0.0024904050427204723
0.002109539411961024
0.0026727168542373904
0.0006670043890595195
0.00030603799891502394
0.0026727942078296285
0.0017762013079605943
-0.002906840704220741
0.002745500888257371
-0.0009663776482508931
0.0007146492744594495
0.0023743650821857433
-0.002472570394509558
0.0023930865348144974
0.0018845062491795617
0.000706768358851253
0.0012731066290650062
-0.001666916629864168
0.0016359558786788663
-0.0021959199574320114
-0.0025190427882460175
-0.0003925940642375723
-0.0003465063761700685
-0.002292961817509165
0.0012135029890213535
0.00028223917983584944
-0.0011762157313325717
-0.0005461433260854727
-0.0022744619432725354
0.0009123586369386609
-0.002012849130345811
5.8029983264996574e-05
0.0009975289869017263
-0.0020933423543540394
-0.00268772258861025
-0.000888944314241222
5.456146280276861e-05
-0.0015331817742211661
-0.0027791021548253378
-0.002674828166777916
0.0010436683465604151
0.0010474497240924663
0.002958968726362773
-0.002787286237011498
0.0019859752216274534
-0.00032892408094061616
0.0025012461178798157
-0.0013383527186097575
-9.161263732553396e-05
0.0009565826056581071
0.0007569444212392308
0.0019961590909565513
-0.001574250101361891
0.0011986097629830125
-0.002688311496619297
0.0006218688621500469
-0.0014006014932628937
-0.002469043083495396
-0.0015359547801777273
0.0004885217091477856
-0.0028911496798946982
-0.002609879513983313
-0.002814449958685906
0.0007022989199141757
-0.0014957481180004506
-0.0003790229559001335
0.001997173208601516
-0.0008400580713672436
0.0014699513850338032
0.0005481239416395378
0.0021493970289434734
-0.0005615867741940055
0.0018936465002419014
-0.0009940950338289262
-0.0017428810213492296
-0.002125073295584616
0.0017391041861085695
-3.971082382258923e-05
0.00017770301001868464
0.0026789834123567263
-0.0018160661466740714
-0.002060153199126376
0.0025315891241021625
0.00247605051822262
-0.0025053659239625244
-0.0023825128210171634
-0.0015737106253065792
0.0027063435065784232
-0.0008020615815037698
0.001040719742127094
0.0011113263771986093
-0.0013957157185633983
-0.0006185579314731413
0.0026476127210461886
-0.0029314152389799167
0.0025839241703296233
-0.0011305482500426987
-0.001421053062872769
-0.002105939570526747
0.0015247035260622082
0.0029221546422007316
0.0015020597432488418
0.0028636854674733477
0.002431025521073317
0.00290576771331846
-0.0011751594772020247
-0.0011879698957890943
0.000601232659295378
0.0013223560753768135
-0.0016969045176020833
0.0016826949820837244
0.0008236153746299458
-0.000654822034189075
-0.0013189637640771523
0.0028188057867294036
-0.00285753825393673
0.0016236289714704234
-0.000507688702368312
-0.001997803618873517
-0.0007830790393597497
-0.0020412805215806696
-0.001305376132271492
-0.002927389479303051
-0.0018169428435994273
-0.0012733481913474469
-0.0011651062467438798
-0.0020988483842454535
-0.0017154580591618477
-0.0026957419487212827
-0.002011956807234012
0.0014961003486052707
0.0007250356959082188
0.0023023263087063135
0.0029531319331879795
0.0020005331405080796
-0.0021041618981843414
0.0022371953085830116
0.0013908780929973745
0.0002533979629968288
-0.0012138888352441403
-0.00191250950818157
-0.002144007590916528
-0.0019305946625208486
0.002606663582020716
0.0010197500235308403
-0.0008433658577482813
-0.0013289669958622507
-0.0014081782013978547
8.194106612852874e-05
-0.0014875658494766836
-0.0014859214776196496
0.0012264238378804047
-0.00031000208359668055
0.002666286398210347
0.00037567579716415653
0.0029772226998266748
-0.001547039426312439
0.0022355178694558556
0.002122481239227224
-0.0008601679576676117
0.00022643824903215062
0.002214316510678889
0.002454159533211344
-0.0008874547600711226
0.0029880661288850365
0.0008019743236796504
0.002142602618233014
-0.001346474638098434
-0.0014439791932839715
-0.0015894041643846073
0.0017131984740278647
0.0020583143778039083
0.0010961374889350535
0.0009075147812348527
-0.0007018225409949905
-0.0009288364568210057
0.0001588737633724832
0.0026691618293957203
-0.0014905406594569598
0.0009061696261668194
0.0002433439486033257
0.0026841663117240268
-0.002946648322962879
-0.0021789889759002553
0.001595931715515182
0.0007183915199188676
0.0022646963155570528
0.0012595113456083887
0.002186759041138309
-0.0012285232657014314
-0.002750039669705943
0.0019593924738271857
-0.002900447678960179
-0.0014424058046190185
-0.0007746325057445967
-0.002670659713370614
0.0014473481213835918
-0.0014647774633425377
-1.2297807081236567e-05
0.0011188216261826594
0.00046011863817186846
-0.00034529193672414157
0.0019092061917796244
0.0004129044903361514
-0.0019642070277140523
0.00038260421609084957
0.0016844182222914006
-0.0004147566714238775
0.0029673873391768794
-0.0020067500341579276
-0.0015582041456252812
0.0009638641607187005
-0.0007096751560024912
-0.0018549155692525975
0.0002349958215797981
0.0022631044236815666
-0.0006218319007016012
6.818881420591998e-05
-0.002665118116680283
0.0005008918013254724
-0.0008836989629223122
-0.0019509619669814484
