0.0007253593308894661
-0.0028139223893659617
0.0026081025331556457
-0.0008354688194321968
0.00023683090668406848
-0.00033568880550217343
-0.001436398474591676
0.0029878870717469285
-0.0016511783731904847
-0.002838928305573016
-0.0001463671510223345
-0.00016323334392423765
0.000705144206967032
0.0006592913029056162
0.0028091266420982803
0.0024276646966228258
-0.0025330722787201485
-0.0029886751780057318
-0.0026269292389988906
0.0019905473448214722
0.00026523935484525085
-0.00024266548544790364
-0.000567966645043745
-0.0024839842588337438
0.001371619515866748
0.002482987490945405
0.0004063127111256894
0.0003141260716577241
-0.0007922777531486017
-0.0008181891691476269
0.0018859476993329715
-0.0025431033035093597
-0.00024469296973175835
-0.0013087594307629328
-0.0022028632963685332
-0.0003556654441644962
0.00026805955357870215
0.0022767433378258995
0.0003426618078805812
-0.002324929377841354
0.0010789020891545861
0.0006312289085057218
0.002839727327200725
0.0009959610647268637
0.0008621658068209315
0.002434086342851343
-0.0016741989165448858
0.0006668884193058444
0.0018001313629038077
0.0016266991112543613
-0.00114884017341938
-0.0012629510784250252
0.0012249635497626737
0.00299005028273495
-0.00160889248765402
0.00010176362159573576
0.00013338729112273356
0.0010694043113614144
0.0006421578793052965
0.00021869808085663023
-0.0011086890641868142
0.002363092742066978
0.00043703435796005807
-0.0002778124519990854
-0.0014710260268115752
0.00044515887113929587
0.0015883151332325577
-0.0011933936117570051
0.0023631014534799284
0.0016669306109120567
-0.0016842320109222812
0.0028845033902677028
0.0029631856512027394
-0.0024920088399855364
0.0012452823371381493
7.41620983905622e-05
-0.0007962011802078862
0.0017378238023054932
0.0013834346205085224
0.0011196447818034184
-0.0005006910132168544
-0.0008264653883513938
-0.0009752136858265734
0.0023687440126291493
-0.0005891335852046126
0.0007806876904712591
-0.0013824900660521133
-0.0007529054226296178
-0.0022330258862689797
-0.001418844162426871
0.0026229037205468472
-0.0028308576210121362
0.001943935944069706
-0.0018793700603385215
-0.002225900430430019
-0.00217678048625731
-0.0006548973487355519
-0.002449750581039121
0.001897186354326911
-0.0014366467232974761
-0.0022535674668858734
0.0009531479878569799
0.0014191662182401373
-0.0013036627081419241
-0.0017464455382181984
0.0007133355472402321
0.0018014683023376303
-0.00014011915601719457
0.002801107568073006
-0.0023258472471040822
-0.0005231098213983165
-0.002400742068920465
0.0007736494946495157
-0.0025089472223475823
-0.0005811031293369
0.0021733411221070923
0.0012099149276136667
0.002128934532276105
-0.0018165176779267943
-0.0003768498996480495
0.0029408127847166485
0.0009395752674450052
-0.0001377585407232292
0.0012777019485188442
-0.0005161515985476184
0.0009743884252749451
0.002768506916769972
-0.00018423729988606202
0.0007908536135927441
-0.0006729772857248222
0.0008856335766142479
-4.910406328265159e-05
0.0025483539470045665
0.001679157831354472
0.00128711224335697
-0.002578504131890248
-0.00018396371812070406
-0.0009038462633370954
-0.00045275208478224877
8.075671524996773e-05
0.0029127427254665066
-0.00018851112082878896
0.0016414388402876583
0.0024467699216469676
0.0007006174267544557
-0.002033002977684405
0.001133331564267777
0.0016173566017686387
0.0028678821746917875
-0.002573911152025285
-0.0022145093285981005
-0.0004422193100366628
-0.00026343669371176916
0.00252055261352671
-0.0008942053519284104
0.0014752766794752766
-0.001990589689116586
-0.002749506256122018
-0.0029265079170225725
0.0011405813232231183
0.0019062588479502813
-0.001889908285859585
-0.0017127378815558927
-0.0015075465764621957
-0.002649235730310004
-0.0013463949197500783
0.0025649843073648542
0.0014977326113508257
0.0011045744084310612
-0.002413043124958427
-0.0015384172957679024
0.0013467437551733744
-0.0018424372607670654
-0.001423285932214917
0.001062236106049298
-0.0027828520913843885
-0.0008011752498309614
0.00016391465971993605
0.002643419910799136
0.000457044991248377
-0.0005362371466056072
0.0020537737416094033
0.000443897043982192
-0.0015552925475319159
-0.0028713813865262677
9.23434619642745e-05
0.0012577889845816256
0.002374240482007557
-0.0011466578771059336
-0.0009051659809670575
0.0010981178778912831
-0.0025488740531582365
0.001142436698118609
-0.0006189024688223483
0.0017366491159039304
0.0021780053404313804
-0.0023196791593941865
0.001973468009921529
-0.000977537095475588
0.0012781046408361476
-0.001079918397397499
-0.0010347500424703962
0.00018361813279004977
-0.0016534590677672984
-0.002388043305086644
0.00295578443914535
0.0001384721286469947
-0.001350522614191059
-0.00032745850234510354
0.002226938902848137
0.0011206563578289724
-0.0027682434942015266
-0.0019326268960703126
-0.0005067033845385003
0.002880611822716291
0.0012031571592064291
-0.0025353799892534694
0.002796926559990114
-0.0014136232658029124
0.00034513302859325024
-0.0007086808550597077
0.0004542097969505699
-0.00019766380531745795
0.0029026856368975177
-0.0005858305047309028
0.0017091435658691057
-0.0028049950315409845
-0.00042052673319571124
0.0024315644265048286
-0.0027781526327299816
-0.0012965003666227126
-0.001325491158293281
-0.0016843444469957323
-0.002780184131749332
-0.001319720890759776
-0.000922331441483867
-0.0004992007287406455
-0.0006483424623740753
0.001545119179461896
-0.0011559362306909
-0.0026588104664410734
-0.002581400274772513
0.001357203277258059
-0.00014232491141550263
-0.002973438013796812
0.0010937122304883074
0.0014926348005730858
0.0016601588147787394
-0.002273536200268982
-0.002061148369631571
-0.001425985011494309
-0.0008525349459775856
0.002119936839243307
-0.0023292088770390713
-0.0022955058232051032
-0.00036894689200949425
0.001619320429624824
-0.0006841162799216
-0.0019393301436219268
0.0005326998397437157
-0.0002824831238707054
0.0009183742695388301
0.002725305819683334
0.00190289397781226
-0.0017151127699901443
-0.0018113435998209327
0.0006955568407227587
-0.0025167122224179685
-0.00014143350671562633
-0.0013412305536679486
-0.00026453799158478565
-0.0018544772089569249
-0.001886680853597885
0.002605773784656571
-0.0007773797794211504
-0.0015189819090301677
0.001549622292326391
0.0004095000124835326
-0.0006386145503554535
0.0017187357423562137
0.0007788889394096804
0.0015848568310223325
-0.001411927899959176
-0.0001252481208048775
0.0006007961807292157
-0.0019713861462560623
-0.0003205069789052259
-0.0027966080305678025
0.002809031928781191
-9.148615504339522e-05
-0.0027023928505632857
-0.0009040850287378405
-0.0018005267040788271
0.0017603576199489903
0.0006343360956414966
-0.0013125740769040276
0.002957482036566473
-0.0016142371452018106
0.0027269615353987227
-0.002507221663651248
-0.0011761854123265305
-0.002725418961533182
0.002147971053881691
-0.0006406867034770727
-0.001458926144947219
0.0011964243839960335
0.00044776352159005403
0.002702676704775653
-0.002118227376840619
5.532934754432601e-05
0.0002753223838009478
0.0017162253111924625
0.0002434899773452663
0.0012925101577528977
0.0002665926517224555
-0.002347563445160197
-0.001465087771532388
0.002603442996160719
0.0006836409941079562
-0.0021428632526869986
-0.0010357751620492144
0.00018061397651720698
0.0004281279501949253
0.0006749450593285175
0.0024332816609210625
0.0007799432803469049
-0.001633878467132319
0.0019662825870954467
0.0008214645368161385
0.00016449023562417663
0.0019419819501770965
-0.0003162281905638572
0.0025596292137942565
-0.002473060674860709
0.0018536889594472136
0.0010298998778456225
-0.00037695270242328865
0.0003153104520763608
-0.0014088657564009731
0.000521689619526752
-0.001377534763804538
-0.001006639030312304
0.0012131690398612125
0.0012294988113333172
-0.00198833944155112
-0.0002610041793191147
0.001704491089349329
-0.0019342745051356698
-0.001984792864951656
-0.002258804060687185
-0.0023064349930995184
-0.0008946666829028364
-0.001542849217802385
0.0006942141673201251
0.0007675015294385957
0.0021212095909595415
5.6444136131885824e-05
0.0026444327999925457
0.0005607528514465989
-0.0005885989136769098
-0.0008797956270199421
-0.0011872557294891506
0.001751914174958704
-0.0018236833391597083
-0.0028942329130725052
0.0011917533050106429
0.00039545400389664424
-0.0025086137940862376
-0.0026111594621494034
0.0013089441623216885
-0.0027426815794366183
0.0005053129066031198
0.0023309657898410103
-0.0029945786391136703
-0.00023801167229455314
0.002629519146590511
-0.001636115504939679
-0.001641150612089586
0.00024521410106604496
0.002036914393343842
0.0016716618270080788
-0.0009909502193547848
4.288542467689336e-05
0.0019566448979553
-0.0007038277470993565
0.0015365426067918166
-0.0015221352443424234
-0.0022191812424433395
0.0006648725855158441
-0.0027478265498765858
-0.002232792503637851
0.0025404842852668223
-0.0028237544921132724
0.0014525211585921013
-0.0029945001023860642
-0.002058421631993921
-0.0003650467840455485
-0.0009097554487223535
0.0023844494383733197
-0.0008437325163888937
-0.0020519118338521735
-0.0001862758250389127
0.0003764850356944684
0.0018530391038036739
0.0018835273570818852
0.001830847026313107
-0.0017520349429927683
-0.0024277343493454232
-0.0012011426860928486
-0.0007441369623349108
0.00037276389688128356
-0.001932568822544012
9.409406966404523e-05
-0.0002375198814233482
0.00206376796368857
-0.002449493532182819
-0.0021604044559685354
-0.0015139000240012022
0.001801187667608001
-0.0021352238990121394
-0.0014273514648557911
0.0022617514824032642
0.0007161182036652435
0.00227023143632688
0.001286662455382369
-0.0008617924859685359
0.0029804540056976433
0.001358086106438416
0.0022684555637346882
-0.000855021715504679
0.0006641039679800894
-0.0014852587702321091
0.00022538273080761288
-0.001433378775868561
-0.001772613474994483
-0.0017907938137178808
-6.597782084750547e-05
0.001190479876998913
-0.00016846361132070086
-0.00024849501915351823
-0.0022128294611587713
-0.0022301497073319854
-0.0013593062647987966
-0.0006226500957330046
0.002342400079850233
-3.4393294789791286e-05
0.0027183541690020616
-0.0005155576208493769
0.0021572204481269787
0.0012266515140542484
0.002555737430320822
-0.0005727328291233089
0.002458596437155053
0.0024642384521235874
-0.001980998552329075
0.0003660799348274889
0.00108472316605989
-0.0016867007916603173
-0.002906415189393272
0.002525938191334399
-0.001864978533548598
0.001141670225655208
0.0022153720912125923
0.0005553806504606908
0.00021106560621887574
-0.0029574494030090897
0.0004525490035438796
-0.002277405192659584
0.001115825141317521
0.0022979568783922395
0.0022224173354704726
-0.0006816411782499627
0.0016391845430034357
0.002314100546278941
-0.0018197886239489864
0.0022876052180319188
0.0010122428466081005
-0.0013462752641787163
-0.00039098022072452153
-0.002222757041630864
0.0007658166478251788
0.002568412515670797
0.0016908336860200369
-6.647296145195899e-05
-0.001337482346224234
-0.002342923724905167
0.0025999327458987526
0.0006396463744063885
-0.0007265546289514711
-0.0019757039428570803
-0.002144343255815092
-0.002046687800198162
-0.0025293295294295
0.002316854385092813
0.0019665499055286284
-0.002795549820434704
0.0010480673398315845
0.0025379583455550107
0.0018991160567654606
0.0017187120052805935
0.0011289031474464974
-0.002076460339516112
0.0002113913315752152
-0.0007278622524665521
0.0021166329338936415
0.0008876494893285789
-0.002901660061487776
-0.0002959267639672026
0.0009401819629514243
0.0024613707980873202
0.0010997631351396574
0.0015035896843769297
-0.002100279705203996
-0.0018938421057429862
-0.00027884406863640807
-0.0004607935898942603
-0.0025316900942360886
0.002180802158309762
0.0025901202015805166
-3.258159861439531e-05
-0.0026519203284352294
0.0014024106440619294
-0.001088875835684578
0.0011525699241930407
-0.0017902896997616798
-0.0021736618117343307
-0.0026106041914578174
-0.0019215621406161304
-0.0029652432152352357
0.00238802368640317
0.0019107612076199529
0.001449498245977906
-0.002752086558582509
-0.0008590289421757961
0.00102142623233702
0.002325380957992813
-0.002582498331532435
0.0014751879644796274
-0.0007790587020066091
-0.0014383292826853553
0.0003904976841222446
-0.002775626998074517
-0.00059240832634556
-0.002773258451576988
0.0027374802324360865
0.0017297694900588493
0.0024405663091515636
0.000670764204168174
-5.668110062957048e-05
5.2445072782534696e-05
-0.0005317545808351822
-0.001800730743806057
-0.00208519453444548
-0.0024895969669841986
-0.002637607277917413
0.0012992688268943968
0.0005541138952378033
0.0020815980947233885
0.002223899627241329
-0.0026048802245459707
0.0027714085230397282
-0.0016954010457321228
-0.00056709462599327
0.0019470204625606476
-0.0027858601819709013
-0.0021614660363448836
-0.0013106487589839907
0.0013998160184253879
0.0013695502707646544
0.0006412675305737222
-0.002548709622183947
0.001905819544258597
0.0018039914934521572
-0.0017339854705278762
0.0014410576883511503
0.0025937715479539174
-0.0011398726833417344
-0.0007065263859311142
0.0019883123519952054
-0.00037722720243406034
0.0025886249377201033
-0.0027718074231700618
0.002431064872859913
0.0023296071331917545
0.00021565458658006015
-0.0019696885605119153
0.002611325154522225
-0.0010245776162655026
-0.001935089056855754
0.0022949279091656217
0.0023492007037258927
-0.0007049899591087057
0.0021142631983751894
-0.0029247990055880873
-0.0013747827812784406
0.0006382818230234546
-0.0003075009377775735
-0.002563293479466184
-0.0008318547275614628
0.00255582628166525
-0.001978176330541093
0.002944285234539391
0.0018195612475509371
0.0011724967895270005
-0.0018694585956792653
-0.0004120746569789401
-0.0019334273400250916
-0.0009574518668993008
-0.0010048640601898638
-0.00021050132824808028
-0.002039210778116681
-0.0023677439893372786
0.002906594120994651
0.002947582125575476
0.0007892165629912696
-0.0006646466160823688
0.0013277948826686259
-0.001479931450575858
-0.002881189082999924
-0.0024352835694529127
0.0013168361455343546
0.0007863280978981702
0.0029879101608876234
0.0006643925592499447
0.00019653781206349077
-0.0015414555476069595
-0.001194724018490263
-0.0006558806002235143
-0.0019896919127719934
-0.0009337492964663855
0.0027331238058413386
-0.0017107160783086958
0.0009204373596530674
0.0026241885554032836
0.0013211813771223926
-0.0010004638309261613
0.0005310668838401172
-0.0006523192874626892
0.002521789140262613
-0.0024264324675504056
0.0019212540277207986
2.216809998133954e-05
-0.0017268906347279339
0.0012594110419293768
0.0023214119400415886
-0.00036763139874314765
-0.0011616052249809252
-0.0008673098416304768
0.0020154577674545626
0.002853581558177906
-0.0006510220699831185
0.0018214255535311703
0.0017573406670553854
0.0011738392211830167
0.002025173375762723
0.0026357367229842086
-0.001197960248730747
-0.0010148564365318187
0.0010348177549652
0.0016929654131514283
-0.0029295344345662655
-0.0004002754987029941
0.00031993441914739216
-0.0014324701008730598
0.0024808300858641646
0.0020392296938217492
-0.002994214138201247
0.0006500227321583436
-0.0014460610898772656
0.0012059752514626317
-0.002550470792111375
0.0014515997288724403
-0.002304271694812685
0.0003254808366942811
-0.00012202548918807806
-0.0024206948686316355
0.0012135404893950773
-0.0024086869259294305
-0.0018408944612928822
0.00017763595696161866
-0.00014140263544872717
0.001228525748590924
-0.00043670441072239533
-2.20509125388557e-05
0.0005072119265915318
-0.0013506700814516956
-0.0005215815549102637
0.0024773099069235888
0.0029456710315356365
0.0001342141222809459
-0.0016083592787495525
0.0012020568350798247
0.0027732441353458407
-0.002582220200083041
-0.0026412511813393704
0.0004241855560358633
0.0019227425203965868
-0.0004093585592785925
-0.00024241422609858976
0.0017522556271507917
-0.001108206541482205
0.0016535138554209187
-0.0016407001848689293
-0.00023164094126035392
0.0024751757215100223
-0.0005853947202534913
-0.0003432980026384547
-0.0012237499613011868
-0.0020923852100485133
-0.0007279142153468927
0.002714700480553934
-0.002564187894380384
-0.002491142878681775
0.00173995837229202
-0.0007521267241703219
0.00011151707293411296
0.00014590785388075758
-0.0020693613985791224
0.002707895952464295
0.00121359176090516
5.790475552538369e-05
-0.0021350442159429298
-0.002893655553727959
-9.962860050672989e-05
0.0011148147085323409
-0.0022930911920828433
-0.0019115595057505551
0.002947854522209847
-0.0020609237748548453
-0.0022694641007048708
-0.0005913694736203435
0.0022503596946744997
0.0021633539086184875
-0.00018281010833179822
0.0027624986189683258
0.00029984569929285883
0.0014502438495582618
-0.0006355032730239333
0.0007621829104246351
-0.0008721284958441234
-0.0029604682038938436
-0.0025918230255836307
-0.0009465760618359489
-0.00041900537690610015
0.0017982853878913772
0.0004922654427060133
0.0027095076353741915
-0.0024404781501817362
-0.0011048309875461972
0.0005385513298636221
-0.0012473458002974138
-0.00013796021416553244
-0.0011021495172572424
-0.001349403046369785
0.0009346540625646644
0.0009631721947193804
0.0027200912159803118
-0.00011027501427793122
-0.0004698598833645794
0.0006215743236909978
0.0029340896452690777
0.0012448218599804706
0.0013813310098380336
0.0018300365284082921
0.0020656919743073663
-0.0014719251146684028
-0.0014066353309385965
0.0026247452601724057
-0.000556171430600428
-0.00043081512929256946
-0.0027646489049207223
-0.0008815272924683373
-0.001299928036657495
0.0027628127301924975
-0.00022118086841923157
0.0022521030680885427
0.0014228460988985388
0.0016488456333824623
0.0016860951592895714
-0.0013717492781869366
0.000665023818392836
0.0022398405925366906
0.0005813489190671112
0.00023020643762797135
-0.0019799069666822265
-0.0026377653030013283
0.0013550503272724106
-0.001891884210813945
0.00193411965246903
-0.000872126998178231
-0.0022293291925834895
0.00019538684905575027
-0.0015039119365340488
-0.00010117630024085444
-0.000648647691470855
-0.0011341372721020797
-0.0006268308544232887
-0.0005206529845675155
-0.0028027333549976562
0.0024518234013397753
-0.0023062723076926195
0.0013893727582281225
-0.00042958537301657
-0.0015640219350986817
0.00026104663212320146
0.0024766730690706533
-0.002569001829508199
0.0015918986639500378
-0.00012729324623886751
8.215914505281616e-05
0.0001053421003336984
-0.0014664072353166575
0.00047818142653542834
0.0029288979168240895
-0.0023324084906568526
0.000795256851568023
-0.0007958961032707656
-0.0022388075754932566
-0.0027334336984614323
0.0027578015809909097
-0.00282436857446085
-0.0003693174548651734
-0.002185952276767157
-0.0027193429179308342
-0.0027638304579155277
-0.002787642469094079
0.0024801663293421133
0.0027348398000283563
-0.0024018613499124358
-0.0013832462988879251
0.0005434295143547391
-0.0023384535266988177
-0.00013109965387421083
0.002013483841022388
-0.001934501703259758
0.0026977611532511348
-0.0022149992772995336
-0.001714686820251064
0.0012239573177113992
0.0029512439615299218
0.0023851584667404398
-0.0029959793551486485
-0.0020763573964011997
-0.0009981859098598081
-0.0012065352259302811
0.0006237934181187268
0.0007044365432090759
-0.0024428388377346157
0.002568339778710101
0.0017836818109945966
0.0026109486933002645
-0.0010685695245339734
0.0019365778170944937
0.0014631869884004535
0.0006964531182315444
0.0021575754979205565
0.0007692611482547963
0.0014357141302834475
-0.000126365219681724
-0.0023604550422265287
0.0006682175481263859
-0.002882641267933191
0.002608833516184071
0.002832286166851916
-0.0023910683196697213
0.001805647193424689
0.0010610839990228063
-0.002839322823494828
-0.0004404320254047696
-0.0005131448435920206
0.002506343674788322
-0.0004375260964934748
-0.0015033619622381574
-0.0006377150628900257
0.0020314038106549245
0.002003124660855518
0.001147876417704802
0.0018671571311681236
0.0015283618429505971
-0.0019487551780643095
0.0027491787130747777
0.0007009813976035528
-0.0013312899396745491
-0.0026552914133823598
0.002571526306870915
-0.0005333886893789581
-0.0029557653877124723
-0.0016722132257675209
-0.0013235119444305582
0.001211915190924011
-0.0020938425356618827
0.0014338413105364775
0.0013814418686739337
-0.0004025034529467793
-0.0024759251094590845
-0.001333832753674012
-0.0013202174233761163
-0.0014023390825713886
-0.001249254555591773
-4.6289922162551754e-05
-0.000913260562346294
-0.0015179843968975166
0.0026602623932038784
0.0029130824814363864
0.0018850195735925198
-0.001970951545912601
0.00291475453572708
-0.0025568839750863903
0.0021950015963187715
0.0004969929912583288
-0.00019355693789661335
-0.002336541530914762
9.696407151793237e-05
0.00011494175246398166
-0.0025505412953448093
-0.0008007532916853789
-3.9694228016808834e-05
-0.000688636658725446
0.00023091585190063808
-0.0010242573552012848
-0.00024181171021962723
-0.0017100802868684844
0.002077825601776464
-0.0010129476910815784
0.002554759932601
0.00024272832623872462
-0.002170870036490767
8.25848820922492e-06
-0.00030801183382661145
-9.440307730374485e-05
0.0011245794892370334
0.0011110637951186868
-0.000726475536061439
-0.002812950576000413
0.0011979106496133969
0.0022151224197851423
-0.0028728774261175508
-0.0010409671769776464
0.00033474669340799543
-0.00020812127893483304
0.0028979436884352663
-0.0022074039859975893
-0.0011506156824675324
0.002145289129331346
-0.0005497831944521214
-0.001375550506695946
-0.0019378220689300965
0.0008879342753842444
-0.0018351913623446175
0.0009445358712077351
0.0025566945113601547
0.002639445976898829
-0.0010355171162984272
-0.0018156889859526752
0.0010835349884745476
-0.0017791892720672598
0.0009640692862787218
-0.00039654528944683704
-0.000984877835076955
-0.0012371638677181845
-0.002394887779592312
0.00019356607540012153
0.0008836476029829995
-0.0011828610050409745
-1.5481175294940804e-05
0.0025987041103535165
-0.0019044692055291794
-0.0016313908033363808
0.0004651867565959606
-0.00040333838634700175
-0.0005146507811296481
-0.0015663186761440567
0.0009454401101363858
-0.0021068326205241437
-0.0020633358854279006
0.0007466138602653873
-0.001377164158769684
0.0005372583738648658
0.00281098481328585
-0.001843171980841337
0.0022543960803927876
-0.0022114165404515753
0.002365985861234836
-0.00038768003969829766
0.001811979629449659
0.0008060879953761834
-0.0026554254131275702
-0.0016819907242172933
-0.00028939982477077953
-0.002298917716644149
-0.0005069672395549493
0.00018143596494634697
0.0022109617676742696
-0.0005802396278959828
-0.0023767729570537345
-0.0022485574964694337
-0.0029696866614603804
-0.0002830621014546144
-0.0028650441559364167
-0.002941266786387315
