-0.000316261683456458
0.00022655064049929873
-0.00036905458015791407
-0.00043963892954559393
0.000410369552881942
0.0004010921266310377
0.0003543124176757583
-0.0001438762264694655
-0.00014051867017634135
-0.0003295703960794406
0.00022778947711670958
0.00026913826847092934
-0.00023784181434002247
0.0001778597690621054
-5.517947890257556e-05
0.0001125715304327355
0.0003425001212750083
-0.0002851977776104654
-0.00042049779921315836
3.0192196473559276e-05
-0.00032780049219944445
0.00020796348863082246
0.00021431057573887216
5.054902230088867e-05
-0.00032707051990003887
4.778521051939321e-06
0.000271594675994368
0.00021736454142221007
-0.00041994373603224176
-0.0004960508214573783
-0.0002912314977383583
0.0003103621172461656
-0.00016518369180716728
-0.0001848598560198925
0.00033709022856452686
2.7096680343997284e-05
-0.00030460077794300724
0.0002963059119975842
-0.00034681348409406113
-0.0001688640119951287
4.089844060920194e-05
0.00016948909992197227
-0.0001640026182719202
4.2888153886355305e-05
0.0003993759201826947
-6.438367479113236e-05
-0.00016714356511556515
0.00013722757802349644
0.0002606082118946422
0.0002513041686375919
5.896442170128153e-05
0.0003302797448055707
0.0001509428490365809
-0.00029473142515490467
-0.00016059292362327447
7.156991314526855e-05
-0.0002837582713400304
0.0003200616802839304
-3.802622262131031e-05
0.00037876479920602945
0.0003206915770898566
-0.00039759033130703613
-0.0004411055800435032
0.00022122023240849994
0.00013278746965197702
-7.34270291975415e-05
-3.730196161124999e-05
7.936653570667475e-06
0.00026961198842389645
0.00011092560200258656
-0.0003400943017358815
-8.395611811858137e-06
-0.0004998693032429074
0.00026923840311861204
9.438060374894388e-05
0.00041647271884845925
0.00048701004608601604
-0.00028015029125062963
0.00029672234761283383
-0.00018705486248062807
-0.000363234667850513
-5.2177557707738375e-05
-9.087396333744844e-05
0.0002900202216513518
-3.9375360959084584e-05
0.00015288829927881257
0.0004838834633636333
0.00028079270125938355
0.00015422005321224705
0.0001847578451012313
-0.00026884869837193637
-0.0002115314213605646
-0.0003102577268512957
0.000142704047954387
0.00033143117284565227
-0.0003299461378879953
0.00042683568716689964
-0.0004231661561655339
-0.00017069879251360351
1.7023487209517863e-05
-0.0002286662443149076
5.3716632532589226e-05
0.0004313626614306465
-5.041154723087318e-05
-0.00019257420034030418
0.00018013688887714107
-0.00044530930135656255
1.0523403298062718e-05
0.0004370919094991045
0.00035780364993805863
0.00013506285362440123
0.00045491829972085015
-0.0004887283230051834
0.00011415853311791933
0.00019863140035110102
-0.0002927829526431156
0.0004769337594662305
0.0004431811832735543
-0.00028148961463631743
-0.0003915420792707807
-3.097670550148915e-05
0.00021241387731544973
0.00023799359335514316
-0.0003182547093970727
0.00010158474272263355
-1.4379412304179045e-05
0.00012525050412921638
0.0001840144051403783
-0.0003713227724477103
-0.0002966486411061606
-9.099653060739909e-05
-0.0002610541766099488
-0.00043858084607811907
0.00042332130661140493
1.6351411467684747e-05
-0.00043104391108071915
5.406723801938413e-05
-5.448678386622385e-05
0.00020710381826880443
0.00047044460962991435
-0.0003059636219508645
-0.00042419887392827516
0.00031975172867640357
0.0002152252651223648
0.0003581681450025978
-0.00023733454129204977
2.5076399957953328e-05
0.00038688009337214816
-0.0002262374004200347
-0.0004817891528774485
-3.557313756304771e-05
-4.107581198061405e-06
4.222174573939293e-05
0.00018177110080364284
-0.00014327181441067317
-0.0003297374703901189
0.000359158010942182
-1.4758202616400949e-05
-0.00021598202040196677
-0.00015085770614141472
-0.00035195984894540757
-0.00036865790129404644
-0.0002023218351240348
-0.00026540925793629356
0.00032828516097176943
0.00012929434395066966
0.00019439874442693517
0.00018887870241578902
0.000237765314031833
-0.0001570754195233187
-0.0003728888466031609
0.00018301605108667768
-0.000297787541094672
0.00037206052359857065
0.0003454558103436117
-0.00014231924355355852
-9.965104035325603e-05
-0.0001905499178668507
8.435341298950903e-05
-0.0004375704466980337
0.0004931194546253792
-0.0004609240515834616
6.932160930926028e-05
0.00037114646670032903
-0.00048749650331427467
0.00018641000112709129
0.0002950277648885301
8.612126101546628e-05
0.0004822136396735264
-0.0002606277146773113
-0.00045855912484515915
0.0002185257948649794
0.0004122650234419244
-8.931532576969287e-06
-0.00017214319547388944
-0.0001828495233341184
-0.00035711055660265633
-0.00042203529948549545
-0.000358726301724032
-0.00032819435015978785
-0.0003526263892005843
-0.00046472382979193905
-0.00015740275438602794
-3.716367997619042e-05
-0.00019928138152921793
-0.0002276815066206562
-0.00019300275891973072
0.0003076185383375778
-0.00028742297583736617
-0.0004878838935426861
0.00030316139732407114
0.00024168940426441958
-0.0002530902951217502
0.0001176891228027167
-0.00019505088819095118
0.00013934299025831825
-0.0003628099320772773
-0.0003713424860731921
-1.7591381918186056e-06
0.0001314027712864392
-0.00024049421129840277
-0.00030457411607912255
0.00012365611122788572
-2.9583548822822655e-05
0.00010293548492477846
-7.736902256428381e-05
-0.00029380537865974067
0.00015169655021369318
0.0003473604315779446
0.0004910703962129588
0.00010727284277130223
0.00021998121865934774
0.0003595859363816797
0.0003708544024369437
0.00012761188326615533
-0.00019654962523591845
-0.00040596113792828407
-0.0003224356816386095
-0.0003506673836557588
1.8560441914437916e-05
0.00017097767761667393
-0.00037565683256840754
0.00041367008809425464
-0.00011485038346274767
-0.00028537052328154577
0.00023595324604033276
-0.00023544028280846177
0.000305141352521041
0.0003397219704862264
-0.0002823652921202549
0.0003692051578105827
6.205730346785254e-05
-0.0004918215805339896
0.00018655412695388113
-0.00030020738395187304
0.0002616318873842621
4.276489629605749e-05
0.00020026866783568874
-0.00041998078398245055
-0.00029987141174182645
-0.0003514510338112665
-0.00013170860980491004
-0.00043527824913322446
-7.07815263625543e-05
-7.71193565399381e-05
0.00027053262982400337
0.00026589086820581363
0.0001259963324896547
0.0003231917092046516
0.000355967092775562
0.0004246107631032676
0.0004919372108738692
-0.0001881479788796735
0.0004375971288898573
0.000393669292092714
9.205237252848941e-05
8.114165563736565e-05
0.000196529363738469
0.00031032174580532485
-0.00047077702834809787
0.00014825101634966485
0.00024623000834593316
-0.0004435025589107319
1.1071475944923097e-05
-2.190110503044496e-05
-0.0004196912920312909
-0.0003302428225279591
0.0003250357089540696
-4.6857709178098274e-05
2.860078838608064e-05
0.0003370972196705201
0.00020854445366520085
0.0004138817885129193
0.0003707508216335626
0.00045921519207487414
0.0002090013822043734
0.00018633526874248956
-2.8963896237643413e-05
-0.00029395020271205294
-0.0004199625346213978
-0.00011623537118983008
-0.00015287588037839694
-0.00019068126882633971
-9.310180148476522e-05
-0.00026080589683115656
2.7945626395445202e-05
-0.00036393147640131673
0.00017532679948490933
-0.00048175035460211436
-0.00030301747051172446
4.4460054261118024e-05
-0.00023365604506180596
0.00011684352386107761
0.00044164505600578806
-0.00025194057344704156
0.00019009291320749584
0.00024581975670178813
0.0004052213471119902
0.0002991429867663199
0.0004474458405097536
-0.0003365192013380095
-0.000141503418478241
-5.030362076521719e-05
0.00042324954867187
0.00031192452282796136
-0.0003221484183944976
-0.00042544865917479595
-0.0002683462389526806
-5.704526871133566e-07
0.00012801999400321345
-0.0004887335543852584
-0.00029897121024901273
0.0004274594703732223
-0.00015206112465740538
-0.0003166841984063687
0.0002153937432628211
-0.00047429316505773645
0.00012261015372134717
0.00017490366142598832
0.00040697163838961147
0.00016610108695557717
9.398365486276272e-05
0.0002662845073587805
-0.00037715390193110654
0.0002299383457588089
-0.0003325028599558762
-0.00036220093238147804
0.00045353354317977665
0.00030252793561005777
-0.0002733953308947714
-5.2051787395688046e-05
7.589706788029308e-05
-0.00040028397942660766
0.0004911469931212597
-0.00011484382208911938
6.321323748537003e-05
0.000125553002881401
0.00019005532184151542
0.00030515256142552905
-0.0002821620592053922
0.00014250465782653565
-0.00024453634903492895
-0.00038199533463707114
0.000456581822488232
-0.0003067643228571596
0.00028642061967283606
-0.0002514701601502776
-0.0002412990296253612
0.00012861020879926166
0.0003756886519547234
0.0003669321385205335
-0.0001557291713379605
-1.558010503686268e-05
0.00045042356007649065
0.0004125406563866904
0.0001496092212527945
-0.00037098832028367626
0.0003045716674145168
0.00017787706813513252
4.345467295144073e-05
-0.00040228731143032384
-0.0004795829366069697
5.500732415825106e-05
-0.00033624153960429493
0.0003636272256564387
0.00025292906055116395
-0.00010706110024606518
0.00013610119316702493
0.0004842940372757909
-0.0004623383193101663
-0.00013820477820650326
0.0004705659211243887
0.0001331198294133492
-0.000338464357195596
-0.00040077688302244497
0.0002891035580331894
0.0002866439124875517
0.0004488789793328969
0.0004275709589389863
-0.0004166021693420515
-0.000134993141699864
-7.979606042930439e-06
-5.0124197884120246e-05
0.0003088945816829326
0.0004019923430109433
-0.00017343533216071538
0.00027179059448812534
-0.00026920988507945056
8.689744603338422e-05
-0.00019245203284630984
0.0003773889344125175
-0.00034484344545950734
-3.670643066625614e-05
0.0002133152225553902
-0.00017534626347878078
-0.0002746234006756525
-0.00018412510531892832
0.000355672588971633
0.00037491938107793975
-4.156477049092254e-05
0.00040680887024839747
0.00044162549429748333
-0.00018001271520654195
0.00011066563104559558
-0.0003986925671063263
-5.441447681721302e-05
-0.00031906496053697166
0.0004278687433328387
-0.00027607138638213713
0.00033962973860231184
-9.861592183244288e-06
-0.0003202515154731798
-4.106809675404424e-05
-0.0002260941600540413
9.708836048093791e-05
9.327289349806854e-05
-0.0002227548045673198
9.099236061280418e-05
-0.0002592044966551497
0.0004429493790633151
-0.000362016690021503
0.0003347225795631428
-0.0004060140578563052
-0.00030269444345202846
-9.143484044437376e-05
0.0002785769804841237
-0.0001066291202698407
0.0004288522974006361
0.00027221132810040824
-0.00016149050929400088
0.00012566426842059168
-7.90576437647963e-05
-0.0003651641097274053
-0.00040616184950288084
0.0002297402595242675
9.391816202590757e-05
-0.0003031282631034887
-4.9163868917613605e-05
0.0004812117027268594
0.00018002813446651837
0.00039847021636759165
5.157495365606891e-05
-0.0004826595723438899
-0.00044213432883604575
0.00017018142791194214
-0.00011151914275831643
-0.00031958384462299396
-0.0004869177335477912
3.4557397877648635e-05
2.052980848505639e-05
1.6059080749697093e-05
0.00011293934615199102
-0.0003069818447663502
0.00016413028126181545
0.0002530760376209864
0.0001906597770418428
6.465346827319953e-05
0.00044530264319991007
0.0002524623906961145
0.0004996208573633091
-6.447859032174963e-05
0.0001477754864679105
-0.0003779825486924503
-3.9556139988772255e-05
-0.0003220217427023884
0.00046890211626814246
0.00019661548884630222
-0.0004243626579207657
-0.00019982071881469588
-0.0003703531219915849
0.00031661094908265724
0.000376703855676521
-9.334557529166619e-05
-8.953251776529659e-06
-0.00031672283045828056
-0.00018944521959861658
-0.00024064555897187903
9.413560945349751e-05
0.00017293627306020395
0.0001889229381197891
-0.0003327236926869588
-3.016598282242031e-05
-4.557709158018488e-05
-0.00046037113150541355
-0.00014788731441073223
0.000138649319752849
-0.00013329391848104977
0.0004864731407119992
0.0003279144856834186
-2.14396597653952e-05
0.0004566498623003988
-0.0001089278561766002
3.467490867809474e-05
-0.00014400038063493392
-0.00029940075503370094
0.0004288084887287811
0.0001021028735191798
0.00035036594978129956
-0.00041176649715887514
-9.827993294368563e-05
0.0004254067293380896
6.333336446781449e-05
2.789678902845132e-05
0.00015205719359004746
8.249552927108651e-05
-0.00027769331963784253
0.00033142978898414
-0.00037945058893462013
-0.00038797242063372375
-0.0004480467349950548
-0.000254952407358888
0.00040834316640303385
-0.0003419208682336692
-0.0002861248228947841
0.00012508297427107245
4.2472671207481627e-05
0.00035995372261489846
0.00027271860248401995
-0.00021887418401139892
3.1818335600501896e-06
-0.00013335724440003349
-0.0002211635686577259
-0.00015832585407784638
0.00048327614584251096
6.551347458646703e-05
2.3698945389102996e-05
0.00043767718863529676
0.00022797806560156183
0.0004170169976822143
-0.00020010326353736628
-9.607646711698128e-05
-9.665656810454781e-05
-0.00021215258765723755
0.00010236844135737657
0.0002489263132398321
-9.901322879358923e-05
-0.0002596114006928982
-0.0003836651438578878
0.00018717660870648067
-0.00011782783643609409
-0.00010876971674070632
0.0003386859990131228
-0.00028983455920575564
-0.000417888636019498
-0.0003855254145845926
-0.0001819956072006196
0.0001726789601574207
-0.00011577890999371675
0.00017969826793109663
-0.00038386239822558153
0.0002414227748160886
0.00024938762331402887
-0.0002806960191874304
-5.631641154867751e-05
-0.0002405474059379743
-5.320329995857852e-06
0.0001108676949007634
-0.00011425056619234354
-0.00023842891721945572
9.54205547617614e-07
-8.333923433453472e-05
0.00013614760868436385
-0.00011148719442599983
-0.0003341499856959672
0.0002905821636986685
-3.999824588256162e-05
-0.0003370877109120456
0.0002564674902485498
-0.00022566142012211168
-2.5747233025703777e-06
0.00014669561248326643
7.500095754672613e-05
0.0002131041805547375
0.0004504334277054303
0.00014299172538592144
0.00042722574323932874
0.000499281814086831
0.00034850547370960175
9.150711537119134e-06
0.00030412207068836
2.6706923954656096e-05
-0.0002883397942890449
-0.0003071637147054571
0.0004992974196030113
-7.396139060765803e-05
0.0001678033764485801
8.901757444236883e-05
-0.00023632959938591093
-0.0004784743734962358
0.0003295564703935291
-3.845641724058293e-05
-0.00048557975771265497
4.093687738660878e-06
-0.00016775530329944877
0.0001804783180671234
2.3525349422014803e-05
-0.00017223416005724237
-0.00017255049155266147
0.0002672304718698129
-0.0001513260825830892
0.0002658656067948418
0.0004662433313898963
2.1727698054968027e-05
0.0004212899800367705
4.9941404559891624e-05
-0.0001330745028162049
-0.00023802985118863716
-0.0002509499034387445
-0.00017335167584516166
0.0004872280598113663
-0.00018114577126790063
-0.0001610849009182703
0.00012506200344498866
9.895030375907973e-05
0.00018096786938557533
0.0003138365339238939
-0.00011437672079029715
-0.00018096143261358145
-9.096574166352913e-06
0.00047515963071534644
0.00029733071792256585
0.000306718991874587
-0.00028700410729195895
0.00019980304219707897
-0.0004935343880923532
0.00038375839100357825
0.00019418011817384426
0.00029330329594314095
0.00046741654065576713
0.00019834528308655165
-3.1867719411631922e-06
-0.00011134050942569529
-0.0002640524754308701
0.00044901362035232957
-0.000402589908016763
-0.0004043563204573999
-0.0001984894117041495
-6.461617497516194e-05
-3.683798774024459e-05
-0.00032572249440874324
3.28592102122043e-05
0.00024472894682396227
-0.0002883870781283279
0.00037123406033804057
9.490423989059506e-05
-0.0003367553006768608
-0.0004499339671643371
0.00041990739989764263
-0.00047644135772257425
0.0001484038871327133
0.00012084841455718665
-0.00010050246600340652
0.0004753007013153808
0.0004321519331362632
0.0004170350556120592
-0.00041069256690681434
-5.523974706795156e-05
-5.151471366849578e-05
-6.330122193317467e-05
-0.00034307245194253855
-0.00014968136772977646
0.0003516387448640892
-9.547038023012978e-05
-0.0002531569795203855
-0.000497039044032125
5.166385455231972e-05
0.0003652710755412768
0.0004393537205091768
-0.0002399250763733306
3.090403790264142e-05
4.583285888040028e-05
-0.00036450720339831823
0.00027038566019419764
3.7068162414011186e-05
-0.00041334216882647946
-0.0002948906436888077
-5.954889338625384e-06
0.00035223970980475096
-3.15029324893907e-06
-0.00020054945116358046
-0.00021248926221768393
1.4845124406066487e-05
0.00040532043128407456
7.213862335457479e-05
0.00019598795697734937
0.0003071393677370047
0.00031428332167492015
0.00044321046524672665
-0.0003681587472870961
0.00029934023056354595
0.0004001709876462667
-0.00032238366790768834
0.00048619402408044696
-0.00045869574573586614
0.00034531575024237
5.07901011857927e-05
-0.0002458829878703973
-0.000131893753031339
0.00038411350825478684
0.000140482145379604
-0.0004851542253106811
-5.181048480798565e-05
0.00032740521846242644
0.00022293318864390098
-0.0001944171246109605
-0.0002676116932150015
7.928592953172721e-05
-0.00047099938570114333
0.00015188199342085174
-0.00034307698726467636
0.00029063421154111916
-6.89761881074754e-05
-0.000227565921701809
2.3506793942720122e-05
0.0004029378954013736
-0.00038855900925338204
6.584671478704395e-05
-0.00013505841299828305
-0.00016301542201550677
-3.933605150008621e-05
-0.00016338323956296752
-0.0003588382182009737
-0.00021522317370762544
0.0002794509857210496
0.0004248845418269091
0.00028507747069241604
-0.0002869711642652303
-0.0004063664916463371
0.0004363423224526111
0.00037539940498558793
0.0002827455356263864
-0.0002091219328313111
0.00041337660368812187
-0.00014307427529917108
-0.00019907384003760254
0.0004332150577551686
0.00019308273575832256
-0.00020573790767698983
0.00030428130193859185
-0.00024017208443417762
-0.00042534997530353845
-0.0002757689522119665
0.00030963033021753775
-0.0003814336610069801
-0.0003023315899153062
0.0004312740954509988
-0.00012654137870587344
0.0004953668936875171
-9.000743797384569e-05
0.0003662459553242243
0.00044568344051290544
-0.00022946861896238257
7.512493833236058e-05
0.00024417380687429403
-0.00028726526960711526
-3.3798067780489857e-05
0.00018158503929944722
-0.0004803560769657628
-1.2949170228798831e-05
-0.0004992878444547086
-8.276921476099513e-06
-0.00016336399797143463
-4.611534324920098e-06
4.092055737980101e-05
-0.0004954835125263345
0.00044949662928311603
0.0002646852348557325
-6.239470834359305e-05
0.0004130094181828797
-0.00025960680110839285
0.00038163638470184067
0.00014859065599546952
7.138040749736204e-05
-0.00022875423870810608
-0.00044783750241839305
-0.0003203727290799934
-8.602253853304053e-05
-0.00024486644646908886
0.0003224333592315035
-0.0004788663955800664
0.00017003274249540194
-0.0004335301947687851
0.0004816805543820359
-0.00024649116140691577
-0.0004779379660766141
-3.376756202863064e-05
-0.0003116166946685389
-0.00026556678403872333
1.5764284540183658e-05
-0.0004534766398379069
0.00022781809479021958
0.0003026251828389235
0.0004977030453808704
0.00017323417275134456
-0.0003313996797038915
0.0002368150655178182
0.00018085880990490334
0.00013098240755364142
-0.0004398839158979169
3.538431459972329e-05
-0.0004076966735402397
-0.0001558376846303572
-0.0003067878033814461
-0.00026394145988018316
0.00032373905276528126
-0.00027332624913494494
-7.945248501342275e-05
-0.0003569640728545117
-0.0003325655648223047
1.1551521355234753e-05
-0.00012399517160556142
0.0003987496821448006
0.0004247319320766648
-0.0002178454365225001
0.000324440339149258
-0.00039434995172416053
-1.0112232989086629e-05
-3.9922634084059146e-05
-0.00046744275431864524
-0.0002791125994770616
-0.00034542307302829736
-0.00039839778766800405
0.0004918592361870949
0.00010300290087199228
-0.00040655590717577706
-0.00020478440626281002
7.974426033949386e-05
0.0001155546928379202
-0.0003931008654216568
0.00013671491384125182
-0.0003403215410946251
-0.0003817766123654458
-0.0002895287831171361
-0.00010370049692747028
5.510280938858644e-05
0.0004234613815924654
0.00041011652930833867
-0.00044917102752445705
7.818886891712042e-05
-0.00030612058959729883
4.347468194646972e-05
-0.0003071799409055146
0.0004431432875888011
0.0003420263451327064
0.0001291099779552903
-0.00013040073889799886
-0.00022978257323572716
0.00047424140339168575
-6.846117423206521e-05
-0.0004924507748185276
-0.00018238260046111435
0.0002440086283819553
0.00025901810535872616
0.00027522417015318746
-0.0004547578651115676
-0.00039899814555738566
0.0003187648175521458
0.0001775495314934204
0.000215287202524119
0.00027045558265343305
-2.8894855868416027e-05
-0.00012257730678742865
-0.00040163044484041357
-0.0003485596834403497
0.0004286303972711829
2.766451923500422e-05
-0.00041656503503788636
-0.0002263950966839653
0.00015608098298133376
0.00040146532508689343
0.00011616080019357614
0.0002165806666880565
0.00018410446031767833
0.00030970004255857254
-0.000376837810448265
-0.00042022672960234024
-0.0003562818700225853
3.6896486146989005e-05
-0.0002927697092483288
-0.0002910216385923593
-0.00017079892669808903
-0.00035949474612526246
0.0002571738130756519
-0.00033763950328833845
0.0003157108145700392
0.0003024595383185779
-0.00011687850116795176
0.0004290076116767865
0.0004486299587044138
-0.00022559326121634473
0.0002948687428853443
0.00019715316848042215
-0.0003444829629979645
0.0004389643959107979
0.0004217295405936377
0.0004887447893958995
-0.0004109373837367354
0.0002181659727100194
-0.00025380776202993383
2.1657312822864414e-05
-0.0004398835638989657
0.00045444860655929746
0.00017380420204903978
-0.0003042146135196312
-0.00017733627954826084
0.000318363634479136
-0.00010591811880579526
4.4442956407653926e-05
-0.00011561490940225993
0.0002970523579098759
0.0003266863015510481
-0.0004683281445992837
-0.0004901808465016035
0.0001287794756597957
0.0003343494923482192
-0.00011891866929101901
-0.00013255542739517548
-0.00025938777469445575
0.00013613554155657152
0.0004898064060499608
-9.276418654257279e-05
0.0004575067881829951
-0.0003804586028775646
-4.837111205120291e-05
0.00045666667450620793
0.0003528945664110091
0.0004095339527828109
0.00040152465067215667
-7.428018467627517e-05
0.0004533832100171504
-0.00030094202750636145
0.00028279317987090955
-0.00016662287751217475
-1.536602027583944e-05
0.00015874870378465122
-0.00044703817657359404
-0.0003192304165767403
-0.0002768584592873133
0.0004342595651537479
-0.00019429291838765395
-0.00011846716455249384
7.457682085381149e-05
-7.718029867365253e-05
-8.468441906943537e-05
0.0002467834363026804
0.0003796385006761937
3.451163757212897e-05
-0.00037124914788197705
0.0003628860326758621
0.00035039450168272517
-1.5498080807155204e-05
0.00016023831749717996
0.00016706446824367243
-0.000104028359231075
-0.00023215189504906464
0.0003626141880968182
0.0003903444163689179
-1.977072126972554e-05
-2.3127597143447005e-05
0.00023740049361213708
0.000343083794787586
-0.0003963057292292372
0.00038646908857224965
-0.00015826433098355618
-0.0001225581782357412
-0.00038326756498545167
-0.000392853748284767
0.00017821973483581012
0.00047133232710875575
-8.808932740828914e-05
0.0002731815915434096
-2.4569229185061447e-05
5.950012845240462e-05
0.00036112397894097795
-0.000212570219729736
0.00023928496530235994
-0.0003681393796564275
0.0004015095901059415
-0.0001719341003225059
3.0506535779108493e-05
