0.0009977799088932747
0.0025971259758608466
-0.0013142592281610522
0.0028543331181252107
-0.0018157417219149068
-0.0028157853291053527
0.0026905610697748267
0.0005063346125682515
-0.00025291010658059577
0.0005735800387991637
-0.0022263814151282997
-0.0018959835713175813
0.0007453892622906783
0.0012052643367808681
-0.0004212937696493357
-0.00127172786142045
0.0005928049546168527
-0.0008739670115356815
-0.0005614856118623546
0.0006043727429160561
-0.001795576772527045
-0.00019660599899406833
-0.0016708751001752984
0.0018743569586178238
0.0004330937380844502
0.0007993819019884323
0.0014286935426775548
0.0020860216348142346
0.0010693368889047074
-0.0011711120606809988
5.89688188464871e-05
0.0008100370742055488
-0.0022941270698339975
-0.00015836523104030987
0.002998851463322314
-0.001495048528407222
-0.002039418375990432
-0.0015105593611328095
-0.002267371669247598
0.0014618205713250792
0.0025953430544816136
-0.0014695591883106122
0.0005846469433981537
0.0021131014495021604
-0.0011999112376051783
0.0003801033436586702
0.0003774729662664408
0.00038133836915733984
-0.0009572100382655032
-0.00041237820853611473
-0.0007613369215255911
-0.0024667911474210475
5.491677916530727e-05
-0.0009998560893296022
-0.0001862150384649634
-0.001316523956656848
0.0020632736592684454
-0.0006861910279032323
-0.0012718212194434849
-0.0009434562007759992
0.0008385280503489865
-0.002710535446258757
-0.001931879207070792
-0.0024307624352122715
0.0028166115887012936
0.0016462015948753668
0.0018454663603369673
0.0026550146546967116
0.002461615492031985
0.0009695582495607745
0.0017595813991624631
0.0008866966131919583
-0.0018015441998648655
0.002084223486205191
0.002569397084254821
-0.0010664959301551046
0.000638782002336359
-0.0013217145758202492
-0.0015257117495645239
-0.0006680502686363301
-0.0008667333688171346
0.0021037913528503182
-0.0010047182885096016
0.0007201729415881896
-0.0021444852816045095
0.002043187767715393
0.000869421684908972
0.0021798313359283157
-0.001366579842520705
0.002032008566362712
-0.0028373048170656843
0.0011860594369418479
0.0018645830852016569
0.000296056249696937
0.0013858851223140598
-0.0014543631535106733
0.0015457062796134452
-0.0027267390752714607
-0.0029194050653128206
9.648019531364451e-05
-0.0012725210189188972
-0.0007686115941570064
-0.0006000904042508552
0.00038098685475683415
0.0017291758301000862
-0.0007416189782158684
-0.0004217932158256904
-0.002293458831088898
-0.0005513981392860335
0.0008081851115934553
0.0012513386541930741
0.00011416248382496285
0.0024108732451456824
0.001472994546482499
9.211018145936604e-05
-0.0020767535078381493
-0.00014150018659905318
0.0017715300015971299
0.002788419694394948
-0.0017793995983085465
-0.0028239556781465332
0.00039915896418278455
0.0022297955761860604
-0.0018411614733449988
0.002644274609899193
0.0014499778502691891
0.0009467158907265419
-8.317240004388632e-06
0.0011177940009993118
-0.0023433680159749585
-0.0023786810081303316
-0.0028710298620026158
0.001372886085319284
-0.001884523570541251
0.0011168245069301998
0.0011951895204809562
0.0009096683830551316
0.0001824151739712467
-0.002482014210380642
0.0010787862323570277
-0.0009708063903440395
-0.0022977349904304972
0.0005086761114558311
-0.0003693462873288738
0.002174497468363401
-0.001985880341869711
-0.0027352069390732528
0.0016026695900601693
-0.0026839063625378108
0.0012879920186147633
0.0006403370889241414
-0.001696788056057921
-0.0004369944059624646
-0.0014260215201158462
0.002198393672784899
-0.0014325771223943976
0.000386795419870912
-0.001703263434330115
-0.0012734875916774542
0.0019395433275923519
-0.0005271055147536277
0.0012813563979076738
-0.0022308373802329877
-0.0024110375684519595
-0.0010948311457060476
-4.542947810754405e-05
-0.0016247480315761534
-0.0006489248937076998
0.0001675753670638139
0.001730039084039305
-0.002984703887730769
-0.00030175672988215713
0.0002628498323847669
0.0020856796959931624
0.002668909650999936
-0.0008086712199733962
0.0021349570619416816
-0.00036909176449546367
-0.002745582547938737
-0.0019257755024686435
-0.001255167610166647
-0.0007093373589170905
-0.0007837315817845487
-0.0024422829024073837
0.0009254965859322971
0.0011871621274772643
-0.002023432546097016
0.0022697887515505163
0.00028538066152826924
-0.0027154781955174207
-0.0006648025003467024
0.000840826430728539
0.0029776420458670766
-0.001343469669267184
0.001728063253204932
0.0019347173868340013
0.0009455384668059005
-0.0004364725338001714
0.0007847176140115576
0.002698332543830357
0.0024118641030277718
0.002044811589297442
0.00144686323797023
0.0026122612854117926
0.0011907753837244947
-0.002364999690344968
-0.0016676337901096313
-0.0014734245060917476
-0.0006045153527288356
0.0018470215170840014
-0.0007657356656988134
0.0028497295446184108
0.002703180918024988
0.0008414816244529839
-0.0007607528336393498
-0.0028613303251895247
0.0020440396328151034
0.0024498380370509406
-0.00085691271203688
0.0020384983436777223
-0.0016186891409380227
-3.257139749668521e-05
-0.0002733867218227856
-0.0018112529208715088
0.0016537238654570447
0.0019692203832157437
-0.0009791793638559212
-0.00016318691023703901
0.002359621203177672
0.002703333014430099
0.002774082200117164
-0.0005757713913982568
0.0008687561418891264
0.00254313156543023
0.0019184090417679383
-0.0018609260720851165
0.00020477674696189972
-0.002034923817161927
0.00032192004637204624
-0.0006827518532701005
-0.002641329055146188
-0.0019780176336183126
-0.001469544583627819
-0.001966916292461357
0.0006027560982533164
-0.002906764102156598
-0.0008146493240443506
-0.0013379055672995146
0.0006625358918179239
-4.999259471689856e-05
-0.0022781159987401225
0.0016725366705716413
-0.0005578382120926266
-0.001620876071569866
0.002075552756802293
-0.0019739334350183037
0.002825074245677235
0.0005131629344770666
-0.0023198507375641986
0.002081797460858178
0.002432861818873232
-0.0012759261790660638
0.0010830706070806126
-0.0008694512851795092
-0.0019425093797074886
-0.0020936727638215806
-0.0026001597431851383
0.00027289549695039923
-0.00031612422405714186
0.0020621538812649887
0.002872996009100734
0.0021027835642969768
0.0007734424344222855
0.0002463732867429352
0.0002711310389640997
0.00037017511514354394
0.0027909934333087832
-0.0026389147652922116
-0.0017527432032081924
-0.0009997781911922268
-0.0027760920842708897
0.0021162626700738712
0.001647441833759939
-0.0020361086582652344
0.0022216471679544336
0.0002397154505061846
0.0011201424647383287
0.00022968193980607435
-0.001528754810466086
-0.0008826438657876545
0.0011060919156836088
-0.00039169982782949345
-0.001835503272901359
-0.0007633138938567675
-0.0013041643834445394
-0.0017611682004632348
-0.0013417600702215317
-0.0002147017896527558
0.00020429095733782987
0.0006257647182769028
-0.00239552094643627
-0.0010579256010770563
-0.0008805159476572223
0.0017736376588466081
0.0010133575481759555
0.0020263723405875497
-0.002745634961936454
-0.002345596509434403
-0.0020147238663406684
-0.0019283512559138375
-0.001998773556255753
0.0022402608625128684
0.002121696452271736
0.0027810560904473194
0.001272339132475396
0.002620044813866685
-0.0017504800578029913
0.00021637072771108802
0.0011755264945597062
0.0021746438555940682
-0.002470264829677869
-8.47338365088067e-05
-0.002957599092147182
0.0013364376499794594
0.00020252407064252475
0.00010794930206422734
0.0009103572172575094
-0.0012891592431700143
-0.00047806885362490243
-0.0026706718799253846
-0.0008727883680091013
-0.0005099339064144411
8.712044702957177e-05
0.0005592487729438188
0.002786013538471163
0.001113354923703804
0.002254840421078477
0.0020457286380395996
0.0013151834031119268
0.0004989861265509675
0.0011582046788201307
-0.0007752246168475831
0.0015707861752204347
-1.547517471913243e-05
0.002329866116980042
0.00285136853504078
0.0027929452477131727
-0.0008360338863105539
-0.0026246010168762958
-0.0007102058717186745
-0.0022372398457350643
-0.000670371925310232
0.0016511172276404825
0.002313347588439852
-0.0017677197388758857
1.2863029286916319e-05
-0.0029421407012385306
-0.0009381320061299572
-0.0003371014841907433
0.001024277489496325
-0.0029215103827628574
-0.002546574743696107
-0.0006818237412624909
-0.001554022853959716
-0.0020385679355386342
0.0014011424569164623
-0.0005815392829608894
0.0026166773764163065
-0.0017444592810726617
-0.0005919422052731759
-0.0006171651606923325
-0.0027527193224859184
0.0005219318387017003
0.0002547777216622754
0.0019754526908502103
0.002915244168883881
0.0015111465317862467
-0.0012450848262291583
-0.0007465043885388381
0.002642726528634701
0.0009161484239710487
-0.0013128290022732297
-0.0027487352586418284
0.002187214392192869
0.0022556181921609833
0.0011465133329083
-0.0016944475244957274
-0.0002946146411680014
0.0012618482145624376
0.0024118312114340514
0.002615404433034276
-0.0017756884801156626
-0.0015686816249713411
-0.00023415054984024172
-0.0012627170187547742
0.0027913221322011872
0.0010621766381185248
-7.602572053301516e-05
0.0006582190989255633
0.0017708243073420657
0.0009706419900781891
0.0025775650534871734
0.0004782301147739378
0.0004266284648246151
0.0012332008537583377
-0.0018899747408723708
-0.0026741678653083275
0.0008997882210364512
0.002436449848420341
-0.0025938214929605787
0.0013363998028035505
-0.001193976613729738
-0.0005052374405630981
-0.00031371329508987763
0.0011247621185238718
-0.000990203871189482
-0.0013369005675010275
0.0007523960353617134
-0.0013404964193890645
-0.0023224960259444916
-0.0017086957502557346
0.001276841844608292
-0.0029364347919623264
0.0010836773300644375
-1.639813087389542e-05
-0.00018549387754083742
-0.0013500983760927824
0.0016647341288107236
-0.002342325185164305
-0.002120791561687044
0.002695844180381368
-0.0005264254317877272
0.002841462766873376
-0.002433437172706499
-0.001965725031018447
-0.0017011403028054037
0.0017729740746350734
-0.0006776340625259504
0.0023703424755406226
0.0005082038983362826
-0.0027810489793892784
-0.0015721485990995688
-0.0015938099598079001
-0.0013555315916312317
0.0024253224535875735
0.002753097648207592
0.0019615851805526276
-0.0005396562705123108
-0.0017716613969419187
0.0027173693406797256
0.0015996241076422831
0.001984809926304812
-0.0016086885768013598
-1.0399013125397816e-06
0.0012964606325942653
0.0021825163225786485
0.0015421060559765347
-0.0015412659191189181
0.002435701663882914
5.909969447747505e-05
0.0027086367494515142
-0.001942786647645062
-0.002701363157566689
-0.002787522055798502
-0.0011010946228388603
-0.0024202048929160584
-0.0015379888367043773
1.6259464684501186e-05
0.0008331614831105184
-0.0015629335091247468
0.0009756719429474345
-0.0028467313768384952
0.0005221739648943657
-0.00010183993348383043
-0.0026848927166596964
0.0001998368125396919
0.0017380448025754187
-0.0018110407409466455
-0.002452899793933753
0.0020098883332572808
-0.0006569649950908065
-0.00099568026848875
0.001315701992240242
-0.0028195823669483473
0.002373130489102656
0.0023716737201642437
-0.002848863947577462
-0.00150082835074359
0.0006515880969702615
0.0008654435163754572
-0.002155049260882619
0.002054695635201712
-0.002089540327818019
-0.0005415927969045515
-2.8469277824523954e-05
0.0020717385953294837
-0.000787752974219172
-0.0017837256280398563
0.0017187271816887176
-0.00016117324008729566
0.0020598345632056323
-0.0007529640508396425
-0.0029870916380956565
3.766599942444434e-05
-0.0026290487827018766
-0.0015689690365366066
-0.0012364692016273795
-0.0014725910634572773
0.0021230924515862467
-0.0008594331755644741
0.00113156978629136
0.002972920182269653
0.000462102456259131
0.002175713272731571
-0.0029047628522428275
-0.002164242627383908
-0.00047659471995297256
-0.002960668093511853
-0.0028718549321311414
-0.0012456398337577436
-0.0013771274019376439
-0.0025506888685430233
-0.0015883760922283166
0.0023470293274329987
-0.0015238485234685766
0.00125818166358638
0.0024512839134228585
-0.0013663009886331495
0.001113160888490822
0.000712915258558103
0.002568620641695194
-0.0001378182148826057
-0.002790682337157302
0.0012084205535607476
0.0026648460782662583
0.0013993532261525141
0.0026953933031531032
-0.0011589037566079163
0.00023392498132535989
0.0018506170134452733
0.001279643358851344
-0.00045260733029879813
-0.0014595758900879875
0.000771147756243931
-0.0021149194417207067
0.0015174080853557967
0.002374553672866964
-0.0021005890778630024
-0.0015593659114736098
0.0027401214307185215
-0.0017541967259695958
-0.0013501389172982591
-0.0014167321150786118
-0.001708015861678597
-0.0007469566813088128
3.1294025219892e-05
0.0015352033170887248
0.0003900020687391437
0.0016987365480939315
-0.001993161646038509
-0.0029315716462659804
-0.00044330098719351854
-0.0027872262192188695
0.0020318822476291546
-0.0003108871011102514
-0.0007071816001161689
0.0005978616170397152
-0.002004282426665453
-0.0016968658084601429
0.0016079268816803537
-0.0006681409105677165
-0.001982690097780005
-0.0008020903899935189
-0.0028126283434688486
0.0021435709604348376
0.0018813439398271525
0.0016619028971449424
0.0017971361407226596
-0.0007595578885180067
0.00045652538638024176
0.00013210207949988567
0.0027381447496739562
0.0024110663696426237
0.0012576644608700864
0.0013904355362780937
0.0023803429330707376
0.002403958210917102
0.002616562214418942
-0.002478955554505084
-0.002554395573364793
-0.0027025656164893727
0.002628884382868438
-0.0005763138983266173
0.0015569634329813979
0.002615745757186372
-0.002584894229307473
-0.0005749219392992351
0.0019111823009391234
-0.0009046610406467726
-0.0012082447894163893
0.0029811268028329422
-0.002073492889594838
-4.786283520239257e-05
-0.001292033037903843
-0.0003452606449594847
0.0006245008971586885
0.0011847802940278818
-0.0023692568363200446
-0.0012100062371313454
-0.001419059421791625
0.0009096662138683796
-0.00017775948555130445
-0.0006424578718229896
0.0015812085724089828
0.0007904035251329071
-0.001112466669660944
-0.001803285278206599
0.0007434812321611456
-0.0008073443643169067
0.0015395621067060168
-0.0008248033655641526
0.002250482343948719
-0.00140190810342493
-0.002485134933899042
0.0001031215355823136
-0.001978129112304612
-3.922409445440136e-05
0.0029322630578676257
0.00022505199964929518
0.0008017748474201439
-0.002284727501976634
0.0017625006156828504
0.00017050141032981699
-0.001006542524691793
0.0006425091889881011
0.002872231521228945
0.0015862463768697719
0.001830597244148943
0.00081886286437946
0.0016925403239397832
-0.00160832864443004
0.0026708147094123176
-0.001650556845179569
0.0027493728565997832
-0.00223414111821707
-0.0006693413746941676
-0.0008637283101521989
-0.0015908121199389971
-0.00019867765394678948
0.001080450962518356
0.0001560819376176122
-0.0029109300825733383
-0.00233024902171445
-0.00180113021035793
0.0016249126167718125
0.0015899915828270572
0.0011195938207738702
0.0011599143629468494
0.0018706022037696642
-0.0029919547569815766
0.002809883512069988
-0.00041216744959504973
-0.0010407097327977078
0.0018933806217407926
-0.001060763971570943
0.0024359699456521075
0.00015054111894889253
0.0005075236308363044
-0.002691760301010951
0.000991963480341934
-0.001372565861217158
-0.0001973233582105256
0.0029349145240897224
0.00198579439590996
-0.00276703279569229
-0.0006001702810624981
-0.0011628177520924265
0.0027350655402467667
0.0006092532311857903
-0.0022968931360453377
0.0008892237361265696
0.0028121393689195095
-0.00018557984351573204
0.0012830272066336442
-0.0009950276183936144
-0.0022185716509057316
-1.5308282624508767e-05
0.00260664061824585
0.0014084765505170231
-0.0003279935143531915
0.0028159840649716675
-0.0026863797936505724
-0.0017173753823074842
0.0023395281724723025
-0.0019221123735685133
0.002028857844536538
-0.0006938035794580967
0.00034188230937617177
0.0029026073282966552
0.001077881988635284
0.0016346988434017109
-0.0017354709069661068
-0.001299065509048277
-0.0024219588739940326
-0.0019207886860724474
-0.0015865502731703405
-0.0027109464833925856
-0.0011810908016725973
-0.0013110279170357154
-0.0020541682214479744
-0.0026110549907394256
0.002006857527112083
0.0010467846565554014
-0.0009678208404353961
0.0010265990538010266
0.0016303718719913587
-0.0020648842890730783
-0.0011146644547598825
0.0022793706516786054
0.0017264810210042038
0.0018979175033046036
-0.0016142010382128877
0.0015167331446194181
0.0022548720212772436
0.0019046584456142747
-0.0009226063109922539
-0.00035684734969593885
-0.0009292277498094944
0.000453745869261809
0.0013684777778563114
-0.0007479342685142078
-0.000497996877735525
0.0012874366523607152
-0.0017643780125802453
0.001887258390988673
0.0008694384442857243
-0.0023373197723622814
-0.002042867604521667
-0.0009285167870528403
-0.002359097726500989
-0.0026924197502109135
-0.0006700005284925514
0.0006743845092368403
-0.0009936676273947227
-0.0014676148033113097
-0.0018668776908098777
0.0012767131858396272
-0.00047012443238611664
-0.0007878271628519416
-0.002293440652765575
0.002848922749843003
-0.0013057418868836924
0.0014194500880026486
-0.001970103150400783
0.0008257240287001186
-0.00045355242837007885
-0.0019980793708512007
-0.0015926341396258973
0.002591068936152619
-0.0009453007564848141
0.0018785896134397295
-0.001892509762480782
0.0022574503915203685
0.002861960887540067
0.0016434122903116457
-0.0007280798196435704
-0.0009817283800742883
-0.0003500801910621015
0.0004237574966776702
-0.0010414807163015307
-0.002867865276972537
0.0002458599755824158
0.0016739264175221714
9.64435373006921e-05
-0.0008938034016868109
-0.000912631229389396
-9.766202798554627e-05
0.000271895331184986
-0.0009060826585393532
-0.0009354439692514033
0.0021755348185250704
0.00038702486624107683
-0.001113662755478637
-0.0021455334184570444
0.0007454181607169773
-0.0028093363303951947
-0.0010650481933501478
0.0011672479094216297
-0.000698038165816546
-0.0025882085013606095
0.00035997085219903165
0.0014217375557250061
-0.0022703219636429667
-0.0013218609208783363
0.0012594035843930505
0.0011712654501390245
0.0014077011722477759
-0.00023962361384436207
-0.0024619305743423326
-0.0019559238210263303
0.0005052641982378763
-0.0027131182426173277
0.0008750196145055518
0.0016320606383688286
0.0011102199716381753
0.0005538942289294449
-0.0006867893490077287
0.001162514136827852
-0.0004525350998570003
-0.0023676216873521646
-0.0008985998605637192
0.0005363656712872276
-0.001010307498164927
-0.0015540413336297696
-0.0028176517267784473
-0.002046042952694434
-0.0011995922792145987
0.0008415004859655684
-0.002368160541190518
0.0028540475197297776
-0.0017434241334823603
0.0013197308472776793
0.0001465378893154238
0.0016846687200076996
-0.0005190167833514581
-0.0024598070522386813
-0.0025703545984239753
0.0027121177359691996
-0.0016706671133946535
-0.0006336087646705043
0.0009175576443611723
-0.0006188488075979264
0.0005499076753543775
0.0018661342471434266
-0.001730686626324716
-0.002204438608954073
-0.00033640371421833236
0.0014736144616855828
-0.0011829211429360675
0.0014007373280073045
-0.0008508629688394323
0.0018725815959689234
-0.001463806073675935
0.0020503325481876396
-0.0020410178736333796
0.0008851245183805929
0.0018537900112720173
0.0017554382686822152
0.00035149878685030236
0.0029999938300945272
-0.0008830031190656343
0.0016883972551067052
0.002711587780785867
0.0010841891675882282
-0.0025144248551140606
0.0019595938207610146
-0.0028582429904270594
0.002511635131045278
0.000603931926441609
-0.0024658732089990125
0.00044727834296479
0.0005639175708064782
0.0003423625019011527
-0.00019276422767091315
-0.0026920805121204714
0.000285530222288275
0.0007182126091836933
-0.0022926932823478397
0.0005752939738961995
-0.0013445448347563387
0.0008058037598572322
0.0013329545812412321
0.0002804125795863718
0.0005091105826456849
-0.002217961295818198
0.0010027977776467202
0.0028134645571491713
-0.0018660246812190143
0.0028243812431960717
0.0003172863467395103
8.877308429133769e-05
-0.0015936984783673212
-0.002433475006847691
-0.0014929853069598309
-0.0012391524685225442
-0.0004403901750795547
-0.002275570572295121
-0.0006269857852832066
0.00022145459553952638
-0.0009404633128918976
0.0004172872075996303
-0.000867976488171726
0.0018709768206606808
-0.0014071417486670823
-0.000844193101199698
0.0009263284244396984
-0.0013012788524641595
0.00256014043399913
0.0021921702822119415
-0.002616306976016686
0.0019359458530693154
-0.0016112948189411225
0.0015241322393660852
0.0004828205620248981
0.0018023234216557821
0.0025510022270532158
-0.0019068116479973106
0.002736210501640352
-0.0018265941205249758
0.0016943139528098209
0.0010761533977288384
-0.0027124450146351793
-0.001646360828546777
0.0023578909815592675
-0.0020203715034559444
0.002030115736058902
0.002324652057857559
-0.000878109333572775
0.0013559412945779118
0.0017792407729652652
-0.0017136479917670348
0.0019839953437092907
4.841566550446751e-05
-0.0004075470668392805
6.744460586770914e-06
3.014249415455271e-06
0.0004599799028939212
0.0014753479532886877
-0.0005147302820528699
0.002099197483024215
-0.0009473656698946384
0.0021385893385069523
0.00286112238109863
0.0024067684922341607
-0.0018655263420603895
-0.0021586540196717654
0.002449390123454934
0.000525250158688408
0.0021108203096315654
0.0011821023193335414
-0.0019355971522322004
0.0014000722397203005
0.0015516517685411927
0.0007048244633760538
0.000923263799251864
-0.0021268218880162518
-0.00041338560299374136
0.0023256032152658345
-0.0009246335260883944
-0.0002535696340012685
0.002682872428857475
-0.0014450846579574645
8.739417753026325e-05
0.0018590939581419469
0.001343097458621113
-0.00018637519531203642
-0.0027595732466913487
-0.001911325464702863
0.0008088998242593739
0.0020035742508517076
-0.000656344604937817
-0.0026914840842675787
-0.0028398586834394017
0.0008978118125987289
0.00023012584341539901
0.002389977510421558
0.0009012948602546162
0.0009558057139721198
-0.0001757212470486105
0.00025990066633691314
0.0028946764868454256
-0.0008240747167174048
0.0003534563281202114
0.0020430716982086207
0.0020865276629323517
-0.002674282377301091
-0.0023795805689677805
0.0012842301385840053
-0.0001228297718392072
0.0012522828568313034
0.0018589169372906639
0.001626102461679193
0.0008205777342111028
-2.3949432156275714e-05
-0.002191929302719284
-0.0008741335318151154
-0.002357127000995274
-0.002706088531135118
0.0026152055013902043
0.0008182950028768074
-0.0017197913493020385
0.0006753875243439541
-0.0003500857155512983
-0.0009928429792499063
0.0017288297737398086
0.0016512857770582508
0.000940872582314763
0.0009419324028138729
0.0027322052187134975
0.0003338564337198326
