0.00038907215077514906
0.00026932105437789595
0.00010483819875553861
-0.00020798506046862576
-0.00015484661917624743
-0.0004531756616219118
-0.00026527835694912453
-0.0003982535761832513
-7.64347318407306e-05
2.892280515396945e-05
0.00035527382908214465
0.00036207200666105816
-0.00030221312473407416
-0.00031726346392674655
0.00033385554235193494
8.022756121471607e-05
-0.00032425973608928027
0.0002971785512568138
-0.0002904033451217538
4.674160133125334e-05
-5.071433148048877e-05
0.00017209084666083602
0.00011385747960045872
-0.0002880622028355954
-0.0003062806565744589
-0.0003959381298903172
-0.00033388638760218617
-0.0004510787880447037
0.0004648200461598363
-0.00028344639663091054
-8.276981918730122e-06
-0.00040613492850943356
0.00038538265352287175
-0.00014114777482431462
0.00032705899711248684
-0.0003014318348546495
0.0003623841538380377
-0.00026371817077707436
-0.00010929198352959389
-0.00021503509735663228
0.0003191079614093125
-0.0004139065902572244
9.448541385131037e-05
0.00048017418709627585
0.00027078414059336436
-0.00018486215069990784
0.0001775494882533112
-0.00033890727359437605
-0.0003364429322651305
-0.000178666427496069
-5.6428318323111816e-05
-0.0004154697235395152
-3.67159231845209e-05
0.0002575341246619893
0.0004779246662681713
0.00010988164128655211
-0.0002650590235144395
-0.00011432592242605576
-0.0004542148385120095
0.00010407699816302005
-0.00025031104322555066
0.00038611541203637184
0.00037724135219955083
0.000258957869947455
0.00043041858716870505
0.00045949911282233474
0.00017043193123382223
-0.00019515279620649476
0.00035767143071553577
0.00023674429319538875
-0.00025165532997772975
7.884442322009624e-05
-0.00043281180416502397
0.000467499160794282
0.0004662671494641902
0.00010612846344316355
-7.407884148544598e-05
-9.788311450830355e-05
-0.00025340984948647694
-0.0002461193814154161
0.0003578941362320406
0.0002578238169600282
-0.0004647184549533825
-0.0003555264061474928
0.00017040141014040746
0.0003634856046208836
0.00032090870307044427
0.0003658788342021966
0.00045941554392509476
7.702737274925108e-05
0.0004851735970329784
-0.0002588383717350451
-0.0002210653189652617
-6.366291644211163e-05
-0.00015830270263129443
-0.00015461360410332992
0.00015064475470901232
-0.0004251022271455096
4.136284592036205e-06
3.4042939379185736e-05
0.0002419721360530032
-0.000426436180692944
0.00013564257200643966
-0.00047836375958187763
7.86595062203892e-05
-8.843079596736669e-05
-0.00040777491584054063
0.0004407596136323361
-0.000408201841264961
0.0003107095374269051
-0.0002477611077093793
2.858863144292916e-05
0.000299511309011401
0.00048224781813158623
-0.0004007475110134605
-0.00043127795634230524
-0.00024022325393570652
-6.061871060622037e-05
-0.0004905268464036509
-7.429441565845761e-05
-0.0002846621798314688
-0.00014669975829321758
0.00026049836168659643
0.0002312515330973676
6.311725478747813e-05
-0.0003595879061498044
0.0002576104536474779
-0.00019286504159407868
-0.0004731378659714687
0.00023428759047927758
0.0004622225809457199
2.779057368026798e-05
-0.00037234509952907915
-0.00039123171697112827
0.00040152971472101173
0.0001957491593157361
-0.0001715701906999849
-0.00024917131376373924
-0.00012650800547076734
5.461809141349015e-05
2.381943507471227e-05
0.00037536541748005444
-0.0004831023140632861
-0.000410635604654497
-0.00041673266546216124
0.0001347161788077568
0.00020918644573618991
3.010482725534689e-05
0.00025379406845880146
0.00021732661076829531
0.0002450303837779903
0.00023795122771304517
-0.0003549135698781978
-0.00015676861548025877
6.1468614907633345e-06
-0.00026305375134271923
0.00037790304632059153
0.0004817444955775255
0.00018420245944237375
-0.00026493801244631084
-0.00021238278980594726
0.00031842117468696893
-0.00011065573583585587
-0.00043637643449065123
0.00019020351609156012
-0.0004089349050530582
-2.469030239755346e-05
0.0004965192438098295
0.00018954088566047592
-0.0001825979436354628
-0.00037593827264207404
-0.0003293490814615766
-1.0232090817365448e-05
-0.00044757535946599383
0.00033441876847742694
2.5315223699592633e-05
0.0004892976093883719
0.00021343269787746377
-0.00013861172352292518
0.0003308561206705914
-9.402372684861026e-05
0.0004666376809622859
6.891306481437748e-06
-0.00014917228828665875
-0.0002302157199483308
-0.000204254776930604
-9.373018425322833e-05
0.0004620829384868331
-3.361668468495737e-05
-0.00018234428207731726
0.0003778840089981346
-6.762928526734879e-05
-0.0004088644440549223
-0.00029670769056053915
0.00023033680508273164
0.0002059748949710216
-0.0002883670968037597
-0.0004108031605430681
-8.890950790228325e-05
-0.0003303172843076534
0.00013640920200009318
0.00041607762310697015
0.0004283957305524586
0.00041969563407442023
-0.0004495205614399659
0.00013201038952241812
0.0003168654430025212
0.0003736125730679447
-0.00023848780254822445
-0.0002315066657360799
0.00010957964311531583
-0.00024924050922266796
-0.0002859006884619433
2.633977148787706e-05
-0.00015767140323617748
0.00035604158248011815
0.00013383048509049743
0.0003896534047221438
0.00042821887187130113
0.0001349758878204212
0.0004964102753402982
0.00040558697799508497
0.0003014729996598666
0.00019450286039336359
0.00037370832893298994
0.00038296413195138316
-0.0002087127186588751
0.00021114387610202156
-0.00020930435383723713
0.00013760464456590005
-0.0002508092788910834
-0.0003183846623416503
-0.00023857243882078596
-0.00041716662026750707
3.591038284263173e-05
-0.000499959494602218
3.612055328300345e-05
-0.0004786136718230271
0.00033457924520080833
-0.00014733671245271962
-0.0004097800998001331
-0.0004443351564415805
0.00020517901418832607
-0.0002957819984835287
0.0003462943813695102
-0.00027904666974526947
0.00023326051760064117
2.7004338217362605e-05
-0.00045166889861242846
4.5809398444535674e-05
-0.0001546384351277018
4.463905507095438e-05
0.0003577919170879212
9.3787146095248e-05
0.00040314415725377784
0.00048552297518628107
0.00040741155304973816
-9.319402978392256e-05
-0.00033061113454215766
-0.0003180000405564184
-0.00025346120443882835
-2.166423430734004e-06
-0.00014496893583402224
9.236286514416564e-05
-8.441977775775953e-05
-0.0002319968153706603
-7.903854076554771e-05
-0.00026716683983256655
8.573977785312375e-05
-0.000252545394128622
-0.0002978008743566026
-0.0004394819131471144
-0.0002651092979937082
-0.00015333353590378643
-4.6208182112641104e-05
0.00013383554673043947
0.0003073674245043711
-0.00021117938729418948
-0.0004311259056550958
0.00013396106636297462
0.0003540168134118604
-0.00020666760480334413
-0.00040414474480107254
0.0004920264644597448
0.00019702089548360373
0.00010102225314703327
0.00037834004339435637
0.0002127993505770555
-9.52138886173818e-05
2.1396197016180737e-05
5.007064970532116e-06
0.0004996692297575638
0.0003928465440415284
6.34203978711205e-05
-0.00032823455431807555
-0.0003077661346079655
0.00017554210506803435
-0.0003297363257618296
-0.00046172103494023664
-0.0002490577476032124
0.00029119296647765476
0.00023634232892674409
-0.00020055496079453863
-0.00011065972571148687
-0.0004975405833104012
9.696670034225476e-05
9.412230240478023e-05
0.0003113747760728274
0.00014787189817768766
0.00023964623523047327
-0.00020425815783338153
8.53297210913536e-05
0.00029292596467447754
0.00046425026885293854
-6.023934036874612e-05
0.0003454660312960129
-0.0002293809508103791
-0.0004894981424455803
0.00017114335699057318
-0.0004864277430253532
0.0002637577921030946
-0.000368065674329234
0.00047261906515179745
-0.0003711890689892467
-0.0004068133277527874
3.8904331411976074e-05
-0.00016495889474492544
-0.00011132841244328395
0.0004070870548235036
0.00026930956230509834
0.0004043820887800711
0.00012003433521292663
-0.00010955300568255358
0.0001832640546800329
-0.0003812269894791339
-7.251492847465347e-05
-5.372269850021581e-05
0.00018349877926004867
0.0004297651931837249
-0.00022788467035960623
-8.462523433470248e-05
-0.00022351499383818342
-0.00033541597608052396
0.00016730962468024702
0.00019344813804765212
-0.0003689235270910164
2.418439447113643e-05
0.00042025369619705475
-4.686934589687706e-05
-2.5582094900212485e-05
0.0004184314150454
0.0004753747236719859
-9.510274687547803e-05
-0.00045621754883886127
-0.00028356493662563885
0.00041066536768438766
2.3223921972803283e-05
6.73691246241779e-05
0.00028759282369235015
0.00035349031998708254
-5.9162666381733404e-05
-6.418128225040844e-05
0.0004775824831286268
-8.71918828630172e-06
0.00022927913547266595
5.224278824045509e-05
0.0003887701421735457
0.00044611607736067265
-6.690745833172072e-05
5.452798098121202e-05
0.0002227488617422979
-0.00012734631137289619
-9.918951408620304e-05
-0.0003811618586662691
0.00038746736250774144
0.0003041839095536293
4.4658003454767334e-05
-0.00012425298349186189
-0.00011711816038903044
-0.00041862822236610675
7.395422183935222e-05
0.00029225268067766203
-0.0002993563129161331
2.0763575081915063e-05
-0.00013023265407271156
-0.00031545830033312806
-0.00014662114485503144
-0.00039102461607650775
-0.00013228004596924282
-0.00011126751315185712
0.00024184874211434092
0.00040939740906464266
0.0004579032850660433
0.0004637376338693872
1.733011786919647e-05
-0.0004886612469651672
-0.00035397939736851703
0.00022711028769816226
0.0004253006175448384
0.00039173302488779106
-0.0002708880793962691
0.00027720185826905536
-0.00011205784071591831
0.00017059162100119653
-0.00012912789327996853
-0.0003879796961607811
-0.00048092995661013226
-0.00020672761087127568
-0.00036740453812293596
-0.0004498299992716831
-0.0003185650878661752
0.0003766874756310029
-0.00015848820511330907
-1.2184714445642394e-05
-0.00022184133005520503
-4.003531030800667e-05
0.0001778129590374088
3.166612010845136e-05
-0.0004983288373907136
0.0003695475804015079
9.308619764183794e-05
-0.000297277100197146
-0.00029728124980439363
-0.00015797092900982025
-0.00045697945226005665
-0.0004341162194497961
0.00012097064987859937
0.00031022804155197287
-0.00019327238580754404
-0.00041191965673458963
6.575839277466627e-05
-0.00019049991523443452
7.675402973173146e-05
-6.820879626493902e-05
0.00014578543159767074
-0.0003722794606986823
-0.0004074731079169861
-0.000122594630104489
0.00036650566541193306
0.00036598277779338443
-0.00034998580717837647
0.00030419524424113757
0.0004763435454539784
-0.0001070467966412777
0.0004753375795511814
0.0004374182024535836
-3.0011191337929422e-05
0.0004282920382141595
3.481422199516149e-05
-9.584706222317673e-05
-0.00045691378763471394
-9.28063703827978e-05
0.00023355066188850463
-5.873032117515109e-05
-0.00019654282044937734
-0.00032702918257369006
0.00011003607206605103
0.00011758517658755103
-0.00011984323395002814
0.00041520896529518127
-0.00039665757780118127
-0.00016051757753241024
-0.00026653222131327423
0.00015722602227627447
-0.00039640971720248394
-0.0004138825689922622
-0.00042627795982579087
0.0004339179286107261
-0.00040450718060012147
-0.00030557650557847037
0.0002219294321212621
0.0003915544167111877
-0.00010081003662316859
4.241066817060456e-05
-0.00029732722259938994
-0.00019755091116234312
-0.0003851841872842773
0.0001346516666672524
0.00039248302176458905
-0.00017316915597934726
-0.00021733230131394156
-0.00021222415771936177
-0.00031160599559005263
0.0002944871942963797
0.0001602291472680439
0.0004965299438229587
0.00015327932368622993
0.00039865128799324836
-0.0001384131714412722
-0.000227708048933827
-0.00020464296385352997
-0.0001258266582977278
0.00032513913581021714
0.0004832296246785831
0.0002462861977852482
-0.00020794175298259008
9.246376855578649e-05
-0.000465576531635451
-7.794557642845933e-05
-3.089686943048587e-05
0.0002083245916947047
0.00018672760253084393
-0.000404898564654155
0.00016185135802901048
0.00023898610525219287
-0.00016729580235081776
-0.00023610131089652343
-0.00015889926655584163
0.00018462754037030442
0.0004780759675731192
-0.00016407194933544436
-7.03134448791066e-05
-0.00038722985938550373
-0.00018940060815301996
-0.0004179994820889138
0.00015710788545795714
2.574436875675372e-05
-0.00045125087376561893
4.3235390394636406e-05
0.00011823630384232909
0.000292262869087774
0.00027356325979739366
0.00022860914842632988
0.000147020803138018
0.00042147587932756057
0.00011770995550233114
-0.000321248340018616
0.00040871538827174335
0.0004473425576609815
-0.0001465486621878718
-0.0001346758147266264
-0.00014737628256484192
7.135790235458252e-05
0.00043086954548140555
0.0003950676243948578
0.0002628399314445573
-7.808886176718813e-05
0.0002528585948209541
0.00048388952948227545
0.00024481393627755036
0.00017644736123315335
-0.0004075853710495122
1.2274518453013429e-05
-0.00023292439223960047
0.00046127973958585305
-6.084649968572599e-05
0.0004340149010471475
-0.00017520673111604755
-0.00018297163380426486
-0.0004348650328516005
0.0004798319451222589
-0.0003390089588073467
0.0004930124402366238
0.0004648624470628038
-0.000456021188918456
-0.0002649118537083844
-0.00046795233035115924
-1.115060292888946e-05
-0.0004176058685145241
-0.00028298678981282077
-0.00036547294974292985
-1.6586215973914988e-05
-0.00017262190483794684
0.00012282997675215472
0.00017644470323256007
1.4097063209110171e-05
0.00046689699046359
-7.00768442990465e-05
-0.00036718814862552086
0.0003389888346286656
-0.0001665604108580544
0.000408984127421626
6.347062118814404e-05
-0.0003366649279484054
0.00042764365743639765
9.649685982055802e-05
-0.00046828585742798634
0.00024273767879804027
-3.823825567013817e-05
-2.934632603689613e-05
-0.00010812326902513605
-4.343061274722352e-06
-0.0003924159163917357
7.923036490648698e-05
1.1511979766905918e-05
0.00028895443041441517
0.00014446325545971063
2.7201296234055216e-05
-0.0004719099642919548
0.00010878735704750783
1.5117924716944332e-06
0.00015605491274704665
-0.00038882367587018843
0.00043219514877921043
-0.0003566061867741859
-0.00022989634430743022
0.00013641231444173733
6.670180567649629e-05
1.918346502743657e-06
0.00041318665136677937
0.0001904573163584994
-0.0004690330805591476
-0.00043320032839796785
4.1994895906176995e-05
-0.0004476511517733959
4.4942469320715934e-05
0.00025744197133888776
4.703129622143053e-05
0.00029724564638766585
0.0004450789973339871
0.00011245740241110308
-0.0004919466694236275
0.00016910658505831552
6.4349229709778e-05
0.00030033087869843706
-0.0003107962472397429
1.760771661654323e-05
-3.5214706536662935e-05
-0.00044812430132388305
-0.00018735124614160492
-0.0003440629731989463
0.0004274002517165408
-0.00019092335319102185
0.0003920424678128953
0.0004887836173850775
-0.00034394412934760565
-0.00024511518802483443
-0.00035810105033274176
2.574976761245964e-05
0.00028903051491267794
-0.00048691410158604374
-0.00043578539330031165
-0.0004481645736501271
-0.00035975631010600585
0.00032974157996524796
0.00023367535684429167
-0.0004287565336447942
-0.0004886175379684592
0.0002676429404485242
-0.0004657513337905911
0.0003580206745952637
-8.316558392280449e-05
0.0003868378536938784
0.0003195252304980591
-0.0004022870665964117
0.00026808570449577643
-0.00019604903841396462
-4.769246044582329e-05
0.0003863709140723697
2.9216853660409708e-05
-0.0003005882159473988
-8.353072557916355e-05
-0.00023564772035223426
-3.6693626411772086e-05
0.00019031887440125028
-0.00046061839281776306
-5.174220271543685e-05
0.00043840185883806343
-0.0003992196565773225
-0.00022152149873955006
-0.000254097965767154
-0.0003533090993876439
0.0001797773851050905
2.1704793420327696e-06
-0.0002680365679634068
0.0004905336915986707
-0.00034733476191081615
-0.0004066563107763321
-0.00014460146782575302
-0.00015016322774539468
-0.00026282797107004597
1.3367744826814289e-05
-0.00011326367548662887
0.0003610341292757339
-8.24231732098991e-05
-0.00014525515310087644
-0.00011436898018124753
-9.547857384625125e-05
0.00025352375902447854
-0.00036520647659770013
0.0003012248197545182
-0.00011492540322701497
0.00047036812499074213
0.00014702108000425713
-0.0004613703141037435
-0.00046906258894358847
0.00011781253128824887
-0.00018119810352193965
-0.0003600623073322804
0.00023609122245666421
0.0004270163879922886
-2.9147402869295416e-07
-0.00013167803835309764
-0.0004892340515054169
8.983395928746228e-06
9.13658769659991e-05
-0.0002527213113114173
0.00014389152281086832
0.0001641615169864555
-0.0002618055138823364
-3.478945469232933e-05
-0.00017045755181455992
2.1932803226212762e-05
-4.0100403881400436e-05
3.859221995620109e-05
9.533322822697483e-05
-9.697698286132827e-06
-0.00033815934749956844
-1.2630856916272877e-05
-0.000271315959196175
0.000363991151867036
-0.0004213121443144944
0.00017656413445036993
-0.00016633264976261062
-0.0004686223274488296
9.231368686932271e-05
0.00018246030574629716
-0.00026029051974353677
0.0004977286762462454
0.00028093675180665975
0.00023904103972420836
0.00016721857102019663
-0.00011691973374744659
8.036537895786985e-05
0.00010214237423267116
3.156247605348836e-05
-0.00033265901189786064
0.00028011333019019357
0.00012154133823723192
-3.202343350759029e-05
0.0004567207202718148
-4.799975747077432e-05
0.0004182252935885447
-0.0002932562707096515
0.0004249684046339385
-0.00033299157333015986
0.00041495283228483427
-0.00045935326510805277
0.0004730134960558841
-0.000340442750231415
-7.925451458570462e-05
0.0003347379886176259
0.00043366963194981336
-9.749140813059188e-05
-8.653707284483712e-05
-4.5676651752486806e-05
0.0003376345409966091
-0.0002139149213604511
9.547740894654488e-06
-0.00024675780753851805
1.3861702307842085e-05
-0.0004506534901031518
-0.00010537196124476509
-0.0002759532355896721
-0.00046139304449965157
0.00022483698995215038
9.94869283629311e-05
-9.695028501035196e-05
7.982745828115183e-05
-3.089758268660616e-05
-0.0003406060985304017
1.6547247232453046e-06
-4.8338379469515906e-05
-0.0004393296879335608
0.00011175386096409887
0.00025243582808903513
-0.0004515929621811348
0.00021316865930186225
0.0002161619140897571
-4.4035341807091685e-05
-8.035758162458262e-05
-0.00044187581247647547
0.00032891894976527726
-5.2854062900622013e-05
0.00023201844088423804
-5.197358685139341e-05
0.000461563630049378
-0.0003370042500742574
-0.0002841861495956767
-0.0003953974266152369
-0.00041507875920610704
0.00029907894550186185
-0.0004789277316915974
0.0001863209579839409
0.00045445379846473406
2.696566080579875e-05
-0.00018286461484558582
-0.00021746780598173122
-0.00025034683955958194
-0.00011678021610735567
0.000153799690866858
-0.0001440781462016767
0.00044706485487820214
0.00026824157086510596
0.0002603376930038269
2.5028320997177588e-05
-0.00048190484874955774
0.00039598840807120487
-0.00017869843790126796
-0.0003912268095638102
-0.00047420511291386826
7.078299457666877e-06
0.0002836902901455989
-0.00017289089574291819
-0.00020704890195291967
-9.325841164735128e-05
-0.00023868570275209836
-0.00034635965417737684
-0.0004505315861869431
-0.00022792604959531493
7.710923257804028e-05
0.0003474319708106239
-0.00016871796539851257
0.00021502701214344436
0.00017766630313950389
0.0002843465934418704
-0.00014383404171625102
-0.0003640034388100805
-0.0003414507496199413
0.0002915044546751837
-0.0003309275104393756
-0.0004983909083909335
0.00020593563514663925
0.00015320290247407265
0.00017283321696190672
0.0001098353395265208
0.00017168580267243436
0.0003786179320340408
0.0004976937873173101
-0.0002518718748595316
-0.00015463909445081493
0.00048791609477640083
-0.00025335925506892565
0.00046909707841502515
0.00031275279701089697
-0.0003818131292319084
-0.00035407557729261706
-0.00038359736748743036
0.0002539375590053793
-0.0003552779618372921
-0.0002865510104860607
0.00028590937589057907
-0.0001637478427826767
6.057158054156744e-05
0.0001121558965219042
-0.0003432542489615779
-0.00013315148480700192
0.0004453829777444374
0.0003332134075684671
-0.0003350901586907088
0.00025253851390249116
0.00040789766552876735
0.0004222283196034823
0.0003249531750787163
-0.0002685794225021666
-0.0003707379340594587
3.205915004929143e-05
-0.00013813329196323834
0.00038659332632852547
0.00032074990341223006
0.00010048409256287964
0.00018246901854255648
-0.00017507749960502672
7.886984962228558e-05
-0.0002270256708234776
-0.00043073656304256714
0.0003337035300286195
0.0001877458353715018
0.0004379783784240097
-0.00021875660244171323
1.0801218557347845e-05
0.00016509319658475146
-0.00013875591489804893
-0.00014346906046523744
-0.0002474909901936169
0.0003144636227315421
7.026376681580225e-05
0.0004035805713855804
-0.00043796212541646375
0.0002186268976781604
-0.0003195513967138545
-0.00022890439658908025
-0.0002116724782846424
0.00041994356462388735
0.00032090782996108537
-0.0004494719573094329
0.0004523276269403823
-0.0004579474160963294
0.0004294514572253848
6.404098987483587e-05
0.00014092354938318905
-0.00036645194219058863
-0.00018786344782012677
-1.967851858645001e-06
-5.0672868307488985e-05
-0.0001936870064867089
-0.00013558708432982812
0.00018932509966179494
-0.00042299286921853387
0.00032968087571023084
0.0001724993231875117
-0.00021671082519795473
0.00042014282938585695
-0.00018138488562117805
-0.00011271619917096966
-0.0003873379232375178
-5.296990732078701e-05
-5.588862571468122e-05
0.0004318377361358734
0.00022301451467134905
0.00028728737833948984
2.6547413033343992e-05
0.00016731231838449582
-0.0002561207188967203
-0.00047300588842216995
0.00047452850617733626
-1.342384231354111e-05
-1.1093605088677511e-05
-0.0003750917822619936
0.00024007675541872203
-4.7869991772432e-05
0.0001969230882055622
-0.00041627810664982977
0.0003134072009333224
-2.2589799796703255e-05
-0.00038463886321843854
0.00019084972491086635
0.0001113424202928595
-7.06056229086247e-05
0.00038278124912907935
0.0001681637574963605
-4.730394977277752e-05
-0.00014173595590440222
-0.0004516582746250909
-0.00040918801492865055
0.0003462338817798845
0.0004192066236482845
4.1283126241474445e-05
0.00019537872222196015
0.00026955566370913755
0.00020172974200096403
0.0002682914087609763
0.000362572757647812
7.966548999377844e-06
0.0002452836803015937
-0.000305070340645916
0.0001593672341906277
3.311625619043055e-05
3.0693022497239354e-05
-0.00016037230963391458
-6.466969218758644e-05
0.00038289492918222373
-0.0002341677764891382
-0.0001627742110157998
0.00011628232022475361
0.0002848057858526209
0.0001818465708106243
-8.89902810722171e-05
-0.00031560535860093264
0.0003338064577967134
0.0004791745222016556
0.00022899620751456237
-1.2957080409676494e-05
0.00033770095433104954
0.00026365016620630917
-0.0004893896163978737
-0.00040429624414251356
0.0004617955181476785
0.00032340577979369394
0.0002016309173518456
0.0003444302247900706
-0.0003422552660471585
-0.0004731658489594286
0.00022415740468513252
-0.00014636558271687418
-0.00014656042646211552
-0.00043931709393803475
-0.00038312095488211254
-0.0001682260913675606
-1.1290556900643827e-05
-0.000494004373827243
-0.0004602686359036794
0.00013516584752753917
-2.2442976450784934e-06
-0.00043359526243194846
0.0002703347342417735
-0.00024779682171299425
0.0003728743962502656
-2.6172866468154475e-06
-0.000270877706496128
0.00030692371579302887
-0.00018561927819846702
0.00038127137590974255
-0.0003695957416727548
6.681842982353436e-06
0.0003200588099620316
-0.0003265025936561263
0.00035727857823462624
-0.0004677372027383603
0.00020582780679605705
