0.0008564188274855695
0.0026838932259273147
-0.0025475078127072375
-0.0010791843522811218
0.0026693086124559475
-0.0014598979281574902
0.0009790020275252794
-0.002694325020505411
-0.0021871472368066944
-0.002604358272296389
-0.0023024888094920226
0.0010166756633529488
-0.0012192679515398294
0.001609456480222665
0.0010551416601286279
-0.00018832777009795184
-0.0007990719978008091
0.0014028798140310423
0.001990482583850088
0.002871799749796013
-0.00042701321835014955
0.002412283647774679
-0.0008939940828359572
0.0021461143085320473
0.0028317034593601104
-0.0014804266187917977
-0.0020383551123397854
-0.0018936046796516088
-0.0025163721056485726
0.0025846118124523577
0.00246876597682326
-0.0016127243518981329
-0.0013673436312806218
0.0024834767277568393
-0.0023305536788905193
-0.00024933036506470923
-0.00105178263796782
-0.0002150044138269176
-0.0023902798066418236
-0.0017633394065035607
0.000838479658281769
0.002647266748437303
0.000305079704311418
-3.9131179658319446e-05
0.002671481284048642
-0.0009784134915422822
-0.0024647920727156446
0.0022362464315100524
-0.00037835358868423385
-0.0016871625141452685
-0.0028427673787638445
-0.00010123093434633284
-0.0009035766712056927
-0.00122904230378617
0.001395336333081077
0.0024659444491684796
0.0011574141872145649
-0.0018398501482262363
-0.0020172355502824438
-0.0019628780857531805
-0.002735053720194655
-0.0008264462053737347
-0.0003495157911808716
0.0016591630830430672
-0.0002630951930038365
-0.0029504347390493088
-0.001375836851178364
-0.0008901104084228142
-0.0026517413335235655
-0.0005889387297705237
0.0018504746595610572
-0.0015623495282508144
-0.0007401468692186438
-0.0004515757172446804
-0.0013192285481282973
-0.0010816409565645208
-0.000857449352239548
-0.0007981476154924638
0.0009836727611155036
0.0004442109884689291
-0.00033204654979283833
0.0007023785182130858
0.001500842245998833
-0.0015511619250377759
-0.00010014200667476242
0.00034177100270493506
0.0014910198078572825
0.0014856458342868825
0.0013603521958126877
0.001489370139185416
-0.0027289785753072055
-0.0018369984739167078
0.002286862757336066
0.00044713237216088136
0.002730789506222433
-0.001666760246518591
0.0007891608223497145
0.002281364339439696
0.0025840834119866306
0.000513408231202678
-0.002513660197904946
0.0012340889570987236
-0.002716018989174534
-0.00186605070800072
0.001184200082431583
-0.002053325921671458
0.000610001273863155
-0.0008697847152771142
-0.0003850621611827267
0.000432926388118851
-0.0008021955269043972
0.0021030794426477838
0.00024519576796658586
0.0027751440048723163
0.0013035869799757765
0.0007385410068286545
-0.002846881476922982
0.0010714327845197458
-0.002500613317729974
0.0002863187489977508
-0.0011208228744264749
0.0019144323661024702
0.001218335020357392
-0.001443238352407614
-0.0004290310450590228
-0.0027843362874459612
0.001309957826927252
-0.0010303423179502317
-0.0007973836811917181
-0.002559819414120773
-0.0026651689006602893
0.002758958183081743
-0.001687280381606834
-0.0021208129079222427
-0.0011414347899397553
-0.0018847968246214289
-0.0019800473719485687
0.0021924942339092007
0.0017240062931167663
0.0016535499317757284
0.0027289927711673006
-0.0021227917216518105
-0.0010307439542859794
-0.0008099654850994473
-0.0024602467578492427
0.0016690823753159377
-0.002580813737398994
-0.0020717000439095285
-0.0002600374491046795
-0.00035994012841168927
0.0008134496108757358
0.0017461050446532494
-0.0025246455938652346
0.0014097342417589958
-0.000294636313647918
-0.002933842254700938
0.0004896430964691128
-0.0009121046668768957
-0.0008806993501042078
-0.0014926759196135474
0.0006268544196722193
0.0011950581701119043
0.0025397089949849086
0.0004257111840237607
0.0007723775580614242
6.127598075184601e-05
0.002679559491577886
-0.0007552721908147902
-0.00041115872700622476
0.0003752984474218292
-0.000289820160968764
0.0014301873880401177
0.0011398841537675801
-0.001546177293354671
0.0028552703418890865
0.001587888930163788
0.001551793040822252
-0.0029393190971450122
0.0010675744139772708
-0.0020234139367492666
0.0019669281429512903
-0.0021197571184694277
0.002593424956395241
-0.0009800890353833741
0.001473275738933205
-0.001807972499611647
0.0021938528136960424
-0.0017417467946507124
0.00024529758220533495
-0.0007896079203707708
-0.0029981059298905747
-0.0005015309608698906
-0.0024506192328440485
-0.001212205996827152
-0.0017450984527299417
0.0013660949387750447
-0.00278429038343606
0.0006148393479524913
-0.0017560302221201129
0.0009205915174383865
0.0002198188120918253
-0.00016800523781271585
0.00033192456416245106
0.0004968197191937964
0.002833007998460841
0.002225006512573538
-0.0003245524738386663
0.00195774539762729
-0.0011188184168877996
0.0009254801838704035
0.0025142899007400176
0.0005658360757409284
0.00032151343742786503
0.0020021003565711187
0.0012004489284768933
0.00018464281496096031
-0.0013045027733704021
-0.0013059397862267945
-0.0028533019983486094
-0.0017274392440617971
-0.0025256323224039203
-0.0019971077487304905
-0.002090387784201451
0.00020234999289911676
0.002441717443159217
-0.001806600392039731
0.0027169802100566968
-0.0004740513299348668
-0.0012487034007147636
0.0012863257837697388
0.0014053233459287882
-0.0022663150632567437
-0.0006509925808784425
-0.0005209725047922212
0.002306413175002164
-0.0022315613923389226
0.0016041492397348067
-0.0015410318453151796
-0.0022538272744143687
-0.0026462970037517135
-0.0027695197226545896
0.0017670970470344601
0.0017829183963857754
-0.0008265452657830303
0.0014796752545238757
0.0008401701676731001
0.0027941393414227965
-0.0017680217273253142
-0.0023397923304183522
-0.0029180941486411935
0.0005227160118947984
-0.000628508583147027
-0.0003371691101688051
-0.0015882186150225903
0.0014290457411140272
0.0004584207947085665
-0.000726582536280464
0.002292994378421373
-0.0020376490414507724
0.002207457045789259
0.00037000756415639857
0.0014182720164962557
-9.501998695849237e-05
0.00023488070420596896
-0.0028483476138571506
-0.0001683381642231586
0.0018944675878933576
-0.0008054660933001136
0.00180735012977804
-0.0012848235637967888
0.0020339872002509904
0.0008771374815890803
0.0009198360325813875
-0.0009826188353852946
0.002291517007943931
0.000561985168534002
0.0023019766374176766
-0.0028306038187084367
-0.002143672960866114
0.0025154964711041703
0.0001438987320094556
0.0005909662855920596
-0.0024049464212889337
0.002076201564124216
-0.00026995905144487674
-0.000144871478801815
-0.001817656838198638
-0.0007210506835382889
0.0019671700048868278
0.0019868311695430433
-8.643688419292294e-05
-0.001781465937307986
-0.00046328042087474515
-0.00010204481855925112
-0.0015921803507394092
-0.0007467767869697136
0.0002808092623691402
-0.0004006451137862684
0.0011266691978568527
-0.0007058364354384453
-0.0022523349874568107
-0.001256907966805864
0.0021774184206037007
-0.0019143987091359894
0.0008751437535810631
0.001316260446977256
-0.0003086757370461394
0.0025806019622160144
0.0015317066269246319
-0.0013903350736178789
0.00025785881115940887
-0.0008051641105792482
-0.00012831391711325916
0.0011447051532147146
-0.0005119913638037981
0.0013204165510048533
-0.00022886874632569365
0.0014833702672742014
-0.0025099587474684435
0.001981945648695452
-0.0019849776058695123
-0.00218124994400245
-0.002081492442979129
0.0005051753995765186
-3.6172729752357614e-06
0.0022818908112620185
0.0016862385818120496
-0.002023842396143589
0.002136041985063112
0.0028859261228246606
0.000244903783582719
-0.0016554911539016638
-0.0010685971420391475
-0.0015351944490820343
-0.001705238770502897
0.0009142410999273551
0.0019010102843557775
-0.002908669173517139
0.0009132658942774654
0.0019731481779010915
0.0005900785778539573
0.0005405544301219328
0.001655429317781839
0.0013444979787596758
0.002235184552336591
-0.0026404757335549605
0.0017384012122890124
-0.0006282921864934751
0.0027271179008374474
-0.002814713608299996
0.0019048866735673882
7.701376612363189e-05
-0.001507082868671588
0.002711273171841556
-0.0023382550926270116
-0.0009406639317836121
0.00015080859440998098
-0.0011395261084369362
0.0005771064509587334
-0.0025436343665143062
-0.00016709672344099747
-0.0004146318738924679
0.0008478371931844629
0.0007319121452725465
-0.0020325431701307913
0.0021456976997931455
0.001961124868407625
-0.0015006490007224104
-0.00030455555599161015
0.0006641444941774778
-0.0018351943723145447
-0.0014916556180270889
0.0004170799794214323
-0.0003739971645542145
0.002239887606793562
-0.00033709600825846363
0.0016632210948949325
0.0024067793524932954
-0.002345118166671831
-0.0010311837414452491
0.002241420820445648
-0.0016793071913386208
0.0014597513841739362
-0.0019908619364141346
-0.000583427586002023
0.000864191559761873
-0.0005182402453016255
-0.0003373867534370461
0.0011641559061924432
0.001458416764229582
0.0012394511044559022
-0.0006874239680628074
-0.0028741960340761567
0.0028564492678202352
0.0025963219248309475
-0.001632980710647616
0.000941205605606189
-0.0016443367105464335
-0.002452469572844366
-0.0015691504531236001
0.0025165733677611343
0.0019164989924068893
0.0010085886190020548
0.0029060397908376202
0.002676000925051967
-0.0016242930347808422
-0.0005214841557982359
0.0009553837040053061
-0.002793478349812496
-0.001746247203863628
-0.0005193348674271442
-0.0015827705414950821
0.0008595893961395882
0.002754035817166713
0.002933779284519297
0.0020548355010669055
-0.0022411698637655525
0.0002761270822026732
-0.001958089657642227
-0.0005439856610762596
0.0012656271179789166
-0.0006530177984045184
-0.002502770915480004
-0.002159530702475462
-0.0005395941233325174
-0.0006307865590646326
-0.0027674524937313155
0.002037011394874915
-0.002143239216361804
0.0024827741675331515
0.000638577913055131
0.002382237138486609
-0.0024078198075050093
-0.002125609376367862
0.001247594844996481
5.914244427496999e-05
-0.0007573436674403722
-0.000503703842450535
0.002875640699477898
-0.00042637377900090444
0.0017362016738348557
0.00155682997293056
-0.00040445065206466723
-0.0026741813959626918
0.0028532486482442587
0.002982769013018076
0.0009391031427365172
0.0024746458818205403
-0.00011979075424454035
-0.001231375610277526
-0.0015585120550470682
-0.002561826741347367
-0.0023444550582583934
0.0005985560055807005
-0.0019467272842407241
0.0010923526609366418
-0.001951004441726636
-3.126226213807362e-05
0.0023707435385522373
-0.0027301629960503806
-0.0010141240267351344
0.0018425855258415967
0.00011647685024241891
-0.0023263497254607047
-0.0003264587620874018
0.0017291720836081449
0.0010531768801991638
0.002935646498655205
-0.000725462318579059
-0.0017095070755034142
-0.0029051981347899334
-0.0017704697966881055
-0.0003340676653857109
-0.0020534468535172365
0.0023805871250623745
0.0002233899438442025
-0.0026840261367915078
-0.0018305862879545419
0.002847343404450698
0.002349460127228825
0.0016802864786903066
-0.0023803135357016074
0.002095233321048243
-0.0012740725848819866
-0.0006521577662887005
0.0019467062704646432
0.0018049493074936756
-0.0013829664103080731
-0.00043404749313362195
0.0008556521608599063
0.002810982799821356
-0.001541469934407332
-0.0017323245303750084
-0.0003385549009405904
5.456329615866973e-05
0.001266629890601642
-0.0006335766835482357
0.002714938178426411
-0.001843025326966082
-0.001855133594689262
0.00015881318782238855
0.0011626187406549747
-0.0009035396117394907
-0.002622220120522456
-0.0006217606762337754
-0.00023963410868938244
0.00028292479496848377
0.0016553580445870268
0.0011111674708958602
0.0003823087824814373
-0.0005439234522828405
-0.0016178810524029817
0.002848524006652928
-0.001937380052583951
0.0005121773747185226
-0.0001707163739276922
-0.0006934661573628131
-0.0018817792536122522
-0.0025274104090058573
-0.0023792713571980056
-0.0006590075533399889
0.00014831050858511632
-0.0005627000310677371
-0.0021776093155460147
0.0017319309612374668
6.0982296218751574e-05
0.00014376801607030596
0.0017283895890195687
-0.0021595865960126128
0.0027575116760798863
-0.002907515159562359
-0.0025696333762082312
0.0022648399555998885
0.000941882624468717
0.000621652316066184
0.001592121151931112
0.0017260578433803417
-0.0015617667274201632
-0.0027113438582690233
-0.001963714792414116
-0.0007100499871662991
0.002987059369213829
0.002937385534860602
0.001509880462707394
0.002826319920497195
-0.0019908958821349687
0.002532081596855365
0.0010325546084679355
0.001799130078867766
-0.0024664382723432483
-0.0027745882435578763
-0.0001772387199503525
-0.0004093134001719851
-0.002704910262748552
0.0003345475901211136
-0.0010536696396841445
0.0016323399236294828
-0.0009668225873763849
0.0005095050831794234
-0.0010952403103389062
-9.187883542746732e-05
0.0020122966689266435
-0.0011804663043514486
0.002676087380879099
-0.0024524382017510264
-0.0025634273856121282
0.0008760726458630964
-0.001857739768304574
-0.0020936515703356695
-0.0014339159849150616
-0.0018423526842442316
0.0004326029142678162
-0.0010334459164980294
-0.0015039426773418162
0.0018975850422642566
-0.0013864470454349016
-0.0002862099703640135
0.0014291871504128568
0.0016756923544879688
-0.0018670817179425056
-0.0017562067339833255
0.0015946079303975694
0.0020874867930892934
-0.0004128697573327288
-0.002911569448262901
0.00295656463358261
-0.001192362558810587
0.001366770704650291
-0.0025196241731000207
-0.0019001022386073154
-0.0028646797672667247
0.001405133880742938
0.0016823909178226076
-0.0009377663822585148
-0.0013592707838172204
0.0018903850155617538
-0.0019938030362115665
-0.001799652905988268
-0.0009298016514118108
0.002542021904590905
-0.0022575940314844053
-0.001284585340821422
-0.0007258140629819291
0.00010083838152777141
-0.0014056802873138236
0.002127093298885897
0.001622594065101528
0.001100633272028845
0.001319924404910704
0.0005968058079550724
0.00029051970575283024
0.0006174683280375354
0.0014093164222951596
-0.0011779195586712002
-0.0012389771904566947
-0.000813388543593016
-0.0017169279950825084
-0.0001984551595143576
-0.001225157328616894
-0.0023199790642324976
0.0008332578005689965
0.0013868949931951976
0.0016817644297073223
-0.0010721415364747136
-0.00204462801754464
0.002484832891365355
-0.002627748212795466
-0.0001812140743355185
0.0025857976082100404
-0.002178742303370927
0.002775472868280041
0.002912680358559981
0.0024056656896176143
-0.0023610801491056226
8.853117682303471e-05
-0.0011059334050728773
0.0014220455824405552
-0.000128628368330835
-0.0013365713335760428
-0.0010395147747102001
0.00043607831658822776
-0.0012767221136669256
0.0007302864082262403
-0.0019855217485685774
0.0022710509849112933
0.0010923660693145307
0.0012829162851705125
-0.002602443920310775
-0.0025214385786697757
-0.0005220823527068864
0.0014969555030524507
-0.002867722420139275
0.0016116247343993927
0.0025630759540713807
0.002154435187187587
-0.0008877475435730879
0.0010605271225900851
-0.0021665162621730925
-0.002644801705801176
0.002953963088683828
0.0003828903273765498
2.8447350499712174e-05
0.00038061886516535656
0.0005520124625535638
0.002456688872635761
-0.00298115862711422
0.0007860081333478214
-0.0025313010840555877
-0.0022590603653444277
-0.0013903070642120661
0.000627416509246935
0.0004474214040996534
-0.000161406257452844
7.940509476510576e-05
-0.0012964066057663064
-0.0008846598858474235
-0.0016680913214601335
0.0017661325576703059
-0.001510005346920813
0.0005358339036444829
-0.00113711931133215
0.0019450568281499034
0.000426628861650815
0.0004036612318834864
0.0020896141953030785
-0.000509591303614906
4.043542590915312e-05
0.0002222605966016888
0.0024661452460816866
0.00017506080833082317
-0.0029735510981970205
0.0006252280358456969
-0.0026158576126309825
0.00016896841874685948
6.203886902807817e-05
-0.001767201004801867
-0.0004502653447177084
-0.002799102716005914
-0.0008053831161633513
0.0023551651738314356
-0.002030138794105702
-0.001850584601019406
-0.002717390456524414
0.0029126789054884925
-0.0029754247936188403
0.0005768821161001086
-0.00032425821414177854
-0.0018533210205524458
-0.0028639094585935602
-0.002737302787902689
0.0007440755633199474
-0.0002905154112539522
0.0019274935821696447
0.0013194160100009336
0.0015595292255346878
0.0025166746258981666
0.001192859620066643
-0.002570299197943167
0.001150180520947815
-0.001573992135196375
-0.0014274970975005805
-0.000770523604225568
0.00010089976087945688
0.0016162277476681301
-0.0016474856068196648
-0.001107830005272364
0.001507041551319587
0.002683388462070146
0.0014931279431569548
0.0010742243535043971
0.0013711179302770948
-0.0027631413719054402
-0.0028638401246577102
0.0011210082840016275
0.00018236365329172936
0.0013959191039606047
0.002404789840355923
-0.001019071908588051
0.0008502204158431204
0.0005122374423991594
-0.002130198131579636
-0.0020958369856742152
-0.0013440349959457606
0.0006870133536821402
-0.0027696253830627447
-0.001273590664510315
0.0026663407841327246
-0.00026991060232240153
-0.0008259920995866993
0.0028105930422389555
0.000550527421503745
-0.0019536248949669813
7.57315584526447e-05
0.00021590444694578447
-0.0019297779267989324
0.0004516458969710353
-0.0016968295639378807
-0.0010762289544377847
-0.0024142741388279423
0.0024077148776417623
0.0017760264984658207
0.0015397961948203634
-0.00030624155683365
-0.0012337192407052872
0.00019111507684942608
0.0012925397557867375
0.0022495487275857023
-0.0009214176901013514
0.00020755145245144593
-0.0009691914285355758
0.0013900762772952558
0.0027293102952436624
0.001440074071211681
0.0008918235114399671
-0.0029861026030074574
0.0008805426514049033
0.0029652870012418352
0.00024649218115406664
0.0016088854216301223
-0.002532262895575618
0.0014516923002925635
6.431272141825366e-05
-0.002952808964615154
-0.001995984421323933
-0.002967575020762491
0.0016362302003608215
0.0016009143841169502
-0.0011564552606956253
0.002670820671876687
0.0012814986009524638
0.00017427526372156303
0.00043756791558303846
-0.0022737769574611524
0.0008578780743751769
-0.0013012386480557123
-0.00012791177119723766
-0.00020378022443542183
-0.000936139506834183
-7.862163125888031e-05
-0.0023737653352226065
0.0002511886246299969
0.0018299415214752413
-0.0024175250240079946
-0.0017573446323054039
0.00266488496913919
-0.0011807586323940825
0.0010618700322442458
0.0007917914507218353
0.00011988994600623838
0.00023130851627468528
-0.0011459620409527075
-0.0016243132572147962
-0.0020893515415445155
0.001505665416668374
0.00105024330518989
0.00263838072141749
-0.0007548199202866688
0.0005465070559914856
-0.002738984340485655
0.002291422793902289
0.00290342307752084
0.001615847960199989
0.0010584221030255194
-0.00015973461886286365
-0.0009685493619706461
0.001032996901990317
0.0020944397626038976
-0.0025193242634954293
-0.0018848959943797447
0.0012975806165289039
-0.001980998060229844
-0.0006494247055701808
0.0003451661377535816
-0.0011037824925255568
0.0013046823334651701
0.0014787535127308467
0.0017447835014979558
0.001736044094701396
0.001548160090560597
-0.000678077866431362
0.0013826438893763011
0.0004708552858745719
-0.0016896632363708989
0.0013958508875679147
0.001253899317657967
-0.0021752609688151466
0.0025752470755747237
0.0010938619849157364
0.0024743107924796205
-0.0025820506665630277
-0.001565985719686573
-0.0017647239497821836
0.0008685217130382683
-0.0010804330509952356
-0.0009309435528948281
-0.0010439580822258964
0.0022485221983723543
0.0016719830850133507
-0.0017134461713984423
0.0013563477556139056
0.00171077563285607
0.0014284920262567086
-0.0016831960741117767
0.00014601245209921359
0.0008224410863390862
-0.0027677455434811146
-0.0011615054904090042
-0.0002303952363865761
0.0021700581676020866
-0.0013640628640697928
0.002034413565848903
-0.0025532893136002203
0.002539368863533626
0.0007869961812325137
0.0026346940753986135
0.0019265504925443195
0.000843207728887308
-0.00043641697739281145
-0.0012077088673582725
-0.0010120342099391002
-0.00029932855242034793
0.0018533605369273334
0.002149910072319538
-0.0003297362183335194
-0.0026192717612073804
0.0004022666129799828
-0.0022808868765429994
0.0011274907217841534
0.0028966591403926734
-0.00238471921574616
-0.002297757055274214
-0.0023006991507240884
-0.0007564459213605097
-0.0008446571470409748
0.0019280897248129727
-0.0011201866703965562
-0.0021762583373385602
-0.0016733111667325854
0.002644157946042147
-0.0005005659769796544
6.223784177722749e-05
6.515154624337719e-05
-0.0004994174102315929
-0.0010187651018189283
0.0013525183822905937
-0.002371391446133774
-0.0023280985820027197
-0.0002786855692074471
-0.00065598211818699
-0.0017191434039440748
-0.00252155015640258
-0.0017850134284813242
-0.002348264300902733
-0.0028637949628927753
-0.002436362230106777
0.001996652749415586
0.002964245200576615
0.0017170825661615308
-0.002529800314038565
-5.414484059454569e-05
0.002919976050601455
-0.0009097792898073729
0.00024605644598490973
0.0013160713542475716
0.0020104011935055148
0.0017112786905276248
-0.002828850030325099
0.0021553989428135583
-0.0020496447989163885
0.0008918784009179443
0.002304189598239967
-0.0014664085688687037
-0.0011929942678345642
0.0009258240456764336
0.002143081299112186
-0.002198028515376224
0.001627872363391519
-0.00014604086963626844
0.000192664778713862
0.0021999733007241687
0.002359616890058535
0.002693825770059482
-0.00010510459882278559
0.0004242104808881413
-0.001987074874517945
-0.0013411484306221702
-0.0001122020885779289
0.001780295951072596
-0.0016481265224671648
-0.0021550922705627527
0.0007427231208195313
0.001649542952012725
-0.0008941693896528397
0.0020577547615974303
-0.0010598983493622074
-0.00203723115039704
0.0002553287760509366
0.0022382363330109255
-0.0008893801630740503
-0.00021572687259459235
-0.0027807174013558676
-0.0014712469103870694
0.0016658903229605036
0.0018551975417226418
0.0011935946372924333
-0.001257442198360656
-0.0005603307996185172
0.0017579627101667007
-0.00036926594656118937
-0.002466087804285051
-0.0004002768200059982
-0.0024996840970326747
0.0013271648927647983
0.0008086191664407041
-0.0002640816739902371
0.0007258200045218645
-0.0013341964467577872
0.000421505150102646
-0.0003436005875061105
0.002416481603529366
-0.0019690949855874058
-0.0029037929881518504
0.001966014616866186
-0.002961189573904825
0.0005425472337612352
0.0008202389252526436
-0.002689353683909169
0.0014287933832764898
0.00014229829639512102
-0.0016712064661158026
-0.002107061550277687
-0.002583800107388369
-0.0013579559272351761
-0.001439065157023171
-0.0018767272502762894
-0.0014878174792860778
0.00012541295055655283
0.0011226794118666264
-0.0002719648969290991
0.0026373861750157504
