0.0006725676296883386
-0.026397801361944997
0.027618211667336613
-0.0038383917854232195
0.01851038821465672
0.022309244802773714
0.017318024129667257
0.016799623970956322
0.02953231269203234
0.008262338675529307
-0.02082972467538565
0.0012851022988905267
0.02315177330474396
0.01120780283319675
0.02878852495466501
-0.02907254851958426
-0.026581984710953285
0.021895736571400454
0.008189100427162525
-0.00697936615223237
-0.005081591226392398
0.01977530854499452
0.007873673945096943
-0.008231768404010732
0.014829406549538453
0.004513956743502308
-0.02119205977159106
-0.023964766761743278
0.018161523263203833
0.010353353835798065
-0.011228173863843699
0.01793239262750195
0.014274233512312322
-0.00356676725615954
-0.018536868223716585
0.0007040625280950834
0.013444313210502844
0.027304883714670297
-0.011646982455869287
-0.023318908753185184
0.0005344575398201663
0.0006582406502092936
-0.009475383503991897
0.009860638645110713
0.02998034763362728
0.024272434333557386
-0.025600330706267296
0.0038322176550975376
-0.02718413931374613
0.020601915907468786
-0.02975395785994718
0.008445311341107153
0.01422227547757516
-0.02360339443136651
0.01445867892805456
0.00650488926977074
-0.002850445114243108
0.01909921341299363
-0.005680599585300188
0.014909789974945187
0.014055812028636067
0.01669933546199119
-0.024415143395215003
0.013128785645460023
-0.012543070178967566
-0.02846090983801142
-0.018953401668825757
0.007847610206364812
0.019305731527444317
0.020073467204225086
-0.024142305160060426
-0.007669072799318794
0.01873694315874551
0.02125237395104216
-0.018644580030244738
-0.012741143871971953
-0.00869162225712453
0.00016551506448415215
-0.0033376109514696543
0.021215428923754914
0.011929724176296584
-0.013809815054114959
-0.0002767701417091019
-0.007981588382483217
0.006624625022559706
0.010863451856195035
-0.029275444316714045
-0.018829215917309863
-0.01740070217590446
-0.016086683081725957
-0.022364308481459292
-0.020162101696417876
-0.006834203475997457
-0.024047692541248684
-0.01350079266917463
0.01842655229715027
3.5757346012379315e-05
-0.011893200838010563
-0.012487100425112755
0.008109839395099593
0.01569213436769247
-0.020292268990637498
-0.00981347219936662
-0.022437363195628474
0.0005967416016741042
0.006800169972390684
-0.01505815117254894
-0.007571337203144953
0.026872834104206232
-0.008016386180793152
0.015091027755675723
-0.029619425373717357
-0.023993253316568895
-0.00832229520340461
-0.006344244403350258
0.011539201732641773
-0.0029555536828929745
0.016515859794118695
0.01162134332660121
-0.021710113569705078
-0.024597644665946113
0.016837108905061182
0.0067661640273125045
-0.022360508211181938
0.011712425808923746
0.018196356912724795
0.009770769009046908
-0.015081719252091896
-0.00010501037964510615
0.019404881933855977
-0.010461509974559823
0.023845630219354076
-0.021214057666562813
0.014807723693078666
-0.019208360533626907
0.02845109752040908
-0.008742000026766877
-0.025622231307982385
0.018794042354560343
0.026491302564426188
0.008550678801015059
-0.00750674486955898
0.02403733339963296
0.00422058277401096
0.024288784219331207
0.01944690506007027
0.005380335042287028
0.014541437429725315
-0.020173621801010337
0.019786238694146883
-0.015592587067361418
-0.01650736283702662
0.001244310886929098
-0.00555816443088257
0.013636945352680147
0.002483526699955038
-0.028519641362051436
-0.027107892326855683
0.005186024050936988
-0.009093179286772425
0.0210211603775003
0.016065609083594598
0.028761579470932483
-0.006355244420631168
-0.025204165464524163
-0.0074824019929563106
-0.02992803341629445
-0.0002364381228103056
-0.00034230253750020673
-0.0037291639964561717
-0.0014800581566024318
-0.01662324974100399
-0.014146831603740324
-0.009124080411971283
0.014935212382460691
-0.005355122036774889
-0.02467420697916313
-0.0069299665427304015
-0.028617429490419812
0.017421951664166414
0.017219460139484707
-0.023547034845777887
0.009908918045170315
0.02501301890547116
0.0021827917642367883
-0.006470236983281787
0.02075014109098175
-0.024789209876675513
-0.01412567969684633
0.018804338279864573
0.02519918012104766
0.016273888215738518
0.01623035148341779
-0.02694418547220538
-0.029841916041860282
0.008127974198440545
0.004108069528368945
0.014290701011785548
0.015602444113824214
-0.0068315596939476815
0.006362189044041622
0.01015866254100127
0.0031406687967068248
0.022689062074843523
0.01934093781609942
0.013160079289166696
-0.009518642075333053
-0.01970385927233289
-0.0011079033249946288
-0.02013846763471431
0.013529077112477805
0.011023848937705256
0.020617738226564465
-0.008020980780656467
0.01715037134190464
0.027382581550053686
-0.025373481709161715
-0.01975551846933607
-0.01892938663438678
0.01710176426055845
-0.010180678092055018
0.015097847398486589
0.017881853739687766
0.02866348480468056
0.006871089138819814
0.015408656352716384
0.009754369800605199
-0.02880104308069814
-0.011736684470555047
0.0032026393475682313
0.02656874610941338
0.009129279282559646
-0.014888412297817451
-0.010687672975640036
-0.004517181947838272
0.024141528659004714
0.02967113135620726
0.007910387634960221
-0.021924276577205352
-0.009061477947092098
-0.0014874708619717694
-0.026390986837317033
-0.0042423343398004625
-0.021575907132911243
0.018497104552432336
-0.023360288939327616
0.01552783478603751
-0.025555958548107924
-0.0161845859156666
0.025131267935859986
-0.02817156811827607
-0.0010665847553309876
0.0006477935407068411
-0.01743382796529058
0.019640686538582752
0.004470629727928548
-0.011046125604260614
-0.009419434447485768
0.024334207722898273
-0.0016560219772219012
-0.027583281844247375
0.008981562771442242
0.005146116211801298
0.017257858980630612
0.004119807227000324
-0.013109114504612066
0.023465581845650278
-0.01494300365278712
0.010733939063497414
0.001139037512845751
0.012066454252186498
0.011336644903516185
-0.0010622025224241334
-0.014952808206362979
-0.003337746112409775
0.00023678441231483535
0.0004972837548149825
0.001893255623509206
-0.018762634080989885
0.01763258614303808
0.012679710848724567
-0.019182285090938708
-0.006146353745258928
-0.0122296175287182
-0.005837414709394643
-0.001798036109644078
-0.02186681151522983
-0.010560596204611389
-0.013652802869282752
-0.006814644342484279
0.018515071803448725
-0.02676896374436466
-0.01629323547114438
-0.014708237221629698
0.018829272325389508
-0.009311537079002244
0.005966521105322337
-0.017469675075154432
-0.015316152545186241
-0.012731999078614036
-0.019515515660561887
-0.016905513609742885
-0.029027770653642475
-0.013378216144728835
0.0013884558586097356
-0.024853674363394626
0.026117232000445807
0.02651792922535818
-0.010909505437684264
-0.017792242188809405
-0.007580879272454537
0.029618374974145947
0.025620183786655024
0.017226206985451825
0.009190830917618437
-0.007359127641671327
-0.024115464397853906
-0.018601926600888833
0.02841679955641488
0.017989707519038903
-0.021138224645634952
-0.007062991338564365
-0.0017594952501863992
-0.016016720733468978
0.0068337193335631236
0.008867097820371185
0.027667009492962157
-0.022805313018736888
0.016184538481357112
-0.00031574548420621254
0.013569726805887604
-0.025062768193853693
0.004208049825994091
-0.007063080523151893
0.0035165549350571687
-0.009225814947704102
0.0022636841896865947
-0.013270542896731526
0.024844779022529094
-0.00990911423133099
-0.029545840230828964
0.013591209094285142
-0.0178779634157467
-0.003745052825946917
0.01854152573727924
0.012724047023025563
0.0017884584130760037
-0.020867749980799738
0.021345030568263312
-0.0213038253446209
-0.0043853180426330594
-0.020721839981068017
0.005784211387640091
0.009524506479655505
-0.015235087200216062
-0.02800623086253237
-0.016766495960426224
-0.01075914304614006
0.003085168485423201
0.010051286654747471
0.018654055848721887
0.002140544641535305
0.015929484296706216
-0.0011533617198882205
-0.004204418386799077
0.0011469380651392483
-0.008647317209568711
0.008157974537572603
-0.0009744358455849172
0.01776455987997748
0.007151907923762815
0.029980280608533597
-0.022350557871243276
-0.019293040719314033
-0.011488567820177549
-0.015485758605843641
-0.018758092724525596
-0.01050550123812458
-0.028412557568825183
-0.027585805810711447
0.011304006726946599
-0.023452073667495778
0.012525308719678274
0.02273688582622376
-0.021798981378480197
-0.023263454344168148
0.005012095790347795
-0.019983257708148284
-0.022772643613186337
-0.029112506788559808
-0.01985738079151414
0.00998800905933122
0.027729147904226724
0.012969303675468141
0.0073087537394890476
-0.0090548962750816
0.007503837999211796
0.024637211378134884
-0.028067352970945463
0.005503629122682478
-0.014755930526705742
0.016894732296482563
-0.021834384062422572
0.025968154169764973
-0.011188621601205269
0.013972337033418256
-0.008847372395144978
0.017341524180495248
-0.009370479531513477
0.0006455408517371253
-0.006115268882937102
0.013121294896983007
-0.028874605259646878
-0.023403525902071304
-0.009080791186541669
0.005095054539380077
0.0006927711114851146
0.014617920924150853
0.00837439373793801
0.0030445699732418036
-0.00891990813609466
0.0026581152610667055
0.016651686419921652
0.018440647412538938
0.003924621294014552
0.0010888997043842358
-0.0028994172726921653
-0.0060241875521004455
0.026784221388234275
0.001430595348587145
-0.02494939173248569
-0.006671031507890453
-0.026267358404533807
-0.009427172151744826
0.0186065397892618
-0.018997776894597692
-0.006442548228419911
-0.007400830454889866
-0.009355852166192561
-0.007330371949901177
0.019683060331890788
0.028841356639870377
0.020287915767443647
-0.023851955091845827
-0.02188483863403734
0.025251121880907328
0.003524990797503659
-0.006138388608511718
-0.015457073298410723
-0.02123395758431941
0.015575278690535634
0.025948040978331685
-0.02962872074877499
0.0026200341552518533
-0.02445267458271829
0.008634703418955995
0.005639137135528292
-0.014299799651619639
-0.02809250467529893
0.005910975221054285
-0.024531260107515586
-0.02877852151439411
0.020081785994872647
0.016532133682711163
-0.002805181290445581
0.01692017985176652
0.023842606223590572
-0.007311807190393805
-0.0018869194619479113
0.0017011578188254675
-0.013896875609640681
-0.021051686211078988
0.028259414765613097
-0.01021233763826893
-0.029591876879477428
-0.011120499380466706
-0.007729555120171677
-0.003734810129908367
0.00828869720459259
-0.020163227083594144
0.024584440876616237
-0.017056343213467808
0.017084302021723334
0.0296642181178364
0.023328922549287104
0.021462951476277588
-0.0020171743221106715
-0.02212190880399874
0.014417475786841293
-0.010760233527271873
0.0019477681102713432
0.009275464241046187
-0.020045876559870158
-0.0030471001533657442
-0.0012787936812524853
-0.021165987569017164
0.0048115168012526285
-0.012445935515995772
0.018036891454930495
0.01373117754976639
-0.00816457602632244
0.003060791687676874
0.014297144709621006
0.00010270777095705216
-0.012659616461269514
-0.010404036607188628
0.000786257013081805
-0.006153336178692886
0.004600334308028267
0.02103555016240488
-0.02014480375989755
-0.013405388974690891
0.023051579924160397
-0.011416496906836167
-0.026150083272745754
-0.015589463732726128
-0.0029523744939416105
-0.00582083872042535
0.01962892149787336
-0.005196415528099768
-0.014540415178017503
0.002949261404866947
0.007863350934767234
-0.007081097390926622
0.02090323597823189
0.02885263038692199
-0.004584028307350992
0.015466815516782563
-0.01780988573274339
-0.021443654520844666
-0.02887034193721099
-0.004779094332436968
0.012881510933057866
0.01100977242880783
0.020494883986759277
-0.026953723242960408
0.02660374026923329
-0.005288015748787546
-0.00945280239660751
0.010268726714303372
0.02199900552659354
0.01680558770670408
-0.009019463162435383
-0.0071330526715246804
0.02361155725451257
0.023656484229639285
-0.001718403094215032
0.002179865199299774
0.01819534323817184
-0.010228088583759287
0.028399506847447784
-0.008661704229983781
-0.025078192466949707
-0.028344797643057387
-0.0205106168300994
0.003912022457149063
-0.020743181458898648
0.028959056875886117
0.021981665402847066
-0.01130914379426666
-0.022539883902174263
-0.017724522445593298
-0.014501385043259731
-0.014321851146229237
-0.024689728467290815
0.012943668472277632
-0.006136431433766923
-0.02605764182011903
-0.028635677335920255
-0.006723640121803404
0.0007619336894570845
-0.009235776283461474
-0.014821815338330217
0.020688228058989205
0.007854945866945871
0.007413920846818495
0.008472489108652462
-0.026995108683244916
-0.001946356513411112
0.01797226263482765
0.008163336288259923
-0.0236818344357488
0.002236670415891831
0.029490163383010554
0.005759880915970246
0.019045511977667483
0.0020213319656132295
0.027216065538507715
-0.022039385781977415
0.011480705619007547
-0.022756669783450867
-0.029050924800756876
-0.006218243807009381
-0.029390199113623942
-0.0021870718407327426
-0.014942735599167084
-0.02289392329479476
0.019840638407926894
0.005745451916639617
-0.01802109625539864
-0.012200449140777617
0.009154797576101041
-0.01731290561582275
0.006813858786406557
-0.019548055924985368
0.016614502575132507
0.006091674005494492
-0.006118643306007643
0.022120444179846037
-0.02685686505461375
0.016065595300492272
-0.01641976245543046
-0.007476791074577813
-0.0035089705585049577
0.025473634211104754
0.020061844282758506
0.00853500373136385
-0.027682092261324214
-0.01443296149761395
0.004663592442272546
0.0011096260188158645
0.0006025816560489144
-0.009733715159117053
0.0222570154317319
0.018656714516182595
0.008101549399955457
0.022676827112118908
-0.026849570561388966
0.006437663791618108
-0.01900132649971807
-0.01306068604631477
-0.007005066555813906
-0.0029039985822369337
-0.00839285588498253
-0.017660201423636515
0.017515141574931017
-0.020494484936509363
-0.01722691950226365
-0.00013840134029097229
-0.0021533722210670195
0.014795471764093508
0.02471810203772621
-0.012197645762131032
0.0263796495772666
-0.02745918889951291
-0.012634746966798234
0.01853105731981252
-0.0146921677516633
0.012923603734643616
-0.02720874115873767
-0.005294077114098589
0.023665465971147166
0.0029994928266286677
-0.029956515647268214
0.008445940932627995
-0.020893813529239323
0.00041821740271565794
-0.0029354355480826246
-0.026575025059084496
-0.02129247754056044
0.02183091151820369
-0.012234424127761608
0.0035314262248242884
-0.02241146052461721
0.025040161485549134
0.0114599285561394
-0.007227104108686336
0.0033028277494635966
-0.02057704191556866
0.008709543991323863
0.005999728288091588
0.014305796236955083
-0.02972625966177352
0.014919210345573197
0.025433056115568543
0.01369859726484634
0.007232081827014701
0.013153117749589466
-0.0036182919061483326
-0.015709145387387276
0.014832748123663739
0.006212325357842358
-0.0033081518190348873
0.0278139528348526
-0.019734130957517033
0.014691011720644145
0.023628897675844814
-0.008401631686230489
-0.02407610870776642
-0.01621857147999583
-0.013364945772483556
0.007857113592338219
-0.024542702511018887
0.0006304789684708142
-0.021499553856272592
-0.01353714144270481
0.020390862386352446
-0.01523693855065281
0.021841739881244854
0.007914590287295332
-0.01586261764286031
-0.0011557691769412196
-0.025779111049126273
0.004933471641481779
0.007270484319653013
0.0012095089305528342
0.021556467896639002
0.019294686022472245
0.019074681340264008
0.007996779272297416
0.0297777134251153
-0.021723271465072705
0.023345531781303358
0.00940643746653038
0.0014080629323554236
-0.013012847286303132
0.025092706594255068
0.02753206282593529
-0.022391667813001843
0.0275791041139763
0.023203048846306577
-0.029016889331270834
-0.014436207447750387
-0.018449502333949836
-0.027075661195218512
-0.007941790078546663
-0.02021169048085443
0.008485353941848676
0.014597202969778629
0.024958428798154617
0.019003956702315625
0.005654957109946852
-0.01628521928370981
0.010819053822092327
0.02922359840535016
0.027396208346009927
0.015730671923810155
-0.010538858733402118
-0.02490706098776517
-0.006469584612365058
0.024647757474683465
-0.009908235426318187
0.006598813114768953
-0.0009442917459293113
0.027018897535594458
-0.0052522355733791645
-0.014532238098436972
-0.018822606726454416
-0.013757847655802433
-0.026978044224515475
-0.01971181601740596
-0.020817854761474956
-0.014641684377313412
0.0068794879500494385
0.023825913537967605
0.004128572846887321
0.007031306833400884
-0.00684543866465831
-0.027157134358719224
0.028195324695996893
-0.02509547224784505
-0.0037023031698300117
0.025206089812848588
-0.016513649795638075
-0.0038988562504405667
0.02956802737788263
0.006062281559100914
-0.013162691341666238
0.018106347433116364
0.015844156037763193
0.006239039401406542
0.024508725736192637
-0.005366903213623507
0.010131337314134826
0.018276756731577415
0.00837744970341174
-0.0264553332671004
0.02902595418879271
0.017995670614148092
0.024522286375292517
0.010747997167203767
-0.02745277078328126
0.008343041033781723
-0.024729890065850222
-0.024169688334270637
0.017597914318524067
-0.019682306981682746
-0.004582993262886047
0.023135136892007795
0.004722290430008637
-0.022480290474638086
0.011307025417218633
0.006028565562367763
-0.017271706925219274
0.01931863558858011
0.019532034249222986
-0.009716768691280957
-0.009366293478033236
-0.008054402994397553
0.019433744754190338
-0.0015922620502439033
-0.021489620788658008
-0.023049314376600665
-0.016622743156520417
-0.018619159203253965
-0.006824091653494353
0.009518706999622761
-0.015731832153989787
-0.015927922430119618
0.02177349631302962
0.029026308304562133
-0.02222507748623312
0.0018461902200987979
0.022633305445376346
0.01889184562091145
-0.021804200256246475
0.024938970227870588
-0.010852852180045187
0.021217774470465002
0.0074463311149549835
0.007773454201511647
0.016377641546104472
0.015123025945332602
-0.028287995037519328
-0.026680922849419173
-0.019184725236827994
0.008823792635946813
-0.0005023573193243328
-0.014947788705629558
0.007912312837459828
-0.006126316738430601
0.015279507250588312
-0.0016911330476241104
0.013985122904117492
-0.007820475645973438
-0.006073047261247161
-0.02481778676148943
-0.00550858092471156
0.0008984592923100242
0.021539113086161785
-0.01580957473823849
0.029971450220277078
-0.020153088305609024
0.021176561274144398
-0.015075387544923397
-0.01842294464414873
-0.005802071459508638
0.014826565892948375
-0.00971186529388626
0.02885285192654992
-0.004695035906762485
0.00014885238376689813
0.0021792085013398674
0.011080554441984344
-0.02009019512916222
0.00513497294108313
0.006337974098669333
0.0036296365352738863
-0.028844233310432787
0.017399013720426133
0.016109989562319023
-0.027039482803097075
-0.01673925440278888
0.0053390592735574754
-0.018434123396560878
-0.021847344615259074
0.028571796517022678
-0.01939329317851378
0.005548660800397766
0.023738918584136758
0.024054436846319353
-0.026197408925379802
0.020661625384984977
-0.024346924195356234
-0.017021330875714297
0.004252752952612543
0.011548710367758924
0.0009000806943718735
0.021598387734053266
-0.01342462280084427
0.0001852664833337271
-0.021664310404011625
0.020314750636801014
-0.016500688290454507
0.016268767619738327
0.0033269122823691294
0.025565039526793662
0.024050741731394813
0.016542938028519187
0.01835310051948575
0.0016766281506943384
0.007905456961658466
-0.01643854224502101
0.01909957091711275
0.013718447648023484
-0.009565406615812132
-0.007654821967177851
0.012417588421138347
-0.012583535039128554
0.00920043960463545
-0.024081537854034635
0.026438363258845347
-0.008385873476700563
0.006921379920101833
0.029774613850745035
0.005983897151375456
-0.01343488516524147
0.0072349174227761895
0.005817101069911283
-0.02476961193150109
0.02236816725841092
0.0223355512001793
0.003192791099862223
0.02387269838250919
-0.009303666836389168
-0.021298198507075608
-0.012420865974040754
0.027996117246204086
0.0291781716794677
0.008797736148311863
0.02937734856104717
0.008130834585340613
0.02011748074393737
0.011111448520849651
-0.0006364829129468265
-0.012952626195955608
0.02480584254674012
0.016087196082847734
0.02835661855186397
-0.013130726083727607
-0.02857819099507092
-0.013657951377275247
-0.007637339622648356
0.005699923980249655
0.016700053403259987
0.014244186694030665
0.020951151410152913
-0.00268460874670411
0.027402862198868977
-0.004292926619031658
-0.023739840581170225
-0.008516981602691598
0.011551228132102458
-0.01967050380418469
-0.0126879140604969
-0.007221831649787652
0.023113628573435623
-0.0036370943722099786
0.008100122426111585
0.022392246907358172
-0.00515961147537182
-0.010282040084175624
0.008955467151768114
0.007025220918730667
-0.021952429778352517
-0.0003960460829959475
0.0027040290617608292
0.0047407986684738085
0.02115992735070523
-0.007935514064935225
-0.00883992778600836
0.00980062352145028
-0.02257078800701066
0.01436858954451077
-0.029007768738035723
-0.020487878640801524
0.027116379860858936
-0.0011638599280147793
0.006673431797815009
0.023811465866046592
-0.008689738141020715
-0.022771769723912018
-0.026198717867303455
-0.009123944822338706
0.018720972092848093
-0.004191762656230974
0.001790917570450773
-0.019719320569015653
0.02155070413002702
0.009642535056620403
0.001115777066962087
0.0011468466489212986
0.009891088873995792
-0.0057239573511491705
0.028327337512057474
-0.022012045298100393
-0.022917320808080652
0.011833477395013559
0.013509561261933228
0.010055229812179621
0.014618820815292526
-0.019798227325229678
0.006541216479329308
0.0017605838547408506
-0.023067099750525764
0.013609239456157794
0.017459970361481794
-0.017224245917970296
-0.010055768227166913
0.002785114712995397
