0.011629476422144562
0.02979160014565587
-0.006109980139944866
0.018670213689069196
0.016705305944513596
0.022386480934250948
-0.002666079111933624
0.0014634617871736866
0.026863883674968676
0.026444168495811396
-0.02293949629890812
-0.006885934366320529
-0.013683349761901446
-0.002021516833344294
0.01191387319864827
-0.016374573870024438
0.011796025856856102
0.011377939439909994
0.015842042046217066
-0.02372118755497722
-0.0019428898632449024
-0.009422234544431245
-0.00163741220084904
-0.011865703530941716
-0.02942249505210298
-0.0072114603940021185
0.0025680791823872173
-0.004947923062926168
0.004784050503864608
-0.02366507289993401
0.0037795833329551873
-0.00025655191606359026
0.025761579819600845
-0.006557657637457016
0.014455556843826683
-0.002947047185816974
0.006367085852714199
0.008561505951291251
-0.008300334400395858
-0.002558648583108586
0.018450583471645722
0.0265574613754965
-0.02159470551021018
0.011372629205583767
0.02218748775121647
0.0035651483076611507
-0.014594048847650589
-0.022355487096494167
0.027400101089825546
0.010095879398608502
-0.009733916971173321
-0.020881795437928282
-0.023306913108169267
0.025429776990083572
0.003686921747462983
0.011617226937819511
-0.007682881490887011
0.011053934136779728
0.022899991366963912
-0.010735007381727172
0.005276003782095029
0.007531369143441553
-0.009543984403206703
-0.027060687710643128
0.0014288823224515995
-0.017062760336596032
0.013153792885570573
0.01955431967733525
-0.0221633248905243
0.015423206086779967
-0.027325488041532214
0.02272338840082668
0.00016406046262614632
0.003912365708428872
0.01892950278115535
0.0175027513706833
-0.028495052282700013
0.020009338194878927
0.02671193807183605
0.002155136751953307
-0.014043333905060466
-0.01992708557025695
0.01272234752777178
0.014703157988352845
0.02358303715267951
-0.019932194432224472
-0.006513754630332019
0.016400046790329664
-0.020088524530243027
0.022006787891289327
-0.006700565701748852
0.013856232665669696
-0.020342898925685547
-0.005788845591122117
0.011391384442196298
0.02695233372103545
0.018425843954331132
-0.002620145422465782
0.01901796649632482
-0.01637972651459403
0.016335576604738257
0.022313392739443688
-0.018119617921393154
-0.014570500380200854
0.0003056525086889139
0.005021194402912238
0.014555081596465104
0.021634179403455377
0.01932497121146602
0.027342094537450755
-0.00451002176486081
0.012557015116847522
0.018960338501965046
-0.004557761551540512
0.019789994058733593
0.019120400828631576
-0.007190991084754232
-0.026705302607788303
0.0028537464044216393
-0.004372133183159779
0.018586910467256704
-0.009913770885562893
0.024354761861493546
0.008191058480499877
0.02063198784379744
0.026003948844937036
0.002781617933611563
0.016896349021349052
0.0017303340324850772
0.026167681808032126
-0.022273127725811498
-0.017617158651139102
0.02370689785440199
0.028942151517628682
0.011384997553098665
0.02550100203130054
0.009846925776514713
0.009387981947571011
0.015806341643861986
0.026116042233914963
-0.02481595941440455
-0.029439268664985925
-0.004968328827197863
-0.01636617767814725
-0.008289964104997868
0.005245719448361032
-0.019556620309351576
-0.011906716529188809
-0.005937052309792624
0.012004977340858383
0.022994449631075393
0.0027510529029521266
-0.028951922086449804
0.026885427815416224
0.024585641072598745
-0.02608554091485374
-0.020811644094784733
-0.011214413349900278
0.025803119926721525
-0.011288033159314242
0.009684600519612653
0.02694066205798131
-0.006006611124832983
0.02441549675269044
-0.0065920402430680695
-0.00407450427116297
0.00026995953961574115
-0.02998219723714307
-0.013490936467690617
-0.023742013280318115
0.002265159960850513
0.021320479334387132
-0.01229737071990828
0.00021789573871977205
-0.024134216622096465
0.02608089390013174
0.010901313099254135
-0.015278121515400377
-0.027206280444505983
-0.019347652075454927
0.020802111575911414
0.018567075125183845
0.010366420456052829
-0.004606917411464673
0.008085666224428599
0.014639658288312499
-0.014640770082344491
0.012843136419181639
0.017876615712595245
-0.015794071754103918
0.0035312128894507133
-0.011077724919566219
0.021021054759012774
0.007877201686334379
-0.0019405409880295134
0.005641476881822802
0.006081359835930708
0.028677157355221264
-0.0035747298175188846
0.0137055645374045
-0.023169790685372713
0.01131952716819773
-0.019724728607773526
-0.017708859926995293
-0.012127530467651755
0.012742271961745114
0.003747574546522324
-0.01432878377493756
-0.015745355996282358
0.0051909300320226795
-0.02269576712055786
-0.009665617939611529
0.023169768747361076
0.01136562667149902
-0.020043804159117787
-0.006639800958546917
0.017681405279330098
-0.027774943923343398
0.013345112146207233
0.026538260022154855
-0.0009555363718411619
0.024513573252705173
-0.025041362409991875
0.013093922917904496
-0.008803980579588172
0.0138949797027162
0.020518517638113354
0.006687113524938636
0.016179486330776205
0.02497603494841854
-0.02265905594904112
-0.0057191932191686355
-0.014848096156878056
0.013503369706849469
0.02184405960951937
0.025709554162373825
0.022040557109632035
-0.02152184895208388
-0.006107511320249382
0.011563497868111124
-0.003194681588603452
-0.018475035857996848
-0.004583805696976511
-0.016927306462435704
0.0259570384275618
0.0014221513795794546
-0.0083915583192023
0.0059029842104649025
-0.014664781062749488
-0.0036753733375695548
-0.016801470288099203
0.022985202289839593
-0.028216726423620647
-0.02784568618413774
0.02267017938878288
0.014309704162435176
0.0026143449773860378
-0.002378327906510408
0.01668742392383553
0.021240033855032134
-0.005976123798956019
-0.026142547374705654
-0.01876540791321169
0.010134279749072814
0.01462332938472529
-0.0170818911293718
0.022002013637073957
-0.0010445528249542722
-0.007916087642119176
-0.019199436269064632
0.006054854710600896
-0.004549702270960555
-0.014272132870618095
-0.001167571742121419
-0.029750397806576307
-0.0022506977690996723
0.02631199744267905
0.013609448062422598
-0.014225695307621564
-0.001986553098076615
0.013515273787011416
0.0030290397350446335
-0.012478132396528119
0.01161608355456882
-0.018580560976971194
-0.0011319867610401803
0.02087871199830022
-0.017516799765665083
0.029242577968104456
0.026494098834089645
-0.0026810690262226676
-0.02402098043926592
0.026893551892930426
0.020835381712775866
-0.028953732446733212
0.02286363826440513
0.013273797965685327
0.021981197812368784
0.025659410270435425
0.02535485941147026
-0.0039969612056559405
-0.003503184962923539
-0.023822209916668176
0.02431583832998152
0.01078301453690663
0.01584441660855248
0.025347942980519053
0.004857107376126511
0.01476057154236167
-0.02515227101268489
-0.02240273157763949
-0.019070073644853365
0.0163472326727523
-0.021181467973283165
0.012866665140488322
0.004470764274557219
0.02861513186387432
0.01947595385892252
-0.023682573612238682
0.016674106389346785
-0.003971901073591598
-0.024844686047469366
0.0074566291855524686
-0.005256178868114782
-0.021245457978250545
0.0005700804131596078
0.015008743177887765
-0.008572759156486774
-0.0022065586039224476
0.02677957175312426
0.019615450533534876
-0.028214748055842627
-0.010525964882829541
0.00936243540551917
-0.020801831127412997
0.014207850257234499
0.007110744436202576
0.004853834484602783
-0.028437176487217452
-0.02931247950009033
0.02810743927133897
-0.004200730508139964
-0.01666154319954856
-0.028999466473516575
-0.011697731932507185
0.019436353830814553
-0.024129129253487733
0.00017106626609052905
0.013164889882009777
-0.026890843678851743
-0.002586490764281836
0.020903247895807144
0.0025880672704988936
0.02634437064995085
0.024532660781845725
0.025567780331159494
-0.00861717948575172
-0.028811281237950598
-0.026536968946967176
0.002074248837771575
0.015697887894820406
-0.005568042670361158
0.010040189240173601
0.016046350281243363
0.02164842494882987
0.0008904413299477831
-0.0032885090944299415
-0.0008488122704335271
0.01929637549114823
-0.017453571628011914
0.01917947229397958
0.0006230184429841766
-0.0010792039948086737
-0.028978507111973924
-0.018007651883461692
-0.002404799465586239
0.020810841814738454
-0.026221514006244003
-0.029811524809214524
0.0066836274409156834
-0.00516928531750643
-0.025399290610655174
0.019080579976837653
-0.013409169559599202
-0.028591728431767573
0.014397395878796862
-0.023140140943909187
0.018978788720588842
-0.02653069143914933
0.014502052365939558
0.0075016370974784335
-0.012562575736715823
-0.02334126040205052
-0.008322053146422113
0.028715865792479985
0.02421305853799704
0.014978739186286567
-0.02317626774094661
0.029546745436365374
-0.01464857128005512
-0.02938696614073736
-0.02025952989164203
-0.004609436941521997
-0.013906971544411693
-0.004304168601246702
0.025079189502164548
-0.01383556155313255
-0.029471363608651404
0.02795091219210037
-0.021726203265049256
0.028312684733376198
0.0009391728904447894
0.026032271060096875
-0.020036027396703994
-0.01403857374979061
0.027161043385099497
0.0037434923850168805
-0.007470351510599764
0.029868389770367966
0.01490455606057682
-0.01054181710249449
0.021435976853409
0.02068811665968487
0.01704163312713599
-0.003591662986389632
-0.021091084057670587
0.021837495815947752
-0.011252889077172461
-0.003516202753899217
-0.026943865337652324
0.014684110264812679
0.010412093850176656
-0.021866140551627913
0.0282855054007337
-0.016736071574662274
-0.011488383987302283
-0.016570403044247374
0.008758827131633277
-0.00486256243529147
-0.02920139597798557
-0.011314502375699372
0.00697138660431245
-0.02251094984999717
0.004597747003299214
-0.007951863917915244
0.012100673142995517
0.009907176896902146
0.009119105285231736
0.02706831977167469
0.023473966479743938
-0.008532157458573286
-0.008666972943230253
0.01565138412000633
0.02748189455952319
0.025209950691579774
0.0008019524466302171
0.00010249547869877959
0.025305972635006703
-0.013224911716639393
-0.002056475833336246
0.009744015030916854
0.018015658812928173
0.027703712799213583
0.029333784056677352
-0.028259299796451594
0.013245542649454128
-0.006012172943918377
-0.025806528418352823
-0.016686719309264568
-0.021522663443217703
0.0010119256936502417
-0.01020829313153929
0.016766330298004242
0.019469459939316217
-0.00015480734545489372
-0.01123151829987502
-0.026580209659788988
0.012423641367661643
-0.000959422524392909
0.01618574204740484
0.012548154280820609
0.02470490703801429
-0.014391139502039194
0.021724740093746614
-0.015426788027319557
0.0016441559633876557
0.010170540318549609
0.004741508252319851
-0.015471731073478595
-0.02615109526717173
0.024852014106715156
-0.025142979779310938
-0.025685858708948378
0.022481606256294827
0.011530579279364218
-0.0047364996086851595
-0.024429347121468055
-0.00607532924918594
-0.00033056923174912614
-0.015415850906907688
-0.005952157951763407
-0.0006640461876414178
-0.011256625315552236
0.012658658472212009
0.0052923725606307745
-0.007216354355257762
-0.02744372676764747
-0.02375913400625081
-0.0235341157822736
-0.0004050374728656117
0.015103959270578546
0.021662159310584725
-0.020470552263996456
-0.009077384574285623
0.028538042330244102
0.00536278906607815
0.011975340741681995
0.024799349104965673
-0.010554231202293467
0.028343738246088844
-0.0054211323091051394
0.015071596772378272
0.023453382708930437
-0.021552619567021272
-0.0110900847495673
-0.0012663422557314154
-0.011034888906192423
0.0050455517156770616
-0.012529686898839487
0.0012736511689889277
-0.02329586857006735
-0.011056281561801582
0.019404469136780116
0.02268484635463327
-0.023963795956876553
0.007171211659226968
0.015909092648984144
0.003985238320984852
0.025732891131941944
-0.014544845004739036
-0.0007489768974620475
-0.02606865844852409
-0.028303772830615515
-0.00653369494476079
0.011860719721318871
0.02645559202427549
0.005271797523488331
0.0017401708689919054
0.02588763378521549
0.01754022669073635
-0.014266585158517149
-0.006577697127396292
0.021451994191474366
0.005443630473814083
0.004525786482028574
0.007387275473964623
0.012850055345266335
-0.02121117091746924
0.019180739387268192
-0.008926742141194786
-0.010207062180442289
0.009833036655283726
0.007713851468211942
-0.026994107754412324
-0.02705034732796057
0.008426274538911462
-0.025234867198573763
-0.005010508247819952
0.022343462327307162
0.018644844700909755
0.009173820927740502
0.022069830020971418
0.01777751685147337
-0.025195185847263706
-0.02903817508846537
0.01899031448871983
0.004003626678496033
0.028609569341653075
-0.0012334399097021949
0.004956489985649397
-0.01840596561259241
-0.025392442744484607
0.010611583222327164
-0.023819714980641754
0.00855167138549831
-0.006620870671713897
0.026681083474115
0.011485344334732493
-0.018221294900351064
0.003367114550847719
-0.02780295301523744
-0.014230169903456234
0.001120482815968795
0.016820533828141776
0.009966569882886939
-0.01917411258592261
-0.01746130124906823
0.008312636550353178
-0.007699413964202182
0.018630602044417653
-0.016839908122577497
0.007858005274689488
0.028696637069230202
0.011867104513842701
0.019513761662214878
0.005089303417717038
-0.02880056471986425
0.00809581764950236
0.015788397606830103
-0.015743920421493945
0.006123515807424082
-0.02624891188804606
-0.02785370964851709
-0.01405997697391419
0.01458733208669881
-0.019827281117078096
0.008416789070017014
0.024489458943103753
0.018633320169319678
-0.01705185759319685
0.0012106415702094059
-0.016636367138667587
0.02976618440617037
-0.020135905752430898
-0.019471347974031404
-0.012729937552839288
0.025179782335600816
-0.011739364417185146
0.003942144668869878
0.02436136437501308
0.02194163236611927
-0.008561976224683313
-0.0005881130453686094
0.002671866365890091
0.0071316529473419085
0.006322183659398038
-0.02727007497919847
-0.028319179928230978
0.020924090817725005
-0.008368111763585411
-0.013178166905686024
-0.013865815025031675
0.019163829400013016
0.007866774370598406
-0.018715517466423033
0.011470245390103946
-2.944657134903647e-05
-0.0221993305713149
-0.023015982817649053
-0.02115315508973282
0.018028049862034157
-0.0066167788933633245
-0.01957769085606017
-0.014219822555446227
0.02770436375756885
0.010887097303521977
-0.0077469006870734165
-0.006700679032850442
0.009746559883424044
0.028515730002168872
0.016857848666559358
0.005825034305265292
0.021211979877919618
-0.006214746568316349
-0.00039300877697273986
-0.01053292428905097
-0.012039743195389623
0.009960577037823694
0.0016475800024145157
-0.0005410315653808645
0.010866948388713847
-0.005269137534081571
-0.009526734608120403
-0.015194950787650256
0.002260763130273312
-0.02476312874821673
-0.012300372216044492
-0.02781458411832507
0.006262579922139404
0.02099669005140991
0.017109754606750786
0.0056024296551065444
0.012991389891601715
-0.022675886103617156
-0.020416733785593895
0.004061404653366442
-0.017349079535565488
-0.024000016466492503
0.011109947471580624
-0.012608700025501594
0.006599023850470426
0.008367270090333494
-0.023023207572867622
-0.014101564216000666
0.01389882774984133
-0.009097861748230466
0.02963760401835208
0.02371636958525715
0.01757838594210788
0.008859703433577205
0.010734459339228043
-0.006073306979348551
-0.016600484354687806
0.025367715677164587
0.020978077526373158
-0.009319107560282182
0.016813235919966946
-0.00988434070776811
0.0138170812921223
-0.009829265760030077
-0.010775932251057909
0.011249870200254267
0.02379946533383044
-0.011761013302345469
0.01748162733531839
-0.013922507113333957
0.009529917501894164
-0.005544697880500205
0.002165794195152518
-0.01884813019434594
0.010421407261461235
0.0006134777174896522
-0.02672188918679926
0.0027149313055147423
0.02918901826352973
0.014573544172191921
-0.024142902320722692
0.027701524664988056
-0.02422748265847164
0.015835134423915563
-0.020422572370524944
-0.005662707921780839
0.012218413467273231
-0.029547691487604406
0.021677798302352023
0.003964432276110791
0.008770594261653122
-0.027026977510149357
0.019324438233121667
-0.013847255466624353
0.012794143141583211
0.022524169521468844
-0.007297982977246854
0.009411528874495798
-0.02410738118151887
-0.018657935885161243
0.01873773775250554
0.012130725222363997
0.011858110916111775
0.008377329795016701
-0.002189905030083702
0.004784488449006745
0.0031981639622708363
-0.019508892541884863
-0.008055727936941964
0.011907690897897727
-0.010764779980370905
-0.02325284440919579
0.022293189064135487
0.01867091549129076
0.004918410570075499
0.01882551085563279
0.024794860963244597
0.012427543283382372
0.01213798183151863
-0.010106638126172136
-0.0014709691861058347
0.018460528824831783
0.022081890582778166
-0.01838577779851957
0.0057775587839942605
0.008448993380939573
-0.027298707929511643
0.015276178296842684
0.0025717867093974014
0.009170167624648576
-0.026741965294179926
-0.015837242145996536
-0.0004501858423108761
0.016006481427554085
0.023720509158517172
-0.02794578241356185
-0.029534716765808322
0.02385857579675143
-0.007533938533751144
0.0005670642302538602
-0.0297255452560829
0.025421565665840265
-0.017058787738548055
0.003334767098427137
-0.01123697029445557
-0.02073344751399159
-0.023048602941667225
-0.02515126528482945
0.029581062236238735
-0.006901359826622884
-0.011978435141999665
-0.002303209535661946
0.01440321370886865
0.024443524555898703
0.023776077357971187
0.008838192795740003
0.02883653594946474
0.016744550969160908
0.009389752997744139
-0.006632120050655783
0.02414048454060906
-0.01968956529488037
0.022354713447299113
0.025197353363115335
-0.00580320716390453
-0.0024972352770152202
-0.019121455160856497
-0.022749117702925464
0.026036994668276477
0.010973199464177623
0.023717201140776654
0.019185470530794897
-0.01341004367230213
-0.009683358359268264
0.014769333443832286
-0.0035608761432987177
-0.028981141361281777
0.024852870917711857
-0.021003536044146773
-0.02911334668228707
-0.0012579506512772655
0.025788684441800845
0.015167264477169179
0.0007355139016362901
0.0023112857035683387
-0.01185525272354427
-0.02061608049238131
0.013392508449211173
0.0051989530145462315
-0.009859809004870941
-0.02815591264602029
0.024141256305868143
0.003295416323150932
-0.014426017032831128
-0.0061140995256981495
0.02569571753838635
-0.0035643822930392054
-0.006250513268680334
-0.02171175306097134
0.008165467326655254
0.024026763845989445
-0.025955146189332378
0.011070617585470434
-0.023226899956649037
0.00189089584880274
0.017211576381984665
-0.004991408040458899
-0.016993373737749142
-0.028262406035430614
0.018947441570824182
0.0007397485643182884
0.010070554854343945
0.02024211052388377
-0.01266508184608903
-0.02248715914567081
-0.02320638164564628
-0.007988772429105742
-0.0087403897137064
-0.003149244683207167
0.024726533166516976
-0.02957687673068389
0.00898503905070211
0.02381009090238225
-0.0038145851781900657
-0.012155854586957799
0.009419180067439172
0.02108411833121624
0.02226874552297823
-0.009139438288445982
0.027118357142095338
-0.0006989260212110285
-0.02658236868523251
-0.017958988422158068
-0.011672279236607217
-0.00099794744608361
0.0011588350581171192
-0.004694094686587581
-0.005923675191442924
0.003852062563189436
-0.02895586460358447
0.02928387402823187
-0.0016026072071318662
-0.014944588346024178
0.02554747041101147
0.015235667326390576
0.011729019482422672
-0.017783243654086824
-0.02372605070034075
0.02461118309148823
0.006874247886334291
0.027505937606491657
0.008733366727497895
0.007829983119042885
-0.01736324414271886
-0.025245403990911866
-0.008315851494275092
0.025737714418111943
-0.005080111679915636
-0.0003243414867116906
-0.0016436360053323114
-0.003864463122104346
-0.015117381252099351
0.005624250430884825
-0.017303095339082388
-0.021982668910614046
-0.015273630238779347
-0.017622177807924896
0.011670606531813642
-0.02733766380360255
0.02940261359258057
-0.001818593374731177
-0.027447104166576957
-0.02834772512592855
0.0012325431240235406
-0.01340240142123911
0.022059933726971764
-0.006314893285735014
0.01889233681282989
-0.017019645692997458
0.02659078243735253
0.020861177398056888
-0.029873935496211187
-0.018924373927357144
-0.019905632192568072
0.00425907590859375
0.008357286955820574
-0.026846378492878877
0.01431617985453297
-0.007083049791819798
-0.006376256193496473
0.02115325014277175
-0.02659791359012092
-0.008528895822008328
0.014512548882325484
-0.010397049548125582
-0.016033936439553427
-0.0006653079298661463
0.008036812511811792
-0.027015271934656707
-0.010186784005043529
-0.01235232266924293
0.01837485750108702
-0.005206508053124875
0.013696627000740494
0.027319007770022663
-0.018306656345287588
-0.026609072959497316
0.0024773910704718044
-0.013917949023716503
-0.007704378242724592
0.006326929174447292
-0.025118924571794495
0.002329213942357182
0.0199869979829427
-0.01948886142996561
0.008588742867064986
0.006784119858373114
0.0026666377507943984
-0.010947909283923949
-0.012662546429716957
0.0016445763018110779
0.007757683699888787
0.0185262548733054
0.028035900163984093
-0.012122565965263093
0.021731756110923976
0.029934758714823928
-0.023752633503917
0.020451763558803716
0.019306454516584914
0.011014529327047495
0.020416199490071632
0.002613858361361375
-0.013460849196726167
0.01655041623206615
-0.02811940122017288
0.029753227008358724
-0.002092671380002683
-0.015447779834424052
0.02784909844351431
0.020837828655220984
-0.00968040415396668
0.022583860374953538
0.01148643716203658
0.012531820080228559
0.0029792195462548035
0.006399293311818995
-0.016594531137051387
0.010843248598423214
-0.010494502908357236
-0.00015067372524145417
-0.011068126782989532
-0.01741359432420172
-0.013721746238923815
