-0.026637460573476254
-0.000886761652206948
0.021241921246160714
-0.02045717052657516
-0.013263370629903105
-0.007255352633248568
-0.00478641104293856
0.01375272827007367
0.029616215128042273
-0.013291305169246533
0.01556698961021865
-0.0058622601839900396
0.002931795447730076
0.009126739615125848
-0.0008720353040903746
0.018913376379053597
-0.018292489610841473
-0.006296338394575999
0.001487275159835634
0.026201211856390585
-0.011000114973096956
0.026271874455271522
0.00926066081913994
-0.008524413422693927
-0.0020933596848697646
-0.026957269525259293
-0.025374938027555555
0.0030962606232828108
0.011060839470860062
-0.015469030669012477
0.005729381179625882
0.023154017896135942
0.02973337027089718
-0.01527806525008964
0.029880962982446274
0.018136850277600945
-0.008078672831015273
0.003272542049327039
-0.023823945481899873
-0.012134837791679301
-0.010296618729445577
0.014199454707705991
-0.02447187095519263
0.01263204715501498
-0.018075340244381562
0.017238418186937082
-0.024537704723631253
0.011435517947558205
-0.0008434326876644374
-0.0009406378135133481
-0.003372553903271517
-0.022810846493269137
0.014825747239890712
0.016240354600312625
-0.024057151960200578
0.02067499285743081
-0.011056670608450753
-0.012983372950010216
0.015910760056196932
-0.017633162933085457
-0.0032552870611358697
-0.0022551445277057686
-0.002150691740884777
-0.003676919139453602
-0.027545319063634235
-0.026854661828807844
-0.01294557840383271
0.00427445197101671
-0.0027788966807456537
0.0016497916215552216
0.010913825415292608
0.018509472364849136
-0.023555526038386825
-0.02872654161482323
-0.025953053043504735
0.02956414194349776
-0.022127966425099392
0.012089325281913053
-0.010612770804482065
0.012734162260247893
0.021526402312760463
-0.003582203860068439
-0.010719369626462229
0.020275066926920937
-0.008231163255311882
0.0005388410592028839
-0.004357813317800913
0.015174402746555217
0.01401511931389246
0.009933067503975566
-0.009885802347775502
0.009004674185091266
-0.013020523213488611
-0.02023572503204986
-0.023514231507658523
0.010472853797026949
0.020365532927017045
-0.021092048110719665
0.01546893106706284
0.023930077233993048
-0.016931643048318793
-0.02340185664059704
0.00799207471466487
-0.017884916992630805
-0.013368990115157273
0.008137988774191161
-0.02080187743366713
-0.02928496166865963
-0.00333506311812079
0.019556814208169196
-0.02655717231792221
-0.004326893747640299
-0.011125667525627495
0.008512215060584041
0.028945062624879905
0.023209500525975056
-0.029871930513023035
0.02946953634022885
0.025822037977038068
-0.008013276204293988
-0.00699259428620122
-0.0008900927908147803
-0.02014873085886318
0.003687112758916776
0.008500164786258445
0.021556612903036183
-0.00891108368541195
-0.0017164361271320323
-0.01572402222803368
-0.014154423550896314
-0.024009599804636073
0.006483096443557115
-0.00738344891177322
0.00932052418317858
0.02409599923138451
0.014495916774969218
0.004340830185785759
0.0032954464768536126
-0.01802512374657502
0.02882681776472372
0.00970039546365533
-0.004897174465666527
0.004440120764468397
0.02544207984254096
0.028558784681785104
-0.022608029322033357
0.029237844278286136
-0.027591331070007254
-0.0061032857985247185
-0.0017522941739151615
-0.01980829034553759
0.01994246548352771
0.02734346387443909
-0.0021244756428132616
-0.02700081864586901
0.024393338522343058
-0.014161570673263051
0.02942474877323035
0.028175561451799308
0.011748722533629276
0.012667543504484104
0.02284069101436141
-0.026540388085443102
-0.0011947766453919463
0.022865248888069914
-0.01652334315333099
0.022111047634946097
0.012320944262848264
-0.024543806639974842
0.029909867248278835
-0.010495598852325996
0.009301938577325246
0.010755280873606762
0.026860000840076212
-0.01682450934019909
0.02715821945865527
0.02888865228305062
0.005065447322864021
-0.02391247509831664
0.015020553456056983
0.013852729566523614
0.019835477860580777
0.02029062484830422
-0.01222010135762805
0.00318653598117305
-0.009658754280598456
-0.014475232775679263
-0.013874415763702075
0.014697560348400335
0.012638836766623064
-0.01943688931271223
0.011070952286033504
0.023389646732477294
-0.02569356571194652
0.009268411496505216
-0.015172171641935838
0.024596989551248734
0.012806952346231644
0.02580009972523472
0.02796004110216265
-0.02327626103257285
0.007897374535053354
0.025068715673204303
-0.010638448643744896
-0.028227215734391624
0.012288901511011738
-0.020346952890077947
0.01614095761569715
0.00906922168757826
0.004205772401305381
0.019083413702293765
0.011447456908483047
-0.027793927700330852
0.02433645286101132
0.0022110125118733823
0.02335380990893765
-0.014744825409600664
-0.014394594397863376
-0.02106734612944093
-0.027039857923547822
0.009079175264418413
-0.006474293243326188
0.010114581970387268
0.017458508833089283
0.0036658574119526124
-0.01630897807278834
-0.024384422032151496
0.02607740087382427
-0.011783166256545019
-0.028886337164075068
-0.017824117951945294
0.003441321564270676
0.003968864379650085
0.01998866157434743
-0.009306742799483375
-0.001787725867611594
0.0014554933613309881
0.0013109573673457803
0.018792833188796716
0.00903455665447929
-0.0008453890484266362
-0.023161818687573107
-0.027076842293066183
0.010455421134338283
0.002590834513218919
0.023001445053628097
0.011823902605031904
0.016755713613712232
-0.0021694319419867866
0.02112987414996853
-0.02594745083088784
-0.029766794647081762
0.005133422143147014
0.02584548534092416
0.024139739657710303
0.020517469061676764
-0.018041253043294424
-0.0024605139982379724
-0.002717819305046259
-0.02771230839670044
-0.017927048563268103
0.0019197692615154915
-0.001687046893088292
-0.02742335843889351
0.018102853107337447
-0.028663451767414017
0.007913109410742573
-0.016960059845211845
0.015917654263841716
0.01676910406513
-0.0018111065132672063
0.015416206115064966
0.012217637573475548
-0.0003484998943363883
0.015130519588559502
0.012601367465992844
0.021908530949059403
0.024509919481499477
-0.021267143424949966
-0.017135093057471025
-0.024487277015991078
-0.0016778964443984745
-0.002006459831194015
0.015342714792621191
0.026400778799521837
0.015259460532287251
0.010066320312081566
0.01540820837710314
-0.009506971953319926
-0.000999468721371341
-0.005924162118909084
0.02337391694185472
-0.02639952799841983
0.026304222187002645
0.02794983658947791
0.01984678728077826
0.016716524697015435
0.02840243406162881
0.0160725271611901
-0.025578169598860594
-0.003209923591106941
-0.02951326663786586
-0.024401734623666602
-0.004539578025805971
-0.017870782341180915
0.02808419127100767
0.005485449334790206
-0.009118759632680433
-0.02897828960747891
-0.0008730495739037204
-0.007010839616540039
0.002070438989064574
0.0012283566838206632
0.02010704712933381
-0.008203763388346837
0.009403259785588036
-0.013998462566467387
-0.0015749044982992788
0.007425765074310628
0.012896530369286917
-0.014288212734525893
-0.0016259074374403854
-0.013965350922023088
0.021035987624203452
0.014843262297321004
0.005650722536638349
-0.012611651261637154
-0.010631338486267038
0.0031747625998596596
0.0016531391310582177
0.002062383204159343
0.007155581226766357
-0.014642891712587942
-0.029034780461523562
-0.019550335756744464
0.009988726836633433
-0.01763478665221417
-0.003907664299415893
-0.019696801730163905
-0.007326853891732248
-0.005569130352914377
-0.02620988230833736
-0.0070931160530384695
0.002052059846317067
0.011441650902784047
0.016980470580225226
-0.004964215324149476
-0.0040910082634696525
0.02764493321835567
-0.010668275833729961
-0.02165311310443379
-0.024969668160103865
-0.001601998949369441
-0.0020226406979499713
0.026648785253987575
0.01740543774774659
0.028945938880299442
-0.015757630862067048
0.01558284055662041
-0.012430050446495831
-0.012107645430546893
0.014863738806311137
-0.00840219759993946
0.01655621016555675
-0.0025628995249414657
-0.0022095079269481913
0.004330041255757956
-5.81108136226971e-05
-0.0011147051659473502
-0.025631003896621332
0.027699512371372102
0.020994155459912428
-0.021047359529534782
0.007719727190496774
-0.008310708990749767
-0.012546135864576265
-0.028641799870381297
0.023929448713934667
0.029594891748981583
-0.00847191093234273
-0.028403244609910703
0.005570595008905901
0.008826381938902082
0.0029126049830176387
-0.014911591365966238
-0.011658364087165439
-0.0217905685411096
0.0008144670896252336
0.02382109394214156
-0.005799974521873325
0.0206620565696956
-0.012153490024591557
-0.019776420941722196
0.01787749276639898
-0.0025683251897800803
0.009282609420160529
0.005549159451234471
-0.005975765393165602
0.004437089807495666
0.005809452130959229
0.015573265506966291
0.020399753748805337
0.01378061093602076
0.008306531679693654
0.006978693310046705
0.020625936810281166
0.0020620986060091717
-0.015930048270674055
-0.0254042335000015
-0.0017453332390690787
0.02920730927478561
-0.014239653614092452
0.022761221214757175
0.026423739034635935
-0.011911339733790854
-0.00043154210904998436
0.021560347798471248
0.021837376515528514
0.016438329644140152
0.012778418634981262
0.011471112328860812
-0.004425195206200348
0.004218206136344833
-0.011460629339207263
0.012371159849887743
-0.008447842018946071
-0.0018435829463788987
0.00377835312055029
-0.01752047146235785
-0.019099560872106888
-0.0217416802617871
0.005796975601351596
0.011413906665620747
-0.004336292618410339
0.004257907038400129
-0.02374396942451109
0.0038658974457276424
-0.028094173804401747
-0.005110404721384448
-0.015470007389030649
0.005957372241328085
0.022388846077824244
0.01762658506423275
-0.01970115613021946
0.020177827986959274
-0.021710116502510673
0.010547940149517827
-0.02393637481374448
-0.0003876542609146695
-0.02803590489110191
0.01601769891068469
0.008558064696364047
-0.015944327580484245
0.02128199961029143
0.015582367631395144
-0.01591110829862606
0.023270406701393666
-0.020968745471465412
-0.0262271288051986
0.01906238540978901
0.0011689291248508822
-0.02827151632830243
0.01402175845055105
0.01864400879906484
0.019085489263635097
0.00023167252693450172
0.0053667401748051236
0.014129687825927675
0.0008967313684121805
-0.019241027761747943
-0.0223674206838127
0.013740004838747724
0.019605151540978027
0.014148099771113212
-8.665926889871861e-06
-0.018805169724363788
-0.023516028647410786
-0.000532211671043694
-0.0015414114923259573
0.016299803096643563
-0.024042245562927556
0.029109628074222904
0.019907123482795164
0.024081171132051014
0.0009110166452803749
0.021109470677605158
0.025488911697045147
-0.02589229029913197
0.02577243804653989
-0.0231634933276544
-0.0070544835004478675
-0.004097754722774363
0.021275707423950435
0.019126990281758537
0.011097084875008552
0.004044087555692744
-0.002218738566908778
0.009569250844178645
-0.018237273288747448
-0.02138668456032692
-0.008289685216141554
-0.02819118119295747
0.010547098381275814
-0.0013249812132235805
-0.022685423512368127
-0.0027335518486702043
0.00019804535505720672
0.014817870360039856
-0.009175753252754406
0.01083680325446762
0.015365328416503475
-0.012974545983142394
-0.026015136528923413
0.012320676109860575
0.011890488137391082
0.005498441352627746
0.016585122747560792
0.0019042342976118912
0.005541500008455658
-0.015345834909562135
-0.006815737445709014
-0.022047664237459304
-0.012270604147575446
0.017352409381068593
-0.005910404072706623
-0.02503227679667376
-0.019171840290156894
-0.01634147360559797
-0.020938049408648338
-0.009572993489440358
0.028887413714986925
0.0017886205072010705
-0.020802174022473183
0.01417277293913783
-0.02218248846440149
0.012901950457450816
0.017758564230518706
-0.025348243804594352
0.02154285900126686
0.024076632510153254
0.0005269762153767843
0.014538853662965388
0.012276429837894003
-0.005690372839584224
-0.025705470770436008
-0.023674119872409135
0.02004740869343042
0.009172556335003065
-0.014029981176251188
0.00550868007631912
0.02249878337867403
-0.014000157581369844
0.010479573746107869
0.00956838502151329
0.008081430236584225
-0.019445623314073165
0.012539000835767838
-0.013107257209623083
0.01571321611335509
0.012779321753368003
-0.008947805430318586
-0.029300730044493507
0.002319327608273268
-0.021360719814935376
-0.008207556901277082
-0.02130899567574892
0.003868587941945119
0.014773053808365258
-0.021247099930630113
-0.0005847111143096329
0.0187027849771813
-0.027653254727419647
0.015381726424304923
0.016002605965898684
-0.02060342599614608
0.011794780055502586
0.016158454482665237
0.018115733517615466
0.014266783936983184
0.002824964913948687
0.007252481800773258
-0.020337524964581924
0.026575584450047228
-0.021714325807503775
-0.021913681372013362
-0.02269369448686708
0.02506709000542156
0.008290925173170337
0.010520052699178974
-0.01143351664284165
-0.018605049534439796
-0.006447156958726337
0.010616602710349914
0.005208004248371971
0.0011611639925278167
-0.0007351161322819225
-0.020515138475651184
-0.012788908151322418
-0.02897557061483193
0.01305513515249003
-0.023519598535697857
-0.020049810834818663
-0.021683121129404598
0.009198447664120556
0.01489649104910705
-0.0285270109009463
-0.018439484882485757
-0.029825060372575422
-0.011585191485591072
0.0032498035178787354
-0.0075055398307535375
-0.021017519001543583
0.027770002783677125
-0.028446648212605202
0.015711091455808034
0.029459004834387438
-0.002416421950307994
0.013179711396932227
-0.029566798349319114
-0.0203060269858268
-0.020824609392601966
0.025003992751606703
0.003815598000354359
-0.009537130476404022
0.007522419126429203
0.0035358428352713217
-0.02019744705247231
0.006313097596567563
0.02526366044635954
-0.025163704529430155
0.014379125468059799
-0.005850404778331875
0.028661070366987507
0.021388097363913477
-0.021961159276761004
-0.02356955185199171
0.017864130896442156
-0.013860921125769279
-0.010783695690485817
0.017104464535619687
-0.025488048631056012
-0.024935946032112032
-0.011868402053734548
-0.0026356344627090147
-0.007540359828398034
0.02104598869291363
-0.02533762294255685
-0.0030757991493407105
0.018474321106342957
-0.019735357714409513
-0.023795649895315928
-0.0044820580433549
-0.019439132385842037
-0.015431650904869901
-0.002596120478054239
0.011573545168104868
0.013103810170207883
-0.013047470786350067
-0.028872542490148746
-0.029424969653702754
-0.0025471441131984206
0.01441220434817607
0.028678544610712266
-0.016025219497345637
0.007222304221544171
-0.026839346305925025
0.01961836035263232
0.0059623002368394615
-0.028218823228745315
0.015352169739707114
-0.009169329290614526
0.0259177814897507
0.010482866013023583
-0.008744571369344738
-0.006677156929137482
-0.022842054956822847
-0.004797470009284422
-0.014915387231253052
0.024865965919088413
-0.00048172197810770687
0.020595445356645932
-0.029862886783220757
-0.002005294981767391
-0.005619891026682471
0.00048690464730449454
-0.027225649178552358
0.014226031403791133
0.012788642433490684
-0.01209583362562006
0.021062866435951816
0.014862034453317984
-0.020594800217564414
0.01823049290509645
0.02627519916690277
0.00363752786317853
-0.007898448003362795
0.024705949669131796
0.005389226184388682
0.005955518635372303
0.017053858504597126
-0.029043360241823316
0.003908776976147076
-0.025631181198404508
0.02738890320509469
-0.006664124630685549
0.02464037409798668
-0.002569277520647919
-0.016245177918131955
0.007075995151525391
-0.014186983239515321
0.012740584492980905
0.024740597922951933
-0.026997132742706702
0.021016990455000266
0.010555944758312508
-0.0043376370584260054
-0.004578706465088976
-0.016322915270067576
0.01606233581720564
0.0017208229820532758
-0.004611267440122854
0.007510692232817931
-0.007071059228729901
-0.017410793857269822
0.028290096270608286
0.011487349025037175
0.003979151404352586
0.007959843340675787
-0.027717984677020684
-0.015122504950384977
-0.02426645039834856
-0.02789019968379738
0.022965131041800563
-0.009470050058166143
-0.005890685136914507
0.025884189412009824
-0.0262665739306656
0.02450474947471956
0.015182291942977766
-0.02946818382411061
-0.01467738759838433
-0.01984261372148903
-0.025085045891731803
0.02976735631954694
0.010818891554522016
-0.006799683887889062
0.009070038184607616
-0.009564833278334444
0.01709985957656232
0.019656572121587085
0.015481514573868323
0.0019419860651407536
0.026021634626310367
-0.018208317966327325
-0.0027964091416515756
0.011480687666673303
-0.0037026860151223723
0.0012971509836869205
0.005693113233533269
-0.0003717577718525128
0.025887752505155612
0.024549269363084436
0.026197565466219153
0.02190546319374892
-0.028680709568363577
-0.014661429223363403
-0.01429268702287674
0.013677702274088377
0.016754025697181617
-0.022243706893751648
-0.021719061292945194
-0.019493941583755836
0.0014061927456060844
0.01772649878389409
0.0068522573777085455
0.00414977539224487
0.007012573178966516
0.007022553926423439
0.021278445091066883
0.027464971731923513
0.021779786797967736
0.02294636539684209
0.019933929270222556
0.0007442456834305181
0.023607789885321473
0.004277722117328735
0.02785037564936603
0.02700743080018133
0.02102749602494263
-0.008404798009674301
-0.02309453471044125
-0.00185200832643493
0.003881052858744523
-0.025634410564882797
0.010093036585892938
-0.008877052866010978
-0.018123681925621707
-0.015912702400849098
0.009960374619576488
-0.025526419612455647
0.01829999215318482
0.023737526514384405
-0.0038070966184374257
-0.01703704250240741
-0.010911998828907116
-0.004930646226414651
-0.026562265900849404
-0.01245997747529877
-0.012599075288797834
0.012929533024377424
0.007334313804026646
0.010023113590163911
-0.005790370048146601
0.02901613044399258
0.0290226534168828
0.015275186486402643
-0.01416671679202703
-0.021871520105954986
0.0002757671313276637
0.029677175103541648
-0.018093562472063993
0.021645311371368235
0.015341276367003935
-0.01771463161988197
0.020076256427734834
-0.004195989383696835
0.013065600324261031
-0.027321313197898097
0.017229587664623708
-0.02347473891062893
-0.025171170697809324
0.005759535641782887
-0.016438017173031977
0.016833218926296883
0.017739273318143407
0.008938900759985012
-0.011890899353617233
0.0031902400526495414
-0.022773056304660224
0.027737739391001784
0.010300475607145393
-0.018432098593982912
-0.016470674461588057
0.01806732124263745
-0.0155161770956578
-0.024577272787870856
-0.027374839464447957
-0.024715611061897083
0.012312347820116774
0.01783542735586803
0.02965220815841823
-0.009277535566919237
0.011408203813139041
-0.0008429014003217307
-0.02598995472735946
0.022701621272890805
-0.0003925530192001557
0.024393954215263906
-0.01138980107582949
-0.023491258723141006
-0.010610944986061032
0.0028331840982483703
0.010312240284979284
-0.013635682548158324
-0.01805518034021136
0.023922142313140514
-0.001609402841225148
0.019045258733764364
0.004722339468976003
0.007721568769418194
0.004218909069668181
-0.014602285006660142
0.016995474965473614
-0.025510645481592664
-0.0041383396837394205
-0.004817477992071613
0.0005330677638631966
0.021182087237981026
0.01483469961242545
0.009773920744082697
-0.014116884848942867
0.0008120059624230243
0.009427977948221991
0.010795884985386764
0.023917809947369938
0.01702518179994917
-0.023983961003761076
-0.02923072411770952
0.0019819674079221
-0.005471721238313142
0.014142855798774258
0.017303399778837554
0.021434457846135395
-0.019460724260898656
0.009036026999380227
-0.014927729733789755
0.025560138322038538
0.0036737030267835202
0.024757909604788714
-0.014967482270124118
-0.0021784594030148548
-0.0289586364697874
-0.02583885421835672
0.013055512402284766
0.00018155862464190944
-0.010792071419839264
-0.013299540256858464
-0.021025133955690258
0.002088662913724587
0.00035663891092163613
0.02627542350302514
-0.004860971373444257
0.027295699091887775
0.02656019518447921
-0.002153970967826404
0.028602500480660507
0.021336839053149093
-0.02663953103836952
-0.026058328778869242
-0.003547207477464856
0.012251898913661415
0.006076306497514991
0.02717766372763772
0.007747028069850989
0.0011870640207931153
-0.004242042789141389
0.02368412363952109
0.001952430121464191
-0.02263792095847909
-0.013642162165757563
-0.018138068706289652
0.007553935119068073
0.017918559881333687
-0.012186363075263416
0.019087672838908012
-0.025770667859401374
-0.01557351276693782
0.021125607076294718
0.025192929430626745
0.026420698289948197
0.024778848864985055
0.02050128638463889
0.018228609097331483
0.01838897271198804
-0.009524667536059891
-0.02246325040679602
0.014510310173249767
-0.02712547995373809
0.012075983892411692
0.02209563803299689
-0.011998747190448671
-0.025511582423319672
-0.017339685902242538
-0.007669286389598958
0.009316397831299394
-0.015327252729216577
0.014002358621846352
-0.015573836535942532
0.016855820773176558
0.028884292263672187
-0.019407054475663668
-0.0012083616106849972
-0.012266200424653175
-0.0023377997340938497
0.0087780922573171
-0.024013623038625982
0.008476048409177601
0.029297811917457457
0.009930443376579633
-0.014910895262337126
0.012758438213629535
-0.004141140242005525
-0.0031984114910591395
0.006640043516119652
0.028750183030941727
-0.00040910657950735466
0.02214228867517383
-0.0016647240668841018
-0.027350129441781244
-0.009696500918837274
0.007187387530200068
0.02023138529802599
0.012154024351476764
-0.02750593605928516
0.026967814152805462
0.023813816843862134
-0.01738397156692261
-0.007837966321706077
0.009042202385375737
-0.004356159340995865
0.02401809971682342
0.009525769434516843
-0.022964337073564794
0.002852249095211215
0.010924928604303948
-0.005825690291430569
0.019606729812499613
-0.013830885662587365
-0.006816212327806277
0.009160828982525314
