0.006675373005796091
0.012691910508871487
-0.02896524962776496
-0.02089632914429697
-0.0036621700767728686
0.010611561116626755
0.020440067604997524
-0.011204321094718844
-0.021955347138116765
0.024337656550300922
0.01278941362870889
-0.0018917852926886546
-0.017319153882289908
-0.012026038853708638
-0.013319903569879568
-0.005341328486787509
0.021425720667653525
-0.024979042720217927
0.0027159346414957763
0.005837470675601954
-0.02629397620546362
0.02182296557441838
0.022690882025664473
-0.011198187275546882
0.0011438128138054442
0.014182203642772978
0.02411221063154554
0.010581980696668977
0.005147492372589629
0.008792342872833717
0.021896644305081196
-0.0278791953099893
0.015332499983925461
0.005843942178694467
-0.02302336243616608
0.0036843642357748743
0.0008281875475425367
-0.004260327447160164
-0.015645086798634945
0.00718284428424773
0.01835954955828424
0.02916842725828446
0.005167814095126476
0.008881544837751644
0.006423185714056361
-0.0017212552805961866
0.017852023866743505
0.011285833567335618
-0.0012816191141798335
-0.01605341741956828
-0.004740206809399936
-0.02247296400599087
-0.01245338628602764
0.020984250910852438
-0.010174741226065636
0.023506156409221247
0.0017324189169498766
-0.011401029622130337
0.01600078924997706
0.026691761222780393
-0.00744051981234017
0.013758076709259152
0.011559957770743104
-0.006436256264235836
0.01747963610071114
0.026201650362004975
0.029118991719692948
0.0012518611408395552
-0.026794049455290042
0.01037805224105165
0.019968840315222003
-0.008093962915653407
0.02289581476750612
-0.02780156671497748
-0.02389108851858363
-0.013632395045129638
-0.025164423930243554
0.01945931718434278
-0.010202905584936268
-0.012171211729981445
0.026526478460096717
-0.021742358400364724
-0.01908898675695928
-0.021858337137095025
-0.011939376800578948
-0.025014917395148755
0.024538988374450253
-0.0293338566867754
-0.011662350727805266
-0.015624152888506845
-0.023751612198110467
-0.021081870354756775
0.003101816756950447
0.008129117617190325
0.012847373409125194
-0.02522819794933746
-0.01963977515559287
-0.02092131467864431
0.024571438639233917
0.012067830297070495
0.02812000017422614
0.015053036960613976
-0.015080316353525034
0.012824599445970739
-0.007963430420273337
0.005352501060774388
0.0184072171850889
0.023907699605611066
0.004770424321592262
0.021927137928151708
0.015364189461032761
-0.0009229121274640234
0.02783445901831441
0.027674492858252603
0.013986609433681706
-0.00440319129305812
-0.02534420503457858
-0.008056228853813664
-0.012002012062469501
-0.013592874457779663
0.006024089872023124
0.015844025725942727
-0.01464588120203556
0.019643258002199175
-0.0064012287446289645
0.009467348457286424
-0.004423338384601107
0.01514628814362294
-0.029614649953904764
-0.01693583022502348
0.02204611087232445
0.0022026486709922077
-5.1728427119316495e-05
0.01482384551142936
-0.004169939709485215
-0.021888542292279982
-0.006014527387819473
0.029447389976370628
-0.029989831454311194
0.011845120382418618
0.003521559240503465
-0.009541913754779995
-0.01146672496563779
0.022202135170299876
-0.028356196487812593
-0.008371531785847687
0.0010317829525170047
-0.008003439904083559
-0.0009354946713166327
-0.0010197245831865646
0.00010722610507896135
-0.0014608776710383908
-0.01649482389511952
0.009568668450164942
-0.02328735888970987
-0.00875738123095194
0.00029514178384472053
-0.02486350044181209
0.013099297201286844
0.019117119012628782
0.010594564804678429
-0.021063836562326355
0.015730416005851344
0.0010323515071082416
-0.01906019312478458
0.011601173863612153
-0.005975672307768944
0.002082709754471175
-0.008344603768029167
-0.011770137051862802
-0.005915659252330268
-0.02979099098607176
0.009616719846049067
0.0010007074187849824
0.010404260663991312
-0.014050632399897667
-0.003536187255403625
0.025162351468675896
-0.020481392506810702
-0.01399678066353801
-0.00990360308808063
-0.010939052510676627
0.013198109222520335
0.004591798207407315
0.020636303779669747
0.021832850763153583
0.02588120274003087
-0.022386579186269136
0.0056908411973130915
-0.022803474696633033
0.01347154043718577
-0.029115217645297547
0.012294588627874366
0.00010645811257330509
0.007474762886752549
-0.015933704622906067
0.011651851471695854
0.0023305474018599365
-0.005025700656446475
0.016871211417833445
0.02613853785280105
-0.01676487111302237
-0.015497364619503021
-0.009522990065308854
-0.02804563480267021
0.019864203076554593
-0.011512547321828489
0.0035551641438786447
-0.024958116595359302
-0.02334530639227553
-0.018357519849318417
0.021573033813211774
-0.02589841559945974
-0.021239357054364087
0.018062273011359903
0.025304446410168963
0.010873794538199484
0.013300357170578272
0.01583073350406817
-0.00918489022477531
0.009508274449052417
0.014673143930110835
0.01227392157680978
-0.004164761486884171
-0.02670180645352387
0.008964823720836582
0.013618630889602856
0.015834488710242706
-0.026561467791752218
0.005671778440021799
-0.013966059762766762
0.015799193020100917
-0.021487006497106532
0.006876306715128559
-0.004025300886795747
0.004107015157579066
0.02191881624350847
0.017795364680162268
0.027195682123006555
-0.002466486625973565
-0.019863493154812163
0.012403787857814735
0.020148750220691312
0.02218028600362193
0.02445367930862221
0.02721094911938829
0.020844100719315577
0.014346107336250816
-0.02696283333304853
0.010193525403843863
-0.0287799515852642
-0.016592120469373382
0.0240927235444793
0.011200774597992007
-0.020206108580679262
-0.016536259343705076
-0.025738988193164558
-0.015353334819028517
0.00028635015220702595
-0.010175900437629708
0.011149170988147376
-0.02947642477778502
-0.005612902608242116
-0.0044026731028731884
-0.028382360105975456
-0.0227704718709538
-0.007635351107408157
0.011967069964801513
0.009733103868279101
0.0008631009394972737
-0.028795216146759357
-0.009932148188969273
0.018331452312924844
0.0021439055201171522
0.023768559146667673
0.004288381368719299
-0.004931323060954843
0.024928249903905166
0.017432690602275244
-0.02218441204000567
-0.013210822044163902
-0.022888924435388234
-0.02413696602517427
0.026629313403401363
-0.01500662073819687
-0.0013812561610547745
0.011026399380929225
0.0255771665864477
0.003458250684586675
-0.025575739590972053
0.013379514232943097
-0.015974065170128806
0.028731830409362925
0.028806193404830108
0.01029172604060876
-0.009682335954707466
-0.014582564290849512
0.026749384202925088
0.017107699687699963
0.0024574105366375887
0.022185253615042817
-0.01831675296280588
-0.022839750856075036
-0.02049540351317046
-0.02804080943519336
-0.02411685251529364
0.01991520219128084
-0.02150282733015879
0.0024454132199133796
0.0114834240593506
0.007200251651614309
-0.027357792110942383
0.02725171435292438
0.011183193197104611
0.007550874066004264
0.02687184386042294
0.020468563535475125
0.022731722390267828
0.024646551440770083
0.02580884736158104
-0.022693745195692186
-0.012415728477712457
-0.02579828905272212
0.0047957989991442435
0.0291608187034533
0.011689019467918754
-0.001422735745776893
-0.0254187045655838
0.027233640490163337
0.011523612676681463
0.01626020295357941
-0.014541757157099102
0.017039080159947546
-0.008971646462965437
0.021122480552611046
-0.004551632705510129
0.01881395666269471
-0.01956642377438947
0.029416471478982187
-0.004429744644237163
0.00963004403975374
-0.008898772777435848
-0.01987912329739181
0.004833656833706242
-0.024015195721497015
-0.008378353519997824
-0.0052906340787611215
-0.018801806300369962
0.02744745406444827
0.009773405318549734
0.006392706942422902
-0.014804442597692024
-0.013585064147778384
0.018027241956637886
-0.0015359291799927205
-0.023984669491955688
0.02749450395751215
-0.00405251980958124
-0.011031172717940026
-0.010904378451823044
-0.023516436624010293
-0.00663208551511631
0.006171249287863487
-0.012486915771747698
0.018061121750101057
0.0019067074912245754
0.01770065882959536
-0.022556427067201935
0.01587332483363276
-0.0006817113110583993
-0.02772304471077556
-0.024451578628014174
-0.008375848608591207
0.01897859580655125
-0.01529607753965152
-0.020293426039663057
0.017043272621009742
-0.018402119102097693
0.02719513358869237
-0.029435426879902128
0.0019953988135094636
-0.006320810176635688
0.027333629600430794
-0.009345177469920595
0.010509619590031563
0.012722776049073875
0.010795046510849289
-0.00389156168412981
0.010109704028594325
0.0031555201778639547
0.028824900618655863
0.015643856690367337
0.008828777997131464
-0.026117266127289845
0.016439411293742115
-0.024319446249665446
-0.017342944679428964
-0.026081782564706522
-0.015707385630574975
-0.023851429086869054
0.014708079597503462
0.021198454632638364
-0.029614788548610858
-0.02937957265505874
0.010162145863438873
-0.02668123132614973
0.015205757432403093
-0.01347015234088706
-0.01486937269439911
-0.009129882562503966
0.021777754082571106
0.004913507150400648
-0.016325642251657523
-0.0024504519910406065
0.02347030265603519
0.0009808671934771647
0.012753211241546623
0.018129667095769998
0.02464644995551188
-0.010965895367246657
0.006121607090625918
0.010719795179273475
0.018982135502627895
-0.0035896573762493195
0.024423596136474907
0.014790916741845454
0.017184642824596176
-0.02234572207286255
-0.02672570220076169
-0.006354134717287706
0.007363594557100686
-0.01610663236731289
-0.010943105698550972
-0.01469835586165154
0.0031360919989893016
-0.0025374576223774273
0.010341910819170061
-0.028832554899220725
-0.016641122142497907
0.016888280679714845
0.0197310833765905
0.007860915040310702
0.02163399008633156
-0.016517497080620842
0.0014136823344979912
0.023040794883299937
-0.015931630902334633
-0.025448588329088723
0.0070866237380752956
0.0034810463003521405
0.022759841165978616
-0.01205524844471436
-0.00871484636439947
0.021104759042060404
-0.022870665258987562
-0.02555659255960821
-0.02675284543127878
0.003957983706104687
0.016297978181547636
0.002441037483347147
0.02229483267650067
0.0161694791120996
0.022717871810886546
0.0012264526015736722
-0.006227591338528838
0.021007718146263954
0.028511149645149822
0.019735740002587328
0.0032935829538052255
-0.026360934131625026
-0.00989882876491685
-0.029061350112636886
-0.011197926905036005
0.02128734563732884
-0.01896979414264257
-0.011074493440176858
0.01591893703068955
0.02059445066863788
0.020778356646812837
0.02974428991778804
-0.029574209391359716
0.028176065389918965
0.02354891712490481
-0.013005998601122486
0.023928700058907293
-0.013612962109365297
-0.0021753790163082445
0.01975542711830379
-0.008659833293340274
0.003670285418895948
0.010712411430256946
0.016080019487809696
-0.029934486875427668
-0.005980487460391787
-0.00720289210021274
0.02723512009898301
0.004720128721871872
0.027345453218639286
0.013070497715185488
-0.00429477901669853
0.004546752038417735
0.010094138318390546
-0.02630049025101291
-0.01053717524663476
0.005679972569079504
0.01981339463829046
-0.013629861383191354
-0.007873521068316066
0.029173861186694072
-0.01687422633281735
-0.008784407893918586
-0.026827602740682792
0.022854170068269224
-0.01738957909563245
-0.021893550792796236
0.01679293374599266
0.013980062719764715
0.02439467660459011
0.025046126783695506
-0.01606300111903429
-0.01397940747011496
-0.02165359472295454
0.0214333318366284
-0.012596406064455452
-0.004958815631172387
0.02307073177951599
-0.01661841085922993
0.01585288706233253
-0.008497313158264089
-0.015532032188104063
0.002573837009771804
0.015164468164848302
0.01624326071588785
0.0184525935214378
0.012976187574428352
0.009830707018877435
0.015727521568013318
-0.011980674081654093
-0.0297181314967888
0.0183503935455943
-0.010325321784354004
0.026801262630268538
0.023572886944169306
-0.01308075681790076
0.0025948717197943477
-0.020446684793197105
0.007872456000761884
0.023121225457562296
-0.005771897620691472
0.01228131041953931
0.02227223355521768
0.025904604254758837
-0.014027102851510587
-0.028294814670356883
-0.023062398453585424
-0.00022551449741495255
-0.008037554045214553
0.0030037511174742793
-0.009173541401312043
-0.007572553631623232
0.015918727352565137
0.0008274655084904783
0.009416177322239469
-0.00768362422727998
0.0206272619864645
0.01745798270562105
-0.005734342554281721
-0.01758918760643407
0.025997987192340928
0.007664480336778169
-0.002261509860530954
-0.0034514049535945626
-0.010638732166589709
0.013921072615568506
-0.02401772548724917
-0.023589472385502488
0.009706570434463893
-0.027167512537304348
0.0009128545382852647
0.004854254511275163
0.0012792910385689
0.01041718271511441
0.014697071506105844
-0.022199580937854606
0.016917273902046344
0.008365321850270009
-0.018537048767631445
-0.0006084659726449497
0.007695942530842027
-0.013159014471946149
0.019063977359816048
-0.028348051549893474
0.009427726315341181
-0.0011978135275728212
-0.011415042417630975
-0.013454041635907306
0.012664631864873412
0.018024273246452886
0.025231118342623482
-0.007385863024088366
0.028115648297398585
0.025379207341877805
-0.01563505392452063
0.009743653484700535
0.013866808209321083
-0.02250606643720436
0.006153820424165214
0.0023600409207985493
-0.020421236518648717
-0.023205713708501413
-0.0261844226909761
-0.01359941370858888
-0.005495074558423543
0.0009772130448409203
0.018406846893338796
0.004444279043294079
0.006104371483511055
0.009330177257624778
0.009760020289442534
-0.00986099891983118
-0.015028632694059086
-0.025262532779919
0.02904439443496811
-0.0030142165910285457
0.00020547029832695962
-0.018306806273669415
0.017998797128491555
-0.024425676432099308
0.015284014819575392
-0.016295002307183868
-0.02439550338763355
0.024669536781613592
0.02591545830173838
-0.019295180986499433
-0.011619709472573462
-0.02351845263658142
-0.009966055452657972
0.00733347053722349
-0.001507108642114053
0.028680141397432572
-0.015889011687002005
-0.009604315184983572
-0.025040011707344666
-0.0038448192537594676
-0.0017000990185441975
0.0099270540979398
-0.012593116327083365
-0.006904855989271888
-0.0035571923129557627
0.018534580888421193
-0.018435076644644006
-0.020186563215603717
-0.012888204251204814
0.018965202826177696
0.022807139501469953
-0.018187437477069746
0.005485755685271744
0.00709831898331361
-0.02260773363020881
-0.02311723477558773
-0.0011365285248982615
0.014322051395076085
0.02911643530695844
0.008109736287518009
-0.023442535377945984
-0.02795690457919646
0.02727985321282885
0.017368587000608296
-0.00884128027239867
0.0007849437506759829
-0.005605625230457351
0.02608004391814024
-0.028783433971019512
0.010685462494713721
-0.003491849000837287
0.01547249040851141
0.00399849118671565
-0.010639664166853628
-0.015165665079028464
0.007775557924121684
-0.012440733037739397
0.013981527676569815
-0.01281067019099498
-0.011076576571311506
0.011110814227950253
-0.002908200575682234
0.02303388447844438
-0.01603288554079896
-0.028883945090172496
-0.02921773955915969
-0.0017535490276226993
-0.021141383923657487
0.013527821198098484
-0.0288334384731851
-0.013981368807739213
0.0006534202805030462
-0.01203337876614486
0.009204960744306698
0.003900393840825099
0.004945585801992752
-0.008330850381958712
0.014415789295654062
0.0022056846429572632
-0.0016674891877904927
-0.014115653249751264
0.01109476628881903
-0.015439472345945362
0.0164586614372305
0.014024367314248574
-0.020227392854072476
0.006271539963291543
0.00766156634754938
0.018890497642316706
0.013958482124432917
0.027827721630820583
-0.028222379496288443
0.007705715218033725
0.02523444814953972
-0.026911668775129446
0.027592364275128026
-0.015323197408812253
-0.027213706718476498
-0.020967437611480674
0.029297567247304555
0.018074714296269397
-0.0030905077579167703
0.009268511925535156
0.015674442762467877
-0.024980568734000973
-0.01728820830065117
0.018167135200973877
-0.029256591551953495
-0.0018191778805416552
0.023222625688659827
-0.026702965537886352
0.020926972163711595
0.02138290468584047
0.02844559156617217
0.02742906399684522
0.02285326120125159
0.010458310447880856
-0.02673560439037069
0.00463046476782477
0.00662782267149508
-0.00740212841370139
0.004406196356086425
-0.023474102639349778
-0.028072066848554678
-0.013145221303674848
0.0020611698292206035
-0.018055427235593006
0.0030328395024477456
0.009020788937368962
0.01623846780325966
-0.019581654549785454
0.028343449759086592
-0.01479691954795547
-0.019093373280785794
-3.27385364915847e-05
0.015403332637128071
0.006254352455890191
0.0090183323379434
0.00022134050677469902
0.0042406761235941545
0.02980810891405441
0.021868976965866267
0.0049989016130546765
0.015673242416919912
-0.0240462229134267
0.006776117283309069
0.005315928959600709
-0.010315818015084147
-0.011463729073471412
0.015636089397811234
-0.0096126039273851
0.017010624674567675
-0.013120534435613212
-0.017906126354730684
0.005959169538629981
0.02579913451034297
-0.007456899050028977
-0.0244440637569712
-0.025993407472765715
-0.018695934916585954
-0.02706897430112736
0.008204987946315662
-0.001898437663306926
0.005842094840777558
0.02135824184752403
0.02253279904952593
0.01044567904342062
0.027654642156894144
0.011347197169443338
-0.016909359547611486
-0.016640504119776516
-0.02326943404738925
0.008191867226492545
-0.029898548449989053
-0.014960114851659446
0.02330220869433429
0.01565112169474283
-0.02046078117265713
0.01444247908209504
-0.024675764126553243
0.00460877944219365
0.016481264910580697
0.010669949660863952
-0.0009574458674767063
-0.004613864289999468
0.008285808746900547
0.01363562500747545
-0.014915621476334717
0.029717582490619295
-0.024223359034683527
-0.0017216592520501867
0.013267341094453912
0.011619091378355852
0.023393980622966555
-0.0104950959167148
0.0012546294988892356
-0.012039758773869483
-0.005917855401652971
0.0055848128718990545
0.020272235371710356
-0.020451306721054566
0.00988788603264653
0.01011275346972644
0.02590619165589804
0.028087700145253046
-0.005150194326721147
-0.011405826646307734
-0.027128229438076173
0.028935802739510207
-0.00605911263934461
0.025605236425619113
0.028290613577127248
-0.02776765951352246
0.020917695715943492
-0.004671240818917226
0.02820515837093819
-0.00924934568795088
0.016279848362649355
0.0065420663684474245
0.0044287964264348376
-0.017093037531587515
-0.005129065695648024
-0.01540478225399087
-0.018775984708801367
0.02550438401431819
-0.019072415809345877
-0.009176195582402468
-0.019836570990945476
0.010803604936518926
0.009470381006425645
0.015146860298815554
0.01832647059420197
0.00023804028353701864
-0.012239816757455491
-0.02883783890612047
0.0022769981739939327
-0.024277718445889104
0.010013705522009114
-0.01039954986630802
-0.0029540694378926424
-0.014606183018987409
0.01632895396261423
0.0013596916609425677
-0.014134520275125878
0.015199622204964
-0.010127563589417597
0.0014263325958169537
0.014965597048093984
-0.014508536594951299
-0.019332433927773788
-0.027008068917212327
-0.007435241168643355
0.013543131832181053
-0.00652679399335342
-0.027378609057856104
-0.025178249517381422
-0.0032654922081780946
-0.021027913697012058
0.015007099727843094
0.0008713953877784557
0.02872506338044578
0.012074657063120359
0.028717710383153038
0.008018952517977712
0.023584975179711018
-0.019837832504770753
-0.012140989107999853
-0.004739872006933432
-0.0020423540736411866
0.0023082652204651707
0.007970740984626488
0.0001157829806203263
-0.02145031427949018
-0.02755408849244077
0.010904632135087314
0.0017072930048977406
0.005259114782725546
-0.02293145413268676
-0.008232173217108743
0.020368550690383132
-0.012525391659448354
0.014307926738227707
0.010673821846319938
-0.01378897362730951
0.020642467744345895
-0.024107932123535212
-0.0010007390170050263
-0.023838396743113086
-0.017642549128032387
0.02635446206782799
0.022577993687115286
0.00488159326902015
0.02397541772923812
-0.01931793229816883
-0.01730328335784825
0.025152532783706688
-0.020165033135598982
0.00508434206984007
0.013905607928572247
0.015051850191896726
-0.021808407423599626
0.006640498179275173
-0.001616415940297166
-0.003309599301104825
0.02431619742479032
0.02907440931697082
-0.025189618996142388
-0.0027120883313390375
-0.010648301991288248
-0.0017392060908918532
0.0008671141149298837
0.015933934847630844
0.0016275738535828227
-0.011068563602543876
0.006559187032516463
-0.02308290815065903
-0.013407655578703853
0.0028935136873988396
-0.025272710521036745
-0.0019587460125877337
0.026742210162303028
-0.00540612336502308
-0.016844228106071044
-0.023776778421486067
0.00026748136672030687
-0.025961521191423705
-2.078706862815652e-05
0.021094878750150904
-0.002277877195792758
0.01833174150456507
0.008590933640104659
-0.0034169015394638243
-0.028779767186609427
0.01180300450031499
-0.01855130688142859
0.00451237117550346
-0.0059328818406313814
-0.02330976820725865
0.01332682260719651
-0.020319832055981188
-0.025982371760810623
-0.023371263461849034
-0.026989243661003
0.012170212713277583
-0.00014287221466872252
0.004061483723588215
0.01021549991936762
0.007557863595898211
0.02755411989191777
0.019633746621853722
0.011210036946370426
-0.0016779844494028383
-0.014064000172281613
0.004516362696430798
0.007765707598143434
-0.019191767120429956
0.01834834642529877
0.011926955113527815
0.014712920503787322
-0.01810662519925679
0.005820596680537679
-0.002418524223657549
0.003138546170234735
0.026358049777978287
-0.004742712207364275
0.020380950549224112
0.02703134775917452
-0.02494568750098407
-0.01033088568535238
0.024375219259347727
0.02384293210151161
0.01634415382822297
0.024341553077617456
-0.011564508078562446
0.02856317758757878
-0.029936860232966774
