0.004179595056540148
-0.0027707873587778696
0.00040620574485247286
0.0006332425838786356
0.0036924595292693813
0.0005688448299854057
-0.0027321811452501233
0.004716562624477563
0.0035947034238124906
-0.001448834435999915
-0.0008990289165714347
-0.000608259274460227
-0.003965665237841289
0.0028452405063577888
0.0026370298060242395
-0.0002501860756181206
-0.002818615196972397
0.004849354289865065
0.004182862756777052
0.001849197196879703
0.0019517703594824362
-0.0021536601329834658
0.002747214675387048
0.0007169802924670591
-0.002956391157644055
-0.0011637094187612195
-0.002909082240236597
-0.003426318929139991
-0.002773024295044807
-0.003998409168755173
-0.00428030884214652
0.004700986376124184
-0.004988021423947377
-0.0011260148662941474
-0.003586189677399332
-0.002787202430715432
-0.0005125954620901476
-0.0013901525072888745
0.0003780586678853561
-0.004085968461004922
0.001317422873246008
0.0023216289302740254
-0.0011907548401627055
-0.00042434328752402346
-0.0010009341424218774
0.00132248305190826
-0.001851486634833225
0.0015326500580108461
0.002771989517755629
-0.0012115046464125155
0.0025148578419822336
0.004901214160312827
0.003911233818196288
0.004340781135551484
0.0007536655692907193
-0.002162350914187767
0.004891851473104136
0.0010275612112244457
0.0037256254397939398
0.00030357499264344837
0.0006738372470203903
-0.0035718976008030324
0.00028642861156584314
-0.0024711485200047257
-0.003205591816367476
-0.004243711374701885
-0.0003301280772639095
0.0025443190179806133
0.0009949557766962755
0.001483335306038295
-9.572985782646537e-05
-0.0018395475636357453
-0.0010524114094815637
0.0005526043110839676
0.0034831948489722183
-0.0013592802722674235
-0.004287511508672201
-0.00013605877803955172
-0.004787343717084649
-0.0014299414728759906
-0.0016239458487904224
-0.001414990936114764
0.0005616580132139339
0.003594918959000204
0.002917173572884333
-0.002116388444571804
-0.003784870675541765
0.004926714006474517
-0.0005519285444454359
-0.0027174874414000794
-0.0010711406804201039
0.004141779225885931
-0.00027524700282995
-0.004251682111063874
0.0012325982927904782
-0.0036001725179492993
0.0018081913648297521
-0.004651651399731196
-0.0004286679180227071
0.0004958163910794046
0.0031336234190320377
0.0005151100357532277
0.00031626696756194023
-0.0037761197695863257
0.003944740563442098
-0.004987199519122145
-0.00012637525388361007
-0.000914103688093487
-0.001064398583298506
0.002183284461003629
0.004774532671392095
0.004776112538125192
0.0023157831410594784
0.003548378272313979
0.0003482540950331039
-0.003920851062429449
0.0023579600790027367
0.0025606949526499187
0.0032329664299203
-0.000845720588997889
-0.0034769626257465406
0.0044978829244381275
-0.004263047374782966
-0.003109516823614005
0.002992443277483439
-0.002954944013642831
-0.000309788400531248
-0.004758121733126591
-0.0047045604065913665
-0.002593000878517762
-0.00040510973683921883
0.002414411465024827
-0.0011326191918615948
-0.00293155747405035
0.0009679799505186793
-0.0017808526979499685
-0.0029543823900668132
-0.004228529184628024
-0.0005387264030755371
0.0023022537765462047
-0.00226811250842921
-0.0021111847036005783
0.0014882161313075305
-0.001687176882857331
0.001752276185583288
-0.0044330018333630485
-0.0038865715621922547
0.0034622034453134507
0.00470675813601213
-0.0030683442811125098
-0.0001481142089441714
0.003543237624522292
0.004179644613658489
-0.003623707532953261
-0.000738823815978752
0.0022107806202905445
0.0015259469579866434
0.001792040987573437
0.0012561027497013533
-0.002927276870738489
0.003069478581647506
0.002551828280579398
0.0009807228108247856
0.004161226342917919
-0.0026432099004027065
-0.002107910645782606
0.0012140877981484622
-0.0022322860824366387
-0.0021120068430506155
-0.004214638933298477
-0.0007891206494067861
0.0006239258903358094
0.0032124374265738416
-0.004273213927974542
0.0019038468034254371
0.0014878325804596202
-0.003058564985070019
-0.0038081588910575037
0.0024148433186001253
-0.0028672498831538184
0.000869236500456636
0.00023455053349299287
-0.003591175292570631
-0.00022136145184720093
-0.0019342138075650684
0.0029776391286666743
-0.0035813686462939755
0.0011121401742125638
-0.004077554223343851
0.004403638059617405
-0.003458569287153601
0.0027111439011924436
-0.0003486611941441384
-0.0023330112923964307
-0.0035355764571381645
-0.004992876925389546
-0.002948287493187677
-0.003434373078829598
0.0015148012136810439
0.0016531440448815113
-0.002909864943352307
4.3087987296312226e-05
0.001422060097442065
0.0023297053234320663
-0.004228969993217825
9.808981215215541e-05
0.004846277858962681
0.0007159481384896573
0.001211058144715658
0.003689799510017141
-0.004181490933627332
-0.004249167508113541
-0.0002909577186944023
-0.0006032103840962859
0.0011010837539119902
0.003975102391958388
-0.003070641300274366
-0.0028872040391543863
0.0037253465595646516
0.0011403445404341494
0.0023184063087109616
-0.002943179239346547
-0.0023568249704081445
-0.00023833305286169188
-0.0020464049306555443
0.0035546088514718634
-0.0021635550115061087
-0.004926531247501227
-0.000746297794983434
-0.001984245410320622
0.0032351112588405095
-0.0027517327109597037
-0.0033187389280386736
-0.0009663473900409104
-0.0010412913493953232
-0.0032202228737902706
0.00452382057715751
-0.0014325765413022596
-0.004961696983904659
0.0018132586337923952
0.001082981024577225
0.002720418818452297
0.0006553750391881533
-0.004338857301234579
0.00437856764830702
0.004921529077082764
0.004013849356348745
-0.0012128249867664875
0.0030865339772061648
0.0028484647252086668
-0.0030556545330283425
-0.0010198825600589486
-0.004002533618147931
0.00011961777086044734
-0.0014254568435005544
-0.0006448335715226036
0.002888940195295348
0.0043738116823727165
0.000943299374859978
-0.0021361188932049404
0.0029121390253793672
0.0010962973992701538
0.004948696104592267
0.00200941344216135
0.0010905807903289644
0.00010839044398871026
0.0032528070605024563
0.0035278915797609814
-0.0008437122225365447
-2.6090620854714308e-05
-0.004837400059906317
0.00406344992567604
0.004747471460315793
-0.002235762316833323
-0.004481847275441442
0.0026974377886461376
-0.0001302314896981108
0.0011519925818430409
0.0024657083009673297
-0.0026536859213082855
0.002983997780504213
-0.0010261523254871526
-0.0010764440647369486
-0.0006594154790825089
0.0041582509829781586
0.004398712448439402
0.004010524031640977
0.003115499082146132
-0.004668671897326631
0.004905971423331437
-0.003966310217162088
0.0047970549556925765
-0.00492533500005507
-0.004640043428004063
0.002890210759015817
-0.0024853511377697737
-0.000969253343440387
-0.003435165823429548
-0.00419975369454538
-0.0012092735586346002
-0.004362707515939366
0.0027037419537820394
0.002774176764443732
0.004638792979676652
-0.0013762937411268108
0.002142432671165999
0.0044354599555151844
0.00248167977738938
0.0017905368150816971
0.0039057986650323636
-0.0041354485384506225
0.0016549233790099423
-0.0038320138808177794
-0.004492795410735412
0.003972960160650004
0.00204805547065368
0.0037083220512954427
0.0028146392535384505
0.0037609893245052215
0.001497560702815333
-0.002089399525654002
0.002760857007743294
0.0005767896424132965
0.00024100226536359366
0.0009608059750913179
0.0029456597726156214
-0.001641064263013262
-0.004443319497483214
0.0021111433796509958
0.0008127361050685109
-0.0037192488571106607
0.0014605849986985067
-0.0011946793272741662
0.002415425223311801
-0.0019937855046470577
0.0018443406098269909
-0.0015080260435191774
-0.004063479508337008
0.0039994887707652865
0.002253407180740895
-0.002065056034158055
-0.0009817855765695159
-0.00390595616793459
-0.0035596923950150863
-0.001468916831303848
-0.003239714254027818
-0.0006423752640272199
0.004967508417555712
-0.004123310424354977
-0.0032522361627399113
0.0015406194348450974
0.0017521167088808834
0.00042324642316048187
0.003857441624740777
0.000988924739396828
-0.0019475497527159337
-0.0019057060700160013
-0.004991218390382107
0.004792625456627891
-0.003296136761926184
-0.0035666448178238563
-0.0013563096685856569
-0.0013867168577356183
0.0009578961721798743
-0.0027005806671817744
0.0006622979810445295
-0.004146032252709887
-0.003690867287810068
0.0013456752022732495
0.0009915845389780993
-0.004912314826060136
-0.003764403549631974
0.00011704545906299733
-0.0011883018021573966
-0.0024546538746220846
-0.0035540874722448535
-0.0020364608125801277
0.0019320188573176108
-0.00096640826038491
-0.00013263893068021435
-0.0004985070792848777
0.0018257918186727765
0.0008105233694852597
-0.004746105088212799
-0.002016859991852782
8.631494420463081e-05
0.0012335457595029483
-0.0009906468298948121
7.53800880349334e-05
-0.0022792165391786533
-0.003714090732970352
-0.003298960906332034
-0.004908952585716627
0.0036172821544385473
-0.0003813500666558613
0.0037176673961698036
0.0016744107394242192
-0.003484274099760536
-0.0010088826578022025
-0.0010035181473820572
-0.0041658916844517935
-0.002322251326049625
-0.0018997869528471667
0.004284649695336312
-0.00018039962308949182
0.00036421785184310735
0.004886190475802111
0.004173163394887758
-0.004062377479122954
-0.0036793054129829385
-0.003211795937264894
0.002951866258564987
-0.003521386891029492
-0.004807767322775688
-0.0026789750727538764
0.0025338574746656033
-0.002398629695253939
-0.003358838170991545
-0.002987606740032206
0.002842079190677349
-0.001586781663764717
0.004599838237862212
0.001173375582886835
0.004360823159958927
0.002794393326771557
-0.002355382235954212
-0.001094489719759585
-0.0032697415646578943
-0.0003915440406633639
0.0006832836226231646
0.0003521099924698023
-0.004037299221192605
0.0027224980628392827
-0.0021807929772417857
-0.002747334211792528
0.0008564314225749381
-0.00321958723341795
-0.0007960790128037579
0.00471097331690615
0.0018914991096562516
0.002810848742444043
-0.0012035519299009667
-0.002589028573449349
-0.0029311008242338455
-0.0025338957341506465
0.004999475685766153
-0.0018366740047382948
-0.00013022655986802672
0.0014802199270838165
0.0003787419350171758
0.002113702792661809
-9.35700614244769e-05
-0.003129407729606232
-0.0005808659733025235
0.0010956671664225726
0.0013766606851798747
-0.004648956910667634
-0.0034011669235774512
0.003549217553408315
-0.0009140891587238334
-0.0021509882634624155
0.0029862409704347155
-0.0022899326896020458
-0.003860571137390372
0.0009318803893020311
0.003569529802293887
0.004465370124158412
0.002882386121707845
-0.0009606716947978301
-0.0036721600119939057
0.0028324512520420684
0.001301506925720365
-0.0017948889937249215
-0.0005550105492858571
-0.0014958478399236352
-0.0010291746736485084
0.0005460530862812681
-0.0026028466118916127
-0.003950975863293992
-0.004874345077504357
0.00170804738576386
0.0010114117629431872
-0.002125817808638395
-0.00046369809811992995
-7.418242650031673e-05
0.004422808565222353
-0.0031145782322045644
-0.0028541105153361513
-0.0029911375769241734
-0.0033185180184333194
0.0005891216951969232
-0.0012287113575818144
0.0008305443443448347
0.0014227131275804427
0.0031822756036699916
-0.002547698001218425
0.0008490390844859731
0.0030906733546615653
-0.002050433417805537
0.00451226500034116
0.004665288221215484
0.0012535143339366386
0.0021770459734018303
-0.0014898743233857648
0.0020380949008683546
0.004949281661098232
0.004735161942975653
-0.001893515979322369
0.0013513130816010365
0.0014201819594535483
-2.5095599315596434e-05
0.0008304323923202482
-0.0010307871514678617
0.003879267936411037
-0.0034016824733488684
-0.0032676109991671013
-0.0018394817807755883
0.00427272924740485
-2.3847574273730583e-05
-0.003566871666304443
-0.0012828448415237027
8.891656077337964e-05
-0.002916917969781111
0.002577633417717032
0.0022148682370754487
0.004023928774172244
0.002111346380806358
-0.002358819967357959
-0.0035131060405169524
0.003530268061877068
0.003320976273891223
-0.002243457547174964
-0.0015609827351632465
-0.004049578009436857
-0.003059982079382825
-5.6998929919141635e-05
-0.0007349045526967727
-0.0002541191786696699
0.00035470064601510806
-0.0013620807533105484
-0.0004767284763793015
0.003980909146122274
-0.004142378710577285
-0.004562676721854534
0.0006847398082265813
-0.0009359766896635787
0.0033341366986650344
0.00013928320227122107
-0.003864512333990843
0.001090588567478944
0.002072463307139806
-0.0003707983402975387
0.002144226645337176
0.00044341597346525194
0.0013584242385544058
-0.004547109724270143
-0.003128002752534247
-0.0046420966136524
0.0028136061515817547
-0.0021529031019969593
-0.0025927512776928474
-0.0042147397465749125
-0.0037729328235031746
0.002141689041047813
0.004108280528111462
-0.0012944687450338545
-0.0025566308798927553
0.0047466984315877375
0.00046378817828399664
0.0009960252399512873
0.0035974235082234613
0.0024780659683133945
-0.003947093208593027
-0.004809490063495494
-0.0019167277212352872
-0.00032803480685942785
0.0004590057848263083
0.0005385637533074049
0.0009364905851601546
-0.002795282393559766
-0.001449034923853395
-0.004393833758217485
0.0015106874259305072
-0.0035063323282884477
-0.002007076179455217
0.0024058922921559355
-0.0026241892127992785
0.0021525139338911727
-0.0049944814268240755
0.0027298883511166997
0.0018473345095292894
-0.0025060683728996237
0.001866458422439622
-0.0020819367764079344
0.0006208552784755092
-0.0004143786167290688
0.0008862993665482641
-0.004995319655259929
0.001997227707280602
-0.004861912798529384
0.002406359947862963
-0.0010959908855659208
0.003895652995142743
-0.004339530439573071
0.0027775064714510786
-0.00409997948142857
-0.0013407709259866075
-0.0011035324752266752
-0.0009234289661790296
0.0042560381170735585
-0.0025941455262730516
-0.0036238774486897617
-0.0003932308065812693
0.002830461152809189
0.000917225293733925
0.0032287675665613217
0.0011251396931956483
-0.0021483161030313325
-0.0036155196874355236
-0.000993321914920904
-0.0006786867506523575
0.004208931407971792
0.0033833022332323765
0.0017093276041779994
0.003138172153609506
0.003742714941351015
0.00036501297147164234
0.003334752973324028
0.0006702292436501778
0.001231034815071621
0.0033895372942106287
-0.0012724073213367247
0.004433863828147718
-0.004992481023239367
-0.0008480190136955224
-0.001808474559071285
-0.0030445155167978942
-0.0038945504605910645
-0.004288381006661317
0.0014308073326374758
-0.0025708926653038432
0.00444039574692185
-0.0007442520663892413
5.915692734999485e-05
0.004156227894790739
-0.003979539430104553
0.004448110554939881
-0.002398727555175252
-0.0029409552521850813
-0.002947095996053524
0.0012051857839754576
0.000780445155359473
0.0009866260925212086
0.00011157561960774189
0.0013388891011096053
0.0035765052784925014
0.0013349969369711792
0.0002646191188144251
-0.003359634328028378
0.00020687991850198723
0.0005284564089719605
0.0033385494166070636
-0.003760363737826895
-0.0008136125727181741
-0.0020590167007235615
-0.00026173106516239313
-0.0022323482176652243
0.0023030689112591126
-0.004076699153816154
0.0005029225021889391
0.004860965672785042
0.004553620641606256
-0.004702197223756446
0.001533067959144414
-0.0022697910671799237
-0.0007156270771085113
0.003496503832455508
0.0022610234578189425
0.00018793091039651186
-0.0029128574462602553
-0.0029371282751343665
6.11543458233577e-05
0.0008777476143939089
0.001648935350517534
0.00021165884039702106
-0.003903000260473774
-0.0024210891842178016
-0.004405489022252317
-0.004289881638991799
-0.002606782938058466
-0.003517415635353356
-0.0002479989146903583
-0.004823277117905736
0.004798328467570394
-0.0029217585981621097
0.000362428041284963
0.0033246568409229125
-0.00041146211728669644
-0.0041508812080131505
0.004527160204557992
-0.0049614775748566655
-0.004673692050078175
-0.0022351002830072707
-0.003926319991736703
-0.001442024130146219
-2.284621839454895e-06
-2.6996691164409177e-05
0.0010394591326404043
-0.00016402212082463914
0.0024212680283809884
0.004087694230222621
-0.0043622289161603205
0.0038919814884409024
-0.001656447833019934
0.003317913898946084
0.004515223665656625
-0.00428350667595963
0.0046909236732715935
0.0035030535373764523
0.000357403162977327
0.0021352162782397963
-0.002719975236086818
-0.003649331588320096
-0.0006343362125537178
0.0034743031940276
0.0001304329128742109
0.0021340091920037975
0.002665822661731909
-0.0040086262501913845
-0.0008990482198441676
0.0005780062384934861
0.0040406526099292335
-0.0022081424337903888
0.0012742623668202148
0.00042917263042578993
0.0032383871947785454
0.0027929534361477446
0.004596890265866973
-0.00374958381970121
0.004054960733637167
0.0011653172340187002
-0.001022413445643319
-0.002927108247253761
-0.0019566225169816245
0.0005261235276394181
0.004623593157378365
-0.0035876252976649527
0.0036100479364947107
-0.0002675854646927477
-0.0004858984167979575
-0.004968232545337999
-0.0022069271778207868
-0.0027335095296254896
0.0036679310976516248
-0.003770301952887707
-0.0016402710104907502
-0.00392411770969225
0.004266607530974176
0.004810971336307032
-0.0026276453687818203
0.0013544811450819892
-0.004087434178173059
-0.00312429119959717
0.004111777023235696
0.004121009538955846
0.002573064451393988
-0.00140608668852639
-0.00019885369664720057
-0.004148786440838199
0.004387974993899151
-0.0023277721022263663
0.0027712270920074453
0.002372863269744163
0.0024340998147926703
0.0037929411541477035
0.0035363860239400286
0.003315887413321215
-0.0007748484758640503
0.0026604273987893027
-0.0010803561753693807
-0.0006475011838041134
-0.0007505260577530641
0.0011233222686305435
-0.00022444078582680403
-0.003275037129819758
-0.0020590496039816597
0.0002018412484772079
-0.0008363377050500742
0.004128038627797711
-0.0023834211361375202
-0.003328061421202686
-1.303722597881165e-05
0.0020033281579115983
0.0035186649756197034
0.003308454521731323
-0.0032525988197891365
-0.0020521941473491435
0.004579447994016395
0.004448118923687541
0.0018131150098428684
-0.0021910136358579257
0.003413891385178002
0.0021953275791657513
0.0047610147750261214
-0.0005873213409269204
-0.0026712873938807046
0.0019232385868572519
0.002839021547607487
0.00020930964956785043
0.0006883905800384197
0.0017836723154024863
-0.0033909341656368354
0.0008153116453191948
-0.0008032320184908851
-0.0022273351189562676
-0.00250863852792843
0.004964121074375597
0.004262385301068305
0.00023650895729774787
9.434933207508756e-05
-0.000992947546002071
-0.002075544671428634
0.0005392660864523809
-0.0023473511622171418
0.0013267535826602325
0.004765691100266855
0.0008787797128520583
-0.001064351439267414
0.00121151643625982
0.0018854898016159695
0.000574302713822702
-0.004638218483040421
0.00035579488322647155
-0.002172810280660068
-0.0024826286020737686
-0.001453180375875598
0.0021924822859431025
0.00040945611498237593
0.0001331926385474717
0.00484479437857951
0.0029013002554615806
0.0030097527200997334
0.0008360048226686932
-0.004794734041906183
0.003864718953439172
-0.0033927031283224494
0.0031414957903610425
0.004658008868915185
-0.004600553611666809
0.00412207207524908
-0.003381950270256154
-0.003669591744786113
0.004655313185927468
0.0024939433604478116
0.0002513467018005278
0.000529054411997275
0.0015056001523763218
-0.00458947669461653
0.0032088794573981996
-0.0016325913359110421
0.0023358152420658116
0.003236360509367822
0.0024948302410321976
0.0040433617480708115
-0.0007153893477964092
0.0013309970188920515
-0.002749827764643351
-0.0011567008897059362
0.0007160035248379958
-0.0030145805497225533
0.0026395939529316884
0.0034375583856843814
0.00424788830873813
-0.003818845102999454
-0.0025063050583995273
0.0025123509864754387
-0.0027708271231421454
0.003064005266832019
-0.0020084589973839205
-0.004378369343666056
-0.0013195279816197092
0.002391247288042365
-0.0025921656924785363
-0.0031303315106329353
-0.0013135686039859864
-0.0006006708056067135
6.289095225575636e-05
-0.0030130950307225225
0.0007659719007738833
-0.004251877435033323
0.001331298743795565
-0.0009450255301538969
-0.0025022931136245243
-0.0003196480860904157
0.0013611930591953484
-0.004621714379861166
-0.004892550652146226
0.001589565619750953
-0.000977154817339015
-0.003100468637699392
-0.003448241115583054
0.0016854890459365801
0.0034616213928707904
-0.0035455036221059867
0.0011323296140619051
0.001714144520217553
0.002945427154189312
0.004121383685039418
-0.0022500262293003114
0.004381927774741323
0.004295824489830476
0.0032687568965407707
0.0008379078320715268
-0.0037615332365455965
0.00012038312353943037
-0.004823483840001911
-0.004559106854172983
-0.0027474952868662274
-0.004220468848978036
-0.0013758461504544306
0.0016667190335646386
0.00260110158720717
-0.0024211550289623385
-0.0035255508642186182
0.001980897197521028
0.0021773651513513218
-0.0018882787034016435
0.0027223596442140707
-0.0006969419469502547
-0.00024786711555591784
0.004166507771570461
0.0013178512524217936
0.00030180034777466114
-0.0027031754721769164
0.0030520639622127295
-0.004913676645766466
0.0030754547313760214
0.0036413996838554194
-0.003228164274452148
0.0025409059401544044
0.003271084976849507
-0.0006145663981417752
0.0018198265979008279
0.0013363279231513392
0.003553814853769893
-0.0014101858180669792
0.00349254846065846
0.002721662225649556
-0.0008658277242209389
0.0028617125199703044
0.0019088262791108843
0.0006869255907016912
0.0013462452779642933
-0.0018719872969113248
-0.002685723088854335
-0.003131071845806881
-0.0030184396537755844
-0.0005920690957944095
-0.0034050547099351647
-0.002629552958960486
-0.0024823692994613046
-0.004403558988004207
0.00378244663554752
-0.0032892174039289225
-0.0033005975001590515
0.0005808117836184233
-0.0016715336685399164
0.004690402162993689
-0.00448763580633448
-0.004075601521440361
-0.0031048893413515477
-0.0016780862051287938
-0.003312404769095341
0.004042229342831774
-0.004285534269674561
0.0024575988620251597
-0.0006028291990899355
0.0028815566524150347
2.0442541602137994e-05
0.0024857143936162793
-0.0002087881984905995
0.002463141278005768
-0.0011536769063773956
0.002841182254936036
0.002658067986047793
-0.0036485620562018185
-0.0019303837703573902
-0.0029541645652385994
0.003128389389658725
-0.0020904892523085673
0.003961532095638644
-0.00014411228828016195
-0.0038313326515458756
-0.0032554719680921653
0.00286820923080464
-0.0024739758905606567
0.003582011188211532
0.0031042221873085396
0.003626052902870185
0.00453310670911711
