0.00028433753923371927
-0.0015064416420470495
-0.0011605836830017578
-0.0034957003393823764
0.001676242889953248
-0.0018031828006690232
0.001941930274497663
-0.004590139990384934
0.0032633081923847456
-0.0015480529837411249
0.00441270291031232
0.004081250651943791
0.0004261951851271487
-0.00031872308405830885
-0.0005183993558372192
0.00451353140243762
-0.002407007251927963
-0.0019182326833242893
0.0028587015075282806
-0.0034054561179129392
0.00216564687753851
-0.0009456639074668328
-0.0019821715531184903
0.004828026114466546
-0.00046282062596402634
-0.003992166132681127
-0.0006069981520776865
0.002139426485506449
0.004575439377023305
0.004871747019629064
0.004140925478496566
0.002148960509246062
-0.002220614974169314
-0.0021259385886539593
-0.0035819358635265264
-0.000602078154433249
0.003517717290469507
0.003270767229633597
-0.0014382089075639405
0.00302593834766736
-1.693554192013641e-05
-0.002319387722874804
0.003427092868505898
0.002011246317076526
0.004986101109331933
0.004666205512726341
-0.0028199319507566114
-0.003377072496633551
-0.004028359208784471
0.0006105209215391963
-0.0019340995550225846
0.004643800666567398
-0.0023596381501246743
-0.0020260386133118193
-0.00039829901250570607
-0.002452610036375006
0.003290020877649004
0.003541582220207639
1.673610030511214e-05
-0.002768635980623768
0.003258736533493526
0.003604629753640059
-0.00017247958977854687
0.0008541532996342938
-0.002508724080939179
0.00421337310661241
-0.002261118071751088
-0.0014186337903075831
-0.002805615479974474
-0.0008242327598031738
0.00491923012732737
0.00271009799552802
-0.0015064806840544556
2.890551508526011e-05
-0.0006453226733381242
-0.004267338805547824
-0.0029500341787168805
0.002347210169313345
0.0036008256936086213
0.004927303286568533
0.004980914247145811
0.0038783514936174502
-0.001084650891468769
0.00402054702207406
0.0005769633751864685
0.000979670237006243
0.0026127586302350427
0.00014808942103115494
-0.0035536510156483573
-0.0007001672568412729
-0.0017829809001422016
-0.004611459471617032
0.0009110653646150577
-0.004342042348026155
-0.003937571668932459
0.004344550097491735
-0.0022824929594759493
0.0009675744299582172
-0.0008677930885613219
0.004807796826625456
-0.0011923804958825124
-0.00024481354815709434
0.00321462550315352
-0.004668541015334086
0.0026081527791368972
0.0005492007282426967
0.004316476120727344
-0.004644689611922055
-0.003024542681789446
0.003209594215128145
-0.0036993683608383576
0.0038580833865270144
-0.004500133234591137
-8.417880704731078e-05
0.00327239481851251
-0.003229229833071917
0.0010407936474712805
0.0003458087928164596
-0.0015241594860331675
0.002914871673697232
-0.004350582923197843
-3.3426188660499144e-05
-0.001469576171825675
-0.0025417947064972925
0.0006531883761964619
0.0019480851168302794
-0.0007463429558829428
0.0013859575797713379
0.0021958812573183743
0.00032251754632584007
-0.0031808997169199406
-0.002646881246602785
0.003513910831447346
-5.895032867097704e-05
-0.003970201198855752
-0.002863947172081337
-0.0037262030763641762
0.0027422089587068686
-0.0031802756998568628
-0.0006018694419411231
0.003267162035631237
0.001698631944358534
0.0008441797308984342
-0.0020213254384367006
-0.0035052009486022297
0.0047022590776568925
-0.0020340415940820087
-0.0023691242889505226
-0.0030194268175514284
-0.001922211310584797
0.001528458132256277
-0.0005445101425912667
-0.0005077008691474552
0.0032330582668173785
0.00495029614648377
0.0017549048470663822
-0.0042740609483617855
0.0023900598229639547
-0.00021806188016632727
0.0025839304395539634
0.0034311926707508893
-0.0003212846857414565
-0.004289516568272018
0.0007425319032940214
0.001137165885097535
0.004147494139069002
-0.0008196353200231434
-0.0022981629050174137
0.0029313208623302214
0.0004920804416436667
-0.001686006095754
0.0038841118903988952
0.003113059069575634
0.003192323711922392
-0.004752236474470486
-0.0030510868479477213
-0.0046680496568812
-0.001997991273585924
0.0006634233976881869
0.0002294415797306059
0.0029263053767434504
-0.0009107541898946284
-0.004159793275724716
-0.0015422730897271886
-0.002143152290784176
0.001561790608254704
0.004435049092410446
0.002285761467201863
0.0031654835752941606
0.0015143859454354392
-0.0018820258357481303
0.0026388617891542447
-0.003625656178222414
0.0034273453096871414
-0.0016588675409939537
2.5162932563048933e-05
0.0010600207991414059
0.002421444306835929
0.002609118034723029
-0.00029110911913370237
0.0036061168301419104
-0.0008255015421805645
0.0005128067610694256
0.004516725032889733
0.001939348798844531
-0.0019457895996000053
-0.0009897180474527827
-0.001222157392298794
0.0036871302180614416
-0.0045258694056621975
-0.004716768670047729
-0.004771955227427067
-0.004562368402082621
-0.004514271601258137
0.004471024891180091
0.001268081314995382
0.0013219284014829328
0.001334731585406661
-0.003252925591014414
2.4241192406795724e-05
-0.00048527261066429444
-0.0021984551938257625
-0.002216413580011053
0.001364891659135622
-0.004218786749130912
0.00033188780464883747
-0.0031308698050460104
0.0015241382721076068
-0.0018618836699521258
0.0035242525020753807
0.004820324298323106
0.00018407266973682456
0.002392572943731226
0.0007568032789324521
0.002976133832641577
-0.0014849274391670344
0.003279625301939833
-0.0034545174690700053
-0.0009767984670606663
-0.0016783036592425472
0.0020863103154331354
0.0018353406048666598
0.002134242061348681
0.0004546876279905073
0.0024179508679537014
0.004382907194112786
0.0012499824521804885
-0.002982826015559527
0.003434955807312157
-0.0034479831291896568
0.004516699016013217
0.004685399554946355
0.003426011395320494
0.0024094382798574322
7.778301675310205e-05
0.004305921502541612
0.0028333053529874417
-0.004135877509282825
-0.002964738555145241
-0.003988520621981821
0.001785922785340066
0.0029879145865430922
-0.0022996782390349536
0.0014116863140234259
0.0032160850749286393
-0.0006658085490445064
0.0022101566358908318
0.002969315955497401
-0.0009118773848416943
0.0021580377784876535
-0.0033199109447936527
0.002849167540505698
0.003607095881214468
0.002004681029674593
-0.001986461072975979
-0.0009983964207770637
-0.0031874877402753646
-0.002996354586406753
0.004960941106862145
0.0035201390840194557
-0.00374069199500113
0.004885526170833846
0.0034902908563348043
0.001402029498924453
0.0034262841939393844
-0.0037429210826440897
0.00027089495080049805
0.0028797491624258315
0.0030679741122691786
-0.0026161856356876124
-0.004116050228879402
0.0010518188359928725
0.003150628129216514
-0.0011176574861748458
0.0042572777182395575
0.0012384538352074072
0.002185999062384981
0.0016701351115506078
0.0033989160557030907
-0.0029470838442721883
-0.0042935122697688255
0.00011066758504848541
-0.00029362655915000056
0.0018157141006401667
0.00226695372937738
0.004743064204143861
0.0027835870776795387
0.00459343242602974
0.004769756371832918
-0.002705585482746151
-0.00019327887292628666
0.003273031574008679
-0.004687094547197842
0.004466182794380393
0.0014368766767618281
0.0017917856701023353
0.0038984284276168462
4.280084148148948e-05
0.004278343473779524
-0.001560066514898515
0.0023201553580272953
-0.0027111087632621647
-0.0037957073780444193
-0.004580486318965609
-0.0017206828252188978
0.0019035508003886212
-0.004850528995619999
-0.0025608287965954734
0.001980636410569098
-0.0006425048978663328
0.0014262733446681183
-0.0027897850657217847
0.0024838477833920613
0.0009658795516322427
-0.0028802107464231176
-0.0029689295990033638
0.000568544247966811
0.003657588635002454
0.004663494498106342
0.0005514586807571194
0.004938107967028481
-0.004320505438357536
-0.0014000013828476855
0.0040175315577534705
-0.0015989234532629406
0.0049369583922636755
0.0006427480705567985
-0.004846147598814542
-0.004037736145719294
0.001998810332474626
-0.0008752593126397437
0.003314424269168898
0.001886550112891211
-0.00275568042217191
0.0035508471714591388
0.00255618415177015
-0.003666499496169897
5.838749519713419e-05
-0.004077693710123856
-0.004875480208904667
0.004666571766794208
-0.004015592408221863
0.0015560496867602462
-0.004835242597550216
-0.0005918607053467381
-0.0048712709181593615
-0.003028726909157491
0.004075658972408624
0.0011388175771485124
0.0007316346320130887
-0.0036888881333379665
-0.0026633635407250535
-0.0006682360005374624
0.002039343421614965
-0.000977013143784274
-0.004154248587332471
-0.004792636476830272
-0.0014031790331456638
0.0023163420041933938
0.0009447257846614413
0.0019617589037017004
-0.001149813961673355
-0.0008861301278196773
-0.002715025752327265
-0.0008941897905885773
0.004775316888841897
-0.0014314929985100788
-0.003407279209751586
-0.0029830589127774576
0.002758586004492006
0.0029746635879710414
-0.004576068651850097
0.0006282897552682375
-0.0040749569418417056
-0.0022111444389302294
-0.0005605386757239882
0.0005443903412512517
0.0003188469208449474
0.002951945904194544
-0.0011620953516236045
0.0025700813989844567
-0.004331538113238818
-0.004458389966279874
-0.0014227797602462365
-0.002517089147047128
0.0037493518495550953
0.0026630020293517236
-0.003850814770364327
-0.0006944132698187824
0.004182332617859364
-0.004936381667415157
-0.0006509035330186617
-0.004784948964976058
0.004537830685341848
0.0014787263866434773
0.001016821119777419
0.0033476243067356764
0.0024347952416914594
-0.0032974494280074707
0.0036636702013370546
8.451236989011172e-05
0.0022299929973594226
0.004628231407992691
0.0009099631757548202
-0.0025690183481581396
0.0011384167390907649
-0.00449195777471673
0.0009213161712747142
0.004019695909316427
0.003691120176181219
0.00331040557490079
-0.0025232987456196565
-0.0024321202171632694
0.004165935534331232
0.0004299967356484911
0.002899761006843805
-0.0028244567544642254
0.0002638555275117681
0.004377174619966467
-0.004317684572469591
0.002827834094075097
-0.0013766283429691552
0.0035032346426617346
0.0007368906057994042
-0.002275748321887665
-0.003379762161894265
0.0025780713103534195
-0.001820941443508346
0.001998174387792595
0.0036533276360316063
-0.0005335774870860377
-0.0027846416614552196
-0.0012701981438504517
0.003337222291821638
0.0030324265049907354
0.0034061519120216844
0.0029477710818133314
0.0009324301217425845
-0.00020939918269228391
-2.777000433111e-05
4.1591166502407025e-05
0.0008672472835952183
0.0010899415095484066
0.0020666570078403364
-0.0011965177248249902
-0.0021646882762125608
-0.001415424219638869
-0.0010894619514812956
0.00283830091221133
0.002660647676305362
0.0030859416176042013
0.0006553334862820946
0.0004924419719667386
0.002403935041968783
0.000276618960466362
-0.0008084066982382955
-0.004398358502235878
0.00471238553704575
-0.0009421654915300918
0.0004236456935136088
0.0015752503927834605
-0.0036637894735088916
0.003001044451966031
-0.004707212985129073
0.00385745981119165
-0.003976710775301905
-0.0016738190769051433
0.0005510029844600353
-0.0036619052671427775
-0.0034593878310584768
-0.004468398225183065
-4.1282693892793175e-05
0.003809876496859449
-0.0032724116423172188
-0.004405876384793538
-0.004492194061988902
-0.003922831126471453
0.002949195961576033
0.0008657335275927356
0.0019003180529479635
0.003539014896069962
0.0015663449678463004
0.002437809043520811
0.0020063719271972277
0.00321624093681079
-0.002337396354324458
-0.0017522772817473
0.004135403913618296
0.0033074381738718997
0.0026450534039821018
-0.0005814295085155548
0.0036509134322830856
-0.0023386641616058522
0.002721003298514332
0.0038470227423602005
0.001442989704211045
0.004152499404885689
0.00204897491223227
-0.0033819100976709327
0.0038313189049255193
0.002737008534932378
0.002503423999222709
0.0026435525814827903
0.0029699183891753684
0.003063950403568106
0.0023031596447485843
-0.0023629601260184963
0.00408826527950723
0.0029063255139471942
-0.004699528542746213
0.003534706540409111
-0.002682750854835748
0.004524230096064495
0.003052122859465178
-0.0026860224094148967
-0.0021005964520630937
0.00491948793532805
0.0016239685206610637
-0.0008177493283916312
-0.0031887024906873283
0.004970169162984686
0.0031999590078219302
-0.003619253118066207
0.0022578108975052965
-0.0018452531454081402
0.004976974228331634
0.002354795644386758
-0.003375433854290959
-0.004818214003821877
-0.00483617896011983
0.004241671565013678
0.004764261267014166
-0.004122239892814262
0.0005762876173383228
0.001752882167864467
-0.004568256945398574
0.0022705214514067863
-0.002223921016003274
0.0037129214363512764
0.004379573198893947
0.0015375080460302594
1.2376012494761009e-05
-0.004310236662341759
-0.002558929214930442
-0.0038055435040959752
0.0035825224307125614
0.004938394724348881
0.0010380672826577984
0.0005924487270775429
-0.0014901129608474463
-0.00021360678156533055
-0.0018408942858518153
0.0013175281148737868
-0.0039164299058192225
-0.0011631598356494043
-0.0036590109728113964
0.0020268042424663067
0.004057948225647545
0.002989019265033566
-0.002405684424875586
0.0006958017672022768
-0.0020674629717289715
-0.0026057830026915553
-0.003507264431013785
0.0019286631053785893
-0.0015046677994081104
0.003136046200040256
0.001782338139348024
0.003602727045960117
-0.0006119921998170332
0.002110446088382344
0.0029000775741351873
0.0001890953907524263
-0.001101079842328091
0.002633331380055162
-0.0022079014271002575
0.004101372079582266
-0.003891267968045704
-0.00019390645222325947
0.002258862921769119
-0.0006012571510541796
0.0003906692320104696
0.004612476059398536
0.002569638310413667
-0.004382747323581316
-0.0035840493204603776
-0.0005146253355027145
-0.003130218014234455
0.002360921926961219
0.004534259955139958
-0.0022555243548627348
0.0029060895200268754
-0.0007725163342796708
-0.00022960171509277087
0.0006868734718560006
0.0038705130731186777
-0.0038098684155184748
-0.002971979635724691
0.003929716292838154
0.004758663058560555
-0.001116777215890439
-0.0024103091752756523
0.0011620749427845552
0.0003473648239546148
0.004647485072742724
0.0012581562791977629
0.0009322056257954001
0.001627510910004684
0.002422839684099484
0.00488841299554976
-0.0041203350069905055
-0.00019201375395685658
0.0007184975965150555
0.004450846144752292
0.002255222097150519
0.0005738760439180325
0.002685173409428146
-0.0034009495066291517
-0.004534938714887343
0.002012899398441478
-0.0016643653272573823
0.0009178211695116999
0.0013672648473619523
-0.004523811928805791
0.00463271904955868
0.0003364615974040608
0.004334761846295071
-0.004027426084590311
-0.002568680606013536
-0.0033471243100623395
0.0006618423821538573
-0.0015983407432582407
0.0004323013602880021
-0.0029035308602553523
-0.0021193308720374162
-0.0012513787606128124
-0.0004820153712043083
-0.00031517564311904327
-0.0004047320378840827
0.0018280433115380997
-0.0028765460410339005
-0.00024318380582535014
0.004276908456747486
-0.0018288119231991886
-0.004158325828232924
-0.0036078530729253414
-0.0026778412713819168
-0.0007732127076381101
-0.0018690876155193583
-1.4668295581074173e-06
-0.003956300835091218
0.0012063082756356225
-0.0002893568453488423
0.002523204338688979
0.004323166099620868
0.004463442892007104
-0.002925747182620857
0.002745914771845699
-0.0006262229309501885
-0.004684997006746109
-0.004507754202466106
-0.0015520414328865908
0.0026384050596406925
0.0034000854648772614
0.0028864366907195597
0.0012563670954338765
-0.0018937859609979104
-0.0031267089999348976
-0.0036999448838843695
-0.0005971060456800188
0.0012252678788677342
-0.0019212976367090386
-0.0019429475696318877
0.004385289381103197
0.003555615270890828
-0.0022771884396530586
-0.002387776055630616
-0.004223174450480293
-0.001580228142543133
0.0015734007462242508
0.004930849845533156
0.0006959945279522454
-0.004620977025782395
-0.0023472956680100844
-0.002426085938235798
-3.702890642678924e-05
0.003551710487541969
0.0021751896347667436
0.0037977391293946222
0.0025252226626601747
0.004297732962734848
-0.004845586308083713
5.708194979645292e-05
0.00015161480450458752
0.001418132616516854
-0.0026905981794328048
0.0006344640853295416
-0.0011181456842261706
-0.0024095597961510864
-0.004247231953383829
0.0013058226272878275
-0.002912519672489241
-0.0006571304980689417
-0.004466604982695263
-0.0013456658812906774
-0.00311282302813804
-0.004984384114164317
0.0018348569762180302
-0.003104269006130312
0.0038792403048476384
0.0035664875594882657
-0.0031354416467298165
-0.0049262253702817265
-0.003939569726511303
-0.001335602267778858
-0.0010240589672510158
-0.004870796791871599
0.004570098311264978
0.0042695710809890946
0.0019695841151844183
-0.0016891656365185148
-0.004703951935967471
0.0005030397532311383
-0.0019421430297485776
0.0011361012025085104
-0.0030917912436650673
-0.002002928306246388
0.003793672590290784
0.0024063613197723285
0.0011917330953139038
-0.0018644278183661558
-0.0036521642380694134
-0.003365824611732674
0.003157692227420127
0.0020917976220958577
0.002025797861094439
-0.0011712457505742833
-0.0019640549420072684
-0.004501854967335729
-0.004304355874834441
0.004568276731975234
0.0009882644930214188
0.0038863905251037617
-0.004779623672409846
0.0010940950658213022
-0.0026782201455322497
-0.004664912150608999
0.0032026399827362424
0.0008055345613299011
-0.0044312808750839264
-0.0029659519476976036
-0.0033979025675047116
-0.003144492929001993
0.0028752215417742017
0.0022919006465697608
0.003309115939028125
-0.002792425632066714
0.00039763529353521645
-0.0030228302671765394
0.003773442170864943
-0.004901865028509319
0.0019176654964892957
0.0008101701087181454
0.004757762026578394
0.0011176162364634782
0.0022858583801158103
0.004982594090528193
0.001192942319873375
-0.0037900998522657128
0.0009436037317665817
-0.0006907368361360354
-0.003126164588092402
-0.0034235838246657047
0.0026641789657285897
0.0017258306764120594
0.004849948415705398
0.002682617377479428
-0.0022575448730518745
-0.0015541438515438476
-0.00031300788574944224
-0.003714378560801128
-0.0017002945711031103
0.0046364733327115435
-0.00014735427116091635
-0.0007650195862605614
0.0049778837694851715
0.0010740454115093613
0.004858914478744252
-0.004033105097416532
-0.0027947881803383977
-0.00416344955187255
0.0014635013768597846
0.0013181492791692695
-0.0014024136374706374
0.0006627997858701254
-0.00034888565060229963
0.003914416730391662
0.002614151720899057
-0.004174580145101317
0.004756530477559677
-0.0032696625482886545
-0.001294420475653152
0.0020721275263103868
-0.0012336829932822892
-0.0035327510656753304
-0.0019330874604170968
0.0023788883435194837
0.00451775167511475
0.0006725466072999408
-4.912922242867809e-05
0.0031281204597899534
-8.619846714227018e-05
-0.0013507360991317162
-0.003023528202036302
-0.0007040026006110908
0.003393686936178325
0.0024971363192122058
0.004106845818412446
0.00026604335624291417
0.0009730337625891783
0.0013113262174984349
-0.0045215684660241595
-0.0010111599765625645
-0.0041521318691847674
0.0019835949233219666
0.002466081500299498
-0.002024333537956653
-0.004992753967617069
0.003942624536842438
-0.0038181957632788155
0.004585083528346925
0.0025032323855827526
-0.0037772765333303616
-0.0007185154239968336
0.004898692082449088
0.0022007622348723544
0.002546933296045717
-0.0007442248107686986
0.0038395546525399156
0.0004378440764781326
-0.0036501732822290223
-0.0048492063158267875
0.001620969974892028
0.003886828219127051
0.001958879372741619
0.0036809273818256888
-0.004105453733398933
0.004637504989004984
-0.0010983643456439407
-0.0011944059240611817
-0.004092008064135713
-0.003530499377728825
0.0018432333301565285
-0.004321386774383479
-9.924823943321514e-05
0.0025638408518570965
-0.004278356492837945
0.0014338032184760862
0.004373119840232726
0.0031051868989343265
-0.0009511599631949804
0.0007458333232997303
0.00014734337411085804
-0.0031914886415615688
-0.0011619565602836767
0.0024247138195252274
-0.0041486195644107335
-2.2893333421331735e-05
-0.0013595659358682675
0.003388238709513567
-0.0022729865634179124
0.004238655203154132
0.0005247230839256385
0.00456354427273895
0.004000514359996331
-0.00435319557262009
0.0003616224215228945
0.00029459636664631167
-0.003253763143162533
0.004170118567433022
-0.00401040983620327
-0.003400855037714059
0.004339820154864521
-0.00021074662625935638
-0.004235739009406709
-0.004048191625881752
0.0025182069954351512
-0.0014377750641073705
0.0008267933884659262
-0.003465736978033177
-0.004076839174113499
-0.000897717596610996
-0.003457657245715646
-0.001443839398302733
-0.002825506239762191
0.0022162665374329113
0.0033262965035368323
-0.0002384494432684115
0.0016488142387676066
-0.0027599389443416287
0.004618185748603021
-0.0014189275043972605
0.0039699374608526345
0.0006055106118157362
0.0006269422824806943
-0.002114156915282375
0.0009959719346108046
-0.0038465039340809873
-0.002119769101094008
-0.003873501897504135
0.003554856961463443
0.0011828352148134137
-0.0028366229902208094
-0.00333041712076766
0.004334450994126189
-0.0028321815803990214
0.0011926508417149997
-0.0032959644193050787
0.004339740602323055
0.0012555299316611458
0.002589692854322108
0.0025572199428464263
0.0006002407266965338
0.000534831752379449
-0.0034352073839963217
0.0025334212149026158
0.0012330207463278542
0.002009026392137212
0.0006654228362614435
0.003939428556140674
-0.0019292631791070682
0.0031348417325867033
-0.0013028175938282383
-0.0020493999238774875
-0.003402799235680927
-0.0024223690374760554
-0.0018114210276541243
0.002622148688961097
0.0003274276652987943
-0.0027851593200529257
-0.0046976176741338384
-0.001682280562281834
0.0035149933717783808
-0.0007560422068489461
0.000688406404949147
-0.0043573734709096545
-0.003647511687804722
0.00015182562653028205
0.0010936725645538138
-0.0027717933535970907
-0.0005137720186591558
-0.003848126596864493
0.001175545466115641
-0.004055718846766869
-0.0017111577665361098
-0.004441179852446432
-0.004339938205409344
0.003154733294814951
0.0009045543675342618
0.0049667109433396825
0.002817527325528758
0.004590384145156961
2.9090702669777244e-06
-0.0023843808547203216
-0.00311397504117805
0.004070348241731193
0.00469127645979531
-0.004965468959786461
0.0030572287786196474
0.0029919674131257843
-0.0012453690042751385
0.004047471545300426
-0.0027025275783471446
0.0018937404598779219
-0.00028339795797581706
0.003572924048736165
-0.003602867962987052
-0.0019941691929646265
0.003416788693808257
9.04924572720624e-05
