0.026736077368688736
-0.016585851561730196
0.00019667686298720927
0.018076573208883916
0.017891589938748842
0.0009716519021136898
0.00947508915142109
0.016305631761605904
0.01048777015338117
-0.012472869627944295
0.019765322543423218
-0.02328493888943826
-0.0059465437551896524
-0.027711525333000198
-0.027838794871996482
-0.029597762193593977
-0.02062645016652788
0.01299400580770757
-0.028843745198965393
-0.015564099285015573
-0.026420816524240966
-0.023668522938542193
-0.0030594576149164214
-0.018457118647762186
0.004978288584876575
-0.01153379525005701
-0.007690398895740039
-0.016499705249388874
0.002781091166496795
0.0036285476339578404
0.019660940772931595
0.009139903564277574
-0.019453041269072303
-0.020149293561758593
0.008228289460002411
0.0025342567426229756
-0.017885166142422415
-0.005881264552063874
0.02842716880693455
-0.016589696994910884
-0.014143847146899303
0.02092615378460938
0.01715226217524405
0.0068446610814780345
0.00477567101781224
-0.010795204003985273
-0.014086180626686536
-0.013800144559079294
-0.01825115911300847
0.02441979199820242
-0.02734784857030958
-0.013088803040003892
-0.003491421605322023
-0.020960889707151244
0.025034576597380925
0.02672964235125233
-0.016198657453987086
0.015746466593531322
0.0016561514482146059
-0.023970843786217833
0.022780942727921853
0.012283521805703385
-0.01858388062735613
-0.007466728299339087
-0.02028210752287319
0.017642586837924294
0.015591279685666794
0.010860389337036223
-0.028287576537680378
0.0011580755593323493
0.023908794197199025
-0.016395920967987178
-0.01374596977212237
0.014370300684626892
-0.00835008193315364
0.016258707616238585
-0.025341443902952655
0.0029801046789125207
0.021310253825952565
-0.006105849745381146
0.013070909170201435
-0.017961603216164978
0.021504208163726127
-0.012665449196799301
0.006016981464677343
0.01329393658210451
-0.0004503504118257978
-0.0276338663841047
0.0012368624753666957
-0.010226693447735979
0.0062495129581245715
0.009088923330722996
-0.024944656365042915
-0.01576187559216992
-0.0280796233704956
0.01341467727837501
-0.011970359319599628
0.026965410948355945
-0.029229155946334597
0.017832645912314454
-0.009623894528907034
-0.027867537076824253
-0.017698920056588484
0.019796369459211163
0.027292318368789904
0.006221592227620525
0.011897593032583531
-0.026295653914872624
0.006970194057322264
0.014856026837174421
-0.028990573556140445
-0.005459349682110953
-0.028713065272029617
-0.023055300501571716
0.008319137966539276
-0.018186165798134424
-0.010070890743163106
-0.02230890513163653
-0.0251731600189811
-0.011343608738576403
-0.006169808877505536
0.007054295516896167
-0.027485958090126057
-0.023407219145767225
0.01129556046044683
0.007096829108648367
0.012864342927593954
-0.01475831457022387
0.02904017350476342
0.02148016376765132
0.022023291713793143
0.004844312087912257
-0.02014051379922212
-0.015119998662860673
0.005963593767933602
-0.012241975636459432
-0.026948007521487054
0.0033150060624148325
-0.020189727113012132
-0.01902688354450144
-0.02103448330360041
-0.004568229020477151
0.027242130362556793
-0.028327346422063013
-0.010163812045105945
0.01108140974375909
-0.026609376219780954
0.00455624880205284
-0.026359393682798153
-0.02879074024124011
-0.025405104979305808
-0.0010804880483939183
0.028987558872944248
0.029082352691103354
0.023295537261769306
0.0012883666888722292
-0.021588003195979436
-0.0021482651128489315
-0.023972161745745287
-0.017541305383959392
-0.0006436906223856037
0.013809125099745252
0.00796611069818829
-0.0027326065494865277
-0.007020686220051708
0.02657757833174664
-0.01961493540868766
0.008376722174855987
0.014334994259164631
0.017780367599315748
-0.011443084868729397
-0.028864124209888032
-0.01730353523802041
0.029844562004095236
0.016666411262497925
0.0008603449114603125
-0.017125871197264175
-0.02082299695721215
0.002775181343790019
-0.006814360368785934
0.014882140730060688
0.004189412145209487
0.010616577351321828
0.02927495838531017
0.004239020380435388
0.00869088151361136
-0.018449349885987697
0.0019887844732047882
-0.02551877125936692
0.008490852342087213
-0.006210098773104623
-0.02566792646969787
-0.008015083558980944
-0.018700523625420483
-0.007896262934308063
0.022427409487816956
0.011829673476196276
0.0019236658894539113
0.0296087140075142
-0.018502353221773404
-0.006725170471353386
-0.014485189284164871
0.002119349336458555
0.005202721370152777
-0.0292019506925036
-0.009093822738143957
0.01774814819094054
-0.024314237314677422
0.029795073894920296
-0.02407569484108672
0.026189339621579495
0.02010893577225733
0.02025004931077784
-0.013451488769070492
-0.0004377554857684027
-0.017785114096133668
0.012761698828899173
0.005749370207544784
-0.003533181158507672
0.008911375828310059
-0.010390161567220429
-0.028948090583804598
-0.004818435499411477
0.023516309875606815
-0.019955258514861424
0.02390827161132024
-0.016253765224700102
-0.008259382306232636
-0.004614191702817232
-0.02399005179028108
-0.020236220373570292
-0.02703327109886313
-0.008777778661033124
0.026482887529010714
-0.0013161009961010495
0.007100883391951689
-0.022570344074651714
0.029325864461403728
0.01684965507360857
-0.00035670134783982385
0.0016717143660106987
-0.004378047204312455
-0.014526599676108155
0.015385727421208771
0.023414071072802814
0.010433069383926512
-0.01977492022177664
-0.005316269658324404
-0.0051041559029413736
0.013310612657185153
0.005441164944941637
0.014761497899857201
-0.026687750535877533
0.01856880905223915
0.014286297686438881
0.02604623224021664
-0.005549408526499992
-0.013164005164853831
0.006254153574909618
-0.026510829286966468
-0.020584173383575106
0.005697968267141841
0.029710196775613616
0.016957538259899763
-0.017536709213358814
0.027294450975517727
-0.01510941200642745
-0.02617033486804263
0.014331629606486707
0.021154020511481096
0.01844761392066583
-0.001819088096589868
-0.02734365266696186
-0.007071314861977398
0.004754907385559649
-0.02437038989533681
0.02357618847757196
0.005078279403677881
0.020787189994521775
-0.005476748406157469
-0.009939226027639775
0.01417280333281784
0.012164368717294975
0.0023903451806065942
-0.02802679572743945
-0.023875104040163745
0.019006171881233616
-0.00028087289127091963
-0.006522254327215236
0.009794120656393492
-0.009453915265363103
-0.02041445559761074
0.02210185684302752
-0.027588579596159145
-0.02044563550378152
-0.028449278722926942
-0.02289717728765029
0.005696361236399883
-0.006631791819933442
-0.0019446573477224054
0.022441740533217076
-0.009930291156986126
0.018506843008240757
0.009741281767477177
0.006592326429852191
0.0013195731061123664
0.0024854923053177075
-0.0072415860298865944
-0.02432890110292414
0.01095843231628682
-0.020522343814564657
-0.0018905425734513717
-0.00025596531512337567
0.028081533780804066
0.017034092613945666
0.023616409640184417
-0.021749098313355218
0.023608500670646168
-0.029691763120628004
0.018983920270192405
-0.02509231065955385
0.0007276808195381644
0.008357925053636785
-0.01826775480878228
-0.014397590133439088
0.008703455677540106
0.024475496850090657
-0.02802440746015237
-0.025603958208052932
0.025434250903874675
0.003112938611674901
-0.01950244747066106
-0.029548261609275997
-0.008257091917994366
0.02194486173360939
0.02529051015010817
-0.001314035975762351
-0.029221752104510654
-0.014744410331504835
0.005734344336423135
0.0011293966420759943
-0.004031659732893718
0.007848716607664133
0.014331273553444268
0.014972144518795312
0.019077954841271214
-0.020751345472611538
0.019699954426543563
0.000518730916795964
-0.0230116400358508
-0.011415427122005644
-0.023702971960767066
0.0007149031230109654
0.0052097488081608995
0.028877321156861382
-0.0012878097177545372
-0.029496305798591103
0.0056196857361368105
-0.01261068190414338
0.007726875518498169
0.01563374940641589
0.00474767495903388
-0.028586432727484526
-0.0013457153478131714
0.00444987587676033
-0.0266012755228373
-0.004017056048627569
0.015602225898910388
-0.018326786904402183
0.023703713516750775
-0.017375597026133317
0.013225028483954598
0.02161299884584284
0.017517680807278765
0.0056215963052713355
-0.022194647603688087
0.028014136885873217
0.011759975153746105
0.023265642238652184
-0.01989444102987454
0.0023429970210144396
0.007103933712077785
-0.004141459134201064
-0.024514167273507116
-0.022475341013946215
0.025687452347107266
0.022024736647962596
0.013093823274932817
0.015895656862249807
0.025228545193175023
-0.00311471069610934
-0.004121535056742492
0.0009192383021662393
0.0225031916617418
-0.027802334532408678
0.014664125827097259
-0.020008108534417268
-0.02144129797153449
-0.011472098208571577
0.01937545002758205
0.017773217696188663
-0.01751358365699044
0.015607541492009866
-0.021499413861352245
0.01862569536808796
-0.009051904058937892
0.0032118876404406554
0.02107818756456855
0.012179538463973752
0.027500400367918607
0.025547481640679957
0.0029142491047150915
0.01994198775180453
0.016373876905271152
-0.015179893128946286
-0.01777685154132768
0.006929741625839501
0.014302991038820649
-0.014417579366803343
0.012370406872928383
0.008564313980428506
-0.003909833140497195
-0.0046314415654506655
-0.016651612121528016
0.02588040326433621
-0.020468492400268774
-0.015386116875457776
-0.029246483016539666
-0.027619825084335508
0.015346724932116612
-0.003929890702624363
-0.008052858279868222
0.010627599400587953
0.010362588400235316
-0.02205100929285969
-0.0011501302577560553
0.00606833774414639
0.009110433948200658
-0.027224347254505468
-0.007226866761822211
0.007482123002446238
-0.008194041939634869
-0.01426142629984406
0.022573390264189516
-0.006839627525649976
0.014846045119026145
0.024774433403424154
0.023234962972778404
0.028953775372494266
-0.024754219738040074
0.0029137195314739295
0.02061332949147667
0.007812210269349827
0.028795961335642287
-0.000751754886253897
-0.026994642709588172
0.019566907306222403
-0.006784414078642914
-0.00222279461593939
-0.013140311404639345
-0.006444284496676934
-0.02894986343672414
0.023718501051354868
-0.029198670632951493
0.006768546470071406
0.008760760548443422
0.027862313278046516
0.020839602856198222
0.0003832792449236372
0.015791830931116788
0.029583865151679843
0.027536177250645097
0.02971904490648991
0.004533910333183434
-0.008270060212472202
-0.01004787198049157
-0.010068414936314465
-0.010553923373977803
0.0018608690539513653
-0.011372668928825672
0.0028182643547636846
-0.027998072679546154
0.029200582529915385
0.028569912480665142
-0.02819649991248685
0.0191820299845177
0.01088001869615706
-0.004189181495372975
0.007264822801349456
0.0136764174226554
0.009181678311294024
0.019546977863559876
0.013724758352868877
0.015209908850354316
0.01704647510975938
0.02846967937319076
0.008262743743527395
-0.029169034560249513
-0.0020655768418826916
0.010604571569853206
0.021095502559484072
-0.026514688240556403
0.028998794961912856
0.01993741751558739
-0.006097230671983134
0.0275055636660684
-0.01865382192781122
0.0070829177731631734
-0.009361895386971596
0.0035995022213249767
-0.016734926014853626
-0.004920419858644536
-0.013965932886815531
-0.025850890562422305
-0.01530771479949943
-0.005654338284177295
-0.027219458577359572
0.020040068355512357
-0.011467156404122322
0.025882873689515612
0.009810362672574902
-0.027625078035749862
0.017192067845909632
0.023871323529891353
-0.02599202798003752
-0.02564824848641934
0.024237460274330457
0.027366613472664794
0.003133318389970316
0.029749071414323078
-0.019288426755865166
0.016596589145644325
0.017882848526809547
-0.02907903245426429
-0.012878650717283717
-0.027988919616423517
0.016320638769898692
-0.002741284489780952
0.006678532750313035
0.026994169410817115
-0.028724210162918148
0.0023959141320641295
-0.0006237155398402909
0.007071289076707982
0.00689140783978269
-0.00013988383829389647
-0.00038197341407048
0.003629223215416484
0.015141250967826793
0.01970895648283391
0.02061326755777281
0.023157802811153823
0.006840922683970269
0.000246460981017705
0.007493234886092784
-0.02816803460634914
-0.014027715605972466
-0.010135569268987912
-0.02917967801845529
0.023773600790970892
0.0239953988272395
0.02459620209453319
-0.02560074268797273
0.016852452530682793
-0.020585671520008106
0.020079663504201907
-0.013226334943236648
-0.004215549238191917
-0.012726314801258572
0.005547039381655877
-0.010800664207395061
-0.01744990473084515
-0.004419674595160152
-0.0237685317330066
0.023656188594339884
0.011466962230977151
0.024355274419371527
-0.027019124609144112
0.024677549931048738
0.006585533998274613
0.027338676582543006
0.01985214885600551
0.019506655858601618
0.02301362884585504
0.009096010604264897
-0.02067020966306976
-0.026810872818538327
0.002303763920791145
0.02814843125607939
-0.0168956729217236
-0.019289276005879884
0.010578539853443952
0.022952756741147627
0.026896176273811537
-0.016280183130602963
0.00265509824066016
-0.008493003510632296
0.01048180836536508
0.021214600947565533
0.00288887933213184
0.027306530991795523
-0.0043208499336446875
-0.0017330722200630463
-0.01450161493768091
-0.009666195496177327
0.008972909311732773
0.018238242129460132
0.027256884970517585
0.012106332196478782
0.006389175070428001
-0.00020162090946920438
0.015621806583324967
0.010874811768594304
-0.010018872888105098
-0.012713474433960183
0.018739172976570587
-0.02398969890199568
-0.015506856961792539
-0.022480459036532886
0.004953915961601295
0.013067211747748123
-0.013981379609577103
-0.0004979156049141134
0.013473831052811996
0.028596006881207024
-0.0018756327940977618
-0.018879276608145788
-0.004640670342128526
0.009271824360198591
-0.011899201737545297
0.0057956117271734595
0.025766318091530516
-0.017026386732400853
-0.026322029405158567
0.02269839561346803
-0.011377153965093114
0.02192266240156375
0.012444849109425567
0.008401785653918567
0.027171698025550542
-0.015413170028828117
-0.02066950795723836
-0.016945920559634346
-0.011237995235947228
-0.0031707688580652725
0.010064913025108112
0.02059149845084763
0.02908966646728147
-0.026786769043038724
0.003159586721638845
-0.0032949002562941143
-0.015254729898360323
0.028033265298242335
-0.020571231929593453
-0.027080532567698455
-0.02869689986806427
0.013145611079685565
0.002940148167276578
-0.003733302987457377
0.02274971373155197
0.029948696748620565
0.007095177769230916
0.018282270938012185
0.027736125624272648
-0.015373424691533891
-0.019515693794402197
0.012160906765879463
0.009335803807201337
-0.0005814927952612209
0.008295436971582616
0.018896333202926413
0.017891031471253857
0.016099501789535092
0.020275638389854855
-0.018654475257130047
0.015649693557386248
0.024904317461336672
0.02765951843760981
-0.010308745984738778
-0.015219216472148241
0.009508918674236408
-0.0191177256164705
0.013348671412555059
0.005488021394725366
0.021159900655163114
-0.028120320047425155
-0.004036455779917344
0.02697701207410657
0.008716674986824484
0.02148476225188338
0.024408085619144274
0.019422287908789658
-0.004846727616825319
0.01729951679737076
-0.015947267674370776
0.01544406552048963
0.0017479417474884212
-0.018896859563840004
-0.019732046893544866
0.02160241842911139
-0.005054547035271143
0.018133630620440294
0.008598940484032785
0.029180921942199754
-0.0071051461877184655
-0.015106933123458356
0.011318960261002549
-0.0017262456907504858
-0.006169223537962825
-0.01238212522508465
-0.029451270440493234
-0.020358762804715456
0.02281499121218082
-0.011084265158597242
0.005942978189554159
-0.022857962335530283
0.006867119673811602
-0.017829615222615353
-0.013301762631343583
-0.011858898103818172
0.015983570291424838
-0.01620412571676147
-0.0029186013950868693
-0.002632001268266189
-0.016007565163190976
0.012475565247871051
0.027810504982851827
0.017332899824646808
0.018509358788466046
0.0006991578418869444
0.02791303373318687
-0.01651415231054956
-0.02367923297051902
-0.029442521721031737
-0.012941740052038724
0.0068354357184421885
-0.008510613712771144
-0.015313937337690438
0.021092384753373036
-0.024002117646610473
-0.011643396904067335
0.023256494791561222
0.023803908216144094
-0.009222379975303452
-0.018454311235326003
0.02161321220197599
0.010761155759632657
-0.018522855885069127
0.02947408707774901
-0.00432794948114627
-0.02877790022731678
0.022772396340599466
0.01723912940305699
-0.012134871129777281
-0.026807538239095704
0.004645327784932929
0.02495940959600896
-0.02799198171933469
0.023237439639805214
0.013398868850407593
-0.0004105115524305446
-0.020283432717972935
-0.01046491059129805
-0.028034382452335017
0.020632908859222983
-0.02381777717889819
-0.008116781320613387
0.01099102196810419
0.011859311997729924
-0.02066965888125946
-0.020060592369592567
0.012905648472854962
0.009019743094946943
-0.01709795215626391
-0.0014577344546714
-0.011216588771159455
0.008941731749767888
0.0013479039163752718
-0.011954439538595155
-0.01076000962703096
0.004443770750742142
-0.009718594472722723
0.0008819498434356129
-0.000636060688914239
-0.028949412785447905
0.0182022724079179
0.008873793139270801
-0.02989508867625106
0.025201205255162583
0.017022938420890872
-0.011505093248455268
-0.011321130363666939
-0.02757400358843022
-0.011509533902128333
-0.01941625627461656
0.02389769620182243
-0.021304422440512158
0.02975394674969984
-0.007594769548494352
0.0003532366467180678
-0.022356861742612238
0.013173113231106377
-0.001316315055364524
-0.0003194840700540512
-0.0035899318454562755
-0.007745727190483144
-0.00976725455325407
0.015393426525301894
0.0020470810479365845
0.018444893935176315
-0.011470473879747905
0.0005405761929761534
0.008167567128287236
-0.02715223453345487
0.007021788798005503
0.023269801676205147
-0.011418484727068984
0.015600452282430802
-0.02257823253608936
0.010781332822980508
-0.018744795459499416
-0.01911061376712677
0.020297477910327447
-0.01652421107896404
0.004845412178602258
-0.0056927185248352545
-0.021908667302018875
0.01797697982630226
-0.010162622749970183
-0.008031984319740455
-0.004638966127755564
0.02437209437949301
0.022225251464426506
-0.01194203638523074
0.018957919222941537
-0.011846496065597113
0.02755936144796807
-0.016179475087058234
-0.0024904905327304133
0.005546672365296018
-0.009515422882533573
0.003808943685973669
0.013713329479432053
-0.019062376260619844
-0.01591366758503204
-0.025891142455175015
0.014632097778950144
0.003342434529607738
0.012580706291868415
-0.009294882310378907
-0.024351086483350583
-0.029577000755548956
-0.010927955484347298
-0.0028246478634009475
-0.017949868290237838
0.023031322202275682
0.0027550568292434574
-0.012180285553315712
-0.003118264811421339
-0.023722011076580545
0.012683490463810072
-0.014042495373455081
0.009564479710353298
-0.0011705320028202668
0.0010053163107706375
-0.023804108277257242
-0.009148405270894847
0.006219206795621331
0.016226486474997207
0.018103029558972104
0.004177912421846966
-0.023466960076118246
0.006652886863677626
0.012240790891077068
-0.027710246290996422
0.013589836874688808
-0.011186846628503576
0.017600442323303336
0.009154568532503918
-0.021117015199757398
0.018336285766684862
-0.027904101642051978
-0.003792274647906546
0.029768307933421098
0.015700157208359065
-0.0065526720390474205
0.009468684665031063
-0.0033320077792919033
-0.01888065690389561
0.009723129945818788
0.016229468156323576
-0.017391405216707897
0.02852981693355914
-0.026807861928510902
-0.01476187029430113
0.025029076807061644
-0.012536853161826365
0.020716710586222715
-0.022489091194430988
-0.0064020388878786305
0.021493693078494802
0.005372056110993333
0.008289246383856495
0.013691988291531822
-0.005592796086786415
-0.016601579900576403
0.003939065392958886
-0.007411048186945757
0.017621324545007575
-0.009597439887631915
0.025586857914099558
-0.021432455397849513
-0.005708407596880977
0.022779026338787207
-0.0032990328437974524
0.020236334085687556
0.003032126093232994
0.0028952079861259
0.0056368545150740496
0.0044633939765345645
0.01034896557214645
-0.005065508838540286
-0.007985122338800051
0.007274537768764765
0.02524992859219309
0.015057872751849374
0.008972194608577087
0.004594408991475105
0.015740039882665396
0.0029991568503009713
0.0010931575799302783
0.0010307851481474312
0.024037840455873045
-0.028248844820753786
-0.014256226956131903
0.01694084467462873
0.028210519619776296
0.011864342525631011
0.011256179737252986
0.025575069409757484
0.02632234852003739
0.02046289520230482
0.0022831310599693497
-0.009526113175232869
0.004405590478982042
-0.006820734893148037
-0.021562161543344685
-0.007515058290135851
-0.011046270828826102
-0.028128500632706374
0.012695589785130038
-0.02149740993657198
0.022859167732731715
0.014785970971080246
0.011134352469950162
0.006725135266931824
0.006487191609129923
-0.027617375249005656
0.01924980942052596
-0.013507670390624858
0.01588948937711509
0.008515619322058875
-0.006828786346095725
0.029583123205192456
0.029868323517004414
-0.01011578332366038
-0.007644261799549582
0.01494601783363865
-0.005588838596424273
0.013882939469349632
0.014648603333213467
0.019396099155146285
-0.01618582627986007
0.0086918391281703
0.024786232150039965
-0.011084721742388524
-0.015903443632954317
-0.021442390232296653
-0.0232287646217006
-0.017736426640160993
0.019955102164537525
-0.014147930593772482
-0.023004720595874155
0.025165874301905602
-0.00014703544687996034
-0.003540157118564334
-0.010883943296410462
0.02179150331397446
0.023977814903244264
-0.00540340680557563
-0.029630549618480426
0.01503155322625356
-0.018300607417419103
-0.026863160355483275
-0.01242202186204142
-0.013628620168185498
-0.026983709928640586
0.0028819219157823067
-0.02759889325352046
-0.02088282962015728
