-0.0030359448729337796
0.027895713488326125
-0.009508903920964484
-0.02007744907285943
0.014635626951806313
-0.022316423213301205
0.018095893457570726
0.02772960327481732
-0.013661432818954357
0.008832193521232642
9.296239709809598e-05
0.00811209175626229
0.012658018213144065
-0.005898716917739376
0.00889221502083911
-0.009781581628802095
0.01902859664130322
-0.02815840875387561
-0.024242044358787598
0.008403337931095219
-0.007965153562431698
0.02274233770937644
0.02050928998333791
-0.021808251480070734
0.019222751021222166
-0.01279028741902842
-0.026193849242309067
0.011151462605321266
-0.020260849226267252
0.025353303910389875
-0.022570719274978984
0.01665003227581993
-0.014262425099800902
0.010052540624640734
-0.00484804471413644
0.006173534049193005
0.029274320663594595
0.025682704399530652
-0.001088152587857251
0.021650779697232815
0.027197668988145636
-0.005834064355616991
0.028405805652002153
-0.0013253406153533563
-0.0071597851806213635
0.009101654395103888
-0.01971592902200979
-0.005992102321010689
0.008574658850085626
0.00546526709558566
0.001544827576318776
-0.027395879852627807
-0.029642971538708287
-0.02200065386041412
0.004817330369071483
-0.023536752332121207
0.022505983505749637
0.01866734907162699
-0.001646748001492962
0.026000008757814844
-0.02864118138348428
-0.0029732347430913575
0.005582566257817841
-0.02521276416118431
0.01575860044574489
-0.010380232259915849
-0.015650996052038665
-0.01995250991906119
0.016697697770902527
-0.006300884976487776
0.028469165581135006
-0.01261966822276413
0.006234257207426458
0.0197765415333968
-0.015104801197722442
-0.01238577983424283
0.02614738758760759
-0.012372146105505903
0.0033140562744276916
-0.01384961058889769
0.003461029618128268
-0.029835618366723164
0.023043023889544947
0.008987546649771548
-0.016991828515105542
0.014626005866010573
-0.015666582715869584
0.00969771966355086
0.0030252417952805477
0.018266381632918917
-0.01955273736994861
0.018750694350528688
0.023314481188908685
0.01815752441633533
0.019073965767708548
-0.024974008729629307
-0.021516754594743344
0.010715643258072761
-0.006844115794883067
-0.02975864232721972
-0.029730277994000867
0.028796464951309123
-0.012678185418725535
-0.002257128950428705
-0.007255795485219801
-0.01820755289571623
0.002524505271610085
0.008372463352143818
-0.029633265351666698
-0.004073484298017859
-0.023972158291798912
0.020209334469450772
0.016672480880162682
0.007818159523714549
-0.026429056373218365
-0.02134423207447947
-0.003316698003122575
0.008741714551009402
0.00032854443680535583
0.012500934760137555
-0.009647926276044057
-0.014686023019281262
-0.0204407888006736
-0.023214333142261
-0.024110680900420907
-0.028571342367748522
-0.0026687139582762774
0.027089148229465627
-0.0010846740910380216
-0.00409729439968938
0.028687214827753493
0.001198004209513371
-0.005485804963006026
-0.022386993530235932
-0.02486676145754728
0.02349238027872027
-0.008383093158015723
0.005644772385161853
0.02731687665594864
-0.019662273267114908
-0.017098533881807505
-0.024415647485943676
-0.008090294130558916
-0.011260917653405741
0.005741886190517034
0.009615737882046081
0.00702131298577955
-0.013018993730931308
-0.015108010241353626
-0.02328085954666609
0.015396103598584301
-0.014614236012169704
-0.0013573485328250909
-0.004357973883559716
-0.02439814099793956
0.0031931111466426618
0.00927212910734481
0.016851373520952485
0.013956562130441823
-0.015728092898014558
-0.022060907363478252
-0.0011292898497712867
-0.022872471520663493
-0.0016283773132332903
-0.004004932211864407
0.013689160746031721
0.023647281385975036
-0.0136175660747016
0.005094645551663474
-0.007831581967768245
0.009590867895345044
-0.006887798985652421
0.025446270525153282
-0.014760770344396212
-0.006150856665447336
0.015909098914281924
0.004087399614278155
0.007456938840260975
-0.022480527747374576
-0.016099029913501185
0.02177882549539363
0.012855668281092747
0.007123983119813444
-0.023584061842846556
-0.017375968810813557
0.02477639176641786
-0.01237277107964984
0.009817078491891153
-0.002485153091703468
8.710155089088067e-05
-0.006657534339097063
-0.013845065058135726
0.028367221915982323
0.020818136836950718
0.0289841171940093
-0.020688723443256507
0.02309687166539076
-0.014950398143118099
0.016436603271547758
-0.021356037779102284
-0.015384640588174542
0.0036082517174582177
0.009853389370478527
-0.0055738553743813445
0.010455726838853076
0.007024262052789602
0.001489973973210837
0.005528041357770561
0.021672952388409036
0.016302542918963672
0.012221784386812075
-0.009102591834310482
-0.003460008066641474
0.005208995739612178
-0.0006849409434123988
-0.011940725610010094
0.020129527010953302
-0.009895437326037544
0.02848501216277389
0.013642692871981048
0.021800274859901554
-0.020862128469249917
0.011246400656604996
0.00893908413540713
-0.026747823936320962
-0.022192848641531093
-0.018275880782857055
-0.024849962249259054
-0.016324620945009097
0.013627966694145024
0.024938661094482617
0.029841946758820397
-0.007804184876019173
-0.010821881259307008
-0.0262919081937655
-0.008905571364159936
-0.023670608909674578
-0.0057907506700924545
0.023574827425976157
-0.027704774817746088
-0.0012067764360855736
-0.016139167271996734
-0.018049393662028592
-0.021057393100762507
0.013980040780669098
0.017496925083710833
-0.0115267029320811
-0.01072490165423368
-0.02837201161997588
-0.023958807809398745
-0.015233575125854056
-0.006581008027747474
-0.023174031940082877
-0.02936332718953788
-0.00368690655469155
-0.014259228873544031
0.01889263150197109
0.010620952076988745
0.024621747497072514
-0.0023402688912777525
0.0170514113963152
0.00265750263535508
0.027117830722283194
-0.02741802727895395
0.006488696633290034
0.01428058199173457
-0.016275288646841926
0.020078133510006042
0.007625475604698284
0.013594134417602488
0.01933329063728955
0.018866795296869514
0.016600442647629228
-0.024749444059082762
0.01331003967770649
0.010411254664179838
-0.011405815018620868
0.01785233628440245
-0.008608145940710906
-0.024382551670681634
0.016791990098681972
-0.011728636792704143
-0.004329932612146873
-0.012716301562537592
0.001057673699807131
-0.0010904747094054833
-0.029520536240638932
-0.012324997808636558
0.023002572853972628
0.016728948310478123
-0.010881321129179822
-0.02098405779582424
0.02420289097125368
0.005832575864578075
0.025960550408215897
0.014771643415874648
-0.029403424143907734
0.015767819277592313
-0.016757234595628237
0.01385833573524902
0.010472543430184118
-0.012307455646212492
-0.018274606418283986
0.013947913409150428
0.0018659660127152908
-0.02812694486249719
0.009245549117596286
0.02695328084127216
-0.02290001899827907
-0.0018147882913825825
-0.02105979838636949
-0.01544797933415704
0.026809231054380114
-0.01526230943670886
0.021715664786589546
-0.019414661159341894
0.015424174175157068
-0.013054406602890051
0.01211535525492842
-0.02412597772263175
0.02646694257146502
-0.027896985862345063
0.007707079445169032
0.0018243949934329054
-0.025707487983189642
-0.020237720125828085
-0.026624975926391105
0.01166029889260755
0.01322411059079752
0.019377842349057504
0.020988422560006652
0.014362841897517922
0.0063239250747703715
0.018537471980216456
-0.019898327705128466
-0.008052701315717219
-0.019930701073857304
0.004864557551553919
-0.023200962450536104
0.027011889357128803
0.015303112516484925
0.019361948762061383
0.02302373872327624
0.007477115382415987
0.024375512361432344
-0.007947314834922215
0.007958850641469069
0.0038799498807854035
-0.01913813551489338
-0.013506386091011433
0.011646091394272036
0.020914528754650462
-0.014477933662829947
-0.006431332868357828
0.0009165625987577787
-0.029864977495032266
0.016350921996444216
0.008026098500302274
-0.011667030975957358
0.011973220590941885
0.028074429784549867
-0.017021852971672816
0.010767774354669343
-0.015155782523815442
0.01142235971704944
0.02335454342505064
-0.02507602406775854
-0.026993605384042333
-0.006985597796014407
0.026840108637211348
-0.009047488310846095
-0.009954419497326512
-0.025585193622021194
-0.005644986598637623
0.0066733374488231745
0.01891553096510474
-0.021544528712662353
-0.014367740091429809
-0.02143935691734359
-0.025620858672812857
0.006660997184167156
0.0021585291033929185
-0.0034267575898252224
-0.013368696885627057
0.008676838804319159
-0.024611698439044274
-0.023141368293057452
-0.012413287035821521
0.0007504464907759946
0.008187291603443177
0.02043299859691334
0.015643656342787658
-0.017845247920066816
-0.029439916092861156
-0.01075319248696193
-0.022505711697936675
0.003315014914875118
-0.0032877406414927
-0.002792826342970362
-0.021928835799385905
0.011199516853852752
0.01884364470936553
-0.0256357426434796
-0.001241674241080265
-0.005479096260228432
-0.0017647907726590778
-0.015382603818492038
-0.02451303433442345
-0.01425407207782357
-0.01963253180688017
0.025508389525937182
-0.02909806507907507
-0.027605829368818106
0.01595429382334531
0.02749953346607175
0.02240826696350596
0.022830334091347305
0.004869671974028288
0.01741906136485654
-0.018331751369816303
0.01563350530255568
0.023650374879994177
0.02428753770041546
0.014255888916378877
-0.012506211695489107
0.00792183209111464
-0.028382949931951163
0.0008955137365027586
0.0034088735023182493
-0.001361958210777562
0.014582036787356208
0.029169477145908604
-0.023563588321055942
0.0037603415249795394
-0.017253664824196734
-0.012070532535540808
-0.016926616596165435
-0.011542578992199591
0.02971736173235099
0.009853386139718694
-0.027620089202321143
-0.029205584404699027
0.02061568736867673
-0.008290421445530532
0.02767653441672823
0.022150678959939593
-0.005260777707824852
0.0015497585448730894
-0.020361064162748084
-0.0006780444881616388
0.008473747086310587
-0.0047460922953526455
0.024849808515793985
-0.024627894473986004
0.025716662085345877
0.006073771997494891
-0.0011768140827041577
-0.013396698514819224
0.01758624514061395
-0.0007324669054419967
0.011888200442099754
0.018743659290639578
0.01977852084019977
-0.026192628117171646
-0.029801056398864986
0.011381401200156016
0.016235866202060557
-0.0027495972590489935
0.006931307980596754
0.016558548814095214
-0.012970906735525273
0.029687995342629586
0.015300868573244045
-0.0010600746049005995
0.006484366223233715
0.007826781242576089
-0.022036738148626105
-0.02736346126262583
0.02344670782713925
0.008588326781379475
0.026452109860684893
0.029116875144079457
0.007885221722369884
-0.02679884138670468
0.029025651467729036
0.004150365796238786
-0.022411390805684356
0.009454230547124819
0.015407180998943053
0.011825334840783887
-0.011704203618354048
-0.005687568212244781
0.01896689710064258
-0.01797915746295817
0.027523691388413804
0.002695830771484345
-0.029304757439540283
0.0054990769492203745
-0.008474422735015717
0.016527527748517075
-0.014498305185915966
0.014160275762346096
-0.02062899501978184
0.011785201803159666
2.486666472812163e-05
-0.025692343233753433
0.017246861018605286
0.007018232319516593
-0.0033078086873800545
0.014170961363145641
-0.010858056532649124
-0.01080763397357563
-0.028407382412911412
0.01905484186225334
-0.016159006911869646
-0.024047911391982146
0.02616447120555908
-0.020144412621969084
-0.009873749188065304
-0.014271789948010118
0.015848615480930216
0.013237040673272006
-0.01807547733620453
0.010642242345539343
-0.028173971965224805
-0.022917597427460263
-0.026973104294428812
-0.01827629079548415
0.025489200877185668
-0.00875723338254817
0.0012335853156979736
-0.0013458644670317765
0.00819578383926553
-0.02491055119997387
0.028478585445943637
-0.0076137097482711705
0.01719764923648072
0.016202520142915636
0.01542594115095141
-0.0008866650128039541
0.02272569732237159
0.0038620435328384425
-0.023239836426695037
-0.018501708522054558
-0.010709107021617401
0.0287442455297182
0.01673803227671431
0.007925219859970745
-0.009205442620557037
-0.019393604201786943
0.0031804648177351375
0.008135121271632871
-0.013566309697392455
-0.009685538305971037
0.02446527619834652
-0.004854229096515537
0.022552592569180997
-0.0008829916599906312
-0.026704093138213918
-0.0024175634143766937
-0.003964337971101767
0.005833892926668041
-0.020433853737448777
0.014001483744415046
-0.009588377980128408
-0.012554361107746687
0.008721572519535217
0.008543727345231941
0.001239846333196383
0.0008245298186677075
-0.014842293469320988
-0.022921870009270366
0.005480570071452293
-0.01568927044369943
-0.017421511882589807
0.0020733949389360393
0.020194936718670203
-0.02806486838471137
-0.011088447053512467
0.0017789850021743894
-0.0015099758260968474
-0.0034426361779394295
-0.004030327278638411
-0.010855811944912301
-0.02548975352297414
-0.00430217491444802
0.00164569571572621
-0.01783195612429765
0.020064711930218602
-0.024491757112510126
-0.01662362301569456
0.014952528574080026
0.0295017600736574
-0.021968644310166652
0.00969651170056271
-0.014393510303071006
-0.001386383783169718
-0.015631985147527564
0.022875426539935066
0.023146750170878423
0.02300944361159659
0.014996800314279295
-0.010443889308492861
-0.0015397799858038151
0.011575964743336775
-0.011233299828866648
-0.021727234564820563
0.026502973014872144
-0.004586054995347345
-0.012724723932986414
-0.014132322239434704
0.004042439840054077
-0.008520877713091134
-0.01904978800903601
0.023659523669215234
0.02585994052162486
-0.019288563543391965
0.01684930876325387
0.0019200548428025127
-0.004513098841024167
-0.0033249010161788863
0.028600003744329527
0.010744604831989545
-0.026131061790182184
-0.02702375088230971
-0.013161999214566542
-0.003349364702297679
0.027200155966694374
-0.009682506992889781
-0.024961803545874368
-0.02954376060297059
-0.0020674815101802066
-0.011562256282972035
-0.013287537820586327
0.02112505201472286
0.0015206909989368272
-0.021956559482190156
0.0008675116162434535
0.01869158566717144
0.020257610093265488
-0.01816860593589966
0.004708895165363131
-0.016947688203099352
-0.023207601304874207
-0.005006867666352149
0.0022233186318285428
0.012915637064911063
0.013063374006270896
0.017694595718145523
-0.019672786550287858
-0.019160081933788948
0.006087239727174586
-0.015750412461773777
0.002602089735414412
-0.003352812163672659
0.010909061749109071
0.00875666521627784
-0.02478882702368361
0.0030137942234984005
-0.006868212209286819
-0.028627431138330647
0.0026740666898364893
0.02527380575824155
0.002733057899868885
-0.011958159159540547
0.016028511098957546
-0.017811366130831154
-6.823370856567229e-06
-0.02171527307740131
0.012542683213091967
-0.014461062756986479
0.013011265194575267
0.017150228785452352
-0.0020548413799447163
0.029398924337230792
-0.016998695668830447
0.02776434523995193
-0.022680046548015247
-0.020594893074609828
0.01298140189930428
0.01823939768668631
-0.018949028109282753
-0.029206801767225038
-0.016471211233443715
0.017857610565519176
-0.0263334523841129
-0.01864758183796096
0.013165273743566956
-0.01806596234894586
-0.021773996852274324
0.007631833389471987
-0.021073583318507928
-0.015894821591325187
-0.016773874342910056
-0.027368516454959295
0.012954595675389084
-0.013010180817318685
0.012451195327485003
-0.017269088316516815
0.027876895062927433
0.010564204551145609
0.0009565625455220141
-0.02460052393396301
0.0132545076766232
0.017070253064361794
-0.013781691893952779
0.011000171918682862
-0.02755218995504892
-0.022724041277186222
0.02464499087878047
-0.029371661306981704
-0.013417839207920536
0.005472509771001756
-0.01948002062034114
-0.027927364595029622
0.028785046164636827
0.012682841577614637
0.010584125317889666
-0.023054570130013018
0.026194927922649595
-0.00249141433606968
-0.019887022790152115
-0.0065342988608001855
-0.003980378720945858
-0.018812628372527618
0.027486987695889017
0.02038180269700069
0.008287319612539652
-0.016847860790755113
0.009126001365677427
-0.017727943378981224
-0.009372059720767531
0.02068870767420087
-0.02655390686990738
-0.009515429075638883
-0.011697458843605187
-0.018236164797601574
-0.012833071005833304
0.012596332888823086
-0.00019744660854826082
-0.027118602945573105
-0.02986135290990182
-0.014438930317038247
-0.0051742627947442485
0.007325300095847927
0.018099085705974877
-0.020635457020373744
-0.006682311945092088
-0.007944153575301552
-0.01345291370067575
-0.004578323921018902
-0.011075988043636891
-0.0020878715161036995
-0.006520010089886275
0.025186051208388495
-0.023036604961296423
-0.011586638885612895
0.028933498944254947
-0.0005410485099567527
-0.02791442535909742
0.001972600283556343
0.014061040944823959
0.010248022999298681
0.006760055756378079
-0.01724534939278622
-0.0034594615335213075
-0.016650879116002257
0.021102808419220895
-0.015156562073102358
0.01361489649612102
0.007534997878195518
-0.01979437007421301
-0.021240424932381107
0.006872713744791675
0.011278582843474286
0.012362438594612939
0.0064737543921869825
0.004491192759987474
0.015290031891797277
-0.016788644511924525
-0.028699441193443854
-0.008965555702890596
-0.01650411872817075
0.003246320990189032
-0.0014233008997847976
-0.002044962477949854
0.000576871067410039
0.005863696758750717
-0.01600453568233432
0.02708946838900774
-0.013903814844169752
0.007906653684437881
0.011570266170007754
0.020422174170181544
-0.018932607303967553
0.0027574649377653873
-0.014378901390786767
-0.024216884458655247
0.018568641857610264
0.017368095633730485
-0.029333881045345494
0.0023228128199812223
0.022102978766170164
0.008736517283112151
-0.0208510355924063
-0.014507041155952452
0.027906756606568335
0.01682731147493339
-0.017847601094763785
-0.005655004044834124
0.024411232171647347
0.010107156937933272
-0.017904116781446978
-0.02865770883894544
0.028825001107387047
0.029964429007407284
0.02907896717747309
0.005623106757592436
0.00026498987649393665
-0.024081485706241145
0.02557482259329566
-0.011261189087585121
-0.008002381875728052
0.007330165272569099
0.026299467703052963
0.0005879750070094461
-0.028830264608315545
-0.02206878002459549
0.02687580690722783
-0.003049663648964432
0.0022889133452997645
-0.022743724160596033
-0.02959941781473945
0.002882969110700531
0.013888077883746942
0.021531630108791278
0.0262563830206703
-0.002133401109381535
0.019273235362518494
-0.025110093689888372
0.020601957793896918
-0.021825990375808818
-0.00011442689915060894
0.005167382353320871
0.015695206294360935
-0.008929063037220554
-0.0006071136581498569
-0.015398655309622188
-0.016678919213715324
0.00520092634100449
0.024508283945082275
0.027642686038040237
0.016496336126045306
-0.012633444298441304
-0.02534249031810795
-0.014334714893640597
0.015933480098591316
-0.01439518404194104
-0.022350859832453447
0.021455861982639386
-0.0029009824260288614
0.01704164963793202
-0.023023898391123183
-0.010749035884682293
-0.025370834028173368
0.020332682463757544
0.0030194997480477437
-0.028551972718691754
0.026831134203513345
-0.025313198026623122
-0.017301717554072678
-0.00848474110247071
0.006519058716616649
0.004547318664128247
0.028550817649999186
-0.022253796914895593
-0.023732196240418627
-0.027276638368337616
0.028007980379967885
-0.0059491525711540295
0.015016805687242729
-0.02832970945662299
0.010220000512725341
0.008747349481201046
0.007364392802543959
-0.011587131179411389
0.012471051921558368
-0.0040601402458775165
-0.02021562233934405
0.027768331459958023
0.022930815001923704
-0.010557621377358588
0.024679548157234006
-0.029666329355946604
0.027246795972645413
-0.00386243953045207
-0.0007986838833167614
0.014356160517804056
0.02044415368556224
0.010199661119022325
-0.026364935122129465
-0.005781862439294336
0.0012839234868064
-0.005783680882850976
-0.017334090622645824
-0.019431543896641836
0.005480033486331484
-0.02435861397553051
0.004374686412785579
0.006878949000786061
0.01922036578327179
-0.02002843988111288
0.014271622954072527
0.02182352057851386
0.004366849772703484
0.028005755067416635
0.0030541150809906686
0.025853633372788523
-0.017243287905233093
0.0007897400617673279
0.02284766449481876
-0.01431138439294491
0.0239341232729453
0.021631063064423042
0.004548315785961016
0.017625940196227118
-0.008450994489886097
-0.019348429943629987
0.017110254586757564
-0.012384773347208826
-0.026014249649370574
-0.0022492587980415014
-0.024025398302387604
0.023157606798613388
-0.01793719012059146
-0.0042257212340778005
-0.025036656104244628
-0.0031812126708139835
-0.0042927177716866015
-0.02174101912666474
-0.01649340309915518
0.019590384911496374
-0.0037463968221680376
0.023822607050603566
-0.021398776030038286
0.02660168357114969
-0.029124960992888787
-0.02711699107163489
-0.02382862651753821
-0.029189447061734913
-0.009263656275499542
0.008928427068335805
0.01646839441182845
0.02211949538831673
0.004369121151029005
0.026291901416825456
0.01694106525813977
-0.007315994102750526
-0.002022218956911098
-0.001180584201579609
0.003510957188184151
0.009455066021416658
0.003581940107721386
0.019858026571598686
0.024490317642370883
0.0211698310394368
0.02484573852269107
0.012690592182643755
0.017561684588323724
0.002843391030946267
0.021103149153378783
0.004226695179161459
0.020640169532375963
-0.023966701860886612
0.025671898854038235
0.02975459273296823
-0.02699192481639935
0.003011654360811196
-0.020262881453966132
-0.019770952391057063
0.012300294007214295
0.015247185187471
-0.006135610011611819
-0.007478516236791556
0.005902541709975916
0.0011612410103935891
0.021349684251705706
-0.007025400152915747
0.014361344656435349
-0.012346902889611482
0.019394668441338934
-0.006394160498781054
0.00045095845164390067
0.022559984090797985
-0.0018642389117734005
-0.02399826097216365
0.0030192363615292664
-0.005934616005161979
-0.0010765379299065465
-0.007261283395915346
