0.02893164313756435
-0.028689989493588784
-0.004880199097319394
0.018866280353402543
-0.013170046360793924
-0.001958378787175804
0.006555000301558589
-0.008138983144398967
0.014353572811342002
0.01752648365935819
-0.009566670169737009
0.0009683238747558859
-0.004354117201475809
0.00685922642470551
0.01717947024950523
-0.01537516244127794
0.01796857178529071
0.014569083954731742
-0.0015972550776751845
-0.009566251154276693
0.00612505918254911
-0.02117897810111985
0.005453648173587955
-0.0023074997366688936
-0.01952364385777071
-0.026704716734736192
0.00792210645733623
0.012223041848476474
0.010826284913686132
0.013158001151316462
0.00503217371387496
-0.01873185217304988
-0.014033609987237235
-0.010925036942966121
-0.014611480852713729
-0.01669239448963704
0.022909318959728843
0.016965319106376164
0.014228446015842104
0.005516993423975665
0.011737860666425091
-0.012952577843486399
-0.01703436582227906
-0.01852489552685912
-0.0018408360406414678
0.023906926620102055
-0.022265257440932197
-0.02679431315930392
-0.0021882034635625353
-0.016980782487018096
-0.0004989116990172446
-0.0038901310387880576
0.025197349764554948
-0.01057459413945179
-0.02770729522847027
0.01115320892843951
-0.008072243500783161
-0.029072383685261178
0.024421372091930342
-0.018216041739292827
-0.005405933899233044
-0.003804308713620287
0.026911747291057067
-0.0014209953221024085
0.027133235592645945
-0.019553543103165802
0.028939610403003496
-0.01707494243526962
-0.02246809087559846
-0.02293561889245758
0.004134168484461784
-0.02359145677726148
0.024900240990205748
0.007060300462426422
-0.004151613724233397
-0.024935480399753907
-0.00017936145501765144
0.0040691333710642305
0.026729876654360475
-0.008376161494947583
-0.018654576097602547
0.02704087027138047
-0.010173796438959729
-0.02246196207599977
0.0012996791637245528
0.017595036113974234
0.004275435676001346
0.012035918296070716
-0.004429140034329357
-0.02763294058933778
-0.009169996845375342
0.007476910626869088
-0.008069667183350945
0.0026848665040156844
0.027121327947056947
0.029897542404743745
-0.022106385296876967
-0.004683718775445687
-0.012630044159807823
0.010962067575727298
0.02061291537350063
0.006685158351647076
0.0011790317121550854
0.02355593693651422
0.004922028445593994
-0.024157439207588213
0.011360685795120104
0.02205774743971274
0.007992756262005407
0.026587591651626996
-0.005688050598449231
-0.02753325214826607
-0.02195765095933746
0.024088038826675075
-0.009078281746293007
-0.0030976475045790194
0.029690504520395483
-0.024697904844964053
0.009404214412355033
0.028128078313431504
0.015924936097175553
0.004509214263608216
0.008135261522179936
-0.006154571770087942
-0.003499854536690595
-0.025632365587632048
0.012889580629885308
-0.011744081285537625
0.013968933113886889
0.0061511452604702255
0.025274376494430845
0.020601772401580766
0.025592317689118967
-0.024484771875969154
0.0004738961895825386
-0.01985490854513494
-0.029444140271109035
0.02852988735147094
0.003948767467803753
-0.014741969628339954
-0.01810751316140127
0.017332803903465657
0.02954779732444051
-0.019138883166396822
-0.013601517351566027
0.013657821375997033
0.02116674745613238
-0.01549150990636443
-0.003465261992477337
0.011160741667990762
0.0019454831581767612
-0.01001174984874715
0.014738032923894945
0.01835205367547562
-0.014236634047704637
-0.014587483699974578
0.005774227287412059
-0.009425715996879653
0.0006476622738862334
0.0038212211420623338
-0.0013926992048433444
-0.022422374537172357
-0.007518450895302953
-0.0020840301856236906
0.02462756551918377
-0.00299330811965939
-0.0021865638880998912
0.01916790776612702
0.020413876111764942
-0.02378433036399302
0.028310626662395436
0.02488045043618839
-0.002797987835189631
-0.007701469705015472
-0.029593054519087607
0.003770714690694038
-0.02518298155791346
0.00751399991846876
-0.01860871548919612
0.028137764015130316
-0.02145645044000745
0.02337169962162386
-0.01734485833738072
0.02157750410619451
0.014884088064872458
-0.011752896693450057
0.0012888581730410298
-0.0070203991855468245
-0.0008998621059039778
0.02712189247342442
-0.01767436276392629
-0.007973933707590093
0.020075509736736274
-0.0111474645401747
-0.026628162308961454
-0.007075431952388477
-0.015294510780007417
-0.02836618555558691
0.006800034624014871
0.024371148611826182
0.013009386887704609
0.006902686232751629
-0.011826216820018848
0.01579121538972976
-0.0143117132745978
0.02589066185432088
0.028568078401969343
0.0018192346743515705
-0.0016929142238940736
0.012193258616312756
-0.02073737645508767
-0.00920079748206002
-0.020524874839266384
-0.0227960877955789
0.010454972444414089
0.016203687851663907
0.02352189932869158
0.023493299699040203
-0.012401705111503417
-0.020339874486641756
-0.025612021069025433
-0.02513557697305833
-0.02638506507666307
0.005078669124103728
0.014821267392344933
-0.020153119107984493
0.025914084004555124
0.023454413024096905
0.024306729980088454
-0.005304750359142331
-0.0027974946694636627
0.009742914471816196
0.005820362920493656
-0.01948374125401622
0.015264063846963973
-0.025845050422614382
0.007157040213193626
-0.005791822730428952
-0.026303933154326078
0.009723109751474404
-0.02861569887409038
-0.02641552966953442
0.01239560228872466
0.021589747295950756
0.027774904600418968
0.02770621764040046
0.010330892988056638
0.028233944940185475
-0.0031211278407195404
-0.0007500683049765262
-0.00492310880910728
-0.028284476582889826
0.02868698357831534
0.01732630534483278
0.0010452190237147559
0.007819396680745466
-0.02647378487615349
-0.014675744397848876
0.0001399452642592905
0.0023503821452857537
0.003102285373279126
0.01243330592455668
0.004562007451840315
0.018347029362471116
0.025059954119740213
-0.014670409393480806
0.027116351135511765
-0.02230105957353777
0.023562278392867356
0.014160349103015779
0.014342173208455156
-0.027560865894921557
0.025322866039195875
0.011460497646235038
-0.013467198772532576
-0.029892269544027315
-0.018110409729773888
0.012007493292773529
-0.026900546257302673
-0.007689561661881311
0.01280404748784885
-0.0008086485123262252
-0.012105130792279546
-0.026984411429214247
-0.023417777377749884
-0.008867370809011631
0.02857507088305069
-0.01852529502079272
0.021504856139846
-0.020356796521519026
0.01209051631087648
-0.029429932525544284
-0.0009448915750023754
0.028348998722216516
0.003401829757930269
0.026197770040334432
0.0027366726976956537
0.02302242680533082
0.014208434290714264
0.020981244258830814
-0.02728975954008693
-0.008442658329948623
0.005969111837690402
0.01399595701441761
0.004206338734370006
-8.203578715980028e-05
-0.007141466583686359
-0.01838738937291279
-0.018645725017777972
-0.02987550596060006
-0.026624962224088437
0.02454075856570425
-0.028379214635583936
0.01727361539570592
0.00939774485630343
-0.020374820795484673
0.029568737417244036
0.022739902916013896
-0.02581989709648854
-0.010869503011926181
0.00023926761448068296
0.021301737534362895
0.017750064454106755
6.953670061131748e-05
0.02564077905327964
-0.021704962465923898
-0.009779661055828379
-0.01665407935134982
-0.018572849744887533
-0.0009923848755247072
0.020532714233439518
0.02213588665691256
-0.02564676751748935
-0.003155584385732598
-0.0015687512628123935
0.01900110838358072
-0.025731261354589793
-0.0019321256685952623
-0.02088101012405942
0.016006071969304835
0.01754931374346655
0.014777917676939978
0.02834757684198265
-0.021356943239209475
0.0031838486155305254
-0.02803234684024907
-0.00939512706132126
-0.012340166333235699
0.006027891051168112
-0.0021714969690248657
-0.012464352923456257
-0.009434422403386843
-0.00037762051574105615
0.000810185300376326
-0.02071651492201608
-0.006064710406937467
-0.029898506662706274
-0.018891390272165277
-0.0219227268615758
0.029236948184542914
-0.013746712187729375
-0.009002879728532882
0.019673060521256017
-0.009505265742045972
-0.025118977829526386
-0.0043936864765682475
0.02463854741381269
-0.02606505531547544
0.016246611706778512
0.0052610404010985864
-0.02073864213597277
0.001887925292768794
-0.0089052557347249
-0.023250567387097035
0.02118989090853042
0.0015287791046322066
0.005721969023758856
0.007018486400413568
0.022935514233288164
0.011846689359368737
-0.015688610862183348
-0.003356259422896881
0.005262236601994791
-0.004781524887715858
0.02744087193122713
-0.01810944008918519
-0.009060675364673799
-0.007415752432991262
0.021394967939512274
-0.01648573971755362
0.0005357494012979171
0.019987238306476043
-0.006137949274025729
-0.01962477675042459
0.028248583867753932
0.027616071750175206
0.004029934305327755
0.019673567200746082
-0.023051334676355256
0.0023065437316604903
0.00904861350254102
0.017118426949187283
-0.026314542265347598
0.0019494981599125771
-0.02175106717446587
-0.0167277852704592
-0.029863137186904358
0.012809587813344972
0.00026000737391929443
-0.006181076889869325
0.021332455016732296
0.02509056161672662
0.007315487211959813
-0.01961696768235006
0.00976524083875261
-0.023053555350310895
0.02224894293158071
0.0031869995057334996
-0.01908496290474563
0.024993275080249094
-0.01864106821395469
-0.019994713536532926
-0.012894558600001993
0.015040919992632455
-0.014529652984387739
0.00882204069818529
-0.02326860540124976
0.0025167494965502787
0.00772958248314029
-0.0032318551582340566
5.924245949306961e-05
0.00381266478696083
0.010062812792776397
0.021890153904188137
0.002376205354305397
0.028850204953527324
0.00887123521468601
-0.0034604018726685747
-0.0003873156543276815
-0.011971595508095536
-0.0022029486788202983
-0.010335895532492655
0.002170834860402454
-0.009599251269475868
0.012326593728628064
-0.0016242087940127603
0.02513893525314486
-0.012828909265299553
-0.001082607040278398
0.0012032801207508756
0.026903188130430272
-0.02359735934700002
-0.017608379505700204
-0.014733171090385001
-0.004351571623810845
-0.021649623795759933
0.01893947352349208
0.0015195734834026475
-0.011675656117798017
-0.015068251176609045
0.02905106881004118
-0.017192766016769112
-0.014820531395565217
-0.0027228366495744456
0.006658744899699649
0.0009425951572122476
-0.020822901420256435
0.01345934489000876
-0.017260463387070234
0.0014767953345276377
0.022560582030155166
-0.020638323642025495
0.023781556274911103
-0.016221338818953088
0.01310273745908589
0.026737962895443695
-0.020993274330268298
0.004105770495875009
0.005130340143652622
0.009783196903185368
-0.0017599623582926736
-0.0025892621636909585
0.012202171558130429
0.004475550758041111
-0.009316838134707552
-0.02317909104942352
-0.021895709186778377
-0.006123468732131088
-0.002409200766335478
-0.024690532915553957
0.015906788342392675
-0.02337353461397408
-0.014122197814672825
-0.008600490600477795
0.027878472371953074
0.006079483639224011
-0.011910197025491474
0.02389514094453017
-0.002782305141703606
-0.01507443724121721
0.003482603878676424
-0.017470635587133097
-0.002300468617649605
-0.00258073749915241
0.01837509476035882
-0.0280077821637075
-0.0067210905027303425
-0.0016095284254881367
0.008188811898922378
-0.006265060436917734
0.029525973513025758
0.021521821164745283
-0.011788143921759312
-0.004438461170074352
0.007994349499863607
-0.00828379697460328
-0.011841408396122993
-0.023914179345758915
0.02492403600081082
-0.006858704418911125
0.01390878021548101
-0.003539589566305547
0.015490063971452715
0.0227435646129756
-0.01433545831657158
0.009455702793949763
0.013145391745515614
-0.02835448339688642
0.02737516497339404
-0.01922197987355393
-0.017816307983328464
0.02753510485733049
-0.005096477287638391
-0.02169301042951821
-0.0006338591028941798
0.013990501066639446
0.018583091403340787
0.003185182733226044
-0.005862256921855099
-0.008734233025030801
0.013553019882508427
0.014227353216906768
0.012068121689717971
4.041726320436548e-05
-0.025918733407849913
0.005670211708248045
-0.0020173896744682986
0.012113012845528966
0.003455699563089505
0.0040033850844536645
-0.020255645206257042
-0.027914503511877308
0.0032686703206970466
0.007610915513113471
-0.01212070310710879
0.025576123504922534
0.021330299636624528
-0.0007292381761983581
-0.0027792615642211575
-0.020220058874387783
-0.015189539202066036
0.013205014807386943
-0.018248807409258952
0.016085531749017584
0.003750779309697423
0.007141384836171716
-0.007852301638406587
-0.00019651339998209838
0.024923090460053587
-0.012038506184458002
-0.01993499620845154
-0.023569837206335646
0.004186568599393446
0.029431123311206342
0.0013581657921165127
-0.025413228830984277
-0.017733600681379184
0.021448396355071578
0.007828942282825192
0.007263943368161274
-0.025095194951333402
0.013308989202683905
0.01134438799489907
0.00060834679346667
0.029028347802676713
0.019188682756071364
-0.02133141971669597
0.019254234531615948
-0.023856324738500533
0.0008790231909961144
0.0071436537948847065
0.01425678020509976
0.02278406412011514
0.016482890901985153
-0.01436536862263059
0.018785398343554735
-0.0031488030323384916
-0.01816802002587969
0.0235670618445527
0.009440124158837618
0.007135746974472362
-0.028663812726356732
-0.020254887940388003
0.009589240862554214
-0.027602563636653275
-0.00807105341212504
-0.013646785085352223
0.02955344340260753
-0.01038314107296667
0.02903210570577875
-0.013557471744172923
-0.024354523560559713
-0.023360032113526743
-0.01652220241481398
0.003395804590994006
-0.019413012111103592
-0.01659859632569516
-0.015545522460425216
-0.018021557984784116
0.002889767356599987
-0.00677452259418097
0.016951072584694346
0.0051929365998028
-0.02758174593546008
-0.005091665323649904
0.018938890215552548
-0.027666415011907423
0.015923114073290376
-0.0025385748746115343
-0.028411666841122528
-0.013077712024796323
-0.017894301451600078
-0.027352117882892185
0.02464846433133923
0.016379092395416663
-0.003304724776231168
-0.018068050165460373
-0.02635899753258522
-0.02406075173952199
0.023888601819208634
-0.018398324587776474
-0.02335276891735941
0.010824415501878293
0.020921489389721312
-0.0023482695882113686
-0.024213610990218515
0.007141729741923772
0.0008639411387866801
0.010660275121193025
-0.016394160122951765
-0.020446054277585692
-0.007874315815758239
-0.0031427913609181415
-0.023594783069707942
0.02063102319160387
0.009704086367565597
0.01398397594772307
0.015530672442425966
0.006595810647540376
-0.015657168960412852
-0.015701595762723758
0.0213233172059642
0.0006287701659111293
0.01842704046138601
0.006720320022188753
0.002734203508223891
-0.020332316085866595
0.008683517250698408
-0.010704307749880279
-0.024686437951632452
-0.021378199286537735
-0.004341212553638691
-0.019585975878326077
0.0010339745056791375
-0.014782776645316156
-0.02955929026980713
0.013794477553398903
-0.02262694518613395
0.012361223232230253
-0.024188660792487805
-0.0032465163761693713
0.02466194027141201
0.002994455140660622
-0.0018060874237306838
-0.010368740194502082
-0.025535014864168894
-0.021450773755331408
0.02578756307769533
-0.01985574616976805
-0.01776719125578535
-0.003486491001501193
-0.022535952356087952
-0.007619781572725824
0.005344705068021413
0.0013461230725541687
0.0267862233633816
0.006294673252984287
0.005896378338375273
0.017532518774876694
-0.012864162383471132
-0.02235459457506888
-0.009614372812001896
0.0167190145085886
-0.021653677212853047
-0.01828374302203938
-0.0055719935682920045
-0.005089779226977429
-0.022511108564926614
-0.02252033133108276
0.026591677130563582
-0.02010401218291312
-0.02933070418815949
0.019280523750131125
0.011116178690053803
0.012656083289665492
-0.013028210587747311
-0.017949695607499476
-0.02079211196309616
0.006170549430888073
0.023210686015649747
0.016036177270872955
-0.0016381674216146107
0.028538415209800577
0.02401310213498302
-0.01992163395193096
0.00112332395403748
0.027687248124459482
-0.019339996818544723
-0.029739755875771507
0.008403933766283206
0.008101672683249475
-0.0075034661258381215
-0.0013262111886379706
-0.0202226196344077
0.011058242655071222
0.010093757801816858
-0.02002480781930002
-0.006991553388509812
0.019771244115017052
0.02927779094204136
0.004308190623600536
-0.02474998122673551
0.017688009078225472
0.000679963918570621
-0.011320168100781281
0.025232485756299758
-0.024207653193677396
-0.024127374629947757
0.0020668717552290994
-0.013762423667274391
0.01966374675573932
0.020127441681063188
-0.0015598691108513682
0.009413914609398513
-0.02792840275961947
-0.0011957337746713662
0.009122377597593295
0.023312607231320545
0.025223668427235946
-0.003490430020598012
0.029400589323314637
-0.0032627107222659817
0.02510048160988057
-0.026986140358672677
0.01986973154144
0.01774487532523536
-0.009277294373264522
-0.020609383896848084
0.0001709726612108102
-0.027859183557034616
-0.015224674366560095
0.02074810397762157
-0.004857211507988547
0.023730877267733083
0.016819838469571906
-0.00921401002774883
-0.01286120487859731
-0.007143334698507347
-0.02438428961003458
0.006614222426403471
-0.009619967853397398
-0.010609399173608612
-0.005707175618707847
-0.0022156328661699642
0.01790011601551498
0.014957024082375238
0.0044467688507999065
0.010576775885865607
-0.01531107171863277
-0.0042966894839832
0.016672639468417363
0.004902057294036893
-0.019985618140975603
-0.0011295031117908444
0.01925690845215542
0.0024403460734550297
0.013776523442535181
0.02432173392783233
0.019657904454772085
0.01303514315985984
0.008081341014245777
0.007067559786885801
0.010593333499823963
-0.010916891973755179
-0.0047296393144548275
-0.025587332887299072
0.012463200264518533
-0.007072219795891708
0.01281948183310977
0.02683883898866691
-0.021992673895403003
-0.02526391394838101
0.013936759850733803
0.016449966110925827
0.006701486477636867
0.009956219309015052
-0.0014772573188517706
0.0005414569853436149
0.0033420105789639526
-0.02562128535196775
0.01939157982895357
-0.006254703195460183
0.0036731003725753372
0.006970714591172628
-0.0021747699697538744
0.02397573284285314
-0.0013144607575282727
-0.023006305983572277
-0.015235899024795895
0.015780324101749732
0.00010882659949934884
-0.01980192687928985
0.021506846719871492
-0.026076915635238215
0.020487334386682272
-0.029933808046492757
-0.0011431975422788072
-0.028663269094220685
0.02586876067563116
0.028300975622024903
-0.019775887846221307
0.019026273850294907
0.010364180383948457
-0.005144509619290114
-0.022186232523188524
-0.002415662575366233
0.02386024095684377
0.0039927376736287115
0.008490917640529443
-0.0022957903876656034
-0.005112850711901328
-0.01580034033500176
0.025080772667556345
0.0063910831969462845
-0.005043076437659312
0.029136207622379985
0.024190501406869132
-0.0003225762665641854
0.00014856104572167836
-0.012472324972552525
0.006993258167925259
-0.018036384172838506
-0.00084903813647998
0.01172414985619226
0.0038350066144294537
-0.028777102923571645
-0.0017073326147173003
-0.02726263205712743
0.009527683936777526
-0.009060650095621368
0.018128316973054365
0.026524255857749868
-0.022016474077152647
0.025492237236672488
-0.019846427976876718
-0.02287830601142056
0.00031351671096124453
-0.016546674371982234
0.012458931625241566
-0.02473611785465288
0.02100459523096483
0.013273767599900357
-0.015584773724078115
0.00663468354190587
-0.00011008807981016666
-0.011854552775601025
0.01475916464035179
0.009179830008065513
0.02424267758736895
0.0035218951202023938
-0.008571055481050735
-0.018274296655153482
-0.02879682524105617
-0.024997838085754086
0.012722290151773612
-0.02594695972837172
0.029179732284250227
-0.015566240865171945
0.02745130211644839
0.020012918026405806
-0.029511955727870857
-0.025859945217334583
0.003479291833208789
-0.024966854404272727
0.021418310207418474
0.019411627011968538
0.02401913586888786
-0.014907039745782814
0.02925762599061102
-0.02560163357536658
-0.017603280829117288
-0.003034885561300514
0.016458353538960344
0.0016803798949592413
0.01479630000938622
0.020711246860482875
0.01041953018681148
-0.0018453575580304124
-0.014981207521057853
-0.01838818453396089
0.013629165245598762
-0.01812846620060221
-0.013648627369706921
-0.008296651468606427
-0.0011978869584096143
0.0009865661738354577
-0.005415619995282964
0.0004975266734966385
0.027422550110087256
0.017548054562518477
-0.02752381976363063
-0.025717683331988612
-0.013445332752273425
-0.009886034652719318
-0.0007248425631460782
-0.0009571637704508078
-0.015667114468569374
0.027290309844686292
-0.02226424644714112
-0.021389730097361222
-0.020102341131893464
-0.018801939530593798
0.0056215062415400155
-0.0043449731671222
-0.015559724420718216
0.007805661346781866
0.023007592910377878
0.015606743728354175
-0.02922592192054553
-0.025061263448067972
-0.01859996855509533
-0.009598156908404657
-0.029747958480713137
-0.029404990911407292
-0.023506573831725306
-0.025995765551543006
-0.01246081072892815
0.02718797686556018
-0.01504165727132213
-0.02303117426413545
0.024591782396922182
-0.009242787481265571
0.012869456007303937
-0.006253576037685914
-0.007639357860872879
0.005970585627535302
-0.01123908313578726
-0.018544032481220586
-4.653075083783237e-06
0.00862069082438209
0.01408582740903025
-0.028040025182579316
-0.009660936628223496
0.02768853841575842
0.0007595443203083016
-0.020149591284216967
-0.005279213931181453
-0.024167414809862828
0.0057540860743644714
-0.015733074440474046
0.006933200916556394
-0.016462675692525165
-0.008918978423194116
-0.02763901768179009
0.01319142393376279
0.012696284204123796
-0.017256872676544327
-0.013731135272949828
0.022742611214980564
-0.025439338892974103
0.018391186528842113
-0.01269559846030733
0.007740066888856735
-0.0016153425499974838
0.012312654707825207
-0.015337078732880545
-0.0014565494174402747
-0.00887594003968822
0.0014896013357075036
0.01651353555092401
