0.018184321486820483
0.012024913720054244
-0.013404052913318802
-0.0031207948413390155
0.008044500011260593
0.010835247741871307
0.023888124478814957
-0.005386806143500022
0.011967601109105573
0.011826698097716942
-0.008154937047353285
0.011125597837420072
-0.005695629901802609
-0.008633889477990216
-0.010017896561020468
0.01386378117534609
0.02481366127907872
0.024587458948566822
0.005525393528763717
0.019551619348205047
0.0068050416417745965
0.015602479177758755
0.022822775288268496
-0.019731903298739764
0.014955788827218
-0.009070746572650508
-0.02292978552689403
-0.008883744545691494
0.0037554355707657625
-0.0059217397023912585
-0.0019643338388870696
-0.02791781102946072
0.006294129016233309
-0.01593822161749192
-0.02021502594840936
0.01795335918081
0.017483550398252945
-0.015312367853068411
-0.028170679093191167
-0.021537121149264635
-0.014530145076094961
-0.012944029923460797
0.023396639844535848
0.025470196658495668
0.009701955433768464
0.02119669717922939
0.0024515896285081384
0.005943786952098434
-0.029005350391596012
-0.008105371351194303
0.024902829215199956
-0.022152232804014266
-0.007794873973387208
0.007623487783179256
-0.004483465240980734
-0.026319731354313855
0.028804500302756816
0.024968208996590392
0.024105274950301278
0.018897150334070592
0.009184117692897911
-0.026655140229810945
0.012756101972537244
0.019358304534011224
-0.01487215950398444
-0.020068324756774274
-0.0058354727188115185
0.010307209024620505
-0.026991657834350195
-0.017559005797621076
0.02246009149694491
-0.02277602203949342
0.028017139566625923
0.02394845210912786
0.001671269103744391
-0.010859148696723955
-0.023797123367256427
0.027408050641615493
-0.0014926500266518213
-0.0048942825450130345
-0.015744689024962344
0.02876421928144251
-0.015264361000858064
0.0234568128340346
-0.00962498508260709
0.0059743889098715156
0.017617020270392143
0.006532024538030624
-0.0106376476559569
0.014908003622795492
-0.02226459359800965
0.01636134277460083
0.025173434560471115
0.024690736902759157
-0.008375235639042515
0.02128092623740757
-0.0057973345902335265
0.02940202418798263
-0.0014104067171825038
-0.01332456101692759
0.02745210272003256
-0.017953189322225928
-0.018916356143171296
0.02380105792604633
0.02749839175818835
0.0009567823199250827
0.02949795754825181
-0.025645751822594
-0.0014290489828189049
-0.029777307992393785
-0.009138889366451203
-0.01502434707962168
0.02496102121021275
0.006859408508818339
-0.005033964198164143
-0.02605922901096326
-0.02837226641060109
-0.026829528471491216
0.01882341358512228
-0.027529116026745803
0.011664621718117427
0.01292643366426894
-0.013866925535553756
-0.013016860237359918
-0.018857660710654617
0.0026347654812127197
-0.02381557872191827
-0.00797268234863429
0.01335397314232381
-0.020885630308920503
0.019310986086921993
-0.00920038848366177
0.004412775919528281
0.027384747177832028
0.00966732770441267
0.018503356757387963
0.013472011246668983
-0.019131998877389034
0.028442503119369446
-0.02505776174037918
-0.025267970088451108
0.02465833539292607
0.013084036189663327
-0.019126566753140936
0.011176540093906583
-0.0069278648290547855
0.022044237381595465
-0.011296522557449326
0.01537258657697653
0.02678120666349279
0.0067713747195012955
-0.022083128684923
-0.022840761735082774
0.0242500420638578
-0.014495761215870472
0.02043942349181342
-0.0019669087478503995
0.028639572938615986
-0.007621829025007097
-0.0025971798771339295
-0.023946237312083736
0.012320992192113689
-0.016675975023096156
-0.004056950281891097
0.007216430520720664
0.013667598208453965
-0.005580221324382958
0.015494711806178132
-0.009564036841620726
0.01540919474595067
0.004339825269252244
0.024992017876156847
-0.0022474827802547517
-0.019830116142377688
-0.012600170028104228
-0.007988870380876971
-0.00774504374966848
-0.025714103427537417
0.01195325137985797
0.013056855765629927
0.007544879689343378
0.0001680429159176544
0.021803290602822628
0.013555009337036163
-0.006179664860113482
0.02854012091702552
-0.008267622789643783
-0.010809990846491816
0.014981961187570968
0.004924779181795687
-0.017596324767888156
-0.02414387977147907
0.025749338538080875
-0.009740068388871079
-0.009618914105384218
-0.023776169427098218
0.0004903857669894401
0.020350046447600342
-0.00032692796397656987
-0.0030351077367969034
0.0215233566399742
0.0021440916115842215
-0.007997331967118992
-0.0027854612406391227
0.0003399085072425326
0.011663310551316974
0.021127136481139078
-0.019462594970348128
0.007382493086145678
0.019704089569389092
-0.0027402843007004393
-0.029543487578124805
-0.022993063798534205
0.010461744491107962
0.004304070154766262
0.007929122985362878
0.01992458717012026
-0.025102894141711404
-0.018642405266362072
-0.00590336371110934
-0.015166465446002295
0.022994565046831436
0.02375418365454094
-0.012204910849642099
-0.025843743875199082
-0.02399604382342876
-0.023034010547063964
-0.002313438424473277
0.015010085486634316
-0.02521098229684474
0.007368030771259602
0.002263101252723339
0.020755405378569444
-0.012513476931957968
0.0021741737121129326
0.026119313293102596
-0.01793908511961448
-0.020029505621076672
-0.007211251600082087
-0.013099550939451608
-0.013904446743996275
0.02841371640479695
0.012861395025666973
0.0013840477218905953
0.0064156861024923725
0.02260002568834251
0.023517246602976737
-0.022806847292140442
-0.028636439334957315
-0.004828369727163644
0.024530914857140283
-0.02685456712753352
0.010512495822816374
0.013981204971907475
0.0032226008897995595
-0.008077567599798826
0.0008984753568238059
-0.013490929255642433
0.023540139665025918
0.01112268384198882
0.0060829126582132576
0.023703764519264356
0.025394851516386256
0.016348666924890107
0.006514448117472718
-0.013969085060434403
-0.00954936540843701
0.021105089479764118
-0.022508426834755152
0.010016325696129591
0.0007355769995816587
-0.012361536794113358
-0.0012883125217101436
-0.01981270170621186
0.024761599292695356
0.011759867037019645
0.008611887630309158
0.007540411545498345
0.029313595446981477
-0.028040796090175662
0.02310310074191383
-0.0015097129839277586
-0.010255379341892822
0.0023487326722629737
0.01918120984095517
-0.023143376044464196
-0.02653962956262793
-0.020411201532167376
0.00042948547956727853
0.005817367448505778
0.007767166879477677
0.014816890487994484
-0.022312229171290096
-0.015330304774328464
-0.010970346243765423
-0.00440788813503613
0.0003250993407801876
-0.015652717212047487
0.001556999692545212
-0.008563934223686155
-0.01340497022721054
-0.022888361155241635
-0.008737049896427734
0.025487453470290196
-0.0014307308584854683
-0.016819638817611195
-0.01736983499202671
-0.022191423162515322
0.02234131871712592
0.016369458814214866
0.027707025129672692
0.02776315987269074
0.02544625987660512
0.015345882156725804
-0.010526702930326707
-0.008630718480113958
-0.010808996166601616
0.009643518075138385
0.005218813312684055
-0.0027402394008436415
-0.0201190585220892
-0.002386547383762188
-0.005257346465002269
-0.009940110547287315
-0.028769552218063432
-0.014419026160940738
0.015051205829561355
0.021553528827420794
-0.011664882949922888
-0.021972930350635907
-0.01884259438884072
-0.014062423977037542
0.016656861098591595
0.00932744434621656
-0.004402376333753941
0.011866832680961184
0.027065034588957898
-0.011047611802384248
0.024852159967209277
0.01876316058805761
0.02408749161831822
-0.0005244347079702422
0.00977176323263268
0.019052339067858755
0.015228342081034525
-0.009380124823197604
0.026418360599581324
0.008520279854792541
0.014719210659287676
0.028197813039285057
-0.025355432278854638
-0.003915327668274408
0.01789014466205409
0.0006751247264048313
-0.01687671792970801
-0.02633298960788015
0.005167686481288222
0.02475386614569422
-0.028524258814809873
0.017481876112347257
-0.02930945796580626
0.020337066846579842
-0.008623899370969548
0.0194821460610254
0.01776692669123575
0.025883702209103604
0.01848233315067991
0.026623188838058656
0.010871076956429152
-0.02313509519974196
-0.026251780622553938
-0.028378934408550046
0.015948050469216248
-0.010130887061801156
0.006215233942251992
0.012731026703275923
-0.020114939910465382
-0.010869166939321023
0.013894714061501542
0.023641926946057178
-0.025437677447674247
0.021201486369420618
0.020961453318705373
0.004651502515697889
-0.007592720465193575
-0.027478991287486307
-0.006104774848755018
-0.003146010819248351
-0.01788364968438898
0.02275850628306384
-0.01009729612371359
-0.004442863609795587
-0.027560625252202302
0.0008209488436402013
0.004576174394568887
0.006566469960587358
-0.025081207573612645
-0.029784612455748427
-0.0019227807985623471
0.007795385130509758
-0.013047995691588335
-0.006808066788650494
-0.016512803572238936
-0.02119508905310912
-0.0035900997656330043
0.0010081992568872905
0.005758559842769802
0.022471334942222837
-0.012677807449855954
-0.016580853776510595
-0.010209466755896016
-0.008959454214817298
0.0070989330128174224
0.021849046969352595
-0.024078190127430205
-0.028486543601141574
0.003160757821226226
0.005688293273178449
-0.011618184875516975
-0.02890387972954344
0.003476272231174221
0.013551383183078941
-0.020039587689015245
0.023592229239813148
0.01993084617130443
-0.004860995438372609
-0.0014974037025150266
0.0018069236260693164
-0.017156394261252848
-0.013671830597176016
0.0023673798381953007
-0.025085298311770615
0.022848996295841258
-0.023625772220513583
-0.019150792447671573
-0.006035506000078166
0.006125046868931276
-0.016312869781951678
0.0035327596623328517
0.007978965888363485
-0.024815536653289144
-0.012151427875860182
-0.011500566096709859
-0.002375703925553606
-0.027175516937080865
0.016725621238987312
0.021456188800579888
-0.0033393532605941884
-0.02547085271452807
0.01862419343566478
-0.016296032116771476
0.0033793285955902655
0.005817722995438326
0.025979430715308297
-0.015479316430149817
0.0010450042708671052
0.02053693745752274
0.007390568706156744
0.012145757910892875
-0.02892425193908075
0.012763300251718741
-0.02160014795806467
0.028591365932856057
0.011211057341468302
0.004115915629056485
0.010183597613906033
-0.02912801314578648
-0.01548700924405927
-0.009785991998085736
-0.0031940192178055334
0.00911405433173959
-0.02965711560163474
0.005075951010334673
-0.005565949711722671
0.00328086905576485
-0.003661779382983822
0.021346167147731313
-0.009498090040757662
-0.00017416256999228802
-0.011780003133133175
0.013140358743914962
-0.02345177173407911
-0.027327838209271472
-0.01588784266683744
-0.023815270751444177
0.010079964544683413
0.023560998184759464
0.011364188066311405
0.021867086247647237
0.02709978125352064
0.009848130458673492
0.011840714535690869
-0.005655155368811001
0.005510407480654046
-0.011464895482028673
0.008505223104571524
-0.027752751132433653
0.020521992312260852
-0.020488624386862775
-1.6920421277884234e-06
-0.006548434195120648
-0.028767846043566133
-0.01875719621265324
-0.024654485057563125
0.02297979545083329
0.02177869568602743
0.024879877220520215
0.009222461198965887
-0.024415074895972038
0.000587518465201612
0.012953423443432567
0.02052736412322293
-0.01338345215312697
0.018722849880389032
-0.01750981737256882
0.02841288368760756
-0.025898331231984345
-0.010645495550392788
-0.02323841747513824
0.026558859751062334
-0.011714487742655506
0.002049669375377011
-0.018170823527278314
0.0022831665713554314
0.017536703690161866
-0.0004686424678630313
-0.013717831439868874
-0.02154113776028746
-0.002646862148718364
-0.013981064757958107
0.0008490645829104942
0.021417571340431943
-0.012554478414919336
0.02032690356272729
0.0008225676804509696
0.004654105962251312
-0.025271360607500605
0.004267800558716277
0.021356065647815364
-0.023460320535809962
-0.029208987767190702
0.0016605972286199838
-0.029069932509478404
0.026154876112930395
-0.017901553257166844
0.02171248721894351
0.026908142918479025
-0.009460050821976252
-0.02893174307303713
0.02574928656761935
-0.010085418246702667
-0.027114209475443716
-0.0027801092786839503
-0.0033418377263249345
0.006805701943973647
-0.015651048027814946
-0.00876482307159095
-0.027712081910551405
-0.026910767561134783
0.012480313884191019
0.021992990296470498
0.021993787639436164
0.011944077513668834
-0.017439949843297733
0.02628690350848891
0.02235135128634086
-0.0009877207175285202
-0.024261243678763693
-0.006185410384881768
0.004757983820957289
-0.022652813735499353
-0.011247705453958128
-0.0011144761186725853
0.016563039077467527
0.002337082767242364
0.013273691845031216
0.028572596498852555
-0.016050812196908026
0.025761013259735413
-0.0276372022909889
-0.012631256462387021
0.007479840454749372
-0.008755346006173094
-0.02697285469291872
-0.02782977559647629
0.007253550326852987
-0.015381725868581478
0.0004901220151045313
-0.019789438859243814
0.0276414819943665
-0.015264552969434818
0.0033465601018212443
0.004198628374221761
-0.021908649208370833
0.014919779726197659
-0.006520607826465994
-0.01273485269815949
0.029255915648809062
-0.016594787899244425
0.008728318660028066
0.007405021250787111
-0.00467901123505331
0.019000153370103787
-0.020265800028448022
0.0032836048959688224
-0.025535795789046998
0.019086313270010848
-0.002518927275979438
0.012466799446024121
-0.02944792870798381
0.00718047521235507
-0.02479151500379906
0.0108961200548238
0.00012848460849689686
0.013089325700608084
-0.013659743652163082
0.014940566305659826
-0.015425079619479995
-0.027829367635533606
0.019812549382059938
-0.0036484355134697583
-0.011776064430934575
-0.0264478569444471
-0.013004228926181326
-0.025936125553797505
-0.00283093598957632
0.028025171363235304
0.021801529070740032
-0.0035392256973728956
0.011427284687810298
-0.0005119218458229588
0.02083827687706278
-0.022696222916218048
-0.016954705132153858
-0.011492610027041595
0.01836638308627013
0.0011411294345528983
0.008169106759911629
0.010123848751185417
0.01948758257428574
-0.008372844791845996
0.02573388916592593
-0.005587464307267458
0.0031339619177945394
0.0145110393808396
0.015501332575170494
0.02421972836952893
-0.0021782035945810997
0.019494966310062048
0.004752939740812062
0.02274465807740264
-0.02417719567956123
0.0024599857569040998
-0.003640379289977312
0.013306484502098787
0.01954639813942731
-0.006863109167443461
-0.01285345975025275
-0.029685009548432603
-0.013053236114502258
0.003942981835557677
0.00615741889808194
0.02710533960175121
0.012449092716221258
-0.017232719748381135
0.027848649183297935
0.02782280441917319
-0.00763091450482033
-0.02842007973975501
-0.021457451743698515
-0.01732039655807604
0.007453258008960316
0.02133746358526918
0.02557122982731893
-0.025793202800945634
0.003639748232148736
0.0002262611052842832
0.007412777166839912
0.01849322127770718
-0.017911883631294576
0.01814214445382885
0.005466680014515349
0.027530166128769705
-0.020904689062482575
0.013948948992355131
-0.023384166088157195
-0.017615579992088563
0.01144871533116082
0.011551084292281043
0.0089533503232146
0.029715260111443355
-0.015680466243787782
-0.007041407392080621
-0.015398768463285414
0.0009819078015155525
0.028550674762557314
-0.00785977650135122
-0.012081753470842994
0.017930215472672387
-0.026573444368567466
-0.0261478295562964
-0.00013982025796735464
-0.018795706385796293
0.02029430488729623
-0.014055300086823114
0.016588349998507654
0.023984878210946137
0.010771387942016236
-0.0015830727028624085
-0.012937123663860378
0.015623628783357636
-0.014531818053879014
0.023091413044598767
-0.009472225094892473
0.02531947003967023
-0.006765922168295507
-0.017292497134662854
-0.007125865517171967
-0.005106108783773967
-0.001788757838934344
-0.022546877070605945
0.01810976423025519
-0.001121408030553342
-0.022811628245116216
0.023807555906026033
0.02425123026312151
-0.00933959686642483
0.027648724221859565
0.011042568184718118
-0.024019892145185937
0.020607019534470944
0.009562005463658894
0.0021186798032619553
0.005772015737402096
-0.01807223865032197
0.008797176619145745
0.00868483679045113
-0.006722671663287341
0.020891728691775843
-0.028767012967035568
-0.00285540897496454
0.010690327953017963
0.0009188292595249149
-0.029249956836137805
0.0024004200308806456
0.006256441206047944
-0.020352431591319525
0.027198746142842956
0.0020500657329986446
0.010611547367439599
-0.02904936386246481
0.0005248504702803705
-0.004519406956999782
0.003490590657587264
0.008168405789302904
-0.0023814620220151787
-0.002856488088472286
0.01568314210886377
-0.0018661734185551823
0.007177100497649046
0.026467246324087992
-0.00909925418483154
0.021715859694161857
0.015831226695497386
-0.0034820191709579243
0.019321349907858748
0.026035163372331152
-0.02371413580068164
-0.022763794779154592
-0.017735639778431577
-0.025751822457645603
-0.01064404697161565
0.016269000173991327
-0.02228058756992743
0.007295521380929537
0.02208030240979414
-0.0005236155414478083
-0.020172293380339754
0.02808009831403071
0.017207231094992746
0.018387218000275797
0.020535762271425423
0.004183146652146141
-0.026341658384055396
0.006608580839387403
0.001984527670317239
-0.01080960324528957
-0.008529225403639859
-0.024996532982580352
-0.002660411737890344
-0.028839406425886158
0.022136977814213095
0.023915670024280133
-0.0028848501768125173
-0.013365651252450799
-0.011819550498863084
0.02822638776481478
0.0046112538087699564
0.026958804701541314
-0.028297663147513235
-0.02982407387719304
0.02302494465196423
-0.022947964373731033
-0.008327349565228164
0.008436109674818837
0.00461693541563752
0.008664839416773373
0.017232246441451063
-0.01684788661759828
-0.010783181527335154
-0.014540627994029208
0.014988556425292045
0.004984602023318921
-0.013086450334459515
0.005747530723618707
-0.0021123814522642365
0.008906253196196853
-0.0024806384643616605
0.029831177611793415
0.00467115039171663
-0.003903091449192448
0.006434863151513641
0.007786796713128638
0.0009638775247562854
0.029025833370216816
-0.017747541130835376
0.02556918418273913
-0.00012823166728159058
0.014490184807624922
0.011969075048313939
0.016590303657055223
0.015641995648461665
0.013413604126547386
0.019644415525768767
-0.0003935863170103533
0.0023443021006069875
0.0050987309972980385
-0.01790760456896589
-0.02226380749833926
0.021411990229338346
-0.016596344577975243
-0.01677239011120704
0.003413250739118086
0.025704873277043197
0.020602904353544803
0.012369449028696335
-0.022460758667284832
-0.029237252101020083
0.009995675131119937
0.013513799147864936
-0.010065575280225152
-0.014018497878140163
-0.00731304077675099
0.005802442390068649
0.01723614536835398
0.017485520648572922
0.009752516122063536
0.009574456132970886
0.029589315002253383
-0.028971304298686867
0.015111037425964119
-0.009498315220104143
-0.026309995022543938
-0.012858876531641666
0.02483898051422135
-0.018924846817351126
0.012745849468892352
0.01101592552544102
0.004581361135210897
-0.008418081573087398
0.008447319803301177
-0.016778129259209365
-0.008780214732747097
-0.01603912044886923
-0.012474532854344553
-0.023574750478330835
0.0017184276773309151
-0.013562214218871167
-0.024980088559384064
-0.013755702594769721
0.013865897475858341
-0.01615214825370185
-0.029449322066076082
-0.028304220969046546
0.009267710606027116
-0.022591357748946717
-0.006683839572426239
0.018980618208961207
-0.014834358684947741
0.014029958908141571
-0.028253989595744766
0.023692777794143347
0.0071767362124145195
0.01624639675547286
-0.01375956555020559
-0.005278831526065623
0.00663942633440813
-0.00997784808165986
0.008555148831852571
-0.019836681741604634
0.02339501322101497
0.010749300151592221
0.02194377602574276
-0.02158798765582203
-0.021796067446781205
-0.010726595092990395
0.003260943421928293
0.01573096195771452
0.021954639394165247
-0.007061879470468314
0.02383967889660899
-0.02438134671554911
-0.016565675154448435
0.006782782518312977
0.02409231041550164
-0.004271223429469475
-0.015679505824217503
-0.028958718935690134
0.022514697951900024
0.004593204423691488
0.01050302412159191
0.0050656074862613365
0.02103197500949292
-0.02825949449667859
-0.02466506582710734
0.012149667544417597
0.02258655880031033
-0.008661321698637262
0.026988809017490713
-0.008474154856672113
0.004171835820518464
-0.016347961298237408
-0.02689917577357898
-0.028287717296773852
0.027683323931588774
-0.014331836952138122
-0.007422095469144966
0.011573592350537655
-0.0033713394447717204
0.001500128403535965
-0.02807089592918454
-0.015137355857084131
0.01915767020402135
0.019137940973460936
-0.02144378156238958
0.00813541908434199
0.023334415938794234
-0.013312531556249847
0.018808228638346122
-0.028466834620212003
0.019997300121484624
0.023954396815121716
0.007768653706742797
0.01632795033929184
-0.006103017190939565
-0.0031808374409087736
-0.004701216364482324
-0.015108830532850955
-0.021240124485900617
0.017333637567486813
0.01991528330056471
-0.016816098702467017
0.02699251698943663
0.01456767137853393
0.00791446136212473
-0.011128311419537382
0.005757430515212131
-0.01725594383069655
0.017954985151568605
0.002901263359387167
-0.013475720247305
0.008340888144521233
-0.006801746061304258
0.027207242528255987
0.012298807404087037
-3.710481523256856e-05
-0.025853548607350858
0.017902882532678847
-0.011737537824872076
0.005279145580977411
0.007263886052189451
-0.02552959487746189
-0.013802375082998645
-0.01550471697106425
0.02185276311139702
-0.027854695543850776
0.006697737022733401
-0.00012456615156787934
-0.006263926219752532
-0.004828697232884083
-0.024640296328338675
-0.015398073944699279
0.023693213194111135
0.0041981655743561636
-0.015510737477659138
-0.019054728474759426
0.022901275514368
-0.0020397143035793194
-0.016894510044764895
-0.02030022681041793
