0.004786840208213502
-0.002921590442581411
-0.004822983921323228
-0.004425808395162453
-0.0016308539029246073
0.0015761194961678151
-0.002823623273631848
0.002445908788666154
-0.003200262552410298
-0.0031811243813225087
-0.0003289890607124325
0.0003249037639939346
0.001064783959407005
0.0006218030789402898
0.004025955181201582
0.00467541057827055
-0.0031372161644513744
0.004307334401207417
0.0007353871487739937
0.004767501426550522
-0.002136631067103253
0.0031946219833304994
-0.0012976919285188847
0.0017390943665548343
-0.004660034211727268
0.002979243055495919
0.0049135095035078786
0.0004540502039815141
-0.0033249206786325615
-0.002766400426519542
-0.0006745173331011304
-0.00456529593660375
0.0011848784229854161
-0.00412319584634788
0.0006646285598408616
-0.0026153507055984436
9.078620950723343e-05
-0.0013962672461874481
0.001320758587220177
-0.0006326682889391585
0.004467017695394441
-0.0006638689876781283
-0.001329605428924636
0.0029667837992525875
-0.00165297151275568
-0.0010466029612031282
-0.0013407168552670135
-0.001960588807861946
-0.0012028190867324996
0.0011125481566457377
0.002459297630255661
-0.0009399637656691637
-0.0002037729844746117
-0.003172609977691664
-0.0002727465885311378
-0.0003068937654528824
-0.0007758305258031249
0.00010800726529600502
0.0027171558240748116
-0.0014036724356437159
-0.0023509518390923
-0.0009725962614152636
-0.0005360156293486426
0.0030582340330124217
-0.0025240855914477234
0.0023857363997872557
-0.0029075780865608393
0.0010192500326277028
0.004801137067543276
0.0013333900603479873
0.0046088838611145965
0.001744013650192001
0.002891637209250764
-0.0006779839316284888
0.0017297458262107235
0.003943528245026614
-0.00493290960403468
0.003604125335698192
0.00047316026020789454
-0.0009468214455705705
-0.0029844297602526736
-0.0022239350509353872
-0.004034075545677518
0.003400456272719665
0.004717904362796766
0.002997925960882491
-0.0033887122207019796
-0.0007770388060337171
-0.004506168434691838
-0.003471141736997807
-0.0034561803806948533
0.004763136208667802
0.0016997863105641352
-0.004897910797224514
0.001561607613053447
0.004264622811447468
0.0020618205972722913
0.004880197258920505
0.0020818478556432415
0.004121857119403663
0.004291894066842025
-0.002612829302559364
0.004511537334518849
-0.002245535164745105
0.0042153312291830685
0.001279955403262872
0.0029973621504239
-0.0048806874461312525
0.0013466107843461417
-0.00128449160106733
0.0016693239112004167
0.00048114846584402984
-0.002265957311847312
-0.0025558096823853006
-0.0026645077098286884
0.00408972375003053
0.004114246641805622
-0.0021646162585613037
0.004064773993760627
-0.0006799340179178348
0.004216572157571677
0.0002279723475027539
0.0012833534649172688
0.0029066034188414405
-0.0010890149587568796
-0.0019650015366857333
0.0004914826839133527
-0.0002058276156590164
-0.0011029318000622878
-0.0008056083589674853
0.003918656709586895
0.004551919777917563
0.0003956979668016799
-0.004508759046508259
-0.00450048382209379
-0.0028641797197400667
0.004835212561871982
0.0003803079386396546
0.0037739560047925806
-0.001878283982372483
0.0029056410649808727
0.00011575977086540797
-0.0014168639609644664
0.0019073585549476179
0.003721453039416389
-0.004931719017215821
-0.0025237486703421053
0.0008929588029919708
0.0004391143906792372
0.003969236879787614
-0.0022589250302747265
0.0023745604507965845
0.003286678751729488
0.001864348632245963
-0.0029954522919929238
-0.0012661043383434324
-0.002863630171329089
-0.001742249521685987
-0.004814210401406429
-0.0031593766448676608
-0.00021765958846234248
0.0024728080527468476
0.001580030914583805
0.002155900642592361
-0.0002928348652932091
0.003964081123641084
-0.0009363822983893544
0.002948938418144419
-0.0010489776787219627
0.003540505241613483
0.0036367061955857307
0.0028448760464367543
-0.00020024278316296742
-0.003935551144496707
-0.0023528883296908966
0.0009765974524617513
-0.002272318075785379
0.003300469036450911
0.0013836363852077075
0.001737436368209124
0.0037332784931560547
-0.0011285307047882607
0.0017576269931670633
0.002314416375433867
-0.004630385809087653
-0.003488998409166724
-0.0030788752870729895
-0.003639582440583794
-0.0038301815667059593
-0.001701268089635344
-0.003801404322518143
0.00013558441449194533
0.0006919278178590714
-0.0038507670264225384
-0.003921174020202018
0.0019414504338863747
0.0009887720262223374
-0.0035667711026034932
-0.0013942351571773204
0.0010850155942391318
-0.001968229637166147
0.0015175317955668025
0.0031990346726607803
0.0019074238057287963
0.0009414894159229803
0.004421398891951021
0.004613459261076903
-0.004753277517593444
0.004447957198056802
-0.0035545983692244587
-0.004196095547881358
-0.003721988973163651
0.0015433535952561863
-0.0021752704725778163
0.0020339444110723352
0.0026041173279360234
0.00015288801355207906
0.0027078565897398123
0.0008571696002402244
-0.004639907079409419
-0.004057138210318536
0.0025583638273418722
-0.004137433886864668
0.0036595388855158563
0.003536767536032875
-0.0014016355645078103
0.00014523601955564788
0.004846168927668651
-0.0037657912749689405
0.0006118166890681362
0.0007781903577071883
-0.0018755720982519342
-0.0015374692128190736
0.004131501361953344
-0.0005206279471493746
7.762445034473469e-05
0.002627062014143965
-0.004443106540681731
0.004910956252344134
0.0022294412588516055
-0.001701602338270377
0.0028970006638155766
0.0036222731174094984
0.0025281129345411605
0.0013092036817166433
-0.0017627645081793853
-0.0015467286109971789
-0.001976376109334593
0.0005590589841272539
0.0026284363635504324
-0.002885228762349357
-0.0014989449145478605
0.0036159466666433543
-0.004875148562118529
-0.004958844379243729
0.0027007702150676728
-0.0017511400483471396
-0.0008956092599472099
0.0026919994628285095
-0.001834508494828736
-0.0017840158077330704
-0.0023662696289775886
0.0007714415350921064
-0.0011060044658206271
-0.0014005568068329445
-0.0015674767468595897
-0.0019197417713933242
-0.004474397431802072
-0.004760290173889099
0.000400078979444155
-0.0038175653383447417
-0.004941571576953115
0.0018250827540244778
0.0045913102965367296
-0.0005350340907868878
0.004590581205785773
0.0025195833490708024
0.001789838089726721
-0.0016897260886956133
0.004856637016041638
-0.004867635740035252
0.00022481909630633554
0.0006543415094291396
0.00024887551052502066
-0.004368769553746495
0.0036287099017406578
-0.0013777605433575504
0.004863528601519532
0.001744471945899143
0.0031974939509223426
0.0020144440488869854
0.0029271411468420943
0.0033289348107747247
-0.002612211733384612
-0.0020255386495103534
0.000808316022141143
-0.0019514381434456475
-0.0005610966477662708
-0.0037076693469082745
0.0016884892760459418
0.0009603258816280489
-0.00023154993136630803
-0.0006356696538269598
0.0035042718140337456
0.0038377190080120865
-0.0023462605516525493
0.00036176120501112824
-0.00420840755169946
0.0044238508205221684
0.002181687932884384
0.00046284274656085544
0.0007569178283102374
0.0006672470276327348
0.0016159779684572885
0.004183681672804875
0.0025276891343411333
-0.004140757221166794
0.0038033037069338032
0.003779446246454263
-0.0010197665957570627
0.00012531537871779668
-0.0008204063458332978
0.004636493189093631
0.002338841088602565
-0.0006009179193191497
-0.0023082950909698095
0.00022043071724236335
-0.001290414272761815
-0.002345816150632556
-0.001907881387785948
0.0005859615238797801
0.0019842123419763873
0.0035449499211607878
-0.0011720871527668131
0.003785524475154665
0.004058715127181932
-0.0027300854135181188
0.004074530562351217
0.0017782935864347517
0.0032495917097310626
-0.004495040632875976
-0.0037203047195000193
-0.0005666783641412347
-0.004068282114697171
0.0038992794785424846
0.0044519673713914005
0.003049176658934065
-0.004938086260597361
0.001003435231992463
-0.0023792784904502896
-0.00021833682037794653
0.00488751470604169
0.003723836806333301
-0.0014191574885339697
0.003154723720274594
0.0018438378271972188
0.004955759548813893
-0.001542918360903609
0.0025393753456694826
0.00012277231534883488
0.0007868038342127249
0.0006159281392112683
-0.004291678370513207
0.00172405578056814
-0.0028800491976525146
-0.004482628612992662
-0.004456609936050973
0.00218240565690595
-0.0028566270400075034
-0.004007701276092595
0.004413245117953389
-0.0025949186896894174
0.0017474934072004636
0.00016830572801191605
0.0032602523082262943
0.0002749838706013249
-0.0024945467322300308
-0.002141449609770513
-0.0013349713640025398
0.0030358919411732363
-0.00351638366127681
0.003782707404445658
-0.004676569950361319
-0.0029351455972080644
0.0005185514393911657
0.0006843108696718602
0.0028036749756849225
0.0046493578025276405
7.98192722815472e-05
-0.0026032976502200545
0.0014728633162902904
0.004149065471634809
-0.0031413845478070026
-0.0004192417553866455
-0.0048352989220092155
-0.003301537343011339
0.002184851179628907
0.002445402906112078
0.0024910479714229314
-0.002861466626186796
-0.002757713927306982
0.003788556043387338
-0.0022255933938401928
0.001635158322043498
-0.0030652004456118752
-0.0006815670198499256
0.004992586423003481
0.0047408457200438575
-0.001339928008990705
-0.0048019334307581475
-0.0014639660089286644
0.004390451619602847
0.0017487172711753273
-0.0026343633623749007
0.003146250133876886
0.0008596654102788906
-0.0010679248083377843
-0.0022261936805375916
-0.0036167742023337124
0.002943090749599587
-0.004781463131009132
-0.0024242558981482152
-0.003989786950930155
-0.004301486440518858
0.0009439190788282214
-0.00028504199209771625
0.0004432461251381945
-0.0008157779811273046
-0.0007966599858745061
-0.0010779184913213488
-0.0018471271935973322
-0.0029917200770057427
-0.0001741742104689045
-0.002328104752852648
-0.0005633620449743944
0.0010195224452600347
0.000301087987417451
-0.0028066553089735537
-0.002034535890947824
0.002566767744239029
0.0009475430955871002
-0.0009140363909455763
-0.001339562291200025
-0.0005352774285315078
-0.0005178158548515806
0.004561966116991963
-0.002905593320543948
-0.004189100429914585
-0.004106716317108925
5.7120794015016844e-05
0.004379915106410994
-0.00015780100775832952
0.0033001107886834304
0.0018146678402689055
-0.004107462518430325
0.0005515761744037898
-0.0012638583432210129
0.004563388827455282
-0.0037949001502465855
-0.0029399152491116722
0.003490114663195495
-0.00034593936157278817
0.004661111118862267
0.0036884449058492636
-0.0023273102431700054
-0.003380301701256393
0.0009359198628584855
-0.0020922562376956256
0.0003525005548215797
-0.0017163419475398913
0.001113997675556611
-6.747173209265683e-05
-0.001623630805332127
-0.004830377046008922
-0.0045931411463904365
-0.0018892208753408801
0.002795718742412306
0.004094864574581966
-0.0034725316931021144
5.891137760908466e-05
0.0033163941266581313
-0.0008068463518866075
0.004010870431349814
0.003995901257242601
-0.003198704370615745
0.0031257155934739716
0.0017946388813118355
-0.004092237176467711
0.0021760086484190885
0.0029815313915431225
-0.00017429271096550038
0.0020769162922294237
0.0006033784949879386
-0.0036486269347357483
0.0024060162877169045
-0.0012200598091899727
0.0020175864611714127
-0.0009719359687727878
0.003848296389771611
0.0037325191138805744
0.002706899349839498
-0.004806347973414326
-0.0018919117285648968
-0.0023577846838169357
0.0020604969378539995
0.003107475786911282
0.0006371511600497771
-0.004243635711531423
-0.0036112294480453045
-0.0035189527577916026
-0.0017569323891979305
0.0034537455325123713
0.0009551552567624334
0.0024517248937273696
-0.0003196291417845599
0.0012815257788335753
0.004687313650017643
0.00016448038267527932
0.00018808485178184713
5.171305363184733e-05
-0.0035359143060485977
0.0019223002392443215
0.003119616862559074
-0.0035713077554141506
-0.001714908050791112
0.004855856120968795
-0.002004965102161992
-0.004267209919248821
0.0027718858507422553
0.003027361973905883
0.0026211620019717993
-0.0018423742663137232
-0.0016702532139652128
0.000980044910828111
0.0015186058671494938
0.004604335238924762
-0.001437232540240637
0.00386983935423275
-0.00237730294836926
-0.002655259786699912
-0.0007330787644276695
0.0031349428110250327
-0.0020594741034612785
0.0011791534290018103
0.001866141315482601
0.00023516964499000013
-0.0009576339553392351
0.002477082521148361
0.0028588476258185414
-0.0048931329393428185
0.003345105725232416
0.0031268690103972803
0.0042305314561298666
0.004219959565777397
0.004396475350500109
0.0025832935224043233
-0.003599463842030627
0.004900737747653088
0.0016647442198410457
0.0017455224058813392
0.002769055512663667
0.0032945738367501027
-0.003988848043682833
-0.003977650055355286
0.0037051471377330175
0.004141733021959886
-0.0009748806939070924
-0.0032384639432045605
-0.0008576749694979117
0.002666580277261991
-0.001486187135928484
0.004156183402842948
-0.0027823083690654993
0.0010221955150596252
0.00047235279508070233
0.00466850695089262
0.00023717295076674822
-0.0017134656635790202
0.0006354977144271898
-0.0016205190451825382
-0.0035290118997540467
-0.00439009533683564
-0.0032109521314445276
0.0015649097241594691
0.0014109855272924155
-0.004230230088227449
0.0006238957739526547
0.0019881584405047822
-0.003502741713605595
0.0027492302097442568
0.0001284800608998167
-0.004130249711300613
0.0005153114241894675
-0.00489541122400004
-0.0037584637095596563
0.0036417297539151567
0.0005963991154867877
-0.002718118782817496
-0.001367481582343788
-0.003165741756364775
-0.0010664560089211298
0.002439742136095057
0.004168476111078745
-0.001606529264287825
0.003369180671940044
-0.004786832867490012
0.00050770485813139
-0.003792285577901563
0.00428204232933273
0.0015333298715214305
0.0006498264927010068
0.001231709173994621
-0.00322238268120679
-0.0003101298852175296
-0.0036772421947559118
0.00491599878522687
0.0004908161171618538
-0.002995253661189321
-0.0020435587943550917
0.0048799378085542305
0.004495291360761434
-0.0007691783929265443
-0.0036621176249580045
0.004776943320255532
0.004235110459785535
0.0022272290356645293
0.0026262541214736312
-0.0019913416502236503
-0.0011260204242514137
-0.001282950999342022
-0.0048459274812917
-0.0043324621923261164
-0.0001177912370010992
0.001024705410836272
0.004586297441496597
-0.004566772485059025
-0.004849378320365186
0.0035931764987542194
0.0009529359439383288
-0.0005108744986304882
0.002498166266113335
0.0032868373173717763
0.0011736183916554507
-0.0036620871560142845
-0.0030899067036530494
0.002932920394368612
0.001089483796547371
-0.0023687229492005126
-0.00146272737069326
-0.001021954013603923
0.0014564946585050621
-0.0026681458022957006
0.004292339033074689
-0.003662804936233127
0.0005761300156984697
0.0049700137230870465
0.003646114511860729
-0.004702326787009136
-0.001871877860543002
0.0006586256223297306
0.0017134032636703387
0.001442394482231102
0.0009425545739092352
0.004039828960743545
-0.004247736829900671
0.003221973520584614
0.0008445825455241189
-0.0043233943922304265
-0.0032890813304926225
-0.0016839791182649867
-0.002929486601097363
-0.003253676735771497
0.0015708574997359915
-0.0018538301752319287
0.004894655294425689
-0.0017080229232171672
-0.0013770628803233954
-0.00319812890581109
0.00031877228589232993
-0.0033258666144940652
-0.0017084760730499428
-0.0007654947845154103
-0.002573735511832385
0.004057574429310924
0.004754804422939215
0.00218712056099023
-0.0039058794145212573
-0.004510576744734365
-0.0011923112914985247
0.003897628379578519
-0.003527560923111628
0.004337794922682517
-0.00466713262225596
-0.0016442232795621636
-0.0012782914153507152
-0.0036490767377029623
-0.0019521126291820279
-0.0007144111257827122
0.0023327548521316025
6.878053738263237e-05
0.002133709136262778
0.001282190605125669
-0.0046440561934368366
0.004453436749831344
0.0009453984471336227
0.0004983695311524686
0.0036810764634375706
0.0028182026048937164
0.0031362887732545907
-0.0010658815701782573
-0.0006863729570183476
0.0031043647153875
-0.0009872905531726128
0.0035604412784505336
-0.0007479507297067497
-0.0008031896882791101
0.004730035769806014
-0.00403545224427651
0.00031332207796530565
0.0022127204941114953
0.003912663654585094
0.00070792862575207
-0.003483443025311248
-0.0032501566253006643
-0.004111261669976903
0.0041512314895056955
-0.0021890275951281235
-0.004802225561133481
0.0013986204267948821
-2.097121026923849e-05
0.004587177775560255
-0.0039905484445147054
-0.0014197348293413636
0.0016276750015354405
0.0012734320212253103
-0.004522166042680099
-0.0009221745287287539
-1.3599316897447075e-05
0.003214252435410449
0.004111354526406913
0.00096854727937171
-0.0016095399970426907
0.00498640069812569
-0.004376320567684177
-0.003086547297047899
0.0024646000182332994
-0.0008735805687908006
0.0018691182536675465
-0.002548047472391295
0.001712463150765087
-0.00429190531076582
0.0027835018433727985
0.00461004084101166
-0.0022741263478538855
-0.0029298564587475853
0.0048803116347583214
-0.00320226031103245
0.0030336748221465393
0.0020287252457662323
-0.003239657928891993
-0.0012699655928413121
0.002698158126164585
-0.0047417264075657155
0.0010485235163120235
-0.0020015430131462664
-0.0015490988071165525
0.003627781227622963
0.0035731422234514436
0.001520492455596956
-0.004369923509163558
0.0021975989426900626
0.002922259877010713
0.0016113675401212531
-0.0028571325102712433
0.0038868560585041184
-0.0014626847142140066
-0.0037651646962772846
0.0028831371232964807
-0.003504550376790729
-0.0011705456205569932
-0.0042588447635429775
0.003465696496863047
0.0014696720427573176
-0.0017995184746141557
-0.0002967182299072283
0.0009779176087038564
-0.0037793485793121166
0.0004594341566662545
0.0035438576466735846
-0.004504290779762079
-0.0034062500636918326
-0.0015553432488065446
-0.0035853341002795884
-0.0002071053039440062
0.0015093306965689134
0.0005321693671884124
-0.0028934940217526183
0.0015245004358599799
0.0049670616112656675
0.0006965159371287617
0.004804827444574197
-0.0011293315324436481
0.004573878951002972
-0.0023802327583111937
0.004766854589498126
-0.0017639045521815966
0.0036288504371000353
-0.0004491418047879005
-0.003737268483601071
-0.0039406980885327205
-0.0012748291482527273
-0.0026791597528790555
0.0018216477110388684
-0.0023763080133260917
-0.0032770096633541112
0.0035814905196966318
0.002506751860608325
-0.0046918172228016435
0.0009641696329599396
-3.523070260849637e-05
0.0003180546827196585
0.0011246502887503548
0.0027258086090309244
-0.0021479094141079813
-0.0040910208061144026
0.000364173423915589
0.00030117979264504893
0.0033006927778415638
0.0024465604737947903
-0.0036136580110801607
0.0015844662054290345
-0.0046133939254133114
-0.0016698193673376793
0.0008899041655763395
-0.003607693213660955
0.004943376525677018
-0.003455027522699201
0.004956366524689781
-0.002098875210872422
0.0007998391801474145
-0.0024024032852633936
0.001395189487956158
-0.004173103028423053
-0.004282048392842727
-0.0005297836716509248
0.0011529548065339823
7.784249735776072e-05
-0.0013706152742104872
-0.0006534177374607408
-0.004604257997851763
-0.0048335026800522705
-0.002207313422402355
-0.004880292119587523
-0.003322883511588828
-0.0038848808064863858
-0.0028398863298354084
-0.0007629010564894415
0.0046504746890688115
0.0014496612781075271
0.0020475152461017342
-0.0011698769359222796
-0.00235925013850826
-0.0019174017904375696
-0.004743182030561315
-0.0013686415860309866
-0.0001596570209922996
-0.003045091032514765
0.0026021689804292094
0.00020101604007787596
0.0036000388829359404
-0.00053705346040078
0.0022489483907421016
0.0018356838936847428
0.004836886760353046
-0.0021173568295372747
0.000357698710745721
0.0007809777944486618
0.0005253544783363406
-0.004862268782493683
-0.0005326652865513381
0.0011618692509861792
-0.0031695474041202347
-0.0025019692557005325
-0.0033323862959359586
0.004107816477237027
0.0022998346720784577
-0.0014572463468595078
0.0031801975738173166
0.000757013379726116
-0.002693991317717325
0.0027595672743538436
0.0035280415304429847
0.003822050232463711
-0.0009384698775966403
0.0011335743065662585
0.004489707052702604
-0.002202239566816242
0.002451785104525519
0.0007995572707012897
-0.00024933642770629243
4.278419973281853e-05
0.0005469184822943507
-0.00487363914867481
-0.0009711676162755534
0.0037981451152737664
0.0034485749859810783
0.002473521755038237
-0.004232750109677271
0.004825238584448384
0.004399876726653895
-0.0012567987742441366
-0.0015131575656736284
0.0031331745089339903
-1.6968690095228375e-05
-0.00410360147489847
0.003333491107135155
0.004196485828718291
0.003471938763813632
-0.0027971165283724774
-0.0013815461305070366
-0.004117912294723786
0.002672302244394982
0.0025199104138143155
-7.726913942634247e-05
0.004200531620165294
-0.002290900359163978
-0.0001144653196227521
0.0018250306021274096
0.004524504123589204
0.002657307814891774
0.003839552688313946
0.0017489338083445391
-5.4467646246092113e-05
-0.0027299977967122223
-0.0008678637434100045
-0.0030900660485539922
0.0007867547637926279
0.004425809415897912
-0.003699083097047229
-0.0007711833380753862
-0.0035299245773426193
0.00080519533787312
0.0016167026271899807
0.004236798400139433
0.0027661368490833407
-0.00030290057743106655
-0.0033453945711846744
-0.002964956830939729
0.004775796206298882
-0.00011001293555528129
0.004907760396744099
0.0009103394398232044
0.004372207981196614
-0.004731486474207136
-0.0005510552347665855
0.0018540139972517914
-0.0017198618188704884
0.002451854084188275
0.002433421623726605
0.0008946353193050368
-0.0033991688188633974
-0.0030352910837805783
-0.0014905558940160502
-0.0033781238520031176
0.001441800800178231
0.003147848858556626
-0.0024289998661557255
0.004034575889215449
-0.004283042566899431
-0.0030279783806593376
-0.0017378315896391262
0.003028785631914493
-0.004552355255746631
-0.0031259971917896702
-0.0026802576347091855
0.0027292404656043033
0.0028894159241055145
0.00039425479186613616
0.004346165238882957
-0.004878323914107723
-0.004395898435187305
0.00076924571713919
-0.0023928729887061073
-0.004747593761322058
0.003448414169741297
-3.1048228469296967e-05
0.0022676930331838293
0.001961911009833355
-0.0028929273132248436
0.003837109806253322
-0.004327876387494155
-0.004748907039236571
-0.00012244766676991047
0.0027967822416321755
0.0016717645321870176
0.0025634214475549807
0.0009197434049007689
-0.00177439109028128
0.0007416578365526741
0.004889205431142503
