1.1294885684126728
1.1425135597881149
1.1557988681578968
1.168561793729866
1.1816434119664396
1.1948713752184863
1.2081915211478749
1.225131389594826
1.2339391645767503
1.2438372185643578
1.2548110036432727
1.265621692098661
1.2772359716415136
1.2881404145939348
1.2978919623625709
1.3093104754810685
1.320797754381538
1.3302547444368489
1.3411336168348729
1.3514146346328102
1.3631157993992875
1.373933798538699
1.383562410751065
1.3943885337529478
1.4036493387576896
1.4139909691678851
1.4254949010421352
1.4349253760946743
1.445357187644887
1.453227537561713
1.4656896307688272
1.4753842075718304
1.4818717690716283
1.4932693336813323
1.5012226792986705
1.5145288341928238
1.524121798434274
1.5295040682729268
1.54053971883028
1.5524604200208103
1.5597127003734337
1.5675391969459505
1.575962641452958
1.58500854061911
1.5947053706962049
1.605084804231357
1.616181972619525
1.6210502267657252
1.63343388995551
1.6392282184809044
1.6454280499468952
1.6598108140031744
1.6670434010698585
1.674726707000734
1.6828755503052293
1.6915061812478929
1.700636364752074
1.710285474274982
1.7204745976369245
1.7216239691694912
1.732673427946283
1.7443211003669596
1.7462825647808422
1.7588799856957968
1.7613759242220697
1.7749856458150923
1.7780407068622284
1.7927345996572543
1.796378700332287
1.8002497769950705
1.8165078971895
1.821014645293049
1.825762332643879
1.830754322643766
1.849193580209916
1.854895204965564
1.860860979085564
1.8670959413036687
1.873605514339535
1.8803955170882107
1.8874721781515744
1.8948421507748932
1.9025125292600675
1.910490866937479
1.9187851957862736
1.9274040478083128
1.93635647826721
1.9456520909224837
1.9553010653989211
1.9479995437207804
1.958022550201222
1.9684187219156923
1.9792001633138585
1.990379685043704
1.9832172272155888
1.994807501906064
2.006821429293145
2.019274188832056
2.0122099516866663
2.0251087197311715
2.03847707556838
2.0314962751920165
2.0453378287435715
2.059683697982185
2.0527714423679155
2.067622038012323
2.083016142474708
2.076158156332595
2.0920933391208947
2.085303770081746
2.101798755990363
2.1189045408640066
2.1121472146842977
2.1298575555112205
2.123155295938254
2.14149355983375
2.1348414095732253
2.153832720735189
2.147225876599709
2.166897228953832
2.1603310242108007
2.180711406898828
2.174181294566783
2.1953018314986106
2.188803368451874
2.2106974733272216
2.2042263050740925
2.226929853490599
2.220481699504181
2.2141079092266605
2.2376038594894063
2.231247522999872
2.2556300036577683
2.24928702863215
2.274600483447568
2.2682668058179023
2.262002483660775
2.2882306021629386
2.2819704616375014
2.275777441130449
2.3029658747540465
2.2967720945386647
2.3250400586336304
2.318841592121084
2.3127073032054435
2.3420415307368456
2.335897790952965
2.329816392794942
2.3602750429357275
2.3541795293231416
2.348144653403222
2.379790794615322
2.373737213949293
2.367742689718394
2.40064475067266
2.3946269839837084
2.388666806770813
2.4228990861616286
2.4169111573239688
2.4109794578083648
2.4466227011056367
2.4406587467119936
2.4347497615905547
2.428894937889813
2.465946054374941
2.4600540978768213
2.454215167813324
2.4484285027538832
2.4869767916091505
2.48114820545259
2.475370863613738
2.469644046767937
2.509787123558185
2.5040136522833296
2.4982897902164303
2.49261485629288
2.5344595322422663
2.5287332323543943
2.5230550415204926
2.517424313495957
2.5118404140240687
2.555400788405713
2.5497607056881595
2.544166741718316
2.5386182931481813
2.5841222104866874
2.578512866774204
2.572948410010452
2.567428265061804
2.561951866977397
2.609430788308853
