0.003934474495754373
-0.0017842136442276324
-0.0007267428965198356
-0.0008974035626477658
0.002281170194898977
0.0049854722016399395
0.004270679540559025
-0.00022404327313454292
-0.0020925979129587137
0.0031445071119814627
0.000691483653535223
0.002935559506653837
0.0008126312546984215
-0.0018271010580334325
0.0008670379272914322
0.00385865261931037
-0.0027527272169368213
-0.0036831003179313405
0.00037793051473084417
-0.0024155502780467387
-0.004498418275836956
0.004252714417732505
-0.0018564081890193105
-0.003234811333630371
-0.0047275006263437684
-0.0010193227940036888
0.0033689198858514588
0.0019001389322784975
0.002002772071100626
-0.0038723076962872503
-0.0018610053487483381
-0.00394924873943843
-0.0020497651226651747
0.0020084982041533453
-0.0011060968123088087
0.0017053143813877169
-0.0006496372200351617
-0.002623179474816174
0.0019977867282934677
-0.004350991623825197
0.004043587005219148
0.0035518008795715353
0.0034170645195321222
-0.0005525814863381008
0.0012166881735939973
8.337679797638942e-06
-0.0049061678500723705
0.0005220312351939963
0.0026123126079023937
0.0011568341199480756
-0.0026359996482205506
0.0005388218218275957
-0.002850791485341803
-0.0016531355556522178
-0.004461932169604041
-0.0014752642142738539
-0.0012949752152815585
-0.0033656612917829965
0.002190258815562579
8.514157230733472e-05
-0.002055803205582454
0.0037547980982208197
0.00012850895949310243
-0.0008901110561310779
0.0031450995920993844
-0.0023136334310018126
0.0036562020780939184
0.002981672281808773
-0.004960251515889575
6.041406820196486e-05
-0.001981514575789485
-0.0010727670914054523
-0.004141380700735029
-0.0007659361324494898
-0.0017518872318228553
0.004166677961267756
0.003949265267424124
-0.00017377133380088502
-0.0021986010128022104
-0.0006504483462851981
-0.0019994459702682944
0.0008546084683424956
-0.00021526009395668629
-0.0040794317644380716
0.00010341654182525681
-0.0015688212839781914
0.00012179868718244311
-0.0008672431205329458
-0.00203524836806115
0.0008942116678292544
-0.00035927402035476185
0.0013505657635315685
-0.0004304267839076656
-0.004260988811324539
-0.003401055325463076
0.0013470635933361596
-0.0006886916310309861
-0.0006841013139763643
-0.004819469415743103
-0.0019302856242518064
-0.001173230516938959
-0.00040553427705005123
-0.0006413631537601338
-0.001804085894090899
0.00047554131627964256
0.00231558499479344
0.003829992466811985
0.003678814080617032
0.002085050051682676
0.0012659874007294103
-0.0015622349170415686
3.1577330893707047e-05
-0.004409270965272534
-0.0033960841871535576
-0.004205504298528011
0.0024175490372298145
0.003330825946753469
0.0001734416403768313
-0.001749266259584682
-0.0005394506984710877
0.001188241026044019
-0.004126574531478994
0.0011936304470809393
-0.0006362369980831761
-0.0032796217433934617
-0.0028769138363238956
0.004080077573661539
0.003728698660643701
-0.004663426735000364
-0.0011983864933562804
0.002110967000280516
-0.004298996229191042
-0.00426707964163933
0.0027120309861492853
-0.0007322020521175051
-0.0045275970622467585
-0.0013910541347922469
0.0009253960411458569
-0.001604789082564354
-0.004069816697291743
0.004072555768267574
6.421593217178275e-05
-0.001574887495876016
-0.004090952719855723
0.0035176598527978603
-0.0011601736513158077
0.0015700783707419718
0.0011294118974436362
-0.0014876964545637674
-0.0030994228854075876
0.001288623049749046
0.0043684161303018205
0.0014409949379607509
0.003929400152780577
-0.004455607259641482
0.0028942999371141505
0.0014219343666869314
-0.0019920606992127987
-0.0018754343293723463
-0.002984407401925896
0.0022451279812544314
0.0014810977753273924
-0.00117628847698394
0.0017752889419015792
0.0035507642012524076
-0.0023974104926287178
-0.0015963389038494646
-0.00262802164557847
-0.004866070661958862
-0.003821927519171914
-0.0014623785462492102
-0.0009131454265862114
-0.004488596135028261
0.0014131333340827255
-0.00040820544246215375
0.003949429859540496
0.001123850528897308
0.00036848475173866836
-0.00020212457630912947
-0.0019446368481349742
0.0013059087371999787
0.0006146464576364721
0.00156804304065126
-0.0025763114028946135
0.0039302562601488894
0.0008327501928889793
0.0010855373734632856
0.00019346860696668224
-0.0024751870025229872
-0.004671859272523782
-0.0015534378748226132
0.0032215937451265863
-0.0003572754112774988
0.0016893832513063204
-0.001276685342565381
-0.00033935564714724243
0.0026204965893195323
0.001851458238535936
-0.001519205582918598
0.003927875222985581
0.0022572709004321434
-0.0028511609509601645
0.004042322287615671
0.0005311261260966729
-0.0030789472697456345
-0.001425732458165453
0.004736836277435755
-0.0015160796435374534
0.0006125279801945426
0.00485544572376411
0.0015460611794642322
-0.0008792915639287005
0.0034966846433489513
-0.004575387474131495
-0.004099622126167704
0.0022245634562620444
-0.004448804296787243
-0.001991375100308467
0.0020257275298924257
-3.4967003322710494e-05
-0.0022404015731526572
-0.004153815164533111
-0.0010107790848494537
0.00043062959055738606
4.6987267637615265e-05
-0.00035469083940927165
0.0005652556108323558
0.00027846149746384077
-0.0024869192653608806
-0.0006998039097817384
-0.004764553362774846
0.004712196702601783
0.0017888179885944345
0.002649096728152699
0.004808831567122846
-0.0033236934482831692
-0.003841630360410482
1.150457843534635e-05
0.0015399737571451114
-0.004701508838016624
0.0038490335176926483
0.003337310953400144
-0.004048164213617664
0.004788615127930876
-3.8838460379241047e-05
-0.0012521908314821516
0.004058170053643448
-0.004167949768498416
0.000259040952683965
-0.0033842437180602834
-0.0011979134182394978
0.0011630764853243838
0.0019608365124683166
-0.0008457411669578916
-0.0031526498293179485
-0.002918467008950245
0.0029249658353983103
-0.001266044454447396
-0.0029764370919175367
0.0042259865162286485
0.00034961910450638164
0.0019205738115108699
-0.0014277901653671288
-0.0020536961160337085
-0.004344805447260405
0.0012856978832809438
0.0020340944751805713
0.0018272244416859531
-0.001331125933994024
-0.0028551981893417035
0.002308137507481314
0.0022361000327087302
0.004260537762299622
-0.0010051239970195313
-0.002715244600713476
0.004141664185369722
0.004951664955699619
-0.0006205702573062041
-0.0028924634422665386
-0.003430225162795816
-0.0009593937744979035
-0.0009917439363673689
0.0027528122088102108
-0.0036313663464892787
0.00382856793249257
-0.00465967320594851
-0.002934903665860579
0.0023321096201119494
-0.0025480356981738097
0.004027114632421666
-0.0030155035081775995
-0.0026053105920218235
0.0010002950620642556
-0.0007947730108390956
0.0031718212411661314
0.0043924632534753
0.003976422298311066
-0.0032784217962382655
0.002898925424256844
-0.0005977283737861735
-0.003835141680015187
0.0033336811882133345
-0.003950753055705159
0.000255676272111878
0.0004207224526858013
-0.0005063983280889327
-0.0031949199226327272
-0.00020695831196112374
0.004574158412929537
0.0012286020131331617
0.004391788681595256
-0.004229287711253368
-0.004784110742262023
0.004541345067794095
0.004607028479530145
0.0012536207419837657
-0.002395716354122628
0.0006189224648030477
0.0026596693564385617
-0.004494736579378963
0.002514030744210146
0.00029026017156527206
-0.0026472538245126097
-0.001128486597710576
-0.004571952599649405
0.0003146286059719861
0.0010512007164490142
-0.0034903073094217432
-0.001525049999620126
-0.004659308408977353
-0.0006039371156267544
-0.004011991897279811
0.003707868704360808
-0.0009648950263780962
-4.199338313521945e-05
-0.002471250401811912
-0.00442511255481641
-0.0029448227688084394
-0.0016874500400137628
0.004542560596919885
-0.0035166892085905844
-0.0008407990701347736
0.004974800528974538
0.0046424094086939755
0.004768980603821014
-0.00010415831015367621
-0.003086218424610915
-0.002004127348107625
-0.0029887159978652413
0.0024296294795256067
-0.003698353715192757
-0.0007339943349343901
-0.003882698789998348
-0.0024925931507019505
0.004854723181834951
-0.004287946137042835
0.0013991737772165412
-0.004506509833742026
0.0031216423968318642
0.0023415548645345716
0.00016072413495891655
-0.0019232537600855958
-0.0002875374592346269
0.0007056663593732783
-0.002338636070717286
-0.00020250291613259537
0.0025986666013499563
-0.004247924036677467
-0.0038338920467384063
-0.004201818595505636
0.0031978344101326163
-0.003891441967935918
-0.0013599306492537012
0.0045728458427498715
-0.0009892836685988782
-0.004880330076593621
0.000751067597989822
0.0007868799698262617
-0.002363909423351367
0.00476389950300628
-0.0018147534343557147
-0.004247086394122055
-0.003651468106512532
0.004259745332362144
-0.0019408561962995798
0.0013785946500018374
0.0006561724800826377
0.0038488883539577164
-0.004666156841080416
0.003825044156851109
-0.00019462987709843987
0.003023410276304453
-0.0014864959280442435
-0.001576927706848046
-0.0043194209005368465
0.003909010846688246
0.003943855776473468
0.0022417794879445296
0.0017649399607353134
0.0024100917909713384
0.0002485845828037493
0.0009307039169188106
0.004733740368725558
0.0012001987733982512
-0.00036033815585939134
-0.00026171740558990006
-0.0016326464162434184
0.0019956970661046845
-0.002566577167506878
0.0026531328035433333
0.003424593864699483
0.0008960765899090782
-0.0016121827078530394
-0.00022254289117611733
-0.0012105097757476447
0.0032118310067813455
7.385429997149723e-05
-0.0009538419879624093
0.0030177279743920623
0.0008774660551096689
0.0007796413396066425
0.0036484559420991687
-0.00047965495677889953
-0.004755496638976032
-0.0033200636075656842
0.003976008574604559
-0.0013700570663450398
0.00442884991973604
0.0009958685333941652
0.004880295193822304
-0.003326414383057129
0.00019907381367508838
0.004612797741741383
-0.0023548360724947727
-0.0024725242117529145
-0.003930889813504687
-0.004014448393684658
0.0011456612980862233
0.0017663439873561847
-0.0038706082074760452
0.00018385587443885826
0.004911633113275874
-0.00016413938165863156
-0.0009657264965704038
0.0018614660270096974
-0.003654139624574264
-0.0017825416988230627
0.004921100673496311
0.0027065099655972013
-0.0012247825422690805
0.004271313587517774
0.002970872110453034
0.0018530395020790085
0.0008083250384373387
0.004171742199790667
0.004879889608064171
-0.000172380132701694
0.004491882555201893
-0.00118129876122652
0.0013490566592740073
-0.0018665252248222576
-0.0017379867334379163
-0.003215673956702631
-0.0023755605857777827
-0.004624669351497236
0.0023072749184272654
0.004305791032674074
0.004949798958142266
0.001032002632753725
-0.0036008677042729765
-0.0022757040684495368
0.0034845114310205075
0.0025007592563635475
0.002745155113775909
0.0007919923973179321
-0.003657028652145269
0.0005829891450757595
0.0031404338914304613
0.0008516651915007282
-0.0011687747013055605
-0.00024859811160189444
-0.0009953554035556714
0.0012253334669516999
0.0036427467998592948
0.003163468421979434
0.0035095528719746643
-0.004692739099184819
0.0026549541623618637
0.0037591818220688274
0.0023185355691203438
-0.0028010466370862407
0.00019998076848257423
-0.0038580187817075272
0.0017904184697450417
0.0017681556591230838
0.002890061414048983
-0.003372092933353659
0.0008319955042931006
-0.003366413251410859
-0.003991876866892254
-0.0011459543489380775
-0.0002705749472317687
0.004229311353250018
-0.0027028249530210327
0.0009541253621477112
-0.001911549032013743
-0.0040432597018848545
0.002415199439599807
0.00452389369228631
0.00441519684787841
-0.0004518047191100728
0.004715469203682537
-0.004828184794895741
0.0028345551597080713
-0.0012140692327043822
-0.0023106281319150647
-0.0008930372095594099
-0.004750424262354089
0.004841552815714905
-0.004578041199463786
0.004156694261281555
-0.00100259158501698
0.000906563811428512
0.001115457189811253
0.004609675021118208
-0.0038901106277047463
-0.0005901656590775271
0.001056831637126436
0.001079099806456975
0.0016473860600331848
-0.004416645703142187
-0.0026810232398368585
-0.0006617988929897732
-0.0009774966158181877
0.00424942917509758
0.0006709456354074151
0.003279366936397716
0.00010434215282721388
-0.0003326407006601787
0.0032746408062694536
-0.0038834025979124012
-0.004554799248370309
0.00013200274458367509
-0.0008158872334467146
-0.0028279501932434825
0.004539959953717474
0.004042231716653994
-0.0027560174631734735
-0.0021016105288499667
0.0025871109295723385
0.004774568413391757
0.002595833535278527
-0.0016086054255018958
-0.0003174193510567273
-0.003395184852796285
0.0027925318574957645
0.0008136619525991786
-0.0014011365691401147
-0.002166041983349213
0.0014710499134302623
0.004958129556272167
-0.0031007373440603905
0.0005385312701935699
-0.0016900255281764886
0.00219570483391621
0.0017243522156301571
0.002400062209636472
0.0033093844574071446
0.00187980981369415
-0.0027418839960885845
0.0032690627632404384
0.0014567545693942021
0.0039571796574441
-0.004439914145788703
-0.0003712566703007814
0.0014192707599968617
0.004534927230383846
0.004900217425070901
0.0021221494377897353
-0.000636893249028994
0.003216117025789728
0.0009675463226846781
0.002826856947280851
-0.00023464614647812979
0.00405598289461682
-0.003863121466755509
-0.0015851382601620423
-0.004098243258466659
-0.004187450082870731
-0.004805972671231626
-0.00017872565139136036
-0.0037656920973851583
-0.0033455873760599763
-0.004892911311121438
0.0038567967566571918
-0.002807872392265085
-0.0012346267901872888
0.0035379282383766466
-0.004416899547509503
-0.0009879138612950413
0.0033474665427134205
-0.0013477262610409515
-0.004901978768679634
-0.0002510058766018418
-0.003009411806944903
-0.0005977891953740386
-0.0046318944469433965
0.0023463688233323725
-0.0014357001793706848
-0.003293797910840699
-0.0016503859223461425
-0.0026934486153892636
-0.003423115676293601
-0.004070671662281926
0.0016815624915534708
0.0011867124797582075
0.004216276176678799
-0.004615645917701848
0.004940335833209685
0.004844769948879088
-0.0027179765882671793
0.0013227738818747826
-0.0032533935019024383
0.0001280245034311015
-0.00371209000305277
-0.004133867087682093
-0.001448891221773998
0.0018854483527627553
-0.004300699169335564
-0.002831050560925026
0.002817516387297111
0.0027207485087487934
0.004214904018719293
-0.002728541481239821
-0.0008393599888186255
0.0033967101057122773
-0.0031565837695302365
0.004493553097213711
-0.002163286349712553
-0.004760697874614979
-0.0033126777980907974
0.0024059373386165874
-0.0025482628368026262
-0.001600163969615047
-0.0032833831277310566
0.0038071138219970034
-0.003927691139828628
0.004932945334168323
-0.0038479460302579473
-0.004342742754543544
0.004394027252796309
-0.0010395223612706924
0.0006937313418800195
-0.003492146663349572
0.0021906856310691114
0.0031053387001414154
0.003229854377622683
-0.0027340149040292814
-0.004143947405659076
-0.004285211048037724
-0.0011714953340473577
0.00211521620879474
0.002653571902482277
0.0023557737142958076
0.0005606665250507577
-0.0009888770402348111
-0.0029321365374093402
-0.004356806068911663
-0.002898560486160224
-0.0030537508667291646
0.0018142238530059222
-0.003516623154983586
0.0037453983897770835
-0.004071041867247612
0.004721054258172721
-0.001754526366178657
-0.0024195860516835867
0.002211557562373923
-0.0019321510940561704
0.002560737425791936
0.003931673525926871
-0.0018862427111658807
0.0009738104060893959
-0.00029394284283798186
-0.0008078414939834975
0.003942491209019755
0.00021839727685052032
-0.00138646418838582
0.003518199275086983
0.004284391364178659
-0.002211702650704532
0.003971439088491054
0.00384831140309238
-0.0020919932605906067
0.001144019652073165
-0.0016858435163319041
0.0022980691699963684
0.00245227002052127
0.004647054772183042
-0.0022369117860442335
-0.0049568794650164
-0.0003314080446597655
0.004855688794613102
-0.0029739733777511745
-0.004891586555971836
0.0013857936301527127
-0.0009966100650411125
0.0030479550200339716
-0.0017457303569986195
0.0006356611953853954
0.0006999732499100662
0.0010851650555659806
-0.004861860492182674
0.0024752458441545163
-0.0035685464549210432
-0.000579289132906423
0.0035771238860842847
-0.002534999141894916
-0.004089941251134899
0.00418178951545782
0.0006127724322800045
-0.0033295097560680177
-0.00016643344678611473
0.004236769869280931
0.0003920762353984775
-0.0009887412892413405
0.0036340348851604818
-0.0040340162905312905
-0.0010605840279289246
-0.0016238703912111775
0.000912848344682549
0.002657712943293978
0.002441747228814172
-0.0007042416706562775
0.001567222081356805
-0.0013647183674722085
0.002341178200431033
0.004242867751218017
-0.00318228170044066
-0.0008060494426356006
0.00040441679875678413
-0.003961108892673199
0.0024834988520609407
0.004879353876845439
-0.003838192373444942
-0.00015227002053153343
0.004212289978769449
0.003647377298765184
-0.0006957563546381614
0.004895981209156161
-0.0026538246381005593
0.0016049237662248642
0.004979276684663701
-0.00035742977332628434
-0.0043976005821751
0.003080784942515972
0.004821350021172279
-0.0035443717835645597
-0.0005169994509870608
-0.0029643421929147853
0.0029312731957073087
0.0036771392342381257
0.0038255046832547978
0.00011960910178587282
-0.004920035531430026
-0.0005812607120435735
0.004472101587092383
0.002672553598800995
-3.0935534617817194e-05
-0.0014380120868763592
-0.0022438217188376166
0.003565080068454923
-0.004280087872164962
0.004764271045200756
-0.0019030364901657104
-0.00017413572135705456
0.002952126676727242
-0.0029090728452663105
0.004693149454959103
-0.001615268586249231
0.004264921464620669
-0.0021748319339798938
0.003913180187111269
-0.0011616303140279892
-0.004368838585562978
0.002735374807133149
-0.0030080910835075824
0.0037414551006491213
-0.00331793214503903
0.0026200293372497544
-0.0011028896387300668
0.004242476403890962
0.003692259284259497
-0.0021143504839015205
0.0005459332862491565
-0.003915366308612726
-0.001073100575478653
-0.004521756900300291
0.00094953002442014
0.004400909569062057
0.0027640929665180185
-0.002071127213343995
-0.0016814625119539505
0.004773577044926453
-0.004110794216875549
0.00021978763518995525
0.003764581169985835
-0.0031356356906874086
0.001241761106976563
0.004301164571074669
-0.0022584742677586368
0.0014937804790308784
0.0031041194523249585
0.002285084284665035
-0.004357134923852367
-0.004318570483454445
-0.001509638638428189
0.002940116886324809
0.0035500156194094917
-0.0036666949492511814
-0.0023761106258861466
-0.0023349090320225643
-0.0010855870801134053
0.0028538523319773376
-0.0014925073087376848
-0.0010482278094793704
-0.002917003296931018
-0.004547921305061748
-0.0016676963515920617
0.004732172037067048
-0.0045130836575817046
-0.001956274606651348
0.00275487776148015
-0.0016835863015436602
0.0004005292082692822
-0.0025798763182723916
0.004122977138363141
-0.0007152940904919195
-0.003969751255417141
-0.0035089082263512895
0.002224970095005741
0.0030445011725835835
0.004950001973210791
-0.0006961823830454175
-0.004410660894925359
0.002837870946303435
-0.002265922158816931
-0.0004259800648230049
0.0027270012939951457
0.003689413192875901
0.0023622397314001335
0.0007651801028549466
0.003707364924341156
-5.7944715750055456e-05
0.0005469989220400796
0.0025580673885224068
0.0023528861662740815
-0.003159554549494541
-0.0017645055020336
-0.0006863969425522972
0.0009640261901786374
0.0022010164434446613
-0.004151288463864165
-0.0013860130964823856
0.004256618341184396
0.0036906024945200884
0.0026494632185020284
-0.002900420044572294
0.0011474526214538669
0.0008512701649732776
0.002174517633379348
0.003769991044729551
0.0018194316272807055
0.003915414243603245
0.0013719293985267758
0.0007470048066515215
0.004547285238674225
0.0017184571421717289
-0.0029887387951063383
0.0003560146182755427
-0.004509481371042911
0.0025534826194221084
0.0028196250042070046
0.004075651156004821
-0.002803887593562655
-0.004477720745644573
-0.00407534002522726
0.004396164843142849
0.004057411169367611
-0.0032405232114636065
0.002530889122341037
-5.022435915050336e-05
-0.0045443192091057195
-0.0037171539709432936
-0.0009696162134121234
0.0016086926225928758
0.00420347446765116
-0.004676930918495413
-0.0004819456653207708
0.004338925642999955
0.0006588937103152951
-0.0007072532675525068
0.004739386130495629
-0.004897999268243295
-0.004708957563244628
-0.002925561577257184
-0.001278880351967251
0.0019431912240177917
-0.002406993951930676
0.001000302740875144
0.002925493363526489
-0.00046410340335291574
0.002876942545864728
0.0012096242222346528
0.001249344518046096
0.00033641138497320176
0.004430333512116331
-0.0008016400029653833
-0.004506107143234794
0.0010747739244528157
-0.004370149574637613
-0.0009727349089894352
-0.0018808248814076722
0.0005941659731436002
-0.004511228419363801
-0.003997524412072113
0.004751124626973029
0.003846915268992792
-0.004402310676532347
-0.001442044352171028
0.0024896683766266756
-0.0033670096208510995
0.003473757315631103
-0.0036953229754436104
-0.0019805783646198918
0.0036661031248732745
-0.002645276084130305
0.004027737468811955
-0.0021845302497137654
-0.002647008670671064
-0.0034892457629945627
-0.0018771398737952648
0.0031244544037325834
0.0016000353835021073
-0.004498215869949971
-0.003102105156635465
-0.003520371064952158
-0.0038025030874489227
-0.0019951548742559665
0.0032576354048418172
-0.004688135141978596
0.0008330996859933996
0.0025379004901344695
0.004453216791829633
0.0002246639785976664
-0.004230206346567118
-0.0007698729242634084
-0.0008350472636240057
0.004935802538450703
-0.0017306172136467746
0.004761879750037906
-0.00011385698888131436
0.0011344922287378125
0.0008322037925576099
0.0031015588971933057
0.004241885023558216
0.00011227111889197238
0.003402179686067464
0.0043655786551399485
-0.0012738419157791504
-0.00239908666227312
0.003730773251519561
-0.003556571572920936
0.0003580795021467277
-0.004844592867196636
0.0033545534995056024
-0.00196032365681986
-0.0021355054323861987
-0.0021390033894545736
0.003324890307359046
-0.003798321620583183
-0.0048167736072950015
-0.003231143394975112
0.004106889528612659
-0.001235321117171474
-0.0021625923912142685
0.0042789042771385856
-0.0011254257831836245
0.0011074862852135268
0.00215438470495227
0.00288943497272823
0.00405874450514086
0.0002379101491784422
7.302965044640036e-05
0.0009659971937732992
-0.002545018017787697
0.00359132735485252
-0.0017500635655403642
0.0027716459217288015
-0.0013685881399468857
