-0.004281404494087463
-0.002322445874522964
-0.003959516156083184
0.004843341433551046
0.0027363706733844464
0.0017900141612027564
-0.002057963650182234
-0.004393229116077978
-0.004414703991423123
-0.003585345758597265
0.004444231174556122
0.004323342864788277
0.004947429336000747
-0.003638771690909598
0.004733056760821047
-0.0038479455883124927
0.0001050226899196845
0.004969489702587026
-0.0034684187763775564
0.0013484525512431674
-0.001995588221241149
-0.0010756738328545866
-0.0022597510299392086
0.0023569944086664863
0.000271018314007037
0.004735134585521259
0.00031424352347662974
0.0005524571463209225
0.0009783534607603539
-0.000765092963676833
-0.0032924207157651675
0.0005554838008124544
0.002023714853977133
-0.0036210146459936922
0.003544726107143515
0.0014839197740206742
-0.0015280057390419733
-0.0015634416815101903
0.0008969646276444634
-0.003747124370455721
-0.002742192736221162
0.0007287612439461598
0.002532332331306301
0.0038356729568236906
0.004923745198161913
-0.004506744825646022
-0.003068252025352705
-0.0021733457993632255
0.0015042806893519403
-0.002199977536624508
0.0014164331505183425
-0.004356327828398338
-0.0020681690307224566
0.0009830120125818766
0.0014051837801214604
0.0032127725086361835
0.0004789096549080527
0.002876655864473711
0.003386732250001921
0.003031969591855795
0.004264473727167514
-0.0029063514707424023
-0.004763639249803722
0.00371314774326362
0.004932869727980933
0.003335630840612139
0.0012309684161923478
-0.002335862981223136
-0.0003195232117109946
0.001212172340193135
-0.0015365536009065918
0.004068979607114776
0.00015997916315135113
0.0007959741191769735
-0.003570850019191827
2.148669235247508e-06
-0.003697137331633801
0.0033745350255189885
0.0005248689317329906
0.0008530037382223086
-1.111400011015451e-07
-0.0045363843638265445
0.0019464086966632403
-0.002863765099699197
0.0010534180458179965
-0.0005614352624373218
2.7267780912042586e-05
-0.0038261001991244316
-0.004825792249314204
-0.0037951685181919327
-0.0003731111656832854
-0.0022556211287863017
-0.0032735747490571796
-0.0008258851665041171
-0.0007899683548301681
-0.004595870497371946
0.0009371760652989855
0.0026887218223980184
-0.0008985339478904683
0.00117228690016552
-0.0006260247201934641
-0.004283636256447707
-0.00032210153541239496
0.00232769319626013
-0.00028006692211304373
0.003370150696210452
0.00011742187722868849
0.0020158900522845684
0.0027240298005751376
0.0010783369693363135
-0.0008377815716089374
0.0020883115439935583
0.0006724843848500374
0.004871178755026138
0.0004929907335994776
-0.0008393880886858364
-0.0024928459526608305
-0.0007280920620737936
0.0026006380306542766
-0.0010319913982546813
-0.002122395277513065
0.00214064650091757
0.0008425465827534865
0.0038514180364503945
-0.0036148043450766843
-0.0024286665078852134
0.004285658225731078
0.0029729337457755
-0.003690982604223472
0.002714877394184281
-0.0008202922015592973
0.0005273654910011496
0.004678816484240373
-5.045339748821834e-05
0.001135620805707109
0.00026031123140940037
0.004649295726391749
0.003033300136890681
-0.0008992762013035702
-0.004410308842990587
-0.002783828705753564
0.001808050495331082
-0.0049916018395979225
0.002526241898318087
0.002802269297113166
-0.0026384890625030066
0.0043343336102474725
-0.0001556913096782608
0.0025739943179724275
-0.002459329152506706
-9.428293878485736e-05
-0.0001488678282400716
0.004112818410135474
0.004415092277972308
0.0010143491697792795
0.0022814845223159278
-0.000511844475931702
0.0032825016857338666
0.0029454034407037305
-0.001729935084843556
0.004079493160182623
0.0029263303387242765
0.004226128048172957
0.0031090995474041807
0.0035009221086931995
-0.0013504517778756965
0.002407883048998408
-0.0020030588574998565
0.0035253385164134747
-0.0014596807162552605
0.0014979006569182714
0.00413675416570061
-0.004060515224637993
0.0023505003618195285
-0.004102175789693091
0.0045028971483566755
-0.0017774591553039853
0.001040678433100883
0.0028448741113276587
-0.00042747149472161655
-0.004893933670441351
0.003633856180593268
0.0015250078421739114
-0.0028968606225695114
-0.00443364580457787
-0.0033344775536497187
0.003944351371213698
0.0006118672454450136
-0.003218372823245057
0.004007618610794911
-0.004496651794929311
0.0037223635930552995
-0.0028536197742786962
0.0019094990622463767
-0.0026726731286417682
-0.0037628352235738096
-0.0044573204579305345
7.943673254032137e-05
-0.0021321898454159105
0.001001622677788568
0.0020333268362198766
-0.004632112990370048
-0.000459250419701341
0.004507172981440883
0.004192492464975567
0.0040920245484649285
0.0020814844418798216
0.0014854531499289073
0.0007232438112001385
-0.0034671575180280087
-0.0030121140301468943
-0.0007422755864650134
-0.003047290506982178
5.8471675103326584e-05
-1.988584745375461e-05
0.0019174368084552843
-0.0023655702444163275
0.0004885127883992582
-0.0048406290595409875
-0.0023461021246888748
-0.004117102506012903
0.0009971405125319454
0.0029651255956002027
0.0012739019314194008
0.002230288714555763
0.0011367501513863528
0.00031915086003256755
0.0019300254921840385
-0.0047665424189638666
-0.0033843674269297542
-0.001021569849902348
-0.0037981362670161953
-0.0018074028667968045
-0.0006238321790985983
0.0007274450985921225
0.0019133352146410007
-0.004354813544048879
0.0034704184721999027
-0.0010091405708560243
-0.00437118752452999
0.004460435878672145
0.000418080376830751
5.203020116517198e-05
0.004109659321319954
-4.98577354774701e-05
-0.0008673654294241908
-0.004128975648562812
-0.0034707579277482806
0.00406617083723797
0.003834091798114993
-0.0038948244367570505
-0.0045823528131165685
-0.000287606958281025
-0.004726983082292241
-0.00334129060349925
-0.0014255911961896183
0.0013491460063435956
-0.0030727388319763092
-0.004135553898224242
0.003587377913897739
0.00027623529552028327
-0.0041306468370432125
-0.0017428531213612266
0.0008472029051877486
-0.0037778455149130963
-0.003794774073612962
0.0008054885461291385
-0.0030271580475626125
0.003124521720741299
0.00480952972792087
0.0019821934213021582
-0.0007863189345609645
0.004183068051698032
-0.001051337733472709
-0.0009180261829892025
0.003760481482757333
0.0007806901517679052
0.003829815962442934
-0.00015466265434795588
0.0020528260757155985
-0.0005801402046639245
-0.0016490097938613346
-0.0010337744790567416
-0.0023089008267048283
0.002425519442637688
0.0005509349356034388
0.0037906953406824867
-0.004214759404127719
-0.0002400804241672362
0.0007711366304321513
-0.002381679340255003
0.000849176221080947
0.0013911384724642354
-0.0037121047161505372
0.00011663439504084206
-0.00034156040466817514
0.004046905937680377
-0.0001807214364175011
0.000495967101164221
0.003666155756192175
0.004468624814832615
-0.0041143119877453775
-0.0018543425337531005
-1.9217692240007696e-05
0.0030885627938665077
-0.000701423240954833
-0.0010421899787880625
0.0033369075860200737
0.0021717522370518624
-0.0027233664374362453
0.0047069665737380405
0.001956289073996996
0.0008132221614854142
0.0011880595077276932
-0.003162164553567017
-0.0014253141971520798
0.0034388460413417336
2.928878014473238e-05
0.0017612678921268164
-0.0015483048949545388
0.0004338218510752355
-0.0019654208129415976
0.0009077306482868719
-0.00033180594713184443
0.0031374927870034845
0.00474500523818426
-0.002321335607436529
0.0016152048609282144
0.003039588908112998
-0.002519856571673389
0.004666221127367414
-0.003517925492713101
-0.0027248552820093963
-0.0010568083460332986
0.0014432033222863327
-0.004254944975067315
0.004404339018052467
0.0007233975242984889
0.00046170499467679954
0.0003525844851508999
0.003416040431805433
-0.001466063263918307
0.0011778715189962388
0.004003368561789777
0.0014888625878591187
0.0023723289663109357
0.0028467037429701783
-0.0016624088343678255
-0.004799960226514974
0.0020301429924905997
0.00044282242409869957
-0.003645484555966295
0.004753591898454572
0.004567673543004097
0.001236928062947915
0.003404074562385134
0.003266690937588498
0.004336885571232013
-0.0029956504834526445
0.000772510459904863
0.004361076563514675
0.000968422444575511
-0.004742929077638312
0.003785201637495906
-0.0027517405996512435
0.0035331401267387668
0.004325002824832453
-0.0026972557264753907
-0.0027896619156235025
0.004864357736176426
-0.0026743530126622263
0.0006611900582036969
-0.0033653367567095683
-0.001383164337292081
-0.004025387087271812
-0.0006427774015283659
-0.0033399870198116744
-4.18192339005528e-05
-0.002959114523640736
-0.002304197345163044
-0.0007395494907450704
-0.0029325547987342614
-0.002601981702054368
0.0011198518282287016
0.0025902294091422863
-0.0004234838395110992
-0.0044805172786572135
0.001957979247570644
0.00014368789365739286
-0.00386844867563514
-0.0018823055760588403
0.0003215249583854527
0.002827500595294636
-0.0013643330592279968
0.0010130697546016573
-0.004021404713868136
0.001951625649061657
-0.001229809165593051
0.00226705467484996
-0.0011268249435624233
-0.00048410310510146794
0.0031851519553244894
-0.001099109006259519
0.004766024146126753
-0.004527134869759431
-0.0015253199776043337
0.0005196237381857064
0.002951224883995675
0.0027938440006172504
0.0038945201909263436
-0.001908576832329548
0.001960149735028076
-0.004481363120992233
0.0033398741828350427
-0.0014020520573345806
-0.00221793526347434
8.085961774566362e-05
0.004706272706754768
-0.0004585438397368491
-0.00237893632550245
-0.000698264106793924
0.0031653773173233616
0.0028515450017593752
-0.0020622853532355147
-0.0028601291934235227
-0.0025643797449513795
0.0039946189280436585
0.0044619552304016605
0.0032568905292880883
-0.000795255282072335
-0.0017727089781802295
0.0037136477621498845
0.004368889897458489
0.0024311794139424657
0.0015830703052036156
0.001036816995046077
-0.004031535804798953
-0.0010485224394946799
-0.004452617704234493
-0.0025062320630668436
-0.0020065587451083234
0.00024480219417709077
0.003321880520295177
-0.004504344743987932
-0.003546937301770545
0.0038498217610360838
-0.002182656786164874
0.00019057366374255168
-0.003265850380318588
0.004114449473626275
0.0028400150430267874
0.004473202878405034
0.002551934818065129
-0.0006862784484641385
-0.004156741313516867
-0.00032748556775014526
-0.0020595987949623795
-0.004075998177786551
-0.003836937604763404
0.0009943582933285913
0.0023879879932811017
0.0005679829591349094
0.00234486230892855
-6.666064712824125e-05
-0.002662002584438522
-0.0007842783536519231
-0.0030970966066569262
0.003712863386202618
0.0003721714091922878
0.0037261543771976878
-0.003941054453761825
0.004594417236319959
-0.002660421492105587
-0.004775402496269739
-0.003699251490307468
0.000964971945743868
0.0031205933898555754
-0.0009617349875726908
-0.0025385754117509076
0.0045835347115924475
0.0037572329188555282
-0.0014643195827424736
-0.0007548225906940601
-0.00014115030407843131
1.2404904399822107e-05
0.003259749410562088
0.003417933236310236
-0.002116691175497687
0.0006465266015099926
-0.002938102126579173
-0.0011712602095340784
0.004915862427727679
0.004952146763526357
-0.0011254718181544598
0.0025665199251772783
-0.0005182877374341833
0.0006086709016319032
-0.004251239534983769
-0.0014371445193466703
0.004823971280520425
-0.004615697013086141
-0.001522417905593646
0.000675989058058977
0.0038694831934549144
-0.002966684273081437
-0.0030284490274803955
0.004062290895478872
0.0019668004866753375
-0.003879898371743593
-0.0016198056164653594
0.001866895530558084
-0.003854155820840759
-0.002426076856273992
-0.0036270187268637078
0.0024706077544664447
0.002628790387970587
0.0023476530471199285
-0.0005671632461720644
-0.001768689988637575
-0.00394906699217221
0.003158091048801991
0.0037996909518507793
-0.0010457862563477407
0.003647928089457392
0.0008251387091260933
-0.003251572789105396
-0.0019262891021052742
0.002129232633267749
-0.0023414842874443288
0.0020999616754257657
0.003773671587977372
-0.0020371618666233703
0.00012434215269106503
-0.0035705614770228265
-0.002417174980184953
-0.002701359094632364
-0.004995838103540198
0.0023740315093775674
-0.0011810420731877135
0.002271587877311584
-0.002618267498332311
0.0019100142192091584
-0.004271759980219746
-0.000472359216573349
-0.0034263305901773744
-0.004519064860823513
0.00033599633264520465
-0.0007685372695410272
-0.0009523638449800221
-0.003447561831809758
0.0030690201204583495
-0.0038505059659146457
-0.002676641154159671
-0.003732736817199129
0.0031891282618072307
0.0002337350412023988
0.0006203989388419836
-0.0006147045325902564
0.002357882185664883
0.0018636808655568384
-0.0019484509360356006
-0.003656278507623044
0.004887310103018439
0.0017411705503396933
-0.0007629640330987951
-0.0009947526993968892
0.004796971478483371
0.001377500676343374
-0.0010378884617709572
0.0010261784862114001
0.003662069412936334
0.0016368997853237945
0.003188299442792283
0.001212685989686789
-0.002073378917584642
0.00152288472224548
0.004079468520824824
-0.0011334654898175279
-0.000895071614876084
0.002961853272264995
0.0007536077480891782
0.0024563876262045595
-0.0019118460074257337
-0.0023810468601691104
0.0005664317726237246
0.0016635009780327711
-0.0017146278928838053
0.003017880679235893
-0.003869866052794524
0.0005272560065018479
0.002696639028219908
0.0005378790509430768
-0.0024273636718639357
-0.0017636022509652884
0.004968577106041692
0.00483793129101357
0.002882123342047456
0.0006075356581043282
-0.004197382715652783
0.004044744469296977
0.0037670704695382798
-0.0026917020856785222
0.002201110085008379
-0.0045079524160112705
-0.0012997717113341725
-0.0011736379060795577
0.0012382812318984578
0.0039640623793206235
0.004844443055969874
0.0009045221387073777
-0.0006208424902959453
-0.002588072000417573
0.003928004700419895
-0.0020963471256169298
0.00045314616630563395
-0.003924257278471019
-0.0014104406128198376
-0.002208187323312163
-0.0017020808513839901
0.0013676160510689862
-0.004541142009888779
-0.001450049006681531
0.004160179985199286
5.755982711380236e-05
-0.0035679421118169686
-0.004607006818685954
-0.0010130322424105167
-0.004792154150183989
0.001216909708869159
-0.0025273035727458237
-0.0028535056748501997
0.002521664633170712
-0.0010651114148683824
0.0005804936861689017
0.004954251068219063
3.83597360426027e-05
0.004120295858699457
-0.00010260361672391298
-0.0022058566138187133
-0.00022774272324802437
0.0031721096740472436
-0.0015370407437804213
-0.004542422887722699
0.002733203423961505
-0.004074287678138871
-0.0031888765317067145
0.0036078200321917843
-0.0038685580231584407
-0.0019169369003809045
-0.0012000908235538046
0.0031138621158001796
-0.0020224556989263055
-0.0027776479598670945
-0.0006426741044381077
-0.003526889591787827
0.002693975771169683
-1.0735176328171246e-05
-0.0009032455033602975
0.0038844782441036533
-0.0036319608691764036
-0.003641284027447936
-0.004753040152448231
0.0007084804591456781
0.004955787361095576
-0.0001487050403028347
0.0021987221531774544
-0.0009685706564134637
0.00048338953968738146
-0.0015110750198341085
0.002152083468037333
0.0042949855223359335
-0.004924417146965422
0.0010546107108266693
-0.0004803446787173919
0.0013782811970559881
-0.004073958959338756
-0.0033258631028376807
-0.0015210852476849248
-0.003065391977686174
0.003556016118397132
0.004433223210945994
-0.004617549102370836
0.004388297805363188
-0.003234399467738065
-0.001506848214441955
0.0036388852168978093
-0.004674146419573071
0.00445449216860522
3.899391774332857e-05
0.00328083605099013
0.002847670832333389
0.0010751025273606938
-0.004530880767653952
-6.163452923244137e-05
-0.0021154543702740494
0.004948287939023135
0.0006521130058395851
-0.0004950398374102775
-0.0013711514685976378
-0.0033267613327723124
0.003919385911899939
0.0007391745226501189
-0.001091691712676525
-0.00210553119284722
0.0021067967157534983
-0.002273557936224637
0.004852439533213393
-0.0036900046711704883
0.0025020214757954153
-0.0007356630862134029
0.00423856250991599
-0.004206110977244323
-0.00018005255833896013
-0.0011603813334387803
-0.003518951604073316
0.002576269059061137
0.0031221693042370923
0.002126550118036259
-0.003965712606301772
-0.0002138153046967288
0.001187791444530917
-0.002498229468320018
-0.004642771137089621
0.0014191340578997248
-0.003361675434134824
0.0032078925379187143
0.0028926161980241958
-0.002674571663896164
-0.0012544896325724078
0.002391367455564698
0.002905551158052899
-0.00020118692098433644
-0.003091472129861176
-0.0033664001354805663
-0.0037600567216190487
0.0038357980607283916
0.0026510499727956625
0.0020938994196787056
-0.0030869274469586764
-0.0036756402383693113
0.004850748068266324
-0.00425695968509978
-0.0008279004389406645
0.004294949013601792
0.0035786983760831776
-0.0034265804891646535
-0.003862823933218078
-0.0016047431035111828
-0.004493169212241308
-0.004668117246247434
0.0016134685244545907
0.0029631099138051923
0.00011097056617956087
0.0015005871540789374
0.003176190059983778
-0.003403194326461095
-0.004575044044977281
-0.002868145961422006
0.004178356641767759
-0.004593094817165332
-0.0036186637531855524
0.001053178838935711
-0.004182664836676565
0.0007102713865050304
0.0015898728575388047
0.004843073536970281
0.001535793657186881
0.0028994721105207186
-0.003986963708201566
0.002311956744005219
0.0023589122882240066
-0.00036761845234114555
0.0021758064728711717
0.002330726256872818
0.004351293178839223
-0.004973533857184876
-0.0030103389468371035
0.001476224329690968
0.003979879004424384
-0.002137799664140894
-0.004692550768666991
-0.001300378697151854
0.004457240204175319
0.00017640610147475096
0.0039076817813749635
-0.0033434353522560365
-0.004094693810120541
-0.004110287184896969
0.0035333881188048697
-0.0034540478586345892
-0.0035722758225745456
-0.0004976832904537813
-0.002652483372390314
0.0031802791679580314
-0.0020304050102970795
0.0037603325374985135
0.0031551343032574968
-0.0012152139062217905
0.004659815519484369
-0.0015166603237668675
-0.0030380553088809716
0.003086244477904245
0.004724735882851337
0.004337302356394347
-0.0026610169382601336
-0.004540938769928385
0.002010736235695
-0.0038104589598198036
0.0014115715859190836
-0.004915888955493854
-0.0004031094202260957
0.0009644166817451292
0.00014952658311917066
0.00070237222322766
0.004042109532146694
-0.002633920374775438
-0.002542175256287541
0.0002484487595465455
0.002839196968294073
-0.0033243191452799648
0.002787937614329979
0.003074956894143845
0.0004861864850358175
-0.003976690378639201
0.0008629972341033373
0.002762479858326233
0.0016606765400600252
0.00487357492138995
0.0012409764622793489
0.004041169253276606
-0.0030572562122169644
-0.0005693555289888116
-0.0020970466452409397
0.002631772092677922
-0.004421337052891922
-0.0038730686016787584
-0.004621390078191293
0.002589674960372491
0.0013557815147246391
0.0010770300415283984
-0.004847631554604548
-0.0002846356760757276
-0.0004356733485178241
0.002926055877842229
-0.0037469047173177006
0.001330161205296134
0.003590377957755633
-0.002694554578983547
0.0001977851348490987
0.003653924952194261
0.0014817075835092501
-0.0029733269642320116
0.004635041281237466
-0.004304544805814497
-0.00125849480713366
-0.000707052645761274
0.002211652090378927
-0.0017680178962640038
0.004297321863405518
-0.003531537056943056
0.004643931155328706
-0.0005533212382272971
-0.00284821629941464
-0.0018067752207292119
-0.004385231891347477
-0.004872397320338071
-0.0013922688575491527
-0.0019878297633679366
-0.0006245892137170129
-0.0024550930347793645
-0.0020521172178545612
0.0003088894699898844
-0.001957565081724689
0.003748939980333506
0.003449926836406914
0.002347085093289239
0.0023910869292983073
-0.000219451586578886
0.0008457615247546065
0.0042660500246616455
-0.0018302956215905729
0.002546577733276772
0.004161486959268749
-0.0038688841174065484
0.004302378950356734
-0.0016717962807081765
0.000482326108108333
-0.0017310270661664486
0.0043837682877366215
-0.004919802243777182
0.00175894383666929
-0.0012604828745948525
-0.002511593951454504
-0.00036521861047076123
-0.004657683731434122
0.0029358973811095023
0.003122572387131429
0.0005910786524864244
0.0008477451967523726
-0.0037447998336321365
0.0041794901636685354
0.0003022275207922266
0.0003750635500146763
-0.004002663815896406
0.0017209677153854751
-0.0030332684019261746
0.0015821038753846021
0.0018630414101249194
-0.003192769485984244
0.0009037467491985829
-0.0008106892027856605
0.0019199963387166678
-0.002694085706193883
-0.004983211664733847
0.0014066130470259727
-0.001765695053380222
0.002210672453624181
0.0013120102444603259
0.0006892221276316654
0.0046257699649001
0.004562891251762618
-0.00021157299825296568
1.4136011429117731e-05
0.004871307509987688
0.002360429428722101
-0.0021610235614919872
0.003483523016506114
0.0025585211499909444
-0.002486652984052884
0.002207524229477684
0.002080825849302894
0.0011733109574342537
-0.001425347791487821
0.003027887017535009
-0.004116970488594334
-0.0037002361381092497
0.0006201488955991886
0.0010818992970293142
0.0034541254768568974
-0.002787182865910024
0.002553761418107264
0.0010111977861157594
0.004292693915805995
0.002582128763718907
-0.0006115368074094494
-0.0014762916543230088
-0.0019650809928749902
-0.003938711540292491
0.004698117594222809
-0.0012538427258323827
-0.0039666338697273585
-0.00429531804148779
0.002318926858357222
-0.0008805745585660418
-0.0032673926313750512
-0.0006030533627284862
0.004063197356917015
-0.0013590736344479492
0.0008747513740677395
-9.949409488112064e-05
-0.004904928643585231
-0.0012302425584361522
-0.00024317658564549597
-0.0007253635269905837
-0.002402805030819555
-0.004431717052300585
-0.00033934791834920076
0.004010396113744332
0.0013720141800113543
-0.0025037002399442964
-0.0045482965373831565
0.0028796353923249305
0.0030612624343249488
0.0029528358787991376
-0.0029505027747939463
-0.002752861509356108
-0.00499603434668611
0.0029058230755773804
-0.003500884680460711
-0.004694740973275232
-0.0019757282080670848
0.002839251052471888
-0.0022078361228487033
-0.0034194507596964473
-0.0005131217053564261
-0.002459486159203256
0.00425102231550288
0.0016308284758293169
-0.001126171019605471
-0.002988628086411601
0.0021125501078166423
0.0027425542259733064
-0.002485397675248956
0.001834203823383812
-0.00482732821024969
-0.0024747625421672015
-0.0023064242264030387
0.00045059883715731913
-0.00022089752198614296
-0.0036219977916547973
