     Energy         Kx              Ky       F.Density    GA.Brill.       Flux  Tot.Power  Nat.Size  Nat.Div.    Size.x    Size.y     Div.x     Div.y   Coh.Flux  Coh.Power   CohFrac.x   CohFrac.y
         eV          -               -  ph/s/mr^2/0.1%  F.Dens/mm^2  ph/s/0.1%         kW         m       rad         m         m       rad       rad  ph/s/0.1%          W           -           -
1.38957e+03  1.000e-01       6.123e-18       2.946e+16    3.050e+19  2.345e+13  3.522e-03 7.268e-06 9.769e-06 1.990e-05 7.726e-06 1.188e-05 1.066e-05  6.070e+12  1.206e-03  3.0037e-01  8.6199e-01
1.37277e+03  1.860e-01       1.139e-17       9.900e+16    1.019e+20  7.965e+13  1.218e-02 7.313e-06 9.828e-06 1.992e-05 7.768e-06 1.194e-05 1.073e-05  2.077e+13  4.126e-03  3.0232e-01  8.6262e-01
1.34670e+03  2.720e-01       1.666e-17       2.022e+17    2.060e+20  1.655e+14  2.606e-02 7.383e-06 9.923e-06 1.994e-05 7.834e-06 1.203e-05 1.083e-05  4.365e+13  8.671e-03  3.0541e-01  8.6360e-01
1.31242e+03  3.580e-01       2.192e-17       3.293e+17    3.311e+20  2.760e+14  4.514e-02 7.479e-06 1.005e-05 1.998e-05 7.925e-06 1.216e-05 1.097e-05  7.387e+13  1.467e-02  3.0951e-01  8.6465e-01
1.27122e+03  4.440e-01       2.719e-17       4.693e+17    4.641e+20  4.049e+14  6.943e-02 7.599e-06 1.021e-05 2.002e-05 8.038e-06 1.232e-05 1.115e-05  1.104e+14  2.192e-02  3.1472e-01  8.6621e-01
1.22453e+03  5.300e-01       3.245e-17       6.115e+17    5.931e+20  5.457e+14  9.893e-02 7.743e-06 1.041e-05 2.008e-05 8.174e-06 1.251e-05 1.136e-05  1.520e+14  3.019e-02  3.2088e-01  8.6799e-01
1.17382e+03  6.160e-01       3.772e-17       7.468e+17    7.083e+20  6.926e+14  1.336e-01 7.908e-06 1.063e-05 2.014e-05 8.331e-06 1.273e-05 1.160e-05  1.976e+14  3.924e-02  3.2791e-01  8.6993e-01
1.12044e+03  7.020e-01       4.299e-17       8.681e+17    8.033e+20  8.400e+14  1.736e-01 8.094e-06 1.088e-05 2.022e-05 8.508e-06 1.297e-05 1.187e-05  2.459e+14  4.885e-02  3.3573e-01  8.7200e-01
1.06566e+03  7.880e-01       4.825e-17       9.711e+17    8.748e+20  9.838e+14  2.187e-01 8.300e-06 1.115e-05 2.030e-05 8.703e-06 1.325e-05 1.217e-05  2.960e+14  5.881e-02  3.4425e-01  8.7413e-01
1.01055e+03  8.740e-01       5.352e-17       1.053e+18    9.222e+20  1.121e+15  2.690e-01 8.523e-06 1.146e-05 2.039e-05 8.917e-06 1.355e-05 1.250e-05  3.470e+14  6.894e-02  3.5339e-01  8.7629e-01
9.55997e+02  9.600e-01       5.878e-17       1.115e+18    9.468e+20  1.248e+15  3.246e-01 8.763e-06 1.178e-05 2.049e-05 9.146e-06 1.387e-05 1.285e-05  3.981e+14  7.909e-02  3.6304e-01  8.7845e-01
9.02694e+02  1.046e+00       6.405e-17       1.157e+18    9.516e+20  1.366e+15  3.853e-01 9.018e-06 1.212e-05 2.060e-05 9.391e-06 1.422e-05 1.322e-05  4.488e+14  8.915e-02  3.7313e-01  8.8058e-01
8.51167e+02  1.132e+00       6.932e-17       1.181e+18    9.398e+20  1.472e+15  4.513e-01 9.287e-06 1.248e-05 2.072e-05 9.649e-06 1.458e-05 1.361e-05  4.985e+14  9.903e-02  3.8358e-01  8.8265e-01
8.01786e+02  1.218e+00       7.458e-17       1.189e+18    9.150e+20  1.568e+15  5.225e-01 9.569e-06 1.286e-05 2.085e-05 9.921e-06 1.497e-05 1.402e-05  5.470e+14  1.087e-01  3.9431e-01  8.8465e-01
7.54791e+02  1.304e+00       7.985e-17       1.185e+18    8.807e+20  1.653e+15  5.988e-01 9.862e-06 1.325e-05 2.099e-05 1.020e-05 1.537e-05 1.445e-05  5.941e+14  1.180e-01  4.0527e-01  8.8657e-01
7.10318e+02  1.390e+00       8.511e-17       1.170e+18    8.396e+20  1.730e+15  6.804e-01 1.017e-05 1.366e-05 2.113e-05 1.050e-05 1.579e-05 1.490e-05  6.395e+14  1.270e-01  4.1628e-01  8.8818e-01
6.68419e+02  1.476e+00       9.038e-17       1.148e+18    7.944e+20  1.796e+15  7.672e-01 1.048e-05 1.408e-05 2.128e-05 1.080e-05 1.622e-05 1.535e-05  6.833e+14  1.357e-01  4.2748e-01  8.8991e-01
6.29085e+02  1.562e+00       9.564e-17       1.119e+18    7.471e+20  1.855e+15  8.592e-01 1.080e-05 1.452e-05 2.144e-05 1.112e-05 1.667e-05 1.583e-05  7.255e+14  1.441e-01  4.3873e-01  8.9154e-01
5.92260e+02  1.648e+00       1.009e-16       1.086e+18    6.991e+20  1.906e+15  9.565e-01 1.113e-05 1.496e-05 2.161e-05 1.144e-05 1.713e-05 1.631e-05  7.659e+14  1.521e-01  4.4998e-01  8.9308e-01
5.57854e+02  1.734e+00       1.062e-16       1.050e+18    6.517e+20  1.951e+15  1.059e+00 1.147e-05 1.542e-05 2.179e-05 1.177e-05 1.760e-05 1.680e-05  8.048e+14  1.599e-01  4.6119e-01  8.9454e-01
5.25759e+02  1.820e+00       1.114e-16       1.012e+18    6.056e+20  1.990e+15  1.167e+00 1.182e-05 1.588e-05 2.197e-05 1.210e-05 1.808e-05 1.731e-05  8.420e+14  1.673e-01  4.7233e-01  8.9589e-01
4.95850e+02  1.906e+00       1.167e-16       9.733e+17    5.615e+20  2.024e+15  1.279e+00 1.217e-05 1.635e-05 2.216e-05 1.245e-05 1.857e-05 1.782e-05  8.777e+14  1.744e-01  4.8338e-01  8.9717e-01
4.67998e+02  1.992e+00       1.220e-16       9.344e+17    5.198e+20  2.055e+15  1.397e+00 1.252e-05 1.683e-05 2.236e-05 1.280e-05 1.908e-05 1.834e-05  9.120e+14  1.812e-01  4.9420e-01  8.9818e-01
4.42071e+02  2.078e+00       1.272e-16       8.958e+17    4.805e+20  2.081e+15  1.521e+00 1.289e-05 1.732e-05 2.257e-05 1.315e-05 1.959e-05 1.887e-05  9.448e+14  1.877e-01  5.0496e-01  8.9929e-01
4.17939e+02  2.164e+00       1.325e-16       8.580e+17    4.438e+20  2.103e+15  1.649e+00 1.325e-05 1.781e-05 2.278e-05 1.351e-05 2.010e-05 1.941e-05  9.764e+14  1.940e-01  5.1556e-01  9.0033e-01
3.95475e+02  2.250e+00       1.378e-16       8.212e+17    4.097e+20  2.123e+15  1.783e+00 1.362e-05 1.831e-05 2.299e-05 1.387e-05 2.063e-05 1.995e-05  1.007e+15  2.000e-01  5.2597e-01  9.0130e-01
3.74558e+02  2.336e+00       1.430e-16       7.856e+17    3.781e+20  2.141e+15  1.922e+00 1.400e-05 1.882e-05 2.322e-05 1.424e-05 2.116e-05 2.050e-05  1.036e+15  2.057e-01  5.3619e-01  9.0222e-01
3.55074e+02  2.422e+00       1.483e-16       7.514e+17    3.489e+20  2.156e+15  2.066e+00 1.438e-05 1.932e-05 2.345e-05 1.462e-05 2.169e-05 2.105e-05  1.064e+15  2.113e-01  5.4619e-01  9.0307e-01
3.36914e+02  2.508e+00       1.536e-16       7.186e+17    3.221e+20  2.170e+15  2.215e+00 1.476e-05 1.984e-05 2.369e-05 1.499e-05 2.224e-05 2.161e-05  1.090e+15  2.166e-01  5.5599e-01  9.0387e-01
3.19979e+02  2.594e+00       1.588e-16       6.873e+17    2.974e+20  2.183e+15  2.370e+00 1.515e-05 2.036e-05 2.393e-05 1.537e-05 2.279e-05 2.218e-05  1.116e+15  2.217e-01  5.6547e-01  9.0446e-01
3.04173e+02  2.680e+00       1.641e-16       6.574e+17    2.747e+20  2.193e+15  2.529e+00 1.554e-05 2.088e-05 2.418e-05 1.575e-05 2.334e-05 2.275e-05  1.141e+15  2.267e-01  5.7481e-01  9.0516e-01
2.89412e+02  2.766e+00       1.694e-16       6.290e+17    2.539e+20  2.202e+15  2.694e+00 1.593e-05 2.141e-05 2.443e-05 1.614e-05 2.390e-05 2.332e-05  1.165e+15  2.314e-01  5.8392e-01  9.0582e-01
2.75614e+02  2.852e+00       1.746e-16       6.020e+17    2.348e+20  2.211e+15  2.865e+00 1.632e-05 2.193e-05 2.469e-05 1.653e-05 2.446e-05 2.389e-05  1.188e+15  2.360e-01  5.9280e-01  9.0643e-01
2.62705e+02  2.938e+00       1.799e-16       5.764e+17    2.173e+20  2.218e+15  3.040e+00 1.672e-05 2.247e-05 2.495e-05 1.692e-05 2.503e-05 2.447e-05  1.210e+15  2.403e-01  6.0145e-01  9.0701e-01
2.50619e+02  3.024e+00       1.852e-16       5.521e+17    2.012e+20  2.224e+15  3.220e+00 1.711e-05 2.300e-05 2.522e-05 1.731e-05 2.560e-05 2.505e-05  1.231e+15  2.446e-01  6.0987e-01  9.0757e-01
2.39292e+02  3.110e+00       1.904e-16       5.290e+17    1.865e+20  2.231e+15  3.406e+00 1.752e-05 2.354e-05 2.549e-05 1.771e-05 2.617e-05 2.564e-05  1.252e+15  2.486e-01  6.1796e-01  9.0793e-01
2.28668e+02  3.196e+00       1.957e-16       5.072e+17    1.730e+20  2.236e+15  3.597e+00 1.792e-05 2.408e-05 2.577e-05 1.811e-05 2.675e-05 2.623e-05  1.271e+15  2.525e-01  6.2592e-01  9.0841e-01
2.18693e+02  3.282e+00       2.010e-16       4.865e+17    1.606e+20  2.241e+15  3.793e+00 1.832e-05 2.462e-05 2.605e-05 1.851e-05 2.733e-05 2.682e-05  1.290e+15  2.563e-01  6.3365e-01  9.0887e-01
2.09320e+02  3.368e+00       2.062e-16       4.669e+17    1.492e+20  2.245e+15  3.995e+00 1.873e-05 2.517e-05 2.634e-05 1.891e-05 2.791e-05 2.741e-05  1.309e+15  2.600e-01  6.4116e-01  9.0930e-01
2.00504e+02  3.454e+00       2.115e-16       4.484e+17    1.387e+20  2.248e+15  4.201e+00 1.913e-05 2.572e-05 2.663e-05 1.931e-05 2.849e-05 2.801e-05  1.326e+15  2.635e-01  6.4845e-01  9.0970e-01
1.92205e+02  3.540e+00       2.168e-16       4.308e+17    1.291e+20  2.252e+15  4.413e+00 1.954e-05 2.627e-05 2.693e-05 1.972e-05 2.908e-05 2.861e-05  1.343e+15  2.668e-01  6.5552e-01  9.1009e-01
1.84385e+02  3.626e+00       2.220e-16       4.141e+17    1.203e+20  2.255e+15  4.630e+00 1.995e-05 2.682e-05 2.723e-05 2.012e-05 2.967e-05 2.921e-05  1.360e+15  2.701e-01  6.6230e-01  9.1032e-01
1.77011e+02  3.712e+00       2.273e-16       3.983e+17    1.122e+20  2.258e+15  4.853e+00 2.036e-05 2.737e-05 2.753e-05 2.053e-05 3.027e-05 2.981e-05  1.376e+15  2.732e-01  6.6896e-01  9.1066e-01
1.70050e+02  3.798e+00       2.326e-16       3.833e+17    1.047e+20  2.260e+15  5.080e+00 2.078e-05 2.792e-05 2.784e-05 2.094e-05 3.086e-05 3.041e-05  1.391e+15  2.763e-01  6.7542e-01  9.1099e-01
1.63475e+02  3.884e+00       2.378e-16       3.691e+17    9.774e+19  2.263e+15  5.313e+00 2.119e-05 2.848e-05 2.815e-05 2.135e-05 3.146e-05 3.102e-05  1.406e+15  2.792e-01  6.8168e-01  9.1129e-01
1.57258e+02  3.970e+00       2.431e-16       3.556e+17    9.136e+19  2.265e+15  5.551e+00 2.161e-05 2.904e-05 2.846e-05 2.176e-05 3.205e-05 3.162e-05  1.420e+15  2.820e-01  6.8775e-01  9.1159e-01
1.51375e+02  4.056e+00       2.484e-16       3.427e+17    8.547e+19  2.266e+15  5.794e+00 2.202e-05 2.960e-05 2.878e-05 2.218e-05 3.265e-05 3.223e-05  1.433e+15  2.847e-01  6.9363e-01  9.1186e-01
1.45804e+02  4.142e+00       2.536e-16       3.305e+17    8.003e+19  2.268e+15  6.042e+00 2.244e-05 3.016e-05 2.910e-05 2.259e-05 3.326e-05 3.284e-05  1.447e+15  2.874e-01  6.9925e-01  9.1201e-01
1.40523e+02  4.228e+00       2.589e-16       3.189e+17    7.499e+19  2.270e+15  6.295e+00 2.286e-05 3.072e-05 2.942e-05 2.301e-05 3.386e-05 3.345e-05  1.459e+15  2.899e-01  7.0478e-01  9.1226e-01
1.35515e+02  4.314e+00       2.642e-16       3.079e+17    7.033e+19  2.271e+15  6.554e+00 2.327e-05 3.128e-05 2.975e-05 2.342e-05 3.447e-05 3.407e-05  1.472e+15  2.924e-01  7.1013e-01  9.1250e-01
1.30760e+02  4.400e+00       2.694e-16       2.974e+17    6.601e+19  2.273e+15  6.818e+00 2.369e-05 3.184e-05 3.008e-05 2.384e-05 3.507e-05 3.468e-05  1.484e+15  2.947e-01  7.1533e-01  9.1273e-01
