0.0014345394133081285
0.0019317432110110269
0.0019837771949070097
-0.00030256814667957476
-0.0001539726628336231
-0.001398764611125064
-0.0020064226991596316
-0.0008011351336418655
-0.0017455878201233343
-0.0009309736888351546
0.002627326794063187
0.0022431563843673067
0.00019865630203515705
-0.00226779085649631
2.3700663701671076e-05
-6.285849795808606e-05
-0.0009840352954084814
0.00035535443561019895
0.0029857336038466263
-0.0018393404996915458
0.0006189583613153389
0.0008548339821990132
0.0009334808414235823
-0.001891351178959859
-0.002638202045125764
0.0016641830192510674
-0.0010388168651962472
0.0003788078655203339
-0.0014810821516328433
-3.3670345583635894e-05
-0.0005927637901666275
0.0017211187781638057
0.0001560916121396711
0.0003322073354227748
-0.0016257999508469086
0.00029300744805286615
0.002479448935340139
-0.0015896040286124272
-0.00029122700708268537
0.0027987346255616396
0.002562437956778619
0.0017938654851961658
-5.095926428511262e-05
-0.001814305042024879
-0.002959104610258273
-0.0029511165031108014
0.002943403177400404
0.00016938710963792548
-0.0018380036334705511
0.0008231692501689059
0.0027020670213103145
-0.0008273907527300149
0.0007391625319254224
-0.0019890588885696676
0.00016154740490479129
-0.002921069175797999
-0.0014173477095673786
-0.0020592906565712306
0.0008566278451195403
-0.002508123333484359
0.0019651793959165687
-0.00021954289110242024
-0.0008634964137302211
0.0006284094471554202
-0.001562857299911909
-0.0010497738346838378
-0.0023231819582055523
0.0003359040654412706
-0.002335476033444666
0.0017091232010184466
-0.002055695224883023
-0.0025536414141480116
0.0005488608764394301
-0.0013243350212487584
0.0018752401492400156
-0.0014084654324565157
-0.0024865679779420688
0.000101647620365537
-0.0028872141650534496
0.0011674870718324532
0.002029880287604132
-0.0012106870425113686
0.00117918673254702
0.001506172518136218
0.00141440034830651
0.0011308872810073933
0.0028465589714312383
0.002336715379522519
0.0012620812202206308
-0.00015116879045243368
-0.002779540169890961
0.0026538643857218925
-0.0009374901877480025
0.0014484126709018693
-0.0011236247751722412
0.0011860686215714525
-0.0010581549374493284
0.0008956234736253589
-0.0011745481529651333
0.002712886934247056
0.0021427109089839887
-0.0001522181649882934
-0.0007367538470831785
-0.0007972165591207552
-0.002293123143783813
0.0025772457177302005
-0.0011148292247925144
0.0008289427947254864
0.00162337109219878
-0.0019087630411726677
0.0013553644931992015
0.0027936742506996593
-0.0021970346246890566
-0.0004372860429698428
-0.000842902889260829
0.0008219210672710058
-0.0001980341588633935
-0.00012368510290330969
0.0023542426393360176
-0.0015208861437352934
0.001392807776961786
-0.00029837890051302154
0.002898052527784283
0.000894965124805316
0.0018117421908187747
-0.002933272436427306
-0.002631880873381431
0.00189065976082331
-0.001180275060110419
-0.00045481625559108197
0.0003933486319982263
-0.001767460939560617
0.0023411854169034614
-0.0011963743649636425
-0.002250358366453974
0.002101965249755055
0.0004341081241050148
-0.0007658299197996522
-0.0021310479832231974
-0.0026403370980257464
0.0028421555343278093
0.0007049772478342408
0.0015570775111716723
-0.0005920562924950569
-0.0018603128955946699
0.00023328509364195634
0.0023037569110399324
-0.0011690628196121627
-0.0022952739797190533
-0.002878178815803647
0.0014624819087896658
0.0022488069712688127
-0.0013642702399021562
0.0001903025466691564
-0.0008792535005346124
-0.0027576610021979014
0.0002492591669789189
0.0017562577201984944
-0.002105111039578699
0.0021928461212818605
2.9184350254082923e-05
-0.0014592897640105858
-0.001987128346020259
0.00018646889984375503
0.0021342695338678105
0.0023861577345771334
-0.0002565728418266601
-0.0008469157656371619
3.3078710791391644e-05
-0.0017068521692813914
0.00025696019646485966
0.0006196781445646968
0.0005514082227461286
0.0024925482987149953
-0.0015733289126073043
-0.00021307493982811697
-0.0021258234824633737
0.001869748249399816
-0.0007296426647953754
-0.0008505709937277769
0.0018493075192601337
0.001967214405768713
0.0010328358407499724
-0.0015122888504742447
-0.0013049734464116287
0.0023240589118738745
0.002016055245644928
0.0017902118530064518
0.0011531956759734951
-0.002094871655146928
0.0009108572776924144
0.001662840944356439
0.0011023766949189075
-0.0001980647664343205
0.002789873481600296
-0.0001508628980526742
0.001233008497242477
0.0015752744957962597
-0.0022396535246368733
-0.0023119630683451353
-0.0023811595142917774
0.0027003705000426
-0.0003970288734562303
0.0013785810619968081
-0.0027753192089342276
-0.0004407691180375755
-0.0004546761448935275
0.0018864091861703815
-0.0023833466997906566
-0.0021033975844914864
-0.0014407390488063298
-0.002771083767888874
0.00238680446093006
-0.00036767392747516156
0.0005495380573903559
-0.0024579997604840154
0.0007492440390639795
0.0008207903207046452
-0.0009525923668353801
-0.0009062432221249471
0.002932520665102077
-0.0006518864863009344
0.0017462485476258081
-0.001333458381064761
0.0012165200864502007
0.00283868219110731
-0.0016668377958998176
-0.00015726574390120254
-0.0015009260928922161
0.0024883917713227352
0.0008475223311386168
0.0009536115940102854
-0.002576557930328884
-0.0022781873574222906
-0.002208520185268033
0.002564220538105463
-0.0015939201867960398
0.0022052800627854275
0.0001557671845424202
-0.0012634902903743547
0.002555230633092349
0.0006275220792709211
0.002588079503943662
-0.002798401381594459
-0.0006479410457649261
0.001518056692005265
0.0023626432516131845
-0.0006783858259864568
0.0014138339689356398
0.00128615062611415
-0.0018680023066655568
0.0026087441086224796
-0.0011052574108365142
-0.00024971951351698655
0.00112675849457527
-0.0007155427149943081
0.0026483970150441164
0.0028908484514916484
-0.0011007946243826968
-0.0005081853052491766
0.0027124374366814426
-0.001857078672820142
0.001303435321709975
0.0029212115651819463
0.0013104126505773571
0.0024432363136211678
0.0002905222798410775
0.0015908087397639792
0.0012461019216936688
-0.0020408160657319745
-0.0021271117040609668
0.0015827338351394925
-0.0009589743912789246
0.002385973625650643
-0.0013321585945528596
0.001657201149463391
-0.0004554409761964493
0.002759489974059343
0.0010371238619486132
-0.001185244426469679
0.002532216959130907
-0.0020434024756440577
0.0026544527925662737
0.0018634261141209241
0.00045403743833497684
-0.0008386817839974277
-0.0017270686150217594
0.0025507049776867683
-0.002211994798965073
0.002169259116919056
0.00247433363341773
0.00019169783299170535
0.001887866029260516
0.00015896719693007932
0.0028031039707905776
-0.002261266668378855
-0.0022760000595146803
0.0010396354477175867
0.0005062213328181461
-0.001921240007391398
0.0017278520651194673
-0.002523118584623275
0.0008695691322524526
-0.0010209779154326227
0.0029657603064625797
0.0005696525203320027
-0.0010140684174699682
-0.0003106896190254796
-0.0029056582190236245
-0.0006800675378360876
0.002878146916340982
-0.0029134237746836055
-3.5942019358340196e-05
-0.0029612313083825694
0.00013638371701719942
-9.62114806855748e-05
0.0026547678109973064
0.000746224710645295
0.002212025537006625
0.0014801717606461413
0.0012613442992126097
0.0006483627771720758
0.00030237174518198953
-7.995797480322411e-05
-0.00202291258742704
-0.0008611216033550706
0.0019387857219966276
0.0027481562975315314
0.0005611066551646907
-0.00033056069187901733
0.002141048578149724
0.0016887061675032915
0.0007555426245687952
0.00027196518667249115
-0.0005985579475777858
0.00010129600393984483
-0.0024942310070884136
-0.0017468657299691717
-0.0008077013543887727
-0.0016213251429045184
-0.0020883290628448984
0.0029263261076037817
-0.0023285738577148367
0.0018072212490629104
0.001863607978585118
0.0007439233330158016
-0.002926956813975764
0.0019076359133535356
-0.0015242766353686737
0.002898746672772663
-0.0011919533876637478
-2.6851346697064765e-05
-0.0004469284861000934
0.0021651633162462023
0.00019541758407239443
-0.0010523432864049912
0.002925827756001421
-0.0009485328797636853
-0.00045288105344736245
0.0016205739063698257
-0.002251788739224196
-0.0002453527769366386
-0.0016981403696713386
0.0021074535657430987
-0.0021947719600910027
0.0016487790682844262
0.0017561483171170617
0.00011286529754341848
0.0014596054084633128
0.0021660699199104053
-0.002892402419181218
-0.0013247331596441493
8.240517588070954e-05
5.130623095430569e-05
-0.0017785659846445278
0.0019844330098268137
0.0009291832048867613
-0.0019395161807984047
0.0024607482431241853
0.0002465287231821654
-0.001953050966764828
0.0012250979539923474
0.0010892086687913326
-0.00048758725249541113
-0.0015368709928843271
0.0011337438232344402
-2.0736370996436194e-05
-0.0008019640022264782
-0.002161171674014726
-0.0022330672480943463
-0.0017864374013826527
-0.0018836021396114525
0.0011419646113251733
-0.0005983374389105633
-0.0012253708762198102
-0.00219908605909075
-0.0025992051118340796
-0.0013400549604032387
-0.0021066370029712398
0.0018462010689912671
-0.002364431077666758
0.0029190622178979324
0.0011826950921526658
-0.002364479505227901
0.001104188827245312
0.0006791039928568257
0.002822464441093556
-0.0016236211185296195
0.001980615416753745
4.657924047457747e-05
-0.0015589500445096819
0.0021359969645526194
0.002766535058648
0.0018478712696583608
-0.002818483630902535
-0.0004769568725524263
0.002278974869667826
0.0027004178976217904
0.0010076140555298667
-0.0013467628131920645
-0.0016570796181676203
0.002503163337627059
6.511527598436571e-06
0.0007477020995505222
-0.001290938136675518
0.001012440687764865
0.00287578185899984
0.00233206346611994
-0.0025970302479191238
-0.001926911146567947
-0.0005278804633830495
0.0015061610153451433
-0.0027973585654879475
0.0029672228123673785
0.00112210866096577
0.00034168524683861595
0.0008812743126300898
0.001659595975291567
0.001300445570741304
0.0013966299723611837
-0.0010155666940642708
0.0011535682040738167
-0.0028375031689995968
0.0026698974032860244
-0.0025828778244162847
-0.0010106337692683954
0.0017933106745265538
-0.001270053672899008
0.0006787238587191869
-0.0005329705987885858
0.0016808053833905282
0.002650192638993537
0.0026935391498954537
0.0005543668768131014
0.0018563588324097945
-0.002335631885594691
-0.0004058477586486942
0.0023738905136609983
-0.002264276989017086
0.0006577453208505193
-0.0026494060721508543
0.0009492221479532933
0.0007553328871900693
0.0007111076751056002
-0.0007280511368434914
-0.002298481517054621
0.0010647977696351821
0.0026234921876931664
-0.0009768545513900847
0.00018491096531064646
-0.0017996019392074684
0.0028190242875502603
0.0012618212428881451
0.0014326241698156567
0.002002069427839909
0.0005035621746277827
0.0007177273484948723
-0.0017047430599525179
-0.0004916055829366044
-0.002850197590017849
-0.0019192570497901578
0.0029972946627834013
-0.0006767163640813293
0.00040160963510918815
-0.00016085221682145831
-0.0009677009021600734
-0.0006147459674297516
-0.002997327810720133
0.002709728557024482
4.537191464731166e-05
-0.002175375752694094
-0.0015659623873233702
-0.002819171651509106
0.00036783636474360107
-0.0005471186457370668
0.0005645269084452631
-0.002389182245691125
-0.0013706391254530177
-0.002318344101540909
-0.0007021732226158168
0.001405889492418805
-0.0018139002536423825
-0.002610914550136913
-0.0017060786282218428
-0.001669419092688957
0.0021727580846580916
0.0015772205618163832
0.0022699459107872882
0.00016015339130046567
-0.0005467866937827158
-0.002980444715183638
0.002562829944471866
0.0015980023430398884
0.0016271676229290787
0.0026882486004056686
0.00018976178997714846
0.0006893263112775
-0.0022162086186492875
0.00098380665679144
-0.0009321162979483767
0.0005506162542854762
-0.00042823836267508056
0.0007830302310941192
0.0023457090433173216
0.0010439847189613102
-0.002636116527695578
-0.0022989620304913394
0.0012885681402853072
-0.0011255760542838553
0.0013795311293690214
-0.002592739257537886
0.002045841869301175
0.0029937396325218314
0.0022506805619721213
0.002006640552045305
-0.001607056974827221
-0.00024723680293559395
-0.0016086920613701899
-0.0015765156624638055
0.0008160237436261025
0.002707342580196774
-0.0013563748322210102
0.0010697282216820363
-0.002291926880860353
0.0015235273271586572
0.0014775595541654148
-0.001019274103352178
0.0010589240924383193
0.002041322232437255
0.0021323080394037956
0.00228302240751929
-0.0017869151642715935
-0.002817872215836008
-0.001466941443254767
0.0016717011175640967
0.0005240210908730751
-0.002365780021330294
-0.0017605217377829256
0.0014149812956350451
-0.0025489831367599
-0.0005023741633926782
0.002104531911112824
0.0008730681100466826
-0.00034693984785277117
0.0007041406908690978
-0.002936411863274996
-0.0013730139147979793
-0.0008221200646005458
-0.00023727823196358598
-0.0018177346344471312
0.0016231616462973816
0.002162805310621272
-0.0029649810643628594
-0.002863375105142291
0.0017269002949447223
-0.0007243843549999021
-0.000907849707497408
-0.001120612613170903
-0.001214561668896582
0.002484038547695389
0.002501880545375295
0.001940261367760458
-0.001489109858742808
0.0012763835473326478
-0.0024571124486965972
0.0005765915143149712
0.0027997708090502617
0.0007781067330413067
0.0009317973685685236
0.002919719576958085
-0.0022461934884992606
-0.002785559514891778
-0.001545818641427821
-0.0009092356436780323
0.0008918648048204143
0.00014936755264948962
0.002867299719222842
0.0019327529144159356
0.001261030192817491
0.0013388138238107318
-0.0023256033683108157
-0.002018095754841396
0.00048607120765834476
-0.0021736533334935294
0.0005039740780173126
0.0027998557431982967
8.148667270522613e-06
0.002441553089667506
0.0006433812795707317
-0.0020856160730017906
0.00092265619980184
-0.0004452498267877242
0.0023503481375671273
-0.0009045753488101807
-0.0026280733096903652
-0.0003234757389082273
0.0028845048776168546
-7.189648531692738e-05
0.0008793505818321
0.0006612500546442513
0.0019474178624969687
-0.0023692950441562663
0.002001159854312938
-0.0017513261318501101
0.0007424545598365469
-0.0006036356239042468
0.001329724226585196
-0.002307171741361583
0.0027436588930470334
-0.002085090821648449
0.002264716502417132
-0.0015320977618928436
0.0018384459997639116
0.0006093141823648109
0.00159517204846033
0.0006935076752333999
0.0014394359559876157
0.002515596478879616
-0.0018246062081489565
-0.0003189487553078899
-0.002864013204947448
0.0017927439165285565
0.0020735683493541546
0.00216051599814216
0.0018683209532631218
-0.0006890958044933593
0.0004998484603075102
0.0022612883809568878
0.0010084990810669686
-0.0002393266004772081
-0.0005294370692007014
-0.0011393621350056838
0.0027056869645316773
-0.0012177196188328707
0.002745196979846291
-0.00048288250546761136
0.0009589681158254388
-0.00046569864184173434
-0.002179424171548934
0.002550735300163887
-0.0009768844891204095
0.0019289694076179203
0.0005919754340013373
-0.00021922165378868326
-0.00033011748531279516
0.0007714558784682893
-0.0019471962902927987
0.001098175439464921
0.002654197774074659
0.0009447323856948252
0.0014227965676376726
0.0006534720270074709
-0.0016883546958481352
-0.0019935408335953987
-0.0011169834009680532
0.002394389340344658
-0.0012547239190324744
-0.002080818346092526
0.0016405004259138498
-0.001653747783670121
-0.0023688930425726233
-0.001675536926629976
0.0011583634536372856
0.002880391353224209
0.001177317121205606
-0.0002556821235442661
3.616032214085168e-05
-0.00011604651251627364
-0.0014631001474672664
1.4174489105104552e-05
-0.0008058354854780371
-0.0022832581664442987
-0.0022554515837059194
-0.002565963894723296
-0.0010702367764775706
0.002191827884740512
0.0015532462980910036
0.0018647091109342496
0.0008195309298552355
-0.0014043885972909037
-0.0003060630049193662
-0.00256304957643791
-0.002920183852047926
0.0008239303711151109
0.0021589761324234524
0.000670124848982196
-0.00216714743199471
-0.0022719847101920444
-0.0007890610922402503
0.00041501305914307595
-0.0009963583373136069
0.00028874601765661
4.7897613547814855e-05
0.0011610449062311925
0.0017136885537139337
-0.001105519889361695
-0.002197740841708687
-0.0029237776572712186
0.001890509571730081
0.0016047158313468503
-0.0016286010946199839
0.002479958632795566
0.0017935443516767634
0.0019921629272180025
-0.001602129623283796
-0.0004743887406989211
-0.0028015463220241216
-0.0015559551348288702
-0.0011993548340159177
-0.0018828644308840558
-4.729991818145426e-05
0.0011798539467328109
0.002090202551122935
-0.0002790727496415316
-0.0004465335197829149
-0.0006701583293541044
-0.0021319542775681223
0.0011109918881516655
-6.310816140951258e-05
0.001613532158579665
0.00252967150582917
0.0006913281660928558
-0.002027306462325352
-0.0014698409147200406
-0.0012694096558157472
0.0020151484378382973
-0.0017551102635582293
0.0028226302525867454
0.0019516057577866584
-0.0014788214331844722
-0.0016636710452104706
0.0023102058071814936
0.001164470880572535
0.0021478370724761038
-0.002081855792052661
-0.0014006364355273137
0.001260853693135753
-0.001719028716277966
-0.0001792902167434573
0.0013079434003234998
0.0006203374538248144
-0.0018189731281689112
0.0017497433071094947
0.000720413714971883
0.0028048457460853058
-0.0009776800523702105
-0.001443349822586177
-0.0019098751142741842
-0.0023649563051408445
0.0016354575509908717
-0.002438998953645565
0.0004844661212090053
0.0011230172893915017
0.0027008944009019823
0.0011949141748262716
-0.0006983276738123673
-0.00027502802894206237
-0.0028726871956535364
-0.0018997660667182796
0.0001678461366448774
-0.0012516392498993507
0.0002682816866016926
0.0003497797703408915
0.00018711831919440355
-0.002300161306395338
-0.0029456007352376707
0.0005175490779493123
-0.0016096741571424327
-0.0015176739350006305
-0.0022988282486876175
-0.00020899545498277456
0.0006510630406512279
-0.002045567027301022
0.001933783218243253
-0.0017677969451150735
0.0029341103326225547
-0.0011667804825081288
0.00041178935262279346
0.001638880177050944
0.0021581613667014457
-0.00020032151595369713
0.0008799924948911944
0.002182662570674148
-0.002833530597029847
0.00040819815313171285
-0.000490320234174264
-0.0021983761415315843
0.0010211043595722176
0.001114187251346226
0.001034584014606101
0.001653898845130588
-0.0006360234961158575
-0.0028900123073568058
-0.0011279998342545736
0.0020717859311632034
0.0013063741781207889
0.0019092567473901218
-0.001186071380581834
0.002477388202572709
0.0005914184282483363
0.002631418910302479
0.0009440983740410924
-0.0020408858003210404
-0.0019347862843586015
0.0010018939114712772
0.0006342630853858181
0.00249062954338437
0.00015789173746685956
0.0027640545471519073
0.0010391742775042864
0.000306647959461732
0.001913382920295287
0.0019014509470918909
-0.0018974810331647439
-0.002782291914610923
-0.002967812600688475
0.0023843726631864017
-0.002700426298554333
0.0016459194716650785
0.001975857186317871
0.002064694659540606
0.0023862172377161735
-0.0027420002452855476
-0.0028309069878715222
0.00023681982049291155
-0.00032404344632098493
0.0025456065445161376
0.0017888537303808877
0.00010868523272727394
-0.0017677660648108624
-0.0027058120185755687
-7.629976672985381e-05
-0.00293473520064079
-0.0007733629711214243
0.002087677632297228
0.00140685121958213
0.0007507417072617462
0.0028028796451358825
-0.001659510701820852
-0.0005439559248092097
-0.0023041528867945873
-0.002864827878176504
0.00025403249779670355
-0.002631580251586786
-0.00264613001061104
-0.0015137325616186553
9.790859370301368e-05
0.0026711948551626378
-0.0022170694131584067
-0.002846135417118455
0.0011492883572039297
-0.002641890958271088
-0.0020255451943425127
0.000678376295972762
-0.001629577310186527
0.0010207695598645075
0.0011509159335451715
0.0017917656319907226
0.002120485506341068
-0.0018128262009459604
-0.0016321169504108404
-0.001160692826901642
-0.002885707567547276
-0.002434678827957468
-0.0017372401424880816
3.803129909896912e-05
0.0019743810198529386
-0.0003998785422564227
-0.0024217307941273606
0.002056409873069918
-0.0009032906887858376
-0.0022278828651710906
-0.0011106240548507157
-0.0022408038553093194
0.0022264376817692725
-0.0018349184036824252
-0.0007561296390441743
-0.0028295241017422773
0.00012853848222661593
0.0029467643357176648
-0.0011627825286319915
-0.0020020449605269775
0.0006793422712650442
0.0012684675001606721
0.002522345319327178
0.002067857294864136
0.0015483304069414472
0.0003806074550536144
0.001392476200935893
0.0028334686072096138
0.002873975122014833
0.00031802053845602024
0.002092295541472695
-0.0025640462669680375
-0.002738813995478835
-0.00023493243179254983
0.0013783111269414583
0.0029390967047341282
-0.0022621495758920235
-0.0027479877874935143
-0.0016430148649248127
0.0007954867211477467
-0.0016674671338470024
0.00013796328676548165
-0.0004768941998391286
0.00013224434816316334
-0.0014071777325963752
0.0016951688866026337
-0.0008704026163588309
0.001158376368498507
0.00044974133275117213
0.0014793370859203722
0.0019266068488854853
-0.0012792467562878758
-7.49195530029413e-05
-0.0008668654562004742
0.00035813254150700606
-0.0014219309319100726
-0.001205716195450569
-0.002251988030731491
0.0021789406477372517
0.0005572589162739861
0.0029080281092941744
-0.0007800656176635674
-0.0011060264850596868
-0.0008245072656800473
0.0009178838710286671
0.0023266420955971173
-0.00033171932798702584
0.0019768507578706695
-0.002027584117806608
0.0026276502685920623
0.002362642390628635
0.0018792698238995062
0.00294048528219074
0.00276721571066704
-0.0022612036149768687
0.0014978250098429246
-0.002468143024853873
0.0012683717742495706
0.0028321161299854234
0.0014991957532381889
0.001912387026776428
0.00174117952901298
0.001175558960545749
-0.0005207449315496782
0.0005776268876817366
4.9643506232802895e-05
-0.0014794310995651081
-0.00033742910386129563
0.0012363766039872265
0.002811712905322644
-0.0016591725209457431
-0.00034893525135143606
0.0018969513082224268
0.0026483132107950266
0.002891340994739159
0.002869282136919865
0.0029835379918345525
-0.0013663882491124757
-0.0014885605122699343
0.0025225736160731545
0.0014892032044186813
-0.0027816669595208906
0.001057957507255995
-0.002077893708430505
-0.0017189248797129205
0.0009374259671584241
-0.0027635197842113585
-0.0012353399381734135
0.0015940133805661385
0.00115311480922403
-0.002170378502060516
-0.0019343636431648223
0.001133186672442668
0.0022953989781659837
-0.0008967859107366616
-0.0008229000432340909
0.0011928352363651381
-0.0007019216343664451
