-0.0001198207805732918
0.00029341356623532953
-0.00046588682082870805
0.00034836998169346617
3.6976793446563856e-05
0.00010743057752913253
0.00019283864248786182
-0.0004659292323004206
2.4117938998287802e-05
-0.0004333523556302001
-0.0003632055513860594
0.0003237344661641499
-0.00011792970682875071
-0.00045173183927603254
-0.00037388414132172635
0.00042770148510537574
-3.475403631214948e-05
0.00041167434186778885
0.00028314209065979543
0.0003746462503165022
3.935371457132041e-05
-0.00037879532034221897
-0.00013140274339851134
-1.946864683032999e-05
0.000407598626835802
0.0003362258041251443
0.0003079183790362246
0.00048385215365260355
0.0002895026282485728
-7.209366540742378e-05
-8.227401864105508e-05
-0.00039811317461788267
-0.0004085814978258879
-0.00044094522109450917
-0.00046159801673782876
0.00038575903436819433
-0.00016513636299888168
4.3501900945532414e-05
0.00021028310136132365
-0.0003322632982552832
-0.00031850434833057006
0.00019743020142012435
-7.466544781144956e-05
0.00035627441245645697
-5.531010373208589e-05
0.0004601586419632171
0.00016347149622638983
0.0004078273768201976
0.0002026865135587
-0.00020642900909611085
0.0003957216290466543
0.0001022241818294812
0.00035173285147398344
0.0003395280172812183
-0.0004589309606366181
-0.00016984649696641694
0.000440617954050236
8.838477117659876e-05
-0.00017757870061533155
-0.00031122199681474997
-0.00029784406878180004
-0.00013499557570724252
-0.0003482173216910313
-0.0002795611397811646
0.0004643308412315034
0.000472919666659288
0.00012835372488692023
0.0001713786921352748
-0.0004242017647392042
4.7798422659469644e-05
-0.0002621386493289785
2.345217672005263e-06
0.0004986166651083964
-0.00027856454342948904
-3.840777797493877e-05
0.00021803322050728037
-0.00013850509926029533
-0.00017407091188053638
0.00046780874729406105
-0.00039757990578642244
0.00039714659834192085
-0.00032679207533488645
-0.00021135961200181874
-0.000305258819990884
-0.00015740804734021665
3.5242585262496994e-05
-0.0002261103180631385
0.0003474775771704484
-0.000424066072603535
-0.00037906461799758017
-0.00027787299023485714
-0.0003071710355103149
0.0003795474933505793
0.0002209542980349887
-0.0002322313280544077
0.0002342198863356245
-0.00017487933991453507
-3.732331455119154e-05
-0.00014777219671599186
0.00035195319074539323
0.00011291276881202127
-0.00014320686488029075
0.0002836064872215829
-0.00041655224601508747
-0.0003732353050905236
-0.0003363023028359964
0.00035216460420869216
-3.895731077449891e-05
-7.36310575371235e-05
-0.00043694593335469003
-0.0002998972702233552
0.00022508208380446785
0.0004826609101553723
0.0004696923932600034
0.0004940628010347882
0.00016732796610954912
-0.00034481012758758847
-2.143635676836122e-05
0.00013857268918314783
0.000259514951335192
8.098638250831041e-05
-1.4676752667804418e-05
0.0002527540145762638
0.0003533252457779513
0.00044107300563721286
0.0004856427609528774
-0.0003956571130913206
-7.914434108019687e-05
-0.0002862084724912983
0.00026407605538397304
0.0004082180411233194
-0.00047703792891430066
0.00031086058127722247
0.00045238501244408333
0.00048228370893527834
9.318165877568105e-06
-5.194305915991339e-05
-0.0001084616132168309
0.00041867220658280753
0.0003533047290058016
0.00048301395451616535
0.00046983698132903166
0.00020533066186231082
0.000163284999477566
-4.20149242707688e-05
-0.0004270357925704228
0.0003921939931594902
0.00037437729684147844
-4.926614869193513e-05
-0.0004893376943348078
0.00027675707446476214
-0.0004581775462861584
-0.0004807741128030581
0.0003791105164478515
0.00040339127815567884
0.000418545028970547
0.00018890495723431855
0.0003956012628756613
5.485961903799533e-05
-0.00043818563172748104
0.00025410881082456327
-0.00025677585787803016
2.8062890182489926e-05
-0.00040220442597138075
-0.0002117540569344393
0.00019420769816637102
0.00031586029814286093
-0.00010168167674522952
0.00022135070082999542
-0.00028979381169737885
-0.00040737691693814616
0.0002586379639929829
-0.00037569875255714306
0.00026816103921841557
-0.00017336386265019878
-9.971314188462468e-05
-3.0198074096888345e-05
0.0004965664189327628
0.0003738005694194234
3.539140698113007e-05
-0.0002751328270184853
0.00041651399668043835
0.00041716402264478636
0.00035859299241759875
-0.000183188788652907
-0.00023470867611013357
-0.00027013412678636493
-0.00011904065969834424
0.0003444707892722755
-3.413457733639593e-05
-9.508700903542268e-05
-0.00012867596580110464
0.000326158729272008
-5.702335307887621e-05
-0.0004470661278659176
-0.0004522279447175112
-0.0002536028992541844
0.00011907533999507762
-0.0001933197885366301
0.00014201554659402254
-0.0003747386063610184
-8.049465926052922e-05
-0.00029863227191070116
0.00047348928711107483
-0.00018800925651853807
-0.0002040472958065759
0.00045225213429382714
-0.00038528317487409084
9.192786547458425e-05
-0.0001198852605456543
0.000219085700164437
0.0004304275628890012
0.00032668882686175745
-0.000442830908933006
-0.00044754915314934097
-0.0004968723230970875
0.0004042331608577977
-0.00039348093416826757
-0.00020430192820312942
-0.00022947851556388377
0.00035600995852204907
-0.0004767919053609796
-0.0004529899192878276
-0.0002510661066437935
0.00017784913329775564
1.3547969281844279e-05
0.0003898701224489677
-0.0004939281504337237
-0.0004914131691349824
-0.0001516022194103611
-0.0002821306859277618
0.00021886561494441283
-0.00038719126234678546
-0.00029201897069166616
-0.00031688065949315905
0.0003753670841996781
0.00010568279605633051
-0.0004274904270809925
-0.00016630538901126304
-0.00025107613413220977
-9.122978664774208e-05
-0.00019133918070971402
0.0004580781392704449
-0.00045767798347340973
4.984181641082145e-05
-0.0002547786059012627
2.7316078281743278e-05
0.0002905195472157066
-0.00010718318810079986
0.00018568808116853222
-0.00032902066730677024
4.2005555481922086e-05
-0.0001469701453370613
-0.00026102417103833475
-0.000427168283212057
0.00010656144959714708
0.00013139894148147526
2.0585753997057654e-05
-0.0003260872933125656
-0.0003071149769884145
0.0003371626060257257
3.0176824525844333e-05
0.00019449697543950494
0.0002620878969735723
-0.00014954987361710982
-6.189641196368569e-05
0.00015566212383381233
-0.0002956095851173152
0.00047598080317178806
0.00022968910392163827
0.0002492835991999994
-0.0002462806268785476
-0.0004010144883360299
-0.0004665715782366985
-0.00038131608182542597
2.669594722898229e-05
-0.0004955534575959643
-0.00030126840899238796
0.0003653464475970278
0.00020293249766339852
-0.00016969050392256715
-2.3424985939906077e-05
0.00013843388076918651
0.00020815822664520017
-0.0004579769067251477
-5.201426394674724e-05
-0.00035633347888870486
-6.709792603061917e-05
-2.5214091512871248e-05
0.00023434575311591247
0.00017060405793171702
0.0002699182143183469
-9.124860710071257e-05
-0.00018959160921861232
0.0004481990535245002
-0.00017302996266987649
0.00020712006562031342
-0.00022548569417239604
-0.00039189086132832875
-0.00038248515756496906
-0.00015688395805932775
-0.0002273652627478534
0.0004366143215049393
-0.0001515115208947785
-0.0001406977056598049
0.00011567761709107703
0.00022299261626690207
-0.00034633854461772507
0.00014173243261245594
-4.819860357810156e-05
-0.0003389850247548338
0.00048409827330055935
-0.0004220421352631068
-0.00014488391717495307
-0.0003441392827573063
4.6436069454888524e-05
-0.0002366009195757297
-0.00011870864499509637
0.00045957935443060444
5.915345238202935e-06
-0.00011391967879826535
0.0001866341456641528
-0.00012232898514586343
-0.00047757105341372287
-0.00035435881167290086
0.0002521254010796175
0.0001962773529576489
-0.000331937830098783
5.001166224825415e-05
0.00016605599498379568
-0.00014182063820901658
0.0002498383062768154
-0.00028828488107118024
9.585688030499607e-05
0.0004417612389908291
9.548734685720594e-05
-0.0004674543464118198
-0.00018926132254495307
-0.00034568379979384655
0.00017384366903012917
0.000299606868488633
6.749714771760499e-05
-0.00026640925011368644
-0.00032844794642924237
-0.00040832185863816617
-0.0003069881013507996
-0.00043756556788817404
-0.00040912308269957365
-0.00023818500932289453
0.00015594208377882508
-0.00045875613422397465
-0.00024247560817250836
-0.0004205846958313263
0.00030672560208855305
-0.0002079438287329459
-0.00029614464687254774
-8.151331750759993e-05
-0.0003612279814809794
-0.0001624097824360241
4.010878393344709e-05
0.0004025875938130311
0.00022995210434287978
-0.00033053380103396246
-5.837186555494731e-05
-0.00037063353502410714
-0.00043847110282731715
-0.00036283083840741003
0.0003094122915425604
0.00014570352437797513
-0.00017963479706269647
6.611471776335552e-05
-9.94359902068881e-05
-9.679057437003604e-05
-0.0004512952197140258
-0.00015230059668133955
-0.00021628137199979937
0.00023595834540433565
-6.604915123988752e-05
-0.0001049631994863598
-0.0002844618014934337
-0.0002161034742705171
4.579493877497035e-05
-0.0004659847020470871
0.00024436484440040025
-0.00018246128437534237
-1.2325494140870245e-06
-0.00046887777555048806
8.520874523798995e-05
-0.00036465962936206586
-0.00010903106424836351
0.000463733729800291
-0.0004666565460103751
-0.00046133494834128954
0.00015590355746085232
0.0004034083029245474
0.00045594900170788967
-0.0004365337581403007
0.00030661422644388163
-0.00025085700955900723
-0.00015148374423074517
-0.0001538584910178673
-0.0002826621735561222
0.00035522716166462933
0.0003191279309880408
-0.00011013655020426837
0.0001372095763005558
0.00029401619693799144
0.0003926795667857756
0.0003843915779335515
7.565163590100247e-05
2.0930292445571833e-06
0.0004992486107964979
-3.978881041515747e-05
0.0004908734097061839
-0.00022851635709453613
0.00012428622910305926
0.00021301488502433223
0.00020278130478945742
0.00033927675272467763
-0.00043437357504165177
-1.118316356804724e-05
-0.0004778324750246186
0.0003230390148741027
-4.496359259795245e-05
-0.0003403728589041993
-0.0003588715088966568
0.00018611296879435702
-0.0002862228132834904
0.00012536805379909294
-0.0004148872566565565
8.512962780392493e-05
0.00040918095276929703
0.00015881295339657592
0.000332854537464529
0.00048605390411272584
0.00046355047882440544
1.5280490045171762e-05
0.000268486017856047
-0.0002269470834383808
0.0003873881888480314
-0.00019933999789278445
-0.0001301950950591185
1.3375301197471844e-05
0.00038710891950597445
-0.00041166411056191965
-0.0003732224398204217
0.0003039750458080368
-0.00026328525723325026
0.00022656679265078766
-0.0002909088985861397
0.0003443024970170074
0.0003596334715410224
-0.00010286143845355823
-0.00018669086227019973
-0.00038623080846166046
-0.0004718286880954915
-0.00021608994469149602
-7.595884161223866e-05
0.00044898310607320287
1.7216518206244428e-05
-0.0001889779033755857
0.00026711119778047353
0.0004019671052863322
-0.000447907650897776
-8.609290010270555e-05
-0.00023970200785418085
-0.0004695387217907774
0.0002506015311193319
0.0002896953116430438
-0.00045063430028725925
7.911646971716908e-05
0.0002537280111209729
0.000476356872736974
-0.000302355162712992
2.5364379445391174e-05
0.0003902494907327798
0.00021573820708277133
0.000272910839483531
-0.0003286339592139277
-0.00040613143686864196
0.00045275028421745483
-5.0448125622221476e-05
0.0002961003535241815
-5.9351893339275406e-06
0.00027294466400037477
0.00041645675952384936
0.00040358092120534384
0.0001015363215442108
0.0002356050060114749
4.8004180903030006e-05
-2.2249396013807694e-05
0.00020914290624215038
0.0001583812181705182
0.0003223561121007992
5.5726371974154035e-06
0.0003413039862150061
-0.0003194964947647297
0.0002543753682114488
-1.9188468575651594e-05
0.000222564484607009
-5.741859968041329e-05
0.0002809998791985952
-0.0003684845792419312
-0.00038248912042826113
0.0001706967554045266
6.465747394070642e-05
-0.0003273317820683519
0.00034291453888144537
-0.00019684318055993277
0.00013795145049930245
0.00039789753137144666
-4.876639926454585e-05
-0.0002483608026335181
-2.421612690594612e-05
-6.002673667296197e-05
0.00017855349276314336
3.004733257200168e-05
4.950288856344525e-05
-0.00017659246710588185
-0.0003544017783813167
-0.0004854727250007497
-0.0004944462735960962
-7.535523463334193e-05
9.040527790793007e-05
0.00047135815042871805
-0.00017338816403309674
0.0002976120821579155
0.0004982354093550805
0.0004194565501369527
-4.9919629287507135e-06
-4.0896593821229666e-05
9.381429130940412e-05
3.536974700065062e-05
-0.0004941646718211879
-0.0003392941214209281
-0.00046413709446622764
-2.142477334941004e-06
0.00010683816630585878
-1.1808282894462121e-05
-0.00044707877248200025
8.219721948961062e-05
0.0003910301016942806
-0.0004348804358140238
-0.00023488148470390504
1.6390176350066735e-05
0.0003074665342055682
0.00033769742749675325
-0.00013589239313937054
-0.00011170400628029742
0.00038757867164900103
-0.00024744922801258365
-0.00037176549617430165
2.8670342860643043e-05
-0.00043092130874556835
1.6534825456575178e-06
0.00019458266369294923
0.00038813333966181737
-0.00014543183135843295
0.0002857646629394541
1.7711054564292328e-05
-5.404917950500919e-05
0.000162153660677686
0.0002403224823979707
0.0004288508705343543
-0.000258829708714065
-0.00048569748685178674
-0.0004997723722882359
-0.0004939638419358881
-9.706030765815497e-05
0.0004397053428843422
0.0001651801652317376
-0.0004857350245139577
0.0001367282371978162
0.0003041633088045053
-6.705710237962684e-05
3.861148599056531e-05
0.0004698738202647449
-0.0001993737024470802
0.00015988762519250166
0.0002461245590226625
-2.811997567315073e-05
-0.00014419291109888288
-0.00013150618428848382
-0.00040343271637027
-0.0002621864595674114
0.0003592987068579335
0.0002824979598553783
-0.0002211918102615501
0.0003535954364736819
-0.00010636505217729073
-0.00026646045383461615
0.000486993330215125
0.0003460921377381065
0.0002560435802203199
-0.00048611632744163726
-0.00044222192178281053
-0.0002081321407787523
0.0004148919191980788
-7.399102322148943e-05
0.00023161663940952741
0.0004274837965680265
-0.00021538507439682666
1.485547528978521e-05
0.0002879979733675054
2.5433376700854807e-05
-0.0003404880795000963
-0.0004642584647411937
-0.0002619982646850113
0.00020885271700603716
-0.00021367887262410445
0.0003324612406142072
-0.0004537848019463466
0.00042004215525862315
0.0003248662303694046
4.2339946392056156e-05
2.7838386317710867e-05
-0.00031776016226547736
0.0002924461242210614
-0.00012651418955595707
-0.00013468888617165341
-0.00021122644602714855
-0.00027385172139373726
-0.0004768738328005292
0.0004556309181988049
-0.0003558736360729433
0.00012867856754247853
-2.171073814006641e-05
0.0004236424244872276
0.0004905193553245172
5.47265747408201e-05
-0.0002656239300826607
9.180478969836368e-05
-0.0002937209264610431
0.00036994195760479075
-0.0003126904748414984
0.0002693696784555131
-0.0003947816405594273
-5.9783657882117374e-05
0.0001859426048754012
-8.888389748109681e-05
0.0002686949404257676
9.817934049686974e-05
-0.0004096419123755516
-0.00024049677723507045
-0.0004885362623277247
0.00033326904916341647
-1.2104857885121372e-05
-4.725495945013115e-05
0.00046488283062489147
0.00028121999637626034
0.00046795725057453396
-0.00025065641787835733
-0.00046030610201094836
-0.00029920976633793553
0.00029458562606572236
-0.0003240828031402492
-6.859712398558991e-06
-0.00013793830477607037
0.0004625639716658614
0.0004470482009912405
0.000134595764636827
-5.9415414522224e-05
-0.0001574632985423421
0.00028011913195969307
-0.00018643603703094748
0.00014441435020165537
-2.59697451241542e-05
-0.00019074596752810047
-0.0003044703322725887
0.0002467883135240512
-0.00042762162277162555
-0.00024891771418513966
-0.00022320701270572005
0.00022413292137075643
0.00038733509695331294
-6.188664984132608e-06
-0.0001731196316916589
-0.00017499613290368178
0.0004386444201396906
5.041720915171361e-05
-0.00038560692875843716
4.725389334831701e-05
-0.0003705592768521299
-0.00046192005924244287
0.0004583086335857991
-7.980433797292509e-05
0.0004073135624211517
0.00010945176259226819
-7.173059523304579e-05
2.542275959802444e-07
2.0318711629844317e-05
0.00032190761541669446
0.00040306066223637664
-0.00016910514076135896
0.0004856115632612234
-5.358109487780459e-05
-0.00027589005421588535
0.00014835424471825657
-6.84216588271276e-05
0.00014754300123988187
0.00044708485424029053
0.0003562933646857173
5.593012757992128e-05
-0.00016533281110736787
-0.0004740587969829717
2.2690201939550925e-05
3.3516718537606404e-05
-2.4096283853000655e-05
0.00014393004070352411
-0.00033282504917927136
4.732130682548398e-05
0.00014442279257123125
-6.799810706942423e-05
-0.0004934621460675487
0.00031111247489084973
-0.000379658800257621
-0.00021835854886355675
-0.00022080129914027127
-0.0002442264333727187
-0.0004603218173989445
0.00014095737108097436
-0.00040860830377168443
-0.00041312916206923556
-0.00019582331850557578
-0.00033236470382226016
0.00020714988472808203
-0.0004930275616049681
0.00032951060451223886
0.0002974794563590764
0.00013644871174005953
0.00014007530467462703
0.00030187875770666857
-9.328744218094323e-05
-0.00042301420763024057
-9.123684367521001e-05
0.00023262733196568845
-8.406801278797627e-06
-0.000401988121234833
-0.0004933537620950447
5.323278545619147e-05
2.6955299882439033e-05
-0.0003874576056191767
-0.00032631698071259045
-0.0003183026097987794
-0.0004080082882962679
-0.00015060777873501373
-0.0004000654760848613
0.0003002656738679985
5.687738713582935e-05
0.0002574024735890793
0.000466091516863195
-0.00019678757728920128
0.00028821764758635716
0.0002881379143411214
0.0002480567359264077
0.00021813172970181795
0.0003225573056545413
0.0003545586792636248
-0.0004772691238370983
0.0003923125346505477
0.0004994388057953175
-0.00037556306620192457
0.0002567311829132022
0.00023601294804161176
0.00022872499526445237
-0.0001878048497370378
2.7871435596766507e-05
0.00023881311670752216
0.0003023900884836976
-6.720313719572033e-05
-5.180286727763956e-06
-0.00028498732125700787
-0.0004731259402168284
0.00011828071951777686
0.0004315832349231397
-0.0003423669268284214
0.00019389796900541806
0.00020452035800152982
0.000384837038281062
0.0004595853630818947
-5.08898979568626e-05
-0.0002619492123389836
-7.281201827046653e-06
0.00017345696680650703
-0.00041304980145348905
-0.0002522670939682862
0.0003277426944855226
-9.412734042476667e-05
-0.0003095209620479803
0.00016279723610960995
0.0003415482944405129
8.188083567847466e-05
0.0001735721464588975
0.0004979646319384476
-0.0001755707630994614
-0.000305578677221201
-1.4614171314148014e-05
0.0004214972729131137
-0.00022086270544050338
-0.00014139081395588829
1.1563440395260648e-05
0.00014662087592424587
0.0003787870308935061
-0.0004964373943159976
0.0004160164482068906
0.00043911321595110453
-0.00044768781610335254
0.0002703499387488341
-0.00027938900840013693
-0.00046183758497255
-8.389911573230901e-05
0.00021974086344404788
-0.0003164021136449875
-0.0003168238988816304
0.00029111240825588206
-0.0004738613670384673
-0.0001598870419778744
-0.00030441782741743597
1.0566364370980484e-05
-0.00042350033571911364
0.00015666865061186711
-0.0002858908344820036
2.0705429691650953e-05
-6.108056758419647e-05
0.0003497123701767616
0.00043408102993596983
0.0004241915538132435
-4.8582603189657595e-05
0.00012142318171084793
-0.00013843840404413707
-0.00015008742688021605
0.00027989483615524925
0.0004107802847979164
-0.00047729806730573935
-0.0001736479409281243
0.00015565839558984943
-7.309141770946837e-05
0.00012545995625118898
-0.00023373977063775354
-2.226133511382426e-07
0.0003098263959323101
0.00017379216718468426
-4.5368245052323977e-05
0.0003378257231765161
-0.0004789704951967981
-0.00036315322922554085
0.00048284028641501346
-2.9842673733408232e-05
0.0004985786964389663
0.00044898402494547747
-0.0003630489062739923
0.00045866222389002575
-0.0003383241415569529
0.0004986320949940967
0.0004331509281942056
-0.0003931571503848498
-0.00010153252782911726
0.00041795011731891223
-0.00013082615911755492
0.0004600297234109797
0.00039081151300916273
-0.0001806210501048381
-0.00045612219619163574
4.323874493501235e-05
-8.524146281559808e-05
-0.00025875160958031075
-6.497450831445718e-05
-9.792988832418257e-05
-0.00015155640172380945
-0.00044878082120993656
0.00048670938406227015
0.0004047489008892107
-2.494853402720365e-05
3.5996511023913776e-05
0.00031788781946791094
-2.2053436160378716e-05
-0.00038436707093840916
0.00039121044227180774
-4.878174136885169e-05
3.151041467451879e-05
-0.00032375893950109736
-0.0003809132776879929
-0.0004979057240790665
0.0002663309339665902
-0.00016048905901128939
0.00043040429181655997
0.00034379267294511466
-0.0001587160484820139
0.0003128806754055019
-0.0003379484601016274
0.000382465934440471
-0.0004477233132083387
-8.753817178268033e-05
2.7735829742096298e-05
-0.00010952091402458708
-6.599945103307316e-05
0.00027284925626488575
0.0003652312844012655
7.879237677431319e-05
0.0002896709279041385
0.00046346840925099494
-8.415885633213284e-05
0.0004998330346892702
-0.0004946077854897565
0.0003035350757560428
0.0004166005404178658
-0.0004391032864192356
-0.0004919280125955275
0.00040229518994407544
0.00012067335038911926
-9.789084686922178e-05
-0.00041383802334753206
-0.00036286655009276826
-0.0003528227449377747
0.00012887365150541054
0.00021294023394048797
-0.00027529708730107585
-0.0003847668030545346
-6.129129413568124e-05
-0.0003106361800581641
-0.00013621683396651774
-0.0003456498515468459
-0.0004270779274323216
-9.051485418862704e-05
-0.0003964773526504477
-0.0004643463008404516
-5.403077907769932e-06
-0.0004118186637580492
-0.00023240358096524618
-0.0001787709253326708
0.0003773619431032038
0.0003530359041791153
0.00023797013297497077
0.0003173262572205185
-0.0004618723925574035
6.492776700548516e-05
3.8585020364428186e-05
-0.00021678820178910744
0.00019468594714605776
0.00018256186435535642
0.00039837351055466586
-0.00025789194277199567
-6.209781569024831e-05
5.977251059767171e-05
-0.00011718275160262315
-0.000462540645971133
5.3712479243842124e-05
0.000472949160033903
5.157651034030995e-05
-0.00041254458908009963
-0.00012314048185943152
0.00016421878675657877
0.0002791348666775819
0.00043196404475837546
-0.00020169868559679049
-0.0001943992555959049
-0.00045091708877709647
-0.00048136439902837845
0.00021715698966741598
0.0003588452805705633
-0.00014585250360966018
-0.00020021895228025953
0.00040579964408482907
0.00038393696178276495
6.713837085748698e-05
7.980529041224716e-05
0.0004984451755953292
-0.0004265490910293219
2.7560338401359926e-05
-0.0002730735131971933
0.0004116431377513939
0.000240088717327875
0.00039492166078068083
0.00014847369051703395
0.0002435491347731512
0.00048490338242808016
0.0004658564337465925
-5.296526048595212e-06
4.460565361798111e-05
-0.00038150902662329757
-0.00033659846102731595
-2.5778902166210345e-05
0.0002602427048442056
3.8077268097818436e-05
0.0002599758986355895
0.00014370133662318905
3.330007934071108e-06
1.372681245032743e-06
1.9660127749015262e-05
0.0002677664534625682
0.00032058578072043163
0.00035105959492983145
0.0001763367851099494
-0.0004000496969681151
-0.0004838602003263962
0.0003828785597330723
-0.00043076047959347363
-1.8013028513865523e-05
0.00028558511057831667
-0.00010499876151878453
