0.002270340999850232
-0.0026798039823619497
-0.0029567388913150877
-0.002537436389806624
-0.00286170109991754
0.0008423178002285535
-0.00019952628478513363
-3.369833364206404e-05
0.0006640644184850312
-0.0008219834234819354
0.0004103164762886088
-0.002285019788784184
0.0011276147554902735
0.001468200024846678
-0.00016921896078454573
0.00013645772651001316
-0.002578359437069664
-0.002261321046802758
0.0018495335825805684
-0.0023988553956804702
-0.0017309633441161822
0.0011900845076434716
-0.0014726389078125815
0.0028562274962330913
0.001001478960771754
0.002194149712621837
0.0013129470585709502
0.0007367706282599513
-0.0025157700617193628
0.0006080124136176
-0.001695431788340429
-0.00013162509704443479
-0.0015983941512814938
-0.0019443981954625617
0.002516392812092815
0.001865131587751789
-0.0027149979234939005
-0.001033347686683843
-0.0004318201551272295
0.0021981864425244446
0.001014436797506635
0.001344501292135319
0.002516090049034571
-0.00039727137944540244
-0.0006409780383456096
0.00124120184233852
-0.0024306607297272373
-0.0005549591885086543
0.0029226422277085174
-0.0029666996368417297
-0.0022980367764689836
-0.0008492015981966076
0.0023251145182932404
-0.001741078314476717
0.0017733291629886856
-0.0027198886662234785
0.001074312526403832
-0.002178161409067064
-0.0008129009611263622
-0.0015130926173565827
-0.001820647939096108
4.719016026658333e-05
0.0005982442255994041
0.0024428549721293123
0.0016156919309259499
-0.0021742151231423095
0.0018139260885620713
0.0005305134166484057
0.0017915032401273519
0.0014778937385654806
-0.0005159642948835146
0.00237308545929067
0.0016134540408639453
-0.0012117778797400174
-0.001636648776216101
0.002919753246912937
-0.0012050826267802077
-0.0025333416948907323
-0.002009987547615627
-0.0024719694925321397
0.0006857602582168772
-0.0017921311572002244
-0.001056048893989688
-0.0015721413084444599
0.001570424366925999
0.00128084176669467
0.002695288640199336
-0.0017801261343347188
0.0010863427493088135
-0.0013420556740497045
-0.0014412899599404148
-0.0022871619358663187
0.002097343203375535
-0.0027475544436888345
0.001625377324977876
0.0021805076438286735
0.0002819520891292897
0.0014610912631613038
-0.002470187564637567
0.0007398638219650432
0.0006703658485051919
-0.0024260233297884203
0.0010559373846704594
-0.0023004394004032995
0.002381469652788965
-0.0019932888806869866
-0.0022012546965611782
0.0013744470644854118
0.0003459726146903012
-0.001596413367933185
0.0005198776376339176
0.0009259457228185082
-0.0008302590576691809
0.00276648452900912
0.0027492118612421172
0.0013650377835310624
2.5632703925037442e-05
0.002677618498439004
-0.0012257471433733927
0.002077055710368921
-0.001973701929413277
-0.0004003656017499144
0.0028271869528564697
4.410874217233244e-05
0.0006581911675860811
-0.001576124596592924
0.0026984022051801497
0.002810538980049411
-0.0013280942619003082
-0.001661714180157826
0.0026645186227672616
0.0014135584510640356
0.002396047867239048
0.0008696376209790194
-0.002009306195498559
-0.0011453208559435107
-0.0023030057589609842
-0.001977571495920619
-0.0008111096866055835
-0.0024571579953527427
4.349924600341882e-06
-0.002422583546768022
0.0018143035063384006
0.0021628781932272433
-0.0017262662274308191
0.000715532429854854
0.0025218716077593907
-0.0023213110133365315
-0.0015839292577384968
-0.0024220184557769138
0.0019752195011806823
0.0029719481343938115
0.0026793437383553845
0.001050246330246335
0.00029965669708294533
0.00023170670546120197
0.0019236552523939814
0.002342875936041832
-0.0015093300599269205
0.0009196721346837345
-0.002683809956317534
-0.0012980302649515838
-0.001137749064768039
0.001937863987168379
-0.0005707862621128464
-0.0015755455179773717
-0.0027848407136129233
-0.0007547320041337209
-0.0018806411122301789
-0.0016732207211590808
0.0026666877526552333
0.0028574671589209864
0.00014405882356624544
0.0013266130335375104
0.00018716204942959393
0.00013037228822573637
0.0018098587095293703
-0.001138859993186212
-0.002085957983674902
0.002462397362375384
0.0022404640008836336
0.001680580351069218
-9.733479652294496e-05
-0.0013046801011293184
-0.0007571144189973313
-0.0029416946289155038
-0.0012205969323392507
0.00278008696481069
0.0007916875418140378
-0.0007886235313076307
-0.0007883999459924159
0.0006301223196204619
0.0020860478880848094
-0.0029567466848456243
-1.1551016052717585e-05
0.002666461178396246
-0.0020487566075915445
-0.002164091743202335
0.0025014358351862567
-0.0011014607074003268
0.002911223410589715
-0.0016219700298259422
-0.0028472716424211442
-0.0009190555289536307
-0.0025133526647813575
0.001531700910361808
0.0011817480668305192
-0.0012155277928295332
0.0017929467125905266
-0.0016819648130042674
-0.0021512780233612747
0.0012917055823246388
3.516054727334102e-05
0.002448038256769365
-0.0008516247223200233
0.00010168967590710488
0.0026186863698147546
0.0017456215480897508
0.002484268693553667
0.002280828145850286
-0.0007173995375811923
0.0017618741154528062
-0.0009229655387165523
-0.0026409965479897188
0.0020381220840028228
0.0023634018027945455
-0.0011480094091959312
0.0023789516547950635
-0.0007281457751282744
-0.002960153122236689
-0.002940882726085503
-0.0007163788025391789
-0.0003807788221242012
0.0021450356071247333
0.00017238096022234844
1.635877821269064e-06
-0.001002766854694867
-0.0012193052080716462
-0.00014997062734652946
-0.001696882333754502
0.002409376719173649
-0.0002128125158036287
0.0004411397841949231
5.25411905016376e-05
0.00016278729573306842
-0.00242234491835824
0.0019445363449619628
0.0018278666895973003
-0.0029841448220581587
-0.0016165510896331105
0.000758661360417006
0.002828327014767846
0.002324109783387182
0.0029746805599362913
0.0019489726439618112
-0.00022014344772502623
-0.0002825950288394617
0.0019228842777522584
-0.002236826393297288
0.0010249985104497953
0.00033498150269005867
0.002523914226254236
-0.0009220363575470425
0.0018561150994187677
0.002533300689160185
0.0012312777292502498
-0.0014712596162796382
-0.0014083133705359505
0.00010869694280264729
0.0017095597660882209
-0.001034873129185376
-0.0012293285104606302
-0.0017520749070785528
0.002935520235357568
0.001095328288760417
-0.0011403600704997562
-0.0017464081687507214
-0.00015558542056158964
-0.001994359069670714
0.0006062137624170951
0.0006153315853944675
0.0006318372019139978
0.0011219125279829387
0.0027802175695280373
0.0029946345917100234
0.0013609518651708135
-0.0015861178602582483
-0.00030230250274765726
0.00041552490894806787
0.0020498864192962183
0.0013818731193026195
0.000532525937057477
-0.0012886091924467604
-0.00031396027839792045
0.002806941186349614
0.0029416369193952406
0.001044250470550707
0.0026967778305131045
-0.001080836798540106
0.0015620981192249013
0.0016633907997092648
0.0005519530901931377
0.0014974013726017513
-0.0018920679110929965
0.0026226311031563344
-0.0024991331602793754
-0.0005543801856514861
0.0024935753167292405
0.0018388412980145947
-0.0006718488723057368
-0.0026794399414382256
0.001077138170145129
0.0016798102080616273
-0.000801169786993771
-0.0022730353463931534
-0.0021838929253578934
0.0004936698883149081
-0.0029087784082972136
0.001623436354434898
0.0006957598429775886
0.0009295185003558061
-0.001619927122737337
0.0012427185810418816
0.0015131141200996649
-0.0023210369767610608
0.002662424200886658
0.0029936803546596917
0.001046251064660649
-0.002834342653416637
-0.0017859073028805947
-5.4137709072340015e-05
-0.00274233218960386
-0.0013061894894603242
0.00012982017816701164
-0.001713921915196562
-0.002389153081962304
0.0007178862105328121
0.002545643644644188
0.0012503148917369774
-0.002956264560078068
-0.0029416332321879146
3.0188193494042406e-05
-0.002928173667469819
-0.00024505843873531873
0.0026137920174205695
-0.002270395522423651
0.0006781899771328109
-0.00017395847846195115
-0.00042836332785016733
0.0024124984681930086
0.0019763961861088393
0.0017102821178955488
-0.0006511162845041266
0.0008301756855209463
-0.00011637630498971194
-0.00033107173154272836
0.0015478122234167677
0.0017522477241933817
0.0013265892689318468
0.0024797318491112897
0.000315552505450907
0.0021763265443762543
0.0015911659042181676
0.001004540788444525
-0.0019451538430129318
-0.00026677395083329414
0.0005940262020237906
-0.0014130275103495374
-0.0027545119761613044
-0.0011275832234588874
-0.0014517275002656606
0.000752181233267491
0.0019435985132602116
-0.0028488591132591764
0.001938661996148774
0.0018643851381739233
-0.0002758749236285731
0.0004222523533582807
-0.00024240993061200354
-0.00036361324072727583
0.0021746162876949623
-0.0022520364154005193
0.0025472015138278577
0.002336806209325472
-0.0009164087738619624
0.0016208686447403897
6.0086810598108595e-05
0.0002561516173049069
0.002083709170225505
-0.0023465935059529507
-0.00017661629734764877
-0.0024442350973602756
-0.0009165161324819668
-0.0014430978039704887
-0.0013934059627707769
-0.0024672215602229127
-0.0004946536000277977
0.002444046609017218
-0.0008136769719485491
0.0027089976379226595
0.002962274322673564
-0.0015198082286423087
-0.0011299269069364325
0.0005298980474352402
0.0008631617348342515
0.0006350632183113897
-0.0007078087500175154
-0.00044535054524047274
1.8362743958777027e-05
0.0011642193414951188
-0.0025752270186704417
-0.0029167244460678345
-0.0006269117599091573
-0.002461405205667769
-0.0025411525819302298
0.000603750723361854
0.0004255849680308982
0.0006281254171445179
-0.00028054617557243594
-0.001847311638263444
0.00016512068563113427
0.0019835900934909003
0.0018932860789955385
0.0025005306838391615
-0.001709513431480638
0.002818706193369263
-0.0009852719879516803
0.0026616882391467906
-0.00018517384027913128
0.0001220571412501861
-0.00256484316329371
-0.0003006422784296208
0.0013940522300622971
-0.0008213693118228169
-0.0018516773935313056
0.0016728969866345693
0.00038779159261523744
0.0013072590947119742
0.0025537082241870474
0.001635150798217795
0.0009430739309226315
-0.0007197795525621703
-0.002921650092181793
0.0006483647494853148
0.0014999702928508328
0.0008554849128286084
-0.000361873414885569
-0.0026832301011145638
0.0017645620917078851
0.00029943737371780025
0.002692982062764801
0.0008137215110505798
0.0015286556492228008
0.00021074782797542418
-0.0010755493216526774
-0.001955389614951921
-0.00040250705771586537
0.0012793856133698255
0.0024835192576526206
-0.0007493404014685752
0.0006763221874418373
-0.002793153827084173
-0.002250872483289456
0.0013673925414883622
-0.0025827251990159926
0.0017503946838986614
1.6953607303890877e-05
0.0023290739328802124
0.000704174052236964
0.002723620860351896
-0.001998748046507977
-0.0026434415224323984
0.0005362696049104718
0.0013877021710977074
-0.0022557435005038677
-0.000136248044962815
0.0019911203396240293
0.002845692313574919
-0.0017420535908443903
8.602370878573254e-05
4.771205141565222e-05
-0.0015687822369340064
0.000952531759183594
-0.0022990695075045496
-0.002094601117946177
-0.0017713125819853203
0.0025161471758100816
0.0021968188035177937
-0.002494499503707865
-0.0014776488615321902
-0.0024005908356599993
-0.0023942977224885725
0.0014082180861478173
-0.0005087001740188292
-0.0027680326196450073
0.001608393767286457
-0.0021665954700394825
0.0014390468257999642
-0.0014933177101743638
0.0012022320719448521
-0.0023822622044096754
0.002407946542061382
8.284021855324217e-05
0.0011670743125163571
-0.002890482710124535
0.0025705985912164
-0.00023235871764697418
-0.002668540421260839
-0.0025426331538815966
0.00024045617620934573
-0.00025870640701586723
0.0028619229293925337
0.002007466665391859
0.0029296155750301945
0.0012241029261873997
0.00039687708035095843
0.002856152168000466
0.0019717573028268064
0.0016190320027792346
-0.0007504057679565872
-0.0019173275548964453
0.0013055367939068339
-0.001202007097274507
0.0015656106584540285
-0.0008453711174100085
0.002461826714007606
8.444449916549792e-05
0.001460188605084763
1.8198869920441757e-06
0.002968544037818587
-0.002555035605809857
-0.0012429211870677533
0.0013655080817827877
0.000936477918096524
-0.0021574128425244643
-7.048675103981132e-05
-0.001446916206158657
0.0027029256927751794
6.260449471686639e-05
-0.002528689167136225
-0.001288653696078904
-0.0020107389821960734
-0.002832513742450822
-0.0027535666056496644
0.0019765231746849852
-0.0014614171742410456
0.0024094317433794666
0.002728892397834166
0.0007484777573153532
0.0005414550322442998
-0.0012576562660034764
0.002883935499644205
0.000653013536189804
-0.002600998456476
0.00032360513706270475
0.0024519839786391997
0.0015634485715283258
0.0006889012152095351
0.0003788371029279816
-0.0017733927128103762
0.0007598799900589695
0.002168721136296745
0.0014291278515082377
0.002774180767922684
-0.00024698912304478874
-0.0005354500362357156
-0.0009553441030705177
0.001845317639440171
0.00015005408754890535
-0.0021518370900325346
-0.0025056396732558678
-0.0016906393304046748
-0.0013852753757099064
0.0007651333263604754
-0.001531236276621981
2.399285289663572e-07
0.0005312934647328507
0.0020240196495781284
0.001979135391894751
-0.0009446106436968244
0.0016399137094510923
-0.0028407556965630645
-0.0008522439146021483
0.0027455398484631426
0.001559295222087237
0.00010728233018645131
-0.0021938269558690006
0.002584888084417829
0.0001197634858572539
-0.0005927904805364181
-0.0014223979071115633
-0.00036193338172235256
0.0012611257860358216
0.0009021021277957554
0.002785439959905594
0.00016722142879239737
0.0014759741326185148
-0.0028038476300968145
0.00041014347451947403
-0.00029096610399359166
0.0028380448176370063
-0.00017836778767548606
0.0003584051964329333
-0.0015285204583024244
-0.0013943825294977915
-0.0006363831233688706
-0.0019430413763037399
0.0013623409490897097
-0.0015817962214525834
-0.0018441768185094136
-0.002977282015938575
-5.357543763427359e-05
0.0018865422808030299
0.0002614565979438548
-0.0021479040254733708
0.00047769756356695267
0.0028528842872775403
-0.0016868587399553885
-0.0009121583008318466
-6.60587687232885e-05
-0.00247468113971553
0.0002584560205672391
0.002521672928460085
-0.0002652673697612997
0.0023280957212894965
0.002242421984289829
-0.00039703436083878387
-0.002133572528724681
-0.0017664899044182029
-0.001117801961901187
0.0005727865383788433
0.002671516286065917
-0.0010362074009084765
0.0023646314842988908
-0.0015324992930770003
0.0018999609191690551
0.0012330827240412418
-0.00036838140648029873
0.002400277364371437
0.00012628378004565224
-0.0021006830438550445
0.002100825776937254
0.002738205862727319
0.002378336596456209
0.0006033274903865034
0.0014058288255079307
0.000440975199546779
-0.0023375613936044413
0.0007887935887641055
0.0027537285997516646
0.00153585839544647
-0.0013552048988734423
-0.002945187081290805
0.0022264996898953317
0.0025480496500721143
0.0024341238254549985
0.0029487869429174847
4.24433883404185e-05
-0.00103569998689237
0.0021284574032962057
-0.0005669674483156774
-0.000914569000861848
-0.0002431530131427862
0.0018194225274483066
-0.0008134581019152401
-0.0005555675903444993
-0.0007325474770215226
-0.002499093886373418
-0.0013625973410490318
0.002209087202807574
0.002533631949231188
-0.0008574271855899649
-0.0026432654722460995
-0.00245680336045944
0.0003369607508714764
-0.0005606139261564416
-0.0009842936538960777
0.0023617048102832867
-7.292024884365247e-05
-0.0008209660435124539
0.0009936289882404997
0.0018947713973820317
0.000751777721701318
-0.0006131613829608285
-0.0011659558759383483
-0.0028965681466012246
0.002377787148049945
0.00037926687711455727
-0.0014328291851789577
-0.00018984781122094148
0.0019256647980661476
0.0012222827700322106
0.0027670477938636006
0.0012547013524938496
-0.0029907004879745997
-0.002865388517754158
-0.0017762287084108208
-0.0004298385081552571
-0.0017504423979075865
0.0004992131787992997
-0.0008736177077751785
0.0014732698793424072
0.0013253207643490793
-0.002399141479834714
0.0012787265781619463
0.0009026454745305742
-0.0006225230648251937
0.0024512506445219656
0.0002005478464337995
-0.0009349451839071781
-0.0017302482442038832
0.0025166787680367423
-0.0017576460525921286
0.00018933478421612106
0.0020459989763963043
-0.0026389577571272072
-5.270036052858109e-06
-0.00022428421962961478
0.0014782764163485092
-0.0012600050323413993
0.0008994684950128558
-0.002116280336888022
0.0005806264928262948
0.0002566273497389888
0.0007935054880761887
0.002951293068118627
-0.001865296672033708
0.00018869558561192875
0.0004923581790785346
-0.00017571998029170931
-0.00011913220075780587
-0.0011284904570936852
0.000493649997790706
0.0007691529681403842
0.0029522767211147714
-0.0013080013294541539
-0.000740790949448923
0.0021021616577766604
0.001976251084532969
-7.338773010611907e-05
0.0014272655257237454
0.0028655808602911035
-0.00046607484584694275
0.002191538270342493
0.001218679248953922
-0.0011842920847466947
-0.002228495495240548
0.0008354720746635998
-9.714344905055548e-05
-0.000683415642786464
0.001660588109192009
-0.0005692849113073015
0.002658037041857491
0.0006235631809861702
0.0021293849919673665
0.0020393304592022793
-0.00010940638087811316
-0.0026696654591033316
-0.001795631661568886
0.0012320401934761502
-0.0026844310171733267
-0.001907167079465025
-0.0006231487598742634
-0.0007030843130663984
-0.0008461574375169855
-0.0019466938022409815
0.001666222886476978
-0.0021490752398087226
-0.0012042429591493018
-0.0027070304100610698
-0.0014737049996635335
-0.0004718071852334001
0.0019196788137214845
0.002117440685538423
-0.0002504606480413416
-0.0018759537681180066
-0.00030380881261478756
0.0017163280952201942
-0.002945476066310693
0.0005761831037612592
0.0016600384733122591
-0.001646961572438792
0.0008950877222188443
-0.001545815310719747
0.0013401675514914365
-0.0011456247340721896
-0.002570507670065274
-0.001968585969777812
0.002234605541182033
0.001827752595588576
0.0006299253693741293
-0.002347788893966699
-0.0021577987286355983
0.0008292067952202576
-0.0020664010200590614
0.0012052689068523595
0.002654802598062435
-0.0028197188709197713
-0.0007270057744941587
0.0024260266453403475
-0.002991159533028187
-0.0020191590554613954
-0.0003374754616156418
-0.0012195588150241512
-0.0020745110689542267
-0.0002915147647163268
0.0004940123956252416
0.0004948552287269378
0.0020312148348839458
0.00048817991065024926
-0.002295631545332285
0.002235412809288055
-0.0017289533060639605
-0.0009951099553033886
-0.0012509234444867282
0.001378185981181875
0.0026921601203303497
-0.0017585300350781209
0.0014154894821307674
0.0005658242165545182
-0.0013732458983205895
0.002635160308359778
0.001405204596584368
0.0006130693992834882
-0.00019691036173913583
0.0017200799151513404
-0.0013485016667513622
0.0014204705534880844
0.0006897168726724737
0.00018526578635885606
-0.0013864321119464904
0.0020797918170308216
-0.002530778695074032
0.0006424429793065963
0.0027402941438314536
0.002552644057015229
0.0005139606996566251
0.0024682085610819807
0.0015946016050604412
0.00018588624951368544
0.0025524797539002077
0.002402978248834297
-0.0026175219656206206
0.0021041629264737126
-0.0012034308061213946
0.001329767678793831
-0.0027679853239609502
0.001736653231029354
-0.0011898841007385909
0.0014052034490710198
-0.0022732926483657874
0.0007920185240809651
-0.0004970799451991447
-0.0008513990939123879
-0.0013041251338432036
-0.0018434530890834321
-0.0003881466787402205
-0.002229375662333489
-0.0008349099148231526
-0.0020994381227279145
0.0020339764245886835
0.0015348417230244766
0.002699187639589159
0.0016205446526292126
0.00169160561484334
0.0012367098360619054
-0.0016848413863461051
0.002874986226280885
-0.0005406621600198085
8.170497762460642e-06
-0.0008698446473574561
0.0016903112868300154
-0.0012244089255892847
-0.00247737378911652
0.002869880873824689
0.0004298778570982031
0.0019661262339490688
0.0007194988125947175
-0.0026389584459288757
0.0001672979372542142
0.0009031461867856361
-0.0013857451085493458
-0.0007408392594131022
0.002265357289361348
0.0004979039863308391
-0.0012455260661265526
0.0029846063687916967
0.001082387948972175
0.002142241357449207
0.00034765043341168254
0.002803496956521501
-0.0004972200728629137
-0.0002845138346381465
-0.00259644228989972
0.000747299267663475
-0.0016232635514869314
0.0014061260216858976
-0.0008611393510887912
-0.0028988732045248937
0.0029946621204237477
0.0018795304044867157
0.0020542209065401397
-0.0006023849451644503
0.002678337143226966
0.0020994696033848244
0.0016820744723140563
-0.0010581827890379912
0.0015036717668226052
0.0013671798437770956
0.002114315518738921
-2.2930830319766934e-07
0.0024993107545443526
-0.0013914853129850305
7.048950857548725e-05
-0.0018779973309737603
-0.0006076287908202338
0.002611405696018882
-0.000482111362533651
0.0019331943584213014
-0.002508053874557498
-0.002552575971086449
-0.002408222282005681
0.0016340466888049038
0.00032948220784784297
0.0021631435417358525
0.000945727911545906
0.002473395128968732
0.0007666828435023295
0.0007465578997093475
0.0018711005743850002
-0.0028758799866400206
-0.002374475718478658
-0.0011803365601481782
-0.0010905337114405357
-0.002875274118622788
-0.0009816340450207045
-0.0009636428215874199
3.338222556766718e-07
0.0024264702638506575
0.00043972655641450354
-0.0006089952494735726
0.002623836637376263
0.002872221025079522
-0.0018684916552038553
-0.0016874099541032417
0.0008026453731967394
0.0017276743066048051
-0.0003906584387088504
-0.00016503089198288343
-0.0024918168710552674
0.0024945047945596974
-0.002080440350917355
-0.0025894271586020335
0.0007665422791470321
0.0019352044015913073
0.0012396918710741271
-0.00047048210701128865
0.0006667766300376739
0.0029547203857069352
-0.001243097148929757
0.0022252695442801593
6.386725088829105e-05
0.0010365810872070141
0.00207022108186552
-0.0007687467754975258
-0.0013426488206743153
-0.002570488604937385
0.0013844266981636313
0.00014603206219915418
0.002286251773230821
0.0005340300423117366
-0.0022434665097992735
0.0019235232830465843
0.002963743054797437
0.001080410204075218
8.494819586151456e-05
-0.002495277950807917
-0.0015444409483727818
0.00041028902753204076
-0.0022254446453173217
0.0014761863445544596
0.0016914329908255584
-0.0029362299264605834
-0.0007659027937001175
0.001213123326759354
0.0013212862220464477
0.001829771066574025
-0.0013664093647018927
-0.002550622815427122
0.0026548658770404847
0.0003955473740966885
0.0015058154050570892
0.0014111212465424423
0.000701531074322647
-0.000476654365935959
-0.002075922162560929
0.0016633775001304307
0.002438670543622119
-0.0023089533637266147
0.0019648312567404277
