0.00029053101296330633
-0.00013006440179666646
-0.0003323721096914125
-0.0003055485164259052
0.00013333997054683073
0.0002161611391305739
-0.00015214607526623945
-0.00023245048159715396
-6.081533833951871e-05
9.43309386985708e-05
-0.00019130654233913072
0.00014396187519486315
-0.00014581256050696115
0.0004202959385151597
0.00010842310640211321
-4.300218537116649e-05
-1.0495976007197168e-05
9.970927562535069e-05
-0.00035871402245112505
-0.00011799563923035249
0.00026955582250521844
0.0003401065937061631
-0.00042556549633600017
0.0003404821081511169
-0.0004144174770198055
0.0003686962217017589
-5.3974905205123134e-05
-0.0004881384173419975
3.460560992049632e-05
0.00043170042465042824
-1.3157202100116613e-05
1.8780018838483107e-05
-0.000387641168182977
7.12928730870995e-05
7.961239424236668e-05
0.00017831388078399417
0.00013245596231079362
-0.0004114139507605463
8.625907670001438e-05
-0.00039485842885122894
-0.0004596766974212775
-0.00010310327124008124
0.0004686239124362892
-0.00035639152687820774
0.0004022764556406933
-0.00033289373015217707
-0.0003096480171951669
-0.00035684695260403354
0.00032263188167872025
-0.00038778853628302403
-8.852860202004996e-05
0.0003793077860974579
-0.0003426819495401006
-0.0002769598338438529
-0.0004664349430601218
0.00025634228130538817
0.00041125687631728385
0.00028306267955203167
-0.0004873822712331131
-2.7565591481456002e-05
-2.5480411651814232e-05
0.0003417087399202642
-0.0004935771920292532
-0.000499836619719875
-3.749908906069911e-05
-0.00033024995688613745
0.0004769374784793594
-0.00035039281341356647
-0.00041069900711462014
0.0004226693657760394
0.00033537155642891596
0.00032055512332556063
0.0004216906962925262
0.0001326199202665659
0.00043084000022721705
7.801791865445187e-05
0.0003654490953489837
-3.797256612589892e-05
-8.625908415205407e-05
2.2877989556960277e-05
-2.4059037796195096e-05
-1.2101817713823667e-05
-8.455850871695846e-05
-1.8027567620991763e-05
-8.24795239075585e-06
8.124509029880497e-05
-0.00010150348693520783
-0.00019634580793177037
1.6256152879431528e-05
0.00039524400835234594
7.832085689626271e-05
0.00027268413596219043
-0.00028258509318594704
-0.00010687017227832508
-0.0002674233775041004
-0.000309787916410359
-0.00015637747345145878
0.00022198623191006187
-0.0002895968524555417
-0.00013690656096781306
-0.00042758230745250283
-0.00018400667299197016
-0.00042392166857641586
-0.0002090080226771658
-0.0002931267574029562
-0.0003201821437647625
-0.00048680739673882155
5.25760043493305e-06
0.0004449580681489384
0.0002489412523944775
0.0001805778947508675
-0.000466004947400575
0.00013096169958843977
0.00035308529993320886
0.0002685308969174599
0.0004944934241425799
-0.00019318682275451006
0.0003964799490599938
-4.5561230098199344e-05
0.0004548987496933842
-0.00012533732411811662
3.394334316326943e-05
0.0004814820114823759
-0.00024624948484973955
0.00028231522001317857
-9.931541463551022e-05
-0.00012125737452794338
0.00011083059869169444
0.00025651824381688797
0.0002931731814533957
-7.018925218315317e-05
3.5319645014929616e-05
0.00012155655382000113
-9.467224259100313e-05
0.00013218264619977132
-0.00033731408013027916
-0.0003778470271480834
-0.00017936030357569013
3.753475282789343e-05
-6.049419590597625e-05
-6.337393085196742e-05
7.09249248994733e-05
0.000471263624378606
5.030403121009488e-05
0.00023732846080595955
0.000345426514050276
-3.574554371933589e-05
0.00021615563426796497
0.0003364744580955038
0.0003366510791823638
-0.0004560471754647367
9.118838719374936e-05
0.0004177877551829733
-0.00047811827480471705
0.00011171520694828389
0.00020841220201444602
-6.231967980130794e-05
-0.00014442803503551203
0.00028901673187413
-6.092259777615403e-06
2.684543658349229e-05
-0.00035470648945952596
4.5173719426080364e-05
0.0004217221499264168
-0.00047297427071715337
0.00036196483984683844
-0.00028886038022474616
-0.00017549823374163066
8.377816927504218e-05
-7.79608513758385e-07
0.0003750783666800116
-0.0004361337841810692
-1.6224406300184644e-05
0.00020930515109942606
9.593047805952538e-05
0.00044631722750205843
0.00047021984275034696
-6.689823119558315e-05
-0.00010927476665559331
0.0004376040809311938
0.00047256520898199944
0.0004468334075874794
-0.000399479714166356
-0.00036961312153565375
0.00013986469461174677
2.606552321899095e-05
-0.0003590805446299935
0.000336010143347719
-0.00024726634507916734
0.0001247405947517856
-8.039069913260799e-05
-0.0003090067606949464
-0.00035050887149681165
0.0002689504017760479
0.00022494196714033688
0.00042273045949759044
0.00023540799713097857
0.00040680589043652117
1.3303973141124423e-05
0.00020980872936957257
-0.0002957852745315819
-0.00029515592377837515
-8.845959602835941e-06
-2.8263571718094467e-05
0.0002857941924467312
-0.0004951795593419663
-0.0002992114440624156
0.00028486839448474985
-0.00015865213179401262
-0.00015607467251718487
-0.0004737462403463753
-9.105603298889889e-05
-5.554687915335869e-06
0.00037097358890106813
0.0003017236332789775
0.00035933380062910195
-0.00020153805915512445
2.7381780037851735e-06
-0.00014534876602611933
6.373367910572116e-05
0.0003956174368582588
4.039630471077359e-05
-0.00033630269425165336
-0.00025403592421558563
-0.00037411120711522243
3.1087156494496787e-06
1.454868906244672e-05
0.0004436005622594244
-0.00021511360436703386
-4.5439785254430256e-05
-0.00027734925406845993
-0.00042507836613466757
-0.0004293354504223019
-0.00015865229092019886
-0.0004748433411717461
-0.000278451032164151
2.5718231973142938e-05
0.0003046188368297419
-0.0004191250539042292
-0.00048262371786935235
-0.00017275554219661293
-0.0002412350634740458
0.0004047508385712008
-1.1853071912337233e-06
-0.00030210453411372827
0.0003322273398537756
-6.522780727292852e-05
0.00039029141299268245
0.0002188846459630086
0.0002904434873911389
-0.0002595963123979731
-0.00019396376950910722
0.00021631688920895683
0.00019778853849453397
4.1461205063829864e-05
0.0003762662869487897
-0.00012540204294815338
-0.0002544433051070578
0.0001295611490519608
8.422386841284903e-05
0.00033551578957596775
-0.00028729672531157527
0.00036760616608232034
7.685630836519019e-05
0.0003578978203959208
0.00023920724017165499
-0.00046200151713793693
-0.0003470059110343807
-0.000423653844452453
-0.00012806109286856273
-0.00014568357527602047
-0.00015490922250831565
0.00014113500948034503
-0.00012089921427143425
0.0004771887031131733
5.065232285309711e-05
0.0003605029070269611
0.00022449869337724663
-0.00023158049525904168
-0.00047907125238316907
0.00044030096856511203
0.00014540742561697207
-0.00034463761866394273
0.00040278518830219807
0.0004986485314163464
0.0004375158381828044
0.00020133002773268388
-0.0004449365825913746
0.00027895273387082875
0.0003582208859545581
-0.0004496821161623053
0.00035333835438152784
-3.073827343732117e-05
-0.00016985263008159867
0.000205562747593682
-0.00020816561180716185
0.0004350734542113982
-7.047334684613508e-06
1.6819465809783272e-05
-0.0004377487866280243
0.0001839344217184674
-5.019439415161617e-05
0.00033811801927253235
0.00031285650418949086
0.0004470009917514783
-0.0004159560885664404
-1.13345630623024e-05
3.736320369488832e-05
0.00024233244546888958
0.00023290558251763368
0.0003409140653183731
-0.00015231086369439076
5.459549072301946e-05
0.00020226412996055595
0.00043971254206821473
-0.00025405867843237764
0.0002696593725362179
9.319972184881247e-06
-0.00041865845491457436
0.00042888698913616356
-0.00034708840107192617
0.00026143121278770045
0.00023119596825190878
-6.637738384463441e-05
-0.0004787624648289941
0.00032521858471197063
-0.00012615486524373176
0.00016281587696718113
0.0002779147228293142
0.00021760189349012454
-0.00037406250945336847
0.0002090117265599685
0.0004355469366430195
-0.0003270002978443265
-0.0003242465050579445
6.395765687749588e-05
0.00017769898204399257
0.00017605852196650343
0.0003108440822364848
0.0004993189981331576
0.00040779531034411376
-4.3715562890025224e-05
-0.0003673962845546176
-0.00023443286342093286
-5.3593191113076373e-05
-0.00015079895821862245
-0.00023958561794268
-1.8484477000579858e-05
-0.00027484101184626687
-0.0002175968256942562
-1.0190877156583244e-05
0.00010237028090119636
-0.0003891638562800126
-0.00024714190443616093
9.579253708907431e-05
0.00046909319723755134
4.1582068191743345e-05
0.00026723649736413145
-0.00042529622724920115
-0.00032378553206171656
0.0002506528147905668
0.000145825946398306
6.698835850595141e-05
0.0003644705136364553
-0.0003046076517099129
-0.00038821222651854516
-0.0003140047408112313
-0.00024344768351211978
-0.00043909456971005854
8.55288964285273e-05
0.0002166018892949741
0.00028028262993535407
0.0004448589738119303
-0.00023148010952115007
0.00015977920519314967
0.00014242111583560922
0.00014464633439743532
9.887089660380729e-05
0.0004945572467484802
0.00040629256724490214
0.0004617202962908177
3.202826680672897e-05
5.434931175893375e-05
-0.0001147420310114796
5.6125161062812036e-05
-0.00021791438617442126
-0.0004998019125005464
-0.0004110414667107498
0.00019834093776324377
0.00047692106122024886
-0.000489471338653822
-0.00026933361226661476
-0.0002665884181083242
0.00043118670840522127
-0.00023216415298523666
7.997481128941652e-05
-0.0004314699154740168
-0.00034967082979803265
0.00030055178191503937
3.230686351816134e-05
-0.00013171846653241368
-0.0002907857675534252
-6.3852842349057136e-06
0.0001416540906370216
0.00036813752719603036
-0.0002610067599066944
-0.00031273533891511556
0.0004135542759828515
-0.0001051968825778017
-0.0002992518993651472
0.0004956487905209204
0.0004820219601265477
-0.0002548750219659921
-0.0003543744708706907
0.00024482412364841555
-0.0004918276121148758
-2.6633276171442513e-05
5.150303725536974e-05
-0.00034112628355318297
0.00028279728288871776
3.8588384138872286e-05
-0.00012500252915468533
-0.0004925010693419368
-0.00018587309585330714
-3.823720205695569e-05
-0.00042151163335570784
0.00013179745954433402
0.0004014663616348869
0.000358662409621508
0.00032175920443688324
3.516289236085669e-06
0.00033382103683189527
-0.000238868307391513
-0.00016614650980461133
0.00030735530541023317
0.00032701768545585926
0.0003513461911296995
0.0004921106857694233
0.000326031171790692
-0.0001183994546789413
-0.00036583232336981255
-1.1790553327242553e-05
0.00019685685571621178
0.00017484611565725882
0.00021777226609187962
0.00018542540625531261
0.00019971264544443878
-8.359656338778132e-05
0.0002989035201072007
-4.679016123831036e-05
-9.669869162528633e-05
6.554740218566325e-05
-0.00017613426803844023
-0.00010968166111043141
-0.00041906115195891917
0.00023328352057466902
0.0004953149819627628
-0.0004252274882798213
-8.3706358529952e-05
-0.00047107605107276783
-0.00022578838637447618
-0.00010018150574761552
-0.0003968105219668633
-0.0002430059733233616
-0.0003223565036192124
0.00043098908350279875
0.00026409834427129934
0.0003917855592931903
0.0001985681324120659
8.963124067787971e-05
0.00041969690060470583
-0.00012569942048989258
-0.0001488717019382134
0.00016638503640992706
0.00017070430340546203
0.00034329381801104914
0.0003988820621574965
3.0103938288295116e-05
5.3247518161281325e-05
-0.00041864947237755135
0.00045218754187979955
0.0002636930616035984
0.00018290554458220065
0.000205017406702924
0.0002936905215165297
0.0003187690106810665
-6.094565272493613e-05
-0.00025340369990168964
-9.824077303542997e-05
0.0002908523903932754
-0.00043121257970312534
0.0003249890285755186
0.0002803847788606874
0.00030369418914429633
-0.00030530067071235544
-0.0001900533655436035
-0.0004504065516481538
2.400135673965079e-05
-0.00013447828088656845
-0.00040915800029777983
9.108580939965632e-05
-0.000291421269617536
-0.000491550158449189
-0.00023916139764888045
-0.00023542506704059475
-0.00023802896621456728
0.00029042055977063013
0.0003321247768028929
-0.00011237278572823087
-0.00017766738676864825
-0.0003274467042502223
0.0002559171994795297
0.00017644237333432912
0.00041589687356823654
-0.0002832890575542172
0.0003197322425258709
-0.0004984074292931211
0.00022861760452973386
0.00028163402448715136
0.000341934322873106
0.00013340682109142725
-0.00038396970776578024
-0.0003492927276797608
0.0004408582453629766
-0.0004477209538254881
0.00010098714366939927
-0.0004900404585457592
0.0003359921172966864
-0.00025794892533831783
-0.00011987121209112474
-6.409901025185028e-05
-0.00024970908448855133
-0.0004823105907385845
0.00033467029707738203
1.4924738062665381e-05
-8.546925668066475e-05
0.000258225595310834
-0.0004914078585693967
0.00023856464632705386
0.0002894262640665467
-5.7714776810037244e-05
-0.00027689544615315596
0.00045517937507757675
0.0002604951789851131
-0.0004604259556126259
-8.606704690358171e-05
0.00015247336175833973
-0.00027296600003192973
0.0003021577765451775
-0.0003045698196662798
-3.421635493562657e-05
0.00037831055742705967
0.00014905764586024524
-0.00019108689549197444
0.00023210460194619722
3.9493699061989864e-05
-0.00035283500001093783
0.00037694740492678
0.00043186847128897255
-0.00012218449126859997
-0.00027067061988388265
-0.00032601923915671536
2.1625374019289875e-05
-0.00047916507150313613
-0.00024191917034544196
0.00024841961985409735
-9.916987314347893e-05
-0.00032045900449234057
0.00024884734211754725
-0.00023610885918856606
0.000224515799855915
-9.819353180174327e-05
-0.0004010038773437783
0.00029367726634616604
0.0004986711575880938
-8.191280409603554e-05
-0.0003849182406752275
0.00022298424005906179
6.851641754925843e-05
0.00046218644124233874
-0.00023077016316807198
-0.0003509780108233943
8.8532281407762e-05
0.000330582379562467
5.459709743275954e-06
0.00013044447263342856
-0.0003933503438268252
0.00022613696181172786
-0.0002376196275760024
-0.00020139012535913016
-9.347930541314951e-05
0.00013292859448214877
-0.00015395176025061766
-0.0004584852557472011
-1.1074500890378351e-05
0.00017394115029913104
-0.00030960685784955813
-0.0002862793447610777
0.00028349032471942806
0.00022867884594507273
9.234752295293801e-05
-9.043220155387764e-05
-4.907966822784469e-05
-0.0001325198449011722
0.00011205873504307854
-0.00017773818073193147
6.666010336834369e-05
-0.00042519521390426405
-0.0004463592591858452
1.3602242978762256e-05
0.0002999802056382775
-0.00023047845924668652
0.00017448826453878995
-0.00017067006988439627
-0.0003498481017922368
0.0003641815169030892
-0.0004344881877080773
-0.0004185379234094777
0.00026669215110017666
-0.00023186627247124127
-0.00022396924147081564
0.00034835623559830743
-2.8128003268176676e-05
-0.000132381681814855
-0.0004574902245060685
9.15920672695307e-05
7.488017845226538e-06
0.00012896239643377756
-0.00045842359278381163
-0.00026231183868875797
-6.26364485222459e-05
-0.0002005011902052527
0.00017395489129954137
-0.00039848124940636287
-6.073928235951297e-05
-0.0002722929876209245
-0.00037644770974531853
0.0003968351979028227
0.00034282658056521826
-8.907620524453377e-05
-0.0002613053446767821
0.000461945302934219
-0.00037339321842494336
0.00032125629262507425
0.00011773030453548648
0.00027927107270578496
0.00020296170984337655
-0.00045505637050936734
-0.00015815799368389382
-0.0004209629017875396
0.0003650579608832765
-0.0003502244389897972
-0.00047261228853961713
0.00023811876185448092
0.0004969573060253499
0.0003751483154958076
-0.00017009749135959073
-0.0004915722790976793
-0.0004438661830388715
-0.00024016204419927703
1.0043257368838208e-05
0.00037672875496056846
0.0004697382825701443
0.00023222676926761064
-0.000152682038375867
-0.0002937451065430061
0.0001799330534756079
-0.00010297523772716721
0.0003591216050496238
-9.767214543840073e-05
-0.00017715942494428004
-0.0004598107069777242
0.0003489819226944117
0.0001936507539848319
0.00023500997767081236
-0.00015699477458835654
-0.0002122180956679046
-0.00047185184891378954
5.9828982820703345e-06
0.0001670180426108748
5.3126724535983204e-05
5.486949085335138e-05
0.00039097186553822415
0.00040866843145642565
-0.00014062798446042322
0.000344653755510235
-0.00022095228122410591
0.00045215354994226345
0.00019451276791526153
-5.8585716079648156e-05
-0.00046132819412197067
-0.0004586981693390615
-0.0003412285567016137
0.00038565981088305103
-0.00012607939422483672
0.00021833290304719899
-0.00045316456846774167
-0.0003275790508548576
0.00030012092913223975
6.12023786345084e-05
-0.00040225876094516735
-0.00043992811884594607
0.00029345462237876827
0.0003469647692129483
0.00041444521957351285
-0.0002973239720222589
-0.00022066830752856694
-0.0001241350364244084
-4.234936763307715e-05
-0.0003540590576906515
2.3831046341850695e-05
-0.00017193656482248222
-0.00044975912771432814
0.0004074800189400224
0.00047968880691542557
0.0002501896495344986
-4.855396619862594e-05
0.00036126535708757017
4.961170675903267e-05
-0.00016975009239993957
-6.580655800958468e-05
5.0576573891416145e-05
3.8378173525687896e-05
0.00041877253619194575
0.0003519266732065552
-1.4648651860617594e-05
-7.429533808594546e-05
-0.000456554591134515
-0.00023496937086684664
1.3227207974812272e-05
-0.00037555870284455617
0.00017023773870917418
0.0002609385075832655
-0.00012223238983053954
-0.00018728283980094394
-0.00047116575349547197
0.00029326943172422264
-0.0001980672836391779
0.00013816197908051602
-0.00011867321789409081
-1.6849735044110364e-05
-0.00023095687650569776
-1.856507370766189e-05
0.0002961512158403763
-0.00015633394555936267
-0.00018976793690553961
-1.4890745048623533e-05
-0.00048719909624192926
-0.00021239103383337868
-0.0004246550876098634
-0.00038280617986064
0.0004608541311244814
-0.0004999437957077489
-0.00011590998504332331
7.823519437880576e-05
-0.0004242196186051167
0.00011169838990366407
-0.0003731497602056656
-0.0002260632491733976
-0.00012348133883953238
-0.0003558577523023658
0.00016466115358554606
-0.00012276494185700458
-0.0004340507615750412
-0.0002650983676666072
-2.0351338201814206e-05
0.0003262516589330025
-0.0004217338673621184
0.0003838491305610452
-0.00024233076570482937
-0.0003158142435902788
-0.00016858105727186943
-0.000467797793159079
0.0003519044890409336
-0.0002613768430450617
-5.765487081568901e-05
0.0002091267319518816
9.177240294459647e-05
8.461521097576357e-05
0.00024908515905130296
-0.0003465872884546385
-0.00015834410532824584
4.389106305459811e-06
0.0003738247624408091
-0.00015298844303965163
0.0001607489617762968
-0.0001319929256314504
-0.0002568967236660149
-0.00045644502015044396
-0.00022656618804159367
0.00019183244711391205
0.00047266319415684057
0.00033048699483909463
-0.0002821003968855176
0.00047157515604326274
-0.00010896070908628151
0.00043889197354624054
0.0004951041466354699
-0.0004759458933046588
0.00016359218356370726
-2.6598135588884594e-06
1.717377744673925e-05
-0.00047589540320827986
-0.00020785232732031356
-0.0002782305853920032
0.0003613156104427369
0.0004970642136461318
-0.0003894705646230771
0.00046917259451036684
-0.0001980331947656413
-0.0003770746414352722
-0.00044988302855577747
-4.535288530089441e-05
-3.4578945700609355e-05
-0.00018956248863043044
-0.00019803903726793728
-0.0003180028121084783
-0.00014929852109181365
0.00041659166729840556
-0.00019703052268004763
0.00016430690862488315
0.00018374922037375156
-0.0004734605397031084
3.167294066685664e-05
0.00047898770436032457
0.00010513723158547036
-0.00019094587360704964
0.0001141197114128507
0.00039027285641828416
-0.00013373190762858166
0.00011712288316592624
1.6037242630495985e-05
-0.00027473049374356285
-0.00023833968558238514
-0.0002688899139226891
-0.0001828264400519958
0.0002881731407483139
-6.921749986747917e-05
0.00044907351482761774
-0.00024129635908804738
-3.416535076234252e-05
-0.00023409093448792384
-0.0004978923499505047
-0.00014483447905149692
-4.6944180690709726e-05
1.0127647181140784e-05
0.0001114387303350078
-0.00015184573463834062
-0.00029949046353284613
0.0002218577090825994
-0.00023549110830372655
-3.373413162529047e-05
-0.00013476572379059838
0.00048795818501090366
-0.00017857340409381674
-0.00039546843707255144
0.00017573022506060473
-0.00038087523183966956
-0.00013638767533325147
-0.00013718867427648382
-0.0003093945592302157
0.00016020341655019498
0.0004521187814458648
0.0004475851446421006
5.4727679471265134e-05
4.018205737070491e-05
0.00036826553289353474
0.00012067234859069304
0.0004843395180359625
2.385654763639158e-05
-0.00043803880451400833
-0.000284541039095549
0.00019813378570287935
0.00029528438301665706
4.9019117361010205e-05
6.120588130489565e-05
-0.00043244889245468
-0.00013940290816185443
0.00021842069327633498
0.0001954486493731054
0.00034579392023485994
-0.00017338163021193045
0.00019439037123776559
3.0571982488278304e-07
0.0002517938232575645
0.00048628490841267757
0.00027344482190131694
-7.269912232038783e-06
0.0004597082031838112
-4.703994879562737e-06
0.0002021376242176612
-0.0003595600226667206
-0.00019743552094944828
-0.0003253992837302156
2.1718986910804162e-05
-6.400280138933333e-05
0.00017621571619181914
-0.0004889986957684608
-0.0004992423370951998
-0.000340543335018328
0.00033071754555424806
-0.0003172078280363173
0.00040490667499642444
-3.3539374209310205e-05
-0.00023421527349413643
-0.00022514609703962808
0.00048484101586194974
-0.00025123135006618425
0.00045806363316078344
0.0003524115214292744
0.00015658743668306766
-0.00023279102546449302
-0.00014462920285530445
0.0001514004826834674
-0.0004843529301361901
5.576703288292346e-05
0.0004502381667770281
-0.00023143232686406766
0.0004979292000218513
0.0004730105157341898
-0.0003403790406697897
-0.000272035905766875
0.0003820238492738756
0.00038365247172424946
6.3656166491798906e-06
0.00043634895259521357
3.476215439075401e-05
-4.3266985311576336e-05
-0.0003422106269585551
-0.00039438695715563734
-6.654792222781579e-05
-0.0001414317483275839
0.0004022080670361163
-0.0003078761309224499
-0.000444260098008362
-0.00034185887181072854
1.6254314304219313e-05
0.00028593145014193524
0.00042916997337046775
6.088951028807596e-05
-0.0002865978818460172
0.00021518842954694364
-0.0004796372874291015
-0.0001934557681882535
-1.7290548204725313e-05
5.339748079535075e-05
0.00022472119015778025
0.000418500592044954
7.572858669060913e-05
0.0003671870804377111
0.0004772895884542238
0.00021900352663967268
0.00032068156402019466
0.00015429383554751888
-0.0003948668436998681
0.000496412402796688
-0.0002054552030854179
0.000368824199240186
4.4637816203957e-06
-0.00022463946576753847
2.3088073890878977e-05
-7.19337686920327e-05
-0.0003427328699966896
0.00026361070641765664
-0.0004548121877225261
-0.00010870879578885528
0.0003270891254227487
-0.0004049452591412087
-0.000420847839987229
0.00010149011385522026
-1.3109217054866674e-05
-0.00022876540355012774
4.0734839980608025e-05
-0.00044514715622222245
0.0002440631115740963
0.00023978304166347468
0.00034648432001379117
-0.0003600875983071973
-0.00019044520303558387
0.00020952002684375642
-0.00025516703338473914
0.0003577248067509044
0.00031920922077298365
0.0003985129469033095
-0.0001590427196117571
0.00047247710533733815
0.0003215027015584105
0.00048448393881958757
-0.00028876730079132554
-0.00033598022621710857
7.385635149316147e-05
-0.00042586888777711455
0.00025563417933315404
0.00038169346470036825
-0.00033075621618826936
0.00046225285530248153
0.00027680729345462194
9.469579363752972e-05
0.0001825449852562315
3.327496420064545e-05
