0.0011769803812118253
-0.00020924043128742447
0.00041705865805594534
-0.00015924054588710435
0.0011494696827345913
-0.002882691543561518
-0.0007743344857518747
-0.0028550336899948485
0.0020382734897999716
0.0025492841454330863
0.001356144587348061
-0.002117841089391309
0.0015439447517290959
0.002595378875263968
-0.0019943116310361733
0.0015611952720582436
0.0016615149417885111
-0.0014243943231155832
0.0017452642145227527
0.0023473909264524664
0.0004958335509895185
0.0027850667172793072
-0.0008733513868227341
-0.0012795091630447958
0.0015105805475409996
-0.0013526688467370104
-0.0007051505025052959
0.00021887006220735767
0.00047731840788343104
0.0025887787228980096
-0.000735350430722989
0.000414970252700314
-0.0009012317999560412
0.0028878572696287236
-0.002425051513115328
-0.002495931835459584
-0.00014312753387996178
-0.000888523238254656
-0.0017918894134597294
-0.0026351981899269813
-0.00047007294725162066
-0.0014480263159979611
0.000943618827929313
-0.002630259846847414
-0.0027360971739834802
0.0028287529813549412
0.0025478716138106136
0.0007828270795595918
-0.0020333000806644144
0.0026655013852437135
0.00016975542632565984
0.002055968725243649
-0.0016652314737701818
0.002381655677416151
-0.0027817464900404196
0.00098892943489059
-0.0019627211853299187
-0.0014723745145242093
0.0009887389051371626
0.0027295421294676906
0.0018008321785959588
-0.0010408116374213765
-0.0015274766337281722
-0.002829975656463514
0.0023359395299974006
0.000841077642444673
0.0023374122576187662
-0.0023934342360042286
-0.0020851779621330587
0.0014244071678700416
-4.780380960074356e-05
-0.0006394780577178524
-0.0010779745116055815
-0.000696867929725899
2.123276360530956e-06
-0.0007310607124546543
0.0005084745561517849
0.001406085073854665
-0.0010212491508746024
0.0008367120168437025
0.002639156304842855
-0.0025252900010418558
-0.0001948583269359744
-0.0014067641376198188
-0.0026936526687973226
-0.0020980517105595943
-0.0009480582629277433
0.00019397757801125704
0.0005808784697935508
0.0012601745202716957
0.0025155662406208864
-0.0017693169630905899
-0.002484023558250216
0.0029363509547206982
0.0013315150709367956
-0.000881101071207529
-0.0017619830083608415
-0.0009564385716560944
0.0006393492159789704
-0.0018518440054890854
-0.0026949649623132085
-3.4851930323844676e-06
0.0024529307304764804
-0.0009741150496079837
0.002294418410942173
-0.001436180138732717
-0.0022560792514965686
-0.0018700291005944302
-0.0012030027843868698
6.158034084474684e-05
-0.0001320303262168374
-0.0021933631716648375
-0.00037539159454035714
0.0003883982405423897
0.002986626412211645
-0.001749380228228835
0.001825695581219795
-0.0010203230595632676
-0.0003517083156030368
0.0017478376934198505
-0.002682813501162621
-0.0019483399688043702
0.001418996443901666
-0.0012303704768162086
-0.0002639053129496133
-0.002504755219391199
0.002526203081473573
0.0027824793110748734
-0.002075802717881602
0.0024600552280661953
0.0011847638662703846
-0.0026319169016907947
-0.0012215535849172334
-0.0013463896446143887
0.002861856658442315
0.0019740535576921866
0.001063119304592807
0.0011277961267652644
-0.0016757466167449501
-0.0005776069110124825
-0.0011618434511946516
-0.0018358540777822945
-0.000532016176511072
0.0008209424032292281
-0.0014133820544313884
-0.0027868767607780306
-0.0014048656653137964
0.00133685647051153
-0.0028373159312375007
0.0019503456780840273
0.002463147241927066
0.0021517425640516855
8.602312537924709e-06
0.0028854577681822575
-0.001974562524290899
-0.00028845423318620694
0.0007390722207949291
-0.002932823857415101
-0.0024070788636691184
-0.0024494250746194667
-0.0028159026149394166
-0.002100508171326116
-0.0026463277751741588
0.0021556560630022394
0.0001860921519825508
0.0027602525218114746
-9.959969012225548e-05
0.0010404824131851056
-0.0015060212717761445
-0.0017287322715114472
0.00016419006684790767
0.0005576164068064149
-0.002418653986914369
0.002590549976027502
0.0023527565360717886
-0.00017488517903447263
0.0029731601196532264
0.0012016630879245664
-0.00011573414486453631
-0.0014471395475131887
-0.002867503869127584
-0.002445085409599589
-0.001507955285340002
0.001693615768805827
0.0022073799492079464
0.0011675791197755647
0.00019766919089511496
-0.002372163239908337
-0.0008486698995903538
0.002647095067293658
0.0027988447884226206
0.0011961143441293256
0.0008115541132121483
0.0013226527212863784
0.002313865829644674
-0.0018121692581350459
0.0005024493005161097
-0.0028909011643498505
0.001949720379392319
-0.002041370763224704
0.0011390689822846954
-0.0022691757359350052
-0.0021193940279841234
-0.0007135848739577779
0.0024015284964098065
0.0010481050499471954
0.002591169767181027
0.0021833564166532154
-0.002823930346619899
-0.00033282855489313607
-0.0011482677032817877
0.0021262355157142592
0.002430740210816783
0.0008333942822916474
-0.0017732152819336265
-0.0009312401564666038
-0.0024052290211579504
0.0015773074830585819
-0.0027724719289512756
0.0012352565559141581
0.0010766714825092855
0.0006037605532696931
-0.00033877451137024304
0.0011796831580847978
0.002906253978763728
0.0016764272313382353
0.0014776990732093178
-0.0005439966782866856
-0.000476479676142531
0.0012121365579319011
0.002238124543194024
-0.00025890081760113247
0.002092284890104249
-0.0018644434820557778
0.0003947293605796841
0.0015541593044541575
0.0023868705505611524
-5.202890248721904e-05
-0.0005732202464646123
0.001539364688278086
-0.001592635777781963
0.0019182035079224934
-0.0009090825710757985
-0.0008122842244017627
-0.0010902318260601579
-0.00034771331383537775
0.0017902994463194783
-0.0019925129810431886
-2.6067856949481272e-05
-0.0001255586258740709
-0.002784566970420005
-0.0013326525094063601
-0.002821384082245366
-0.0022873832780106688
0.0019245024679223335
-0.0004823166125980027
0.0020606409826659476
-0.0008915595449977124
-0.0005284576114607418
-0.002449373014195107
0.0029186411796680778
-0.0019216478268176938
-0.0029427723153287516
0.002470666345324066
0.0018199517512098359
-0.0021511164119270435
0.0015505532561638892
1.934819506063494e-05
0.0022822359207070753
0.001035066524404416
0.0009687134801938686
0.0024911432309044496
-0.0013914366270640585
-0.002005303820189425
-0.0017316405190286595
-0.00046833688497805977
-0.0026430555960621875
0.002747152400976764
-0.0014467535759065204
0.00208892499591575
0.0014768859229274565
-0.0025516008375072712
0.002404667884432576
-0.0011421010432369216
-0.0014929111219525097
0.0005290127479670144
-0.0011461816476966773
-0.0012405000028298298
0.0024938838622907853
0.0014713183918019183
-0.0020285351755181848
-0.0026440976577494038
-0.001274916322047545
0.0003434605389996356
-0.0017425966403293235
-0.0026685305653184497
0.0018485901959108047
0.0009489207710801847
-0.0001812158835299807
-0.0017779612969855028
0.0024083855608457326
-0.0004589538784810212
0.001464199204639952
-0.0024759947319113055
0.0014396415724755125
-0.0008889754591425978
0.000958897347523982
0.0004964936482962389
0.0017875516270609796
0.0029882829494187356
0.002627108083385084
0.0022882211071323377
-0.0010209442033248793
0.0009738242891833915
0.0017911841861266205
0.0023509393780022326
-0.0015871862596470076
0.002069511389724732
-0.000336658331024752
-0.0025632895766924246
0.0004178171121180024
-0.0017358545443344757
0.0009105979832376414
0.0021852489515804202
0.00017259612181822186
-0.00021994946240157416
-0.0024415334259557217
0.0004464354111106427
0.0005886004783358725
0.00212296697694495
0.0006098864824809975
0.0020682413547208874
0.00035115253166111225
-0.0026866235869077108
0.000568993541615324
0.0009664012098022949
-0.0025244694082273587
0.0011416785556212106
-0.0005739933768044059
-0.002411529396556665
-0.0022264733223638223
-0.001567132417823403
0.0018586514610594799
0.0004941858428881814
0.0024570124825484463
-0.0019846836399734437
0.0025177720085128603
0.00025829947584673227
-0.00040937935951964113
-0.0019103304355024265
0.0014431757149419673
0.00016430966596049342
-0.0018152461002050647
0.0024126486644302104
-0.000247553049088225
-0.0008158910981715204
-0.0028823992389316565
-0.0016156340496161778
0.0013450292578089124
-0.0027554692434396304
-0.0008780056003368621
-0.00047555089416298404
0.002954553166538864
-0.0010686593668966721
-0.0012692617482542791
-0.001391309330937947
-0.0016773739452424924
0.00129070190648139
0.002446692489182439
-0.0007703258518678975
-0.0008132398112308116
-0.0021830168315184425
-0.0015775014990402746
-0.0011423545783643635
0.0028105564010499524
-0.0029641255941257366
0.0010785917448761619
-0.0016865633701242115
0.0026988968242444462
0.0018353746753847358
-0.0021858096383389715
0.0015362690050284818
0.0004116173264855664
0.0015355964686385804
-0.0025173754823399164
-0.0013608733776649228
1.1941859492341136e-05
-0.0015788648006083545
-0.0027263077890476725
-0.0028989938282853503
0.00037134313059458603
-2.576725351884643e-05
-0.0018086949755192173
0.002869328113076961
-0.0026995048965544333
0.0015873500867319475
0.0006868185523567034
0.00018297341387066767
-0.0016901109834043192
0.00028704533332713856
-0.001382072101491273
-0.0007006240203380849
-0.0022498488033850733
-0.0007240120127177739
-0.0010847488656561572
-0.0005450798804319578
0.00043938687369699057
-0.001133038437431656
-0.0015675080645532172
0.002838242317445492
0.00019420448837634448
0.001987470869459042
-0.0012708355559041117
0.0022470069367979103
-0.002003104682566103
0.0015950498071280591
0.002975010102369469
-0.002841556746500792
0.00012295185097601974
-0.0013110639051765421
-0.002685452472884036
-0.0029495159356403545
-0.0017141289418973924
-0.0013074470981580596
0.0017484170476548483
-0.0005797982935222571
-0.0011907979510344514
0.001364912103255192
0.0013922552804467078
0.0012952932815812395
-0.0008303158018428368
0.000672941294347809
0.0017166695154382135
0.002824392428001603
0.002421900554935478
-0.0006153885659125175
0.0016395953100610192
0.00037337467560612713
-0.0007413123376356916
0.0020725548201652646
-0.0009475427621156935
-0.0003868557341392496
-0.0029629128003840076
-0.0028350991654925357
0.0015295902891976137
0.0012033610283965733
-1.67576334978649e-05
0.0022834014538135536
0.0001243487226006909
-0.0017622095662238142
-0.0013935650305005097
0.0014909136430348458
-0.0010831614984007612
-0.0001946748103659147
0.002342890048500492
-0.0007658124779031735
-0.0018162498345953362
-0.0026647172771603
0.002337963244752039
-0.0008476400926540392
-0.0008182218661533943
0.0015939978605979703
-0.0020737373649683246
-0.0007170672125279289
-0.0028927181058378674
-0.002647864817485896
0.0018454324727787798
-2.9275818066686922e-05
-0.0008764213590043987
0.0028338532685309257
-0.0006729387921215468
-0.0015031865397680812
0.0023783500276685693
0.002214607627245055
-0.002719533556877847
-0.002251756938108567
0.002178480589083636
-0.00037570400708685685
0.0021284949680617045
-0.0028963262629727988
0.0016296982316028538
-0.002218816976500015
-0.0025873790657725934
0.00022499200602524175
0.00024177291382382338
0.002699595894260349
-0.000916815087173662
0.002307287726659805
-0.001351437023604544
0.0016010493904970767
-0.0009294890608477217
-0.0020660612432153898
0.0019070527988958542
-0.002224256478175627
-0.001929523544575681
-0.0007353249379322795
-0.001102869944874953
0.0008674401379376458
7.462496070891013e-05
-0.0009840442309528232
0.0024396933656833106
0.0024824086133058143
-0.0003219814067941637
-0.0008179916219473457
-0.0019510079693012066
-0.0003695965612426017
-0.00033179726656503393
0.0029159448918048775
0.0016696549002528475
-0.0015028717746203674
-0.0005923036512023327
-0.001938688756346099
-0.0027382615450583705
-0.0011704139715691046
-0.002150841975606383
-0.00140275339230345
-0.0004396685458380417
0.0014628929237983212
-0.001579665419079556
0.0025298636919524973
0.0019115108186058454
-0.0005169161780075207
-0.0023852633165758934
-0.0029713407954906207
-0.0026518407471266326
-0.0005201540054912855
-0.0013007768706208348
-0.0007398464262351532
0.0021961081036060513
-0.00018043970238949955
0.0021236502791684075
-0.0027319748702212903
0.0004277507575846636
-0.0007651300371803106
-0.002576832650991043
0.0027826401970549716
0.002272189285803591
-0.001404387484549801
0.0019920465676755523
-0.0017122232760505523
0.0007459759848683105
0.00042440494270909934
-0.0010778976313981779
0.00042406601278535206
0.0012429100543258215
-0.0029592035301526263
-0.000264583084055118
0.0017338319755628093
0.001239677946991897
-0.0024443903791376126
0.0025522054495956507
-0.0028264435693440017
0.001459520034848936
0.002441175138989226
0.0021127265268622696
0.0026383651900620114
-0.0011871425392175276
0.002179720970164405
0.00044350229838887017
0.0013659136808233828
-0.0019498719151511007
-0.0020881653992011803
0.000851112757476151
0.001273888993996039
0.001124811161268344
-0.0028737720274360475
-0.0023037137046773384
-0.0017509239345565005
-0.0008159065984388995
-0.0001268591151670673
-0.001223552078073257
0.00027521768505410753
0.0005306561676635523
-0.0003090941064581372
-0.0013634476081456901
0.0010216135791344255
0.0028731157443621005
-0.0014102441592990667
-0.0021944545954029385
0.0019222148062965124
0.0015625810231491939
-0.002370755155963879
-0.0007921652742556786
-0.002991201847466217
-0.001370691491599485
-0.0029850314684570487
-0.002374326157508428
0.0004959540366289276
0.0007676847684087978
-0.0029742950605711623
0.0009904905486063697
-4.366139992031601e-05
0.0019086707969144037
-0.0009328282538394366
0.0006321413820173159
0.0023381618409126356
-4.412003273378609e-06
0.0020780000000500433
-0.0015468439757564858
0.000197897554955773
-0.0023025444369244204
4.858258329758919e-05
0.00040825739019795075
-0.002411679682121521
-0.0015177644697652905
-0.0008912763292805471
4.586818771328948e-06
0.0015990943475456256
0.001414595794288609
0.0014008398626751926
-0.0005038332155078815
0.00012648414856149563
-0.00017330365822020846
0.00025953216751029495
0.0026498721179305518
0.0026457309099739744
0.0023246256516055424
0.0013685513951518765
0.0021426270498185566
0.0008403365060264444
-0.0011281993236380273
-0.0023534047165146114
-0.000977134384835454
-0.000297488187942176
0.0007099891453719786
0.0016653499412600517
0.001755430917569239
0.0010701341159019611
-0.0019239940947764918
0.0027129444672577213
-0.0002849313417948034
0.001374346990805673
0.0008491329245888511
0.0015915036300411323
0.0015714943455926427
-0.0014208454984426329
-0.0006741432442633694
0.0023977696892665103
0.0028992823966743483
0.002528569020903715
0.0005770074445814364
0.0011198800675440998
-0.001139430052841527
-0.0018584480335388264
0.0003892936968954621
-0.0009974483793049704
-0.0029132835885671902
-0.0025706381470517914
-0.0029823793962057907
-0.0021766642060492072
-3.064148460529912e-05
-0.0003507174263843757
0.002802492854236019
0.0009886690255121013
-0.0026321220768439034
-0.0017265000642718575
0.002413862916658351
0.0022798444686410266
0.002236975213355253
0.0028888300762268436
-0.0013161715027247946
0.00017996288694418095
9.959484430929538e-05
-0.001974696751462975
0.0017914454133424575
-0.00018184306694219972
0.0027386813891047274
-0.0016569049595547716
-0.0013595405225961654
-8.205503886130798e-05
-0.0014512441027179218
0.0026355848212885674
0.0006054770479732574
-0.001959674699827966
0.0014840835999348568
-0.0021105550072346053
0.001953949353430991
-0.002649468833797268
-0.0015434996091685195
-0.0011059321686866825
-0.0003194703781249724
0.0010895832606075198
0.0007641680179541989
0.0029428850217239327
-0.0020467296056081077
-0.0028157463246239354
-0.0014266803225643453
-0.0011762773794706288
0.0024934429730093027
-0.0003725325428623207
-0.00278380491378667
0.0005608710497995162
0.00285288652056116
0.0005868054192025448
0.000690061913762397
0.0029635281732598223
-0.0023653237932810232
0.002757482521331154
-0.0017468406212674706
-0.0017558758889597295
0.0003438152750056939
-0.0015768002903109415
0.00030944025927037277
-0.0006097405091107398
-0.0020682590982783267
-0.0018080431431433779
-0.0013583300326718525
0.0007888343639385464
0.0018420439173351209
-0.0020064444004561526
0.0006406395886892394
0.001576668552662113
0.0013456430556086831
-2.7596996167973155e-05
-0.0008529718653368223
0.0016815009058087022
0.0017931789680463344
0.0006840594865494044
-0.0015694110620839313
-0.00019567443340499273
-0.0009730105539057874
0.0010704405355578392
-0.0026689277260024406
-0.0018398555998742278
-0.002886949651008965
0.0009678631528497374
-0.0016670730507337298
-0.0022326638761726017
0.0024704852466273363
-0.0007795322124646764
-0.0010001192375005052
0.00010157343455665649
-0.0005202972900986286
0.0016793421047364056
-0.0029615065037369957
-0.002210694484108831
-0.0017231647134320139
0.0026547768996052715
-0.0022624675559609958
-0.0001492113589464817
-0.001557437024121204
-0.002403438069933839
-0.0003009667072148819
-0.0013288147446030114
-0.0020976145709627435
0.00038868125212500673
-0.002028587140755521
-0.00296814413647536
0.0011699788011115039
0.0029105821772566678
0.0005606596658640182
-0.0018605818440068486
-0.0007624258991733614
0.001987386992730005
0.0007234078823741409
0.0012745396243809236
0.002717720183191427
-0.00151163878382043
-9.636782547822178e-05
0.0019476417980790837
0.00032008864379181766
0.0022611446032211498
-0.0012922852618732705
-0.0024624011493718486
-0.0026207981967963476
-0.0013879253455965513
-0.0011957856906091827
-0.0013991337015390832
-0.0015114908889904094
0.0022259680715920943
0.0014787266993431403
-0.0022261548616099225
-0.0012679628748159413
-0.0007458979983588489
-0.0007743007665132794
-0.001204507740892786
0.000791877772458819
0.0027779501766372174
0.0001518662963251702
0.0005979913341635549
0.0025940588600890753
-0.002478519384241428
-0.0021886156452849545
0.002094189548009995
5.035035134581464e-07
-0.00013249959781875187
-0.002363509196735723
-0.002726959095734724
0.0023227475782738455
-0.0014547628329229564
0.002699352298655109
0.0007155474562911897
-0.0005923183141928398
-0.0009835268371187755
0.002370775314905955
-0.002318396923313669
0.0002649588701867118
-0.0010163463318165807
-0.0012976446210402205
-0.002360418752972548
0.0020778023018515187
0.0022144808504339208
0.001701183168024081
0.0029763204392095595
-0.0011734905400700574
0.0002802053123088142
0.0026321644122302293
0.002580606270505093
0.0010879439223397064
-0.0028676688325763545
0.0012223466942227566
0.0011641022129811884
0.0020832166062994123
-0.0024797291169390365
0.0022299841322835053
-0.00019728762447617648
-0.0029435848639266194
0.0007882146307088994
-0.0023677532094068202
0.001902559227364215
-0.0005311307878933043
-0.001754803026032522
0.00017507855533141232
0.0012844230452156314
-0.0006242448479451693
0.0011955898976935778
-0.0004097604861741022
-0.002532874268058808
0.0025213342688422393
-0.0016075393576235916
-0.00041086155769327155
-0.00045756647537872376
0.0009853078179022237
-0.0017853588080743348
-0.00016365711736662184
0.0027390890805847386
-0.002525307838844202
0.0007894438345480009
-5.976871348379849e-05
-0.0027720327653291852
-0.0002517534030602041
0.0028078488901403676
-0.0014450591049451236
-0.0022821611325845653
0.0015866580333498328
0.001379769924822318
-0.0021825940953534174
-0.0009995703748946804
-0.000841498059641899
-0.00011686683123122033
0.001472078907973167
-0.0017336293657154143
-0.0018826580693613274
-0.0012742229042413073
-0.002462461923134099
0.0015376444294051272
-0.0003585073060697816
-0.002407207992613346
-0.002242623425730802
0.002382467649550974
0.0010443447969709987
0.0014416455071573431
0.0017749211156854851
0.0028875244620712006
0.0022888410262391435
0.0023305658972876285
-0.0022265653265143345
-0.0029969605174077307
-0.0029524470096335327
-0.001244674609141575
0.002649078296981023
-0.000173697619031903
-0.0017506160373942225
-0.0013134032678608911
-0.0023816314198404917
-0.0021435623184940336
0.002701179731856073
-4.687984668520729e-05
0.0011229995332273264
0.0025030140366431525
-0.002224824170906701
0.0007479296875777235
-0.0020612140246955343
0.0029262588217762965
0.0024216290584106797
0.0014470340090831065
0.0017694383685159512
0.0009219995593574889
-0.0011081062630029861
-0.0027036739176835873
0.0014668485247046267
0.0006055853690893824
-0.0025029379458784617
0.0027576166617173156
-0.001314846579270621
0.0012232115717034867
0.0021512570299852167
-0.002222625867212709
-0.0015237537263519622
0.0016799578794136818
-0.002013415492936863
0.002820076686778651
-0.0013890443683140623
-0.002603156585062569
-0.0008625304398827368
-0.0008505834529041354
-0.001822328722097427
-0.002052401906513566
0.0016929913665474066
-0.0021241329196427803
-0.0018038298200913321
-0.0018935498953299118
-0.0024171146124977155
0.0006389046303804627
0.002399070817905494
-0.0029452699084946844
-0.0016367041936944148
0.00256137099677484
-0.002262279417683006
0.002531068371775245
-0.002146095030728455
0.0005742565200764797
-0.00047695350763497313
-0.0027852425069540138
0.0021339253432381263
0.0013902325639798818
0.002380453362991133
0.001004746201074355
-0.00299913571252478
0.0007732354831535477
-0.0024103007182264585
-0.0012367465568557617
0.00021664853477424686
-0.002726175981991327
-0.00037025564676435767
9.808776020994421e-05
0.0028643894620236686
0.0005789375478962413
-0.0023833763876234247
-0.002922522916265499
0.002861076035769794
0.0012671386243710081
0.0017033356578780847
0.0001917507403942564
9.513146917655615e-06
0.0006554412618894364
-0.0010837744203402435
0.0024303379861354306
-0.0023087709805084716
-0.0006190284042899199
0.00296616076183117
0.0013684134585218105
-0.0005930295303195935
-0.0013381864670377018
0.002333918460079569
0.0022874197234698385
0.0004784493138801642
0.0022074129234387523
-0.002205447603610409
-0.00046170410707296796
0.0018705777561031783
-0.00047125421215407116
-0.0022193177927433186
-0.00298758651342665
0.001378106418820614
-0.002084836743406726
0.0013252427598675412
0.0010942438734066143
-0.001608012529593688
-0.0011652512317498521
-0.000251850860814154
0.0017649545066289662
0.0008618762365536583
0.0015583514679741155
0.0016576007230532123
-0.0027591614334366156
2.1717000868460776e-05
0.0010500375250396222
0.0007671049535542917
0.002832482553784191
0.0024070556344539815
0.002165245988005669
-6.295787076093058e-05
0.002812261165896596
-0.0015453932181809407
-0.0014460884226030655
0.0021447311352293897
0.0009527660790617301
0.0008803922517681135
0.0020584303504008377
-0.0019750070504262847
0.0005779977401800447
0.0017865315339261629
-0.0011249740600927005
-0.001345819230744761
0.0019338007734192577
-0.0017984677804591198
0.0016578383399267057
0.002984129247226113
-0.0017656711626300688
