-3.72193257671973e-05
0.0004234506808554169
0.0019997184696342613
0.001998551887345797
0.0019702616757016284
-0.0014222257049003714
-0.0015169209084325969
-0.002030205902434367
0.00044019571201595964
0.00152956539927206
0.002008741881370086
-0.002444785014527594
-0.0014289044865756096
-0.001003181982329519
-0.0027429937510286308
-0.0006527246229307017
-0.0001534329898439683
-0.0002710636084807985
0.0025236391438535014
-0.002012062399625583
0.002398800408702143
-0.00046049576421939437
-0.0013670214126627709
-0.0008921410566880778
0.0006613051040766497
-0.001888766730156377
-0.00046373004277080587
0.0008006472301780544
-0.0009408284217173719
-0.0016820224798851074
-0.0018697291172364485
-0.0020478101467193903
0.0009066806691371641
0.0026241420962558196
-0.00032955285165739553
-0.0015127776213742067
0.0022520869276798482
0.00029893418015339984
-0.0016066306137308538
0.0011441707955136462
-0.0026220911717016685
-0.0017981547655195385
0.00296861778016158
0.0020033533346210716
-0.0018627761399080778
-0.002057694073849476
0.000322969198257366
-0.0005432811535752567
0.0023465693301889263
-0.0008618116559384386
0.002796390048970151
-0.001250071207665758
0.0020038393422025054
0.0004102227272950814
0.0022599017863685544
-0.0014683730548904492
-0.002476557974624074
0.000269570110756468
-0.0008253317869978487
0.0014288326428870983
0.0024280485675593454
-0.002177337769595691
0.0022886220469769854
-0.00010578904020705797
-0.001393899338693247
0.0018113750302388943
0.0008977804261175609
-0.0015988099078519287
-0.0028422652407197615
-0.002699861712265056
0.00170835017622475
0.0006660675952254651
-0.0011834077214087787
-0.002562702654046576
-0.002441808685222724
-0.00029663736345954565
0.00245910909590455
0.0018899299202440756
-0.0027951126016594278
0.0026715199853083165
0.0009541679175637781
-0.002604354327625854
0.0009812252946190128
0.0028613114264260013
-0.0025749042667883417
-0.0014962775210257797
0.0009309481083199407
-0.0006391479098851261
0.0019701763051659703
-0.0014070011547812596
-0.00199035187452305
-0.001678564824621892
-0.001326399199976573
-0.0021044504977787847
0.0010154346151937717
0.0019433431451981705
0.0005406079459154048
-0.002893221292407832
-0.0003409970915272493
-0.0023454418524382873
-0.0016322295031310416
0.0029654688319654477
0.0013650988085992894
-0.001975543148128341
9.726567936881557e-05
0.0019121986263572035
0.0009819211819691786
-0.0008437795612168475
-0.0010108875358909096
0.002666584860385137
0.0024985163903627917
-0.0004891104957445787
-0.0027974727591928263
-0.0002729681976156319
0.0002220801986784031
0.0022206307507479954
-0.000609033109545562
0.000207660180040935
-0.0025494086828684918
0.0011358882422235527
0.0017410751390808015
0.0010409774709450705
0.002898664428275582
8.125234302252616e-05
0.00030792891341991377
-0.0012018004046140526
-0.001155046466966404
-0.0009254773558125223
-9.839416675901276e-05
0.0028353159480142415
0.00137262812688866
-0.002531633647276363
0.0029471483278212885
0.000636312085775621
0.0024633590387593066
-0.0007319731717171322
-0.0014178737440638984
0.0011778934550069316
0.0012541953014356642
-0.0022024845396001577
-0.001234240840104339
0.002738584834909504
0.0008231347976012824
-0.0022102628357240357
0.001633066631973444
-0.0009008346349381677
-0.00203019057543227
-0.0026885272473086462
-0.0015132349455373618
0.0027888540976480124
-0.0010814077603027645
0.002195607253465054
-0.002756039009668948
0.0018935934028020997
-0.001817938264394993
0.0001306351798078531
-0.0021021386683433285
0.0006046452935533665
0.0020854198987928924
-0.002498366674322565
-0.0004496188035065696
0.0005409639626821165
-0.0007957476686055727
7.076487731576394e-05
0.0010611303310805835
-0.0006584764815495189
0.0006300030540946845
-0.0013287492151881244
0.0029008332653020358
-0.0019730832785164088
7.852719465889155e-05
-0.002123490035131819
-0.0027640089294811107
-0.0026337048507716447
9.364057834240639e-05
-0.00261576590583025
0.0019705783146737156
-0.002766919264795385
0.0007953932064167883
-0.0010350982296827918
0.0027454004858687205
-0.0012904717220557662
-0.002776504164841274
-0.0004232432067863179
0.0019041959082725076
0.0023298860455266386
-0.0008327962720285462
0.0018719772447411114
-0.002400865987712601
0.00041469329444446213
-5.274287307737531e-05
-0.0010787951032163558
0.002040580610302726
0.0023621248901333413
-0.002547281080518237
-0.002781837704308913
-0.0003817793400815567
0.00028083913559867136
-0.0013105340575921907
-0.001998761146839086
0.00011266592403804494
0.0027966941444207494
-0.002651241527914812
0.002155324891887244
-0.0025861145319793044
0.0012646960825433914
-0.0022708668460504487
-0.0027798765568867925
-0.0003860762683983209
0.0023793113264781642
0.0005734250549371679
-0.0015887832958064506
0.0009855517172442747
-0.002364254400193532
-0.0023344733084027305
-0.00047294677209649364
-0.0006953954588078972
0.0023065639140254796
0.00175819578209979
-0.0006679790699724926
0.00022629143402021776
0.0013735248914016774
-0.001252983892579647
0.0004041277000566227
-0.002662021570903855
-0.00018907715021453065
-0.002872288925150731
0.0005221831827965312
0.0014735832408509023
-4.183684871353387e-05
0.0026010701882328083
0.001879787072849741
0.0002519176019501702
-0.00011481625403768564
0.002619976917575568
-0.0012967935804382822
-0.002386272398160338
-0.0006821398855702283
0.0001707473622463234
0.0001077511440835152
0.002298610557282345
0.0006092499043020335
0.0029201582631498526
-0.0021475039197301656
0.0017729971440326635
0.0019490783084438433
0.0023111275622798534
0.00161338558477013
0.0007308020607614324
-0.0022465751459059004
0.0007973668033505097
0.0005784980565147996
-0.001750339636317937
0.002793905045917056
-0.0015928103432666736
-0.000995701395588956
0.0012449719382578326
-0.0017036464692883563
-0.0005961262514783735
0.0016988700498296707
0.0028424461657132853
-0.0015560959407033383
-0.0009481610950230384
-0.0012879015443638682
0.0007791323678882005
0.0005176726226012729
-0.0012110315228525755
0.000748823908647965
0.00011068359652052296
0.0028830378970831705
-7.288087965017995e-05
0.0019052292156249801
-0.0016278211106659413
0.0007017645855732228
-0.0007318426851513375
-0.0009020214263583794
0.0008261100997933126
0.0013313203322169774
-0.0024178012880825927
0.00040920479834254684
0.0028761964942713115
0.00025834229981694205
0.0014947701918048067
-0.0027535099531794636
0.0019495987576516188
1.1000568236631952e-05
-0.0009296542673435217
-0.00010904955593734082
-0.0009110777019356495
6.15994691527625e-05
-8.841981530031094e-05
0.0002425084487889576
0.0017162966406389646
-0.0028290016732146306
-0.0024754133678645722
0.001139565684994322
0.0009222057166533701
0.0028557537228462706
-0.00040405297559831417
0.0015389010959547898
0.0009838918464251277
0.00017117891719770724
-0.0001424401750643651
0.0028673806059854754
0.001343256953114211
0.0018703599570417334
0.0021761455278782793
-0.0028350677810678447
0.001512998528656639
-0.0017677120010641857
-0.0025061268701408335
-0.0024704528906302967
0.0002597772948462595
0.0016533710226784813
-0.002651446372123773
-0.0027825882588556586
-0.00024393654303177638
-0.002099347969281867
0.0021165072210611625
0.0008094974003827618
-0.002060327098983626
-1.1399135473068572e-05
-0.002016698387197176
0.0017882487859724357
0.0017654389354131118
0.0024210312958335275
-0.0016352315010555619
-0.0011227959715729983
-0.0018134426743811796
0.00018606496333939144
-0.0005937376098092001
0.002109405365194439
-0.002771966333878294
0.0029700717226442295
0.0019663054150676814
0.0010288309270594792
-0.0006055131907327454
0.0016622195724287636
-0.0029387893993697107
0.0015193301363357293
0.0025598628592661743
0.0017616099188733792
0.001386732100004267
-0.0025982939627639265
-0.00010133488820262713
-0.0026230686358337195
-0.002283188371820975
-0.0021608589774875695
-0.002558681748464538
0.0012747596766107833
0.0014464555378617796
-0.0004722869474590324
-0.0020164522779610307
0.002685201407417173
0.0026850221872186603
-0.002916093244786164
0.0028418102688634447
-0.0016548291008709986
-0.0003077926458705093
0.0002853480351592036
0.0016212706255839416
0.0002884597587084459
0.0014693346829240872
0.002746225172264533
0.0009116941150265987
0.0011464970435567465
-0.0014455758010862038
0.0021466724102060537
-0.001268079934538284
-0.0007255389234293369
6.658159496389024e-05
-0.00017085758859335066
-0.0003219327066348483
-0.0014660087575972213
0.00019904928950972714
-0.0027178545860201326
0.0006129566166506264
-0.0027014365895711946
-0.0013501954236445953
0.0017103125641270466
-0.002472976386523721
0.0008082159998744963
0.0021712092599194942
0.0016252827660905864
0.0012112558106485618
0.0028338903936190743
0.002106279375043138
-0.001376377829807757
-0.0008638177571514269
-0.0006457726170817474
0.0008288930647840798
-0.0005741337301916893
-0.0006893239561106706
-0.0019886994830106046
-3.0046353812390562e-05
0.0008667128192499114
-2.3096368495075827e-05
-0.002253930581358962
-0.0008071342094216304
-0.002399397964226016
0.0012269334291895142
0.00067524054547807
-0.0029732216024850283
0.0005500947557857791
0.001137449863729106
0.0015452688848689913
-0.0019329152557160867
-0.0012330188772134525
-0.0018680896303416568
-0.002194008149864774
0.00281845132368639
-0.0029948786665889324
-0.0028820401841038383
-0.002372009756734934
0.0005549169135350865
-0.0008815913374548125
0.002487046351521474
0.0015542002530134743
-0.0017263232009294015
0.00113425056629629
0.0002578727967948724
-0.002511421254257739
0.0011187396067530745
-0.0014058942383688682
-0.0005358031444325445
-0.0021657200551794737
0.0018348927346055338
0.0007656573277629139
0.0002652455425446775
0.0006100912402095351
-4.120644368226173e-05
-0.0007333585185519366
-0.00259282960610784
-0.002454672124782925
-0.0007642668209709488
0.002456380420265903
-0.0009883530143196119
-0.0029057206909082704
-0.0009097615026326345
0.002115781026972686
0.0014406459662311428
-0.00017182821390416539
-0.0015928787871535384
0.0014776469257688609
-0.0022574248349819834
0.0017020840541275952
-0.0029306629556733526
0.0024437548840024245
0.0022348229968874693
0.0019341181475584328
-0.0005906587122040613
-0.0010813073385920221
-0.0005646732911445463
-0.002062883122327959
0.0009833987067321632
0.0001936790635654966
-0.0016301654990232301
-0.0018499933806575366
0.0008597146066056235
0.0021982591474511374
-0.001079023826637369
-0.0003062545927946113
-0.002955481299022716
-0.002588782219793356
0.002246372713556974
0.00031394674793175847
-0.0003431598322032603
-0.0024365101743988164
0.0018069049567277715
-0.0027957441200983646
-0.0027828000766348436
-0.0028701124964155456
-0.0007917088533440945
-0.0021441249497572987
-0.002289590494716867
-0.000925643133159914
0.0022671794243659714
0.0009119670934425719
0.0013655222983011495
0.002393599005161835
0.0018032961754375233
4.7295413105519126e-05
0.0016988304189852225
-0.001365792742865798
-0.0007618943090237917
0.00014497819670841652
0.0019647135889675734
-0.0014975794796578748
-0.002760538308886973
0.00195586632846981
0.00030608696498964517
0.00010628732229773499
-0.0010386470546851871
-0.002361038016634405
0.0006397452807001196
-0.0015683611310988415
-0.002884435260158601
-0.000535476085668582
-0.0016899846139455932
-0.0018271722713948692
0.0014640815438065908
0.0018184951350047
0.0008618975655582122
-0.0003908864605377607
-6.991437559275256e-05
3.5424472189138096e-05
-0.0005413577636751792
-0.0013686268163250477
0.0010391400428904725
0.002756211044057816
0.0024458118992366903
0.0029642632518928026
0.0002015953498495284
0.0011358008016513193
-0.00277108357225583
-0.0024926510000693822
-0.0005717641388543792
-0.0019423874395046814
-0.0029938386168270404
-0.0012954619807278047
0.002589436028274792
2.4718764456780826e-05
0.0019963829595369817
0.0015438650728230915
-4.586852853098733e-05
-0.0003782791846059538
-0.0024218320189781824
-6.84713952527091e-05
0.0012730287892137523
0.0003190289855754479
-0.0018327435726347323
-0.002110493801630667
0.00020853973702668555
0.002837001972872227
-0.002689881694692333
-0.0022372884750633737
0.002098174866551163
0.0008573757538080768
0.0021828011226291515
-0.0009681892299884601
-0.0013919599008416607
-0.0012641173092321763
-0.002783025054706041
-0.001715570712522016
-0.002209989864882682
0.0018139072236559436
-0.000894509263140001
-0.0007396302724298432
-0.002825432683225713
0.0017433815432459443
0.0021743682421166283
-0.0026509233846207163
0.0014180311128027933
-0.0004482294574825684
0.0013203382804376895
0.001755914175579235
3.0815227392200564e-05
-0.0012905427507095462
0.002762289122396952
-0.0014647246150178306
0.001175302201504443
-0.0029465411890411603
-0.0027345334534432265
-6.434248554132048e-05
0.0023490244710683093
-0.0029766429280440247
3.5099479980184745e-05
-0.0006242243557349762
-0.0016871009238136011
0.00019550818033343097
-0.001636253161035261
0.0013908622567097217
0.002126526539881132
0.0013277139628276088
0.002245459415505158
0.0005126844673961138
0.001979405903201695
0.0028191806855848824
0.002223772645068703
0.0003237120280983035
0.001214327591485355
-0.0007108970319517193
0.0015280308097538782
-0.0022733612971283313
0.0011080538242938505
-0.001859033284510365
0.00022664524612135478
-0.002717898260163983
0.00030622535410480475
-0.0021428944645654133
-0.002092223008449348
0.0018759304629987709
-0.0018609264809678382
0.000847319119544034
0.00045689480344044287
-0.0021757262897104295
-0.0025549843609080245
-0.001748589137144852
0.00011544323827299531
-8.855027109853615e-05
0.00025838190367677644
0.0028835356094776294
0.0008978372892548404
-0.0014999547176988647
-0.002383316917895105
0.002906487042006388
-0.0025909437506054563
0.0003201149537139297
0.001169811707946995
-0.0007664586213025418
0.0013210488699481873
0.0019620453438397153
0.0023247814725535394
-0.0008923264654730227
-0.0009324660398900828
-0.0015225219790401315
0.00014358757020602056
-0.00027660062609092444
0.0023083549929324605
0.00034989275563167884
0.00032995372823147904
0.0003297886174541769
-0.0019041802065095188
-0.001470202977442735
-0.0017944494257185655
0.001711718372056286
0.0022241495533680614
-0.0011674848444470068
0.0001971216688471107
0.0021772669180745406
-0.0009841625497645037
-0.0008441277067135905
0.002254237203393028
-0.000849601356797341
-0.002183972843405783
-0.0002987351634952851
-0.00044858678818400066
-0.002602618274566492
0.0015186984335006518
0.0004974816149711007
-0.001167222165467283
-0.0010755436217309076
0.0003958712867920943
-0.0028857845878502743
0.0010916347316848561
-0.00023273742077824927
0.0010546194574759093
0.0019158716665584503
0.0026039287617371162
-3.7902131310323973e-05
0.0016569475244250136
0.0014601605964281146
-0.0022567783316241818
0.0002720559969257605
0.002924584134972645
-0.0028508526832848632
0.002323989996558005
-0.002534991763739876
0.0026812298779612985
-0.0026254261095441473
0.001896822946528317
0.002199859950431788
0.002521539771674704
0.0021534829032400366
-0.0021391906131911806
-5.6017114540334034e-05
-0.0006078042146637551
-0.0011234032832518513
-0.0011340915521224017
-0.0004538277459618335
0.0016980913799892793
-0.001258070539627511
-0.0008295942037203365
-0.0005857766860750289
-0.0010845259971952303
0.00231502402016665
0.0018390894317682214
0.0029399274582350143
0.002380907624786789
-0.0019542124499893755
0.00034052970633464616
-0.0006994931237737038
0.0007736949400304642
0.0006537915353999652
0.0001612375797238239
-0.001709068091323484
-0.002631681339529824
-0.002104054979991972
-0.0022143198718883434
0.002424472701293299
-0.0027588780758182633
-0.0006550857788507544
0.0009525333596132075
-0.0013663572688313958
0.0023901568276308684
0.0016026940085245214
0.0026317659304736602
0.002215982296249721
-0.0012821685895245886
-0.00018846133165259906
0.0026402023384157524
0.0017267366925292071
0.002642780027003546
0.001126096134888734
-0.0016332680260865897
-0.001272790481211754
-0.002119184198220315
0.0008942674794995701
-0.0018560942515628506
0.0020266166854332026
-8.804770799165614e-05
-0.0018416803061906825
0.0011719561371737056
-0.00013874795198612865
0.002120425483151089
0.0015421598711199995
-0.0009455251269239501
-0.0024686154068025083
-0.00024217835923668468
0.0010481856632448237
-0.001177278702666463
0.0023393485861607586
0.0004963359292550771
0.0021306652691403154
-0.002780974300577734
0.001997209619284031
0.001468861855382031
-0.0001670509929292273
-0.0014491715262854327
0.0007703629874198821
-0.0011066592117276338
0.0021424189688499604
0.002393177907845946
0.000548314567163088
0.00087148185969911
-0.0018660689849290383
0.0011247238689199683
0.0021472061450968517
0.0013642481400688638
-0.0013595181568032983
-0.002008453038029272
0.001395309378333284
-0.0006159227034808049
-0.00242224921679976
0.002178110664487444
-0.00043889262303569614
0.001868770606274159
-0.0023741307156387183
7.943494949149863e-05
0.0015333375173040469
-0.0008640139661461039
-0.0018010323590681014
-0.0003858330043214884
0.0006760232359108395
0.0018447418823706015
0.0014843666251475362
0.002884840317025247
-0.0020976743642771405
-0.0007974243743751144
0.000837803881813618
-0.0009696143074379602
0.0029834955536599383
-0.0021947026639362703
-0.0015606088855154622
0.002303318102490833
0.0025713948360817397
0.0005968988259995199
0.0015024391088746033
-0.00022131638301830072
-0.0020938331167663225
3.291883558798189e-05
0.0022770530456286573
-0.0018004612243927571
4.492830711195226e-05
0.0002579999893231556
0.0010791968066344183
-0.0026222234986474175
-0.0018902638427167435
0.002924039622085395
9.447195698865721e-05
0.0021427490537979776
-0.002834939476137173
-0.001296959123040051
0.0025477457410617846
0.000991523986869745
0.0022842473753662456
-0.0018629470820504164
0.00023478252832165878
-0.002357931899604435
0.0013591871095068563
-0.001113692383854046
0.0008946730727466129
0.0008037709135299376
0.0019093345174341055
0.0016683677633051956
0.0005443548459365204
0.0014313138390403927
-0.0014192119140088463
-0.0014467254058736169
-0.00042825737048646445
-0.00068635081288169
-0.0020274207540579973
-0.002889663814062654
0.00016994048273100398
-0.0009047551368417312
0.001135922702893556
-0.0016528561495813396
0.002573756242099317
0.0011365693182583524
0.00048525929904212183
-0.00281625548605218
-0.0006477517512872913
-0.0019551064745169564
-0.0006489409071210044
0.00244377982089605
-0.0006288037849870804
0.0013210371777815201
-0.0020618006139709343
0.0005313504832103236
0.0018068151071955977
-0.00023996905489129553
0.002679826891269792
0.002244205460108036
0.002921128547904819
-0.0029445952091574474
0.0017301844686525144
0.0023910642581002877
-0.0019531686204330933
-0.0007794899371345383
-0.001614350668383782
-0.002060898935559199
2.4437106458696876e-05
0.001304705853770371
0.00024081232432089737
0.002057518697033937
0.0028545985533555062
0.0026774159683480483
0.0022915361828141087
0.0012166929350173172
0.0012071275335867899
-0.001757373875072631
0.0028819477356134817
0.0006176602242910661
0.002445143310216399
-0.0005543061697760423
-0.002198180623592394
-8.40799601030482e-06
-0.0026963042465034484
-0.002296702258272611
0.00010151293125315554
0.0021347489647035338
0.001997192826248749
-0.0027605535493651473
-0.000829195245646465
-0.0022125591017278625
0.0004235449753247798
5.9069910058861304e-05
0.0018225786925868803
0.002480397345542472
0.0012862155202572872
0.001390150244461632
0.002046892147450489
0.0023449021958641385
0.00154867350723606
0.0020630628303846847
0.0005292963207823584
0.0019893422181606266
-0.002237141292261974
-0.00020311081327889372
0.0025726393594967282
0.0017556076902665698
-5.580370045511372e-05
-0.0011724577073958101
-0.002856790315121513
0.001752945391448429
-0.0018457912106593973
0.0007321941802245478
0.0010338457631265128
0.000712099226199464
0.0020747735719236684
0.0012677702660235397
-0.0007947003773098905
-0.0019467943301754082
-0.0025762644407409303
0.002276788983464232
-0.0019775935259138443
0.001797479685980423
0.0016251818003890231
-0.0013999348730011978
-0.0009350942242763709
-0.0003940509470900062
-0.001130792724955462
-0.0018497823957217517
-0.002896656306399719
-0.0015907582743957362
0.0001974037890153258
0.0007101826661418428
-0.0004967560806507037
-0.002060060146231459
-0.0009910081598785724
-0.0019005506002675167
0.0018775167102624965
0.002385389458840972
-0.0007161831359412474
-0.0010727424000627366
0.0028697840336954295
0.002451977457116044
0.0003255446635802538
0.0018626912889138413
-0.0005285035510378929
0.0016647998684353243
-0.0021472841291118355
0.002793585503574102
0.0014097905867614764
-9.844982232628781e-05
-0.001095353053250482
0.0023465254173246648
-0.002104055646770177
-0.001043959954839134
-0.0005763099333511309
0.0021324489559674895
0.0010657038625365729
-0.002246704986255719
0.0015163503634287269
-0.001965250108871581
-0.002654931111998692
-0.0028616731558889987
-0.0003699333184998578
0.00025512058978604266
0.0002629598006440312
0.0018679436803211366
7.966113139887612e-05
0.0015074129876494861
0.0020803911532093758
-6.476139925117941e-05
9.992717935886986e-05
-0.001262631910119842
-0.000986954561860042
-0.0029062246200352694
-0.002287066372979892
0.001093215720332317
-0.001050755720085719
0.0028086186112786403
-0.0018081697897694262
-0.00014306211398086013
0.002050364637042376
-0.0005640331628266586
-0.0010407288403539183
0.0004997831589712513
0.00040969270023214583
0.0023875688482491372
-0.00113250398365057
0.002416011527815191
-0.00025992592266114653
0.0027459811986114153
8.042143044916916e-05
-0.0018849517044374857
-0.002527014810105794
0.0010421465306358017
0.0013564188031764315
0.0013911886508325491
-0.0021180528874330316
0.0018123294811220395
-0.002062572675972682
-0.0022263097269337472
-0.002759149313890674
0.0022075151738907856
-0.0024239225310741016
0.0008079678426061998
0.0029045377668703984
-0.0026255325348444945
-2.3424900260080646e-05
-0.0007377637942953849
-0.0025086091502447647
-0.0019744977953230812
0.0003410208359852576
-9.290644558869986e-05
-0.0011485264787234725
-0.0028073359557468677
-0.0010575987696858575
-0.0002643602133439644
0.0017592131517085823
-0.0009866423178929032
0.00211400900530076
-0.00047072539495413577
-0.0013753356702330577
0.0010926389251114579
0.0023958478062740375
-0.0006347854520113091
0.0015104936560630935
-0.0015368362725652147
-0.0004203637087595788
-0.002511286917246978
-0.0012837047783239997
-0.0022224512070132462
-0.001215353973482177
0.0005651068633337922
0.0013016566145276397
-0.0029582391997478763
-0.00036859545462717726
