0.0003951984469708204
-0.0004238814095431601
-0.00036602591978655087
-3.0521064066966184e-05
-0.00035644901552569434
7.934328325976737e-05
-0.00028993325862595196
-6.0119772404306664e-05
-0.00018175250333200035
0.00013751463990963595
0.00036852864689635194
-0.00016061726212436702
-0.00045056366903976875
-0.00013225455733895184
-7.185325690933e-05
0.00018266998794240822
8.071922444547971e-05
-0.0002238404286530492
8.118576763001099e-05
-0.00013647919170252533
-0.0002174106832870615
-0.00015707149508288674
0.0003702065048276725
0.00015244500584899985
-2.471800374817258e-05
-0.0004673309166202211
-0.0003951091639170232
0.0003303870294252845
0.00040408904813422073
0.00021091043710124357
-0.0004926330636453308
-0.0002306958444658326
-4.8624213125463716e-05
-0.00018754875579109388
0.0003390244906607725
-0.0004668313783223441
-0.0002820004830663697
-0.00032057236117154176
-9.561811605973523e-05
0.00024131339158830003
0.0003018813705989551
0.00020885811829458314
-0.0004198522720037911
6.622501618314862e-05
0.00013294309141205453
-0.00013460754876208294
-0.00028185973129948015
-2.094814360650431e-06
0.0004184210166049214
-1.7110855539089202e-05
-0.00015839089710811805
0.00010691253334153491
-6.148277276460265e-05
3.433532360084472e-05
0.00011125734826373092
7.130727513329977e-05
-0.00012204470323188643
6.71581391555933e-05
0.00018596176541485758
0.000418279570023683
-0.000343919444469006
0.00021732665644582597
-2.4808055809687137e-05
-1.1679450440011145e-05
0.0003140485957635079
8.530757052616338e-05
-0.0002579372744851298
-3.4954650612222915e-05
0.00042158515857831187
0.00031463860061283194
0.00011948780671619313
-0.0001897687997783439
-0.00036685343152418324
-0.00047321456189051747
-0.0002533459649672428
-0.00018647037783608235
0.00032903017427403554
0.00014792296134064195
-0.00020351926596027902
0.00019063679321741005
-4.36713517645422e-05
0.00017220865126221232
-0.00041949387199089497
-0.0004937788712414448
0.00018596422725213448
-0.00030911065457652897
-0.00036719685654453227
0.00026800038647366916
-0.00037203610318166456
-0.0004432416128895623
-0.00013790201699464123
4.6783425742853084e-05
-0.00011924388881816652
6.825349852928014e-05
0.0004079405712897738
7.056383704743651e-05
0.00029992424442886866
-0.00046918316593587563
-9.401582301704528e-05
-0.00019181945378627128
0.0003291590018904073
-0.00036366079326659084
0.0003559017161600187
0.00046792990468491223
0.0003654912611911579
0.0004949366712512244
-0.00044746119024875465
-1.311753402527771e-05
-6.697485189366637e-05
-0.00037442831538369984
-4.835367691003421e-06
0.00039969966439186357
-0.00023167083244662867
0.00037941965256774407
-9.439651595307861e-05
-0.00022973222602821965
-0.00010779929233871124
-8.49172692345047e-05
3.0109016978927222e-05
5.656540904855985e-05
-9.874550607762899e-05
0.00044097998627207083
0.0002497835243314172
-0.00018450484119605513
0.0003453971967230027
0.00026193714854031705
2.89095752196559e-05
-0.0004916580388013836
0.0004953454010734257
0.00020708655112594402
-0.0002694282915594906
-9.867993949503061e-05
-0.0003396110538604755
-0.0001302075017800405
0.00025937523556001936
0.00020967104603917934
0.00030192042820474153
-0.000269081423103444
0.00036228651414053263
0.00041527646495036316
-0.00011284809922796512
-0.00011193413845983372
0.00032386989349540815
-0.000183972518437036
-0.0003985066853834761
0.00017536940468393424
0.0003225945065379772
0.00021591118777312187
-0.00032520255784160334
0.00016405895542178197
1.6845851528501823e-05
-0.00017431581409082288
0.00018306454961348627
0.0003969724192314345
7.328419064566154e-05
0.00015842849891253884
0.00010306836951265994
-2.01826897505363e-05
-0.00016943187118232176
0.000241556164815096
0.00021490756486234718
0.00010724283759805029
0.0002109281030847536
-0.0002132389955031924
-0.00015791315012807575
-0.00017191028579296774
-0.00022157314471615277
0.00041712082384362265
0.000302231142941336
3.0652404739688424e-05
-8.352069220149828e-05
-0.0003735779947002038
-0.00011873493095225084
5.7812966800046346e-05
-0.0004379066633248051
0.00022887401949279735
-0.00035788928772787133
-0.00034139353151831943
1.6308277546208923e-05
0.0001866827446034866
2.2534733304566536e-05
-0.0003206446963693136
0.0003083248262701481
-0.00044576955675252163
-0.00038118838022282775
-8.19906841605824e-05
7.00528749165135e-05
0.00011410438891251739
0.00017649838164762635
-0.0002386919237320162
0.0001081331757811796
8.296667127324008e-05
-0.00013210559025758596
0.0003943324396692426
0.0004606083567626969
0.00021660954270121544
-0.00013900923629595562
-5.845612496971608e-05
-0.0002748191504203684
-0.00029272428905189165
-0.00020243724882440208
-0.00015599320649949643
-0.00029876012223804837
-0.00031690810214990217
-9.536904331294691e-05
-0.00045010837056120114
-0.000204989575960824
0.00046102186748428497
0.00012780852685004306
-0.0001644109446246261
8.661442623897223e-05
0.00041834163060208707
0.00014793417744547407
-0.0002687611018477623
-2.980795128489246e-05
0.00023290129187786258
-1.170666057701995e-05
0.0003249507662990653
0.000185650812041778
-6.851137639888352e-05
-0.00021641126424010382
-0.00028888782493073054
0.00043562877985999307
8.069635594552913e-05
9.940303103513808e-06
0.0002692553340939549
-0.00030766123871448615
-0.0003025950969336766
0.0004356580607261278
-0.0001665007389549983
-0.00023174861772686065
0.00020514413826244412
-0.00043356479083175083
0.0004061149745427506
-0.0002735869292738249
-9.922976742306612e-05
9.369936718808716e-05
-4.779920867833021e-05
-0.0002344091922970576
0.00036200405674780055
0.0003032154609479183
-0.0004424575493180193
-5.102837972678864e-05
0.00012102173573733859
-0.0004506924411544715
-0.00022356880151129608
-0.0004198399871028601
0.0004388186979597962
-0.0002581731244580514
-0.0003410514272397378
-1.7619129055232885e-05
-0.000141596229969572
-0.00011494033344370527
-0.0004654533656628529
0.00023636605297599241
-0.0004341085761327741
4.009457050179518e-05
-3.0775218800138356e-05
0.00038162390499602754
-0.0002846803418357058
-0.0004524598943401792
-0.000371356479329139
0.00039973764626654814
0.00020113625051699927
0.00048210019871960594
0.00034394684381049644
-7.90702169056796e-05
-2.2563131998461824e-05
0.0002667161678077545
0.00014285654908108086
-0.0003912246804898466
-0.00029568746356720176
-0.0003134993837657408
-0.0001341654075427573
-0.00030605037448972616
-0.0003170251130761063
5.295426565775309e-05
0.0004895318615607662
-0.00020050874398461693
5.53235540434367e-05
-0.00020049976882772304
7.198527149733622e-05
0.0004154326391345569
-0.00034331652068046075
0.00036561100122952577
-0.00013257792321399108
-0.0003760178201795206
-0.00020848286542402927
-0.0003507217396908622
0.00022432835388842256
0.0002896934505919257
0.0002770707198088821
0.00019967461318365538
-8.474864092118385e-05
0.000287914221155928
-0.0003168808797416346
0.00017827236795352544
0.00025034063905699335
-0.00040032405344803736
-5.950113570684756e-05
0.00028940792817416154
0.00033898249753979196
0.0002462369883913016
-3.0234699682227706e-05
0.00018061014379549991
3.019351817472283e-05
-0.00034184968336734315
-0.0003011489687360136
0.00029100194371222006
-0.00016647051358978382
4.1883925019416254e-05
4.7085503668505436e-05
1.0974895105481238e-06
-0.00047773372807762563
0.0002437318938246217
-0.00041233014568370477
-0.0002772225356144273
0.00028727305497346144
1.6681981195709153e-05
-0.00037427680500725833
0.00023452678582104288
-0.0003286972629663665
-2.472843406939139e-05
-0.00026338082450627675
0.00012117742461629762
-7.977894365400684e-05
0.00031946886232697236
7.216148347441334e-05
0.0004461288111376959
0.0002575706647577024
-7.434451190615034e-05
-0.00017852796094621636
-0.0003574942989849891
0.00017819185316809245
0.00030470798533368594
-0.0003504829180783047
-0.00021903682913057408
-0.0003724362699978908
0.00027410942982800145
-6.17485147752189e-05
-0.00025913696490841996
-0.0001124010921809304
-5.180360726258159e-05
0.000428217711454625
0.00029503129169829504
-3.904488595251742e-05
-0.00047291101614578747
-0.00021560845902047522
0.0004965222078323211
0.00026318537186715315
-0.000383674233804926
-0.0004845581293494977
-0.00041894743235747266
0.0004657375677275206
-7.279805061106845e-05
-6.2092851134881244e-06
-0.00020541963564906288
5.0267072074692025e-05
1.2059045725454484e-06
0.00012475845239406892
-4.4225007350924724e-05
-0.00032588670383430145
0.0004289041854266828
-3.630917408204738e-05
0.0003426911919146025
0.0003746753732072767
0.0001208410136293894
-0.00013161594499253693
0.00019845362306569324
-0.0004859598209054352
-0.000474493737178482
0.00021678874919798944
0.0004615119927051677
0.0004701874644332752
1.4579196645001413e-05
-0.0003195752079134524
-0.000406660501283689
0.0003529209743735999
8.824396425038668e-05
-0.00046380316431700406
-0.0002829522987710922
0.00011313741512904672
0.0001588801348182627
-0.00048662525478725425
-0.00041804277648446796
-0.00015859016034217922
0.00022822706790920637
-0.0004690090163158659
-0.00015912897550398176
0.00038027006193780747
4.666530771587176e-05
0.00016666494734737802
-0.00023247725282414902
0.00027638422300746977
0.00034759238881203484
-0.000491506598012496
-3.594646873514274e-05
0.0004184812423907977
0.00017787911499807794
-0.0001671379438943045
8.599454909632021e-05
-0.00036099427541367413
9.066649772672343e-05
-0.000492465955273859
0.00046293597722832044
0.0003260014938133587
0.0003699771933253341
-0.00014964981763906004
0.00017388501075702833
-0.0002752893376353245
0.00035640431327398114
-0.00017513819714355504
-0.00048790967350611624
-0.0001863597771120804
-0.00018163977195030044
0.0004256501897497002
-0.00035663070080162445
-0.00034448113496440033
-0.00020523836654679406
-0.0003418559766706192
0.00018188002269571275
0.00036866534941524284
-4.9731963833934284e-05
0.0004976948608598137
-2.9493357050729325e-05
-0.00039740325523073894
-3.164740636267061e-05
0.00026521258746372515
-0.00020078607160520278
0.00018998248383749145
0.0003116628315490823
-0.00014770111386828912
-0.00011394044987199381
-0.00043456768858134934
0.0004517232312912789
-2.2971044993800184e-05
0.00036478636686390294
-0.00034305765310360626
0.00039100885895276545
0.0004943253473994368
0.0003176592080260638
-0.0001008090314432576
0.00034742815003111177
-7.929370343207412e-05
-0.0003372290159411442
-0.0001759060759736103
0.0002574302878671467
-0.00018023403036048272
0.00019967775681603898
-0.00017887038513895672
-0.0002483113353172022
0.00046947771444712976
0.0001672589575128137
0.000264496253502995
-0.00016410578030450732
-0.00019394462995082407
5.175633322150239e-05
0.0003159472256286986
0.00047725310572032764
3.826702202798797e-06
-7.365122869962314e-06
0.0003726554453801018
0.0004731273435640361
0.0002972181841419967
-0.0002593906201204461
-0.00018551659889059634
0.000467674126101132
-0.0003226595396412997
-5.314964808334388e-05
-0.0004260177397590959
0.00029442313972354646
-0.00026817901089664384
0.00016702977913893617
-5.16751144676303e-05
0.0004157737218172901
-1.7894480543259334e-06
6.918261660344201e-05
0.00010750505579201113
-0.0002760998940161319
0.00014610679325621496
0.00014274178573151126
-0.00030678369589039347
0.00020830183580220645
-0.0003551017961879245
-0.0001654476925849161
-4.1246757946399645e-05
0.00045560150603095144
-0.0003339022382706868
-0.00037180567539186603
0.0003189405332756994
0.00036899391283513904
0.0001890088892646574
0.00033590423510153464
0.0004931174841919786
0.0002330172687124236
0.00034159468194288223
0.0003663114099778981
-0.000350072740308219
-0.0004967528943334771
0.00027417012139728807
-0.00016394488403174767
-0.000301199620395375
-9.158647322625522e-05
-0.0004711451867350134
-0.00040259695551170504
0.0004236590949404103
-7.299457730834636e-05
-0.0002718558208320486
0.0003338104194354864
6.126060883140548e-05
0.0001741084032251401
-0.0002712189275710737
-0.0003905746758098253
-0.0001031654918688768
0.00024225887746469094
6.292035172004203e-05
-0.00046749512718549213
2.4652320292635303e-05
-0.000492810813902447
0.00037760419646341533
0.00011456426999340572
-6.737969010739398e-05
3.9288082862045846e-05
0.0001616344827985917
0.00013796564514369843
0.0001712024221255503
-0.00042299271816723826
0.0002958278789333262
-0.00025829110415667765
0.00029770976735773004
0.00030229637257289275
-0.00022301076216144512
0.0004143177013233801
9.698463434945073e-05
-0.0003644417188299738
0.0004170328445857504
2.639647495520129e-05
-0.0002665736914993573
0.00035237441052916754
-0.00013871034020550342
0.0001611478869980381
7.943900375900379e-05
-0.00036793624884652967
-0.00048526528160201154
0.0001858501279947707
0.00011124465464115924
-0.00025244338948163014
-0.00044899573933801284
0.00029145726299165727
4.568946855868915e-05
0.00043632783890519653
0.0002179608311920322
-0.00010697314470918529
4.4015236280383827e-05
-0.00034288539977503075
4.482713956776598e-05
0.0003852810401160004
-4.4109988288247646e-05
9.994398676258615e-05
-0.0002679980304019625
0.00013918072346390427
-0.00020760987836971137
7.771037748624651e-05
-6.123818219198364e-05
0.00040654721371668806
-0.00011508148695427324
0.0002808195025483057
6.789803860108201e-05
0.00047283787455552754
-0.00037674461612174546
-0.00025887397634927846
-0.0004642895742009552
-0.00029651497985040877
4.6702328458457076e-06
0.0003487096131872858
0.0002942738105163122
-0.00027355834461526116
-0.00037853986211463885
0.00016683979138676613
0.00032865488196844646
0.0002913032414693529
-2.48052729696351e-05
-0.000391542178511881
9.138089397593132e-05
6.036656859099933e-05
0.00043905016652055946
-0.00043822083819192403
-0.0003042990132309134
8.19260826101098e-05
-0.00024431277333583645
0.00021145879806230557
4.6989461294033455e-05
0.0002948953724414515
-7.747814499656778e-05
-0.00021036191792447222
-0.0004500485670210318
-0.000313577777805503
0.0004358108338195088
0.00023421428291566535
-0.0003517283174735321
-0.00029897692244069106
0.00047873350614251555
0.0002889881391381798
-6.838609238235381e-05
0.0002460398798117985
0.0003286482067293247
-0.00032418999115559966
-2.8526569527542983e-05
0.00037849468948243767
-0.00012907439416725696
7.973436168276689e-05
-0.00024007722831096448
0.0002474240032822227
0.00018149318339816115
0.00022682508177441075
0.00017921903948435306
0.00029186138137953714
0.00022817169043660003
-0.00022367423976663194
-0.00010889740313605259
0.0003958165449003203
-0.00041215817708636004
0.00036419565033166937
-3.434615362080053e-05
0.00023645744586570376
0.0002441290110935517
0.0003445273323633675
-0.0003289686926651786
0.0004943687429887185
-0.0003001651112073781
0.00026214657487733887
-0.0001876645853665754
0.0001486248169876213
-2.4530701160076814e-05
-0.0003563158396627437
0.00024477834199941183
-0.0003142911282516752
-0.00023690108714652635
0.00027279360595726225
-1.648190820985817e-05
0.000115612248685643
-2.6498088098402613e-05
-0.0002070473152306167
0.00016179402087229157
-6.222898371597473e-05
-0.00020023173600098134
-0.00012117699020259453
0.00021343806670104935
-0.000450490792921494
-0.0004876851660916356
-0.00048311163452354643
0.00047468402809984294
0.00037429806264963777
0.00021263391390415921
0.00011856270897180185
0.00022337195697318666
0.0003124282941091523
-0.00018122355699604076
0.00017555652197810212
0.00020187138008391286
-0.00022078527272278027
-0.0004621972565603736
0.00013013847488648833
0.0001084020018607125
-0.0003242193924472574
-0.00019621324343691092
0.00033477812430182186
-0.0002884061389615341
0.00042975035175696677
-0.0004623919748490993
-0.0003817272624435453
-8.31569421603676e-05
-0.00017809381175577034
0.00041843903492390377
0.0003398313482950991
0.0004508467134632995
0.0003856536095055317
0.000185319564565675
0.00023059714702668187
0.00036392381107117945
-0.00021708068712022267
0.0003450401112656238
0.0004274269550407063
-0.0001556297596848869
-0.00013230166049772095
-8.665176709494993e-05
8.203337705150159e-05
-8.935830278060885e-05
-0.00013365746085614196
-2.3174750661209345e-06
-0.0003363022827500134
-0.0004761347477662327
0.00016110012291854802
0.0003988052424558574
-0.00040929529752851724
-0.00017298960450284597
0.00039097953818232223
-0.00034081098450368407
-1.22321725812744e-05
-0.0001793667039895409
0.0001482470718330136
0.000149466805124158
-0.00017814611421518902
-0.0003268172820927184
0.00020572767032356483
5.2177265316046624e-05
-5.1641786170941934e-05
-0.00036728633809592396
0.00010785157849758302
-0.00016010287619753572
0.0003498322170405535
0.00038955002362277963
-0.00021316245698190905
-0.00024890304911513175
-0.00021816863314272697
6.557317970883351e-05
0.00040441183171165183
0.00044904478136495083
5.412991257392624e-05
-2.3890190432354175e-05
0.00022590735513956437
0.00042915327997757556
-0.0001745076474795587
0.0002344270169794987
-0.0001458211450695174
-0.00039243511540521604
-5.8587742196563946e-05
-8.545916838566692e-05
-0.0004666361686532398
0.00023488505704397057
0.00048536983714070553
4.1383988497940925e-05
-0.0001656909319650889
0.00032019971138303046
0.00034994760588017196
-0.00048731245102795375
0.00046690600276534677
-0.0002126905758913179
0.00018445205796860256
-0.0003552352570456174
2.4447978072154007e-05
-0.0003723092161686682
0.00025431188728357757
0.0004826465540161678
0.000261213286847232
0.00038579446274175893
-0.000429457344667605
-0.000223094416609789
7.746220520652727e-05
-0.00017096282904804574
-0.0001547248727885596
-0.0002449532661939541
0.0003585056885849103
0.0001819598392214406
-0.00024086892231253932
8.356573433013518e-05
5.6031508967765184e-05
-0.00047631637700701346
-0.0001713964483729503
5.989143288540608e-05
-0.000319324431343471
-7.745256585058079e-05
9.005498034997763e-05
0.000494173480568494
-0.00045167492275916346
-0.0003356315231414415
5.540396001711733e-06
-0.00023018632664138664
-0.0004506950531558742
-0.0004759781637398983
-0.00011279607347119893
-0.00034064384722366537
0.0004317233677156015
0.00048274099713689644
-0.0002432970355433397
0.00021286648796541724
0.00035372157898533123
0.00014949841431956214
-0.00041309959218235436
3.2369772923114375e-05
-5.706101051274591e-05
0.00033308490528410884
-0.0004873524048390251
0.0004991379805568293
-0.00019232275816625187
-0.00024813287456865407
0.0003186087023091113
0.00018822869500472557
-9.856585769144234e-05
-0.00032775431000598077
-0.00035638068263909553
-5.846355264488447e-05
0.0003118213968788294
0.0001768646377222795
-0.00047092153085054626
-0.00015060086489735147
0.00010362457337585132
-0.0003355270734900677
-0.00021062306459550007
0.0002519943660258924
-0.0003159985933083384
-0.0003363175405988884
-0.0002000665439030014
0.00039222139783123724
-0.000332339320058377
2.8462480712726718e-05
-0.0003839337219609895
0.00048611516704851376
9.040139559559832e-05
-0.0004491560773378749
0.0004159097606313498
0.00045646463886377824
-0.00031845926546435264
-7.85202365249189e-06
0.0003649761854616066
0.00034436511754699754
0.0004358133581919779
-0.00022911707534979263
-0.0001629823920012
-7.000568588534439e-05
0.00023610398778538776
-0.00017623249238948201
-0.0003499899109403587
-0.0004842634487429831
-0.00021066149569179426
-0.00036492461288431055
-0.00017667105945473106
-0.000241579998327625
-0.0004228550742578453
-0.00019012509362481322
0.00016899306423938778
-6.534510307305407e-05
-0.00032576399604615237
0.0002606365505912785
-0.00043839047759078054
0.00024366146594445907
7.253345070599158e-05
9.26523918171275e-05
-0.0001371374201728406
-0.0003373681244313114
0.0001605211760517197
0.000457394087841155
-1.4728766805967232e-05
-0.00023290874866140586
0.0004734372962135542
0.0004365153006484992
-6.567503962277886e-05
-0.00030919884136791377
-4.936393018831198e-05
-0.00023160160323923662
-0.0003146432034108141
-0.00038247969126406256
-0.00021965672650148195
-0.00038597331249052224
0.0004814318257608365
0.00032641996067532574
0.0002485701124581793
-1.5305991514193628e-06
-0.0003574513115388806
0.0004715371179290727
8.141172665939323e-05
-0.00042465928884058977
4.737248071628975e-05
-0.00014431101380021514
0.0001645592740885252
0.00024792788958721075
-0.0001532581554822676
0.00010379099943453565
0.00045317469441019675
-0.00044700670169330547
-0.00022846277484330933
-8.315540006258003e-05
-0.0002005929252987999
-0.0002808752800680335
0.00026725291617356187
-1.7323788048586263e-05
0.0004989502913228284
0.0002070450247187174
0.0004216185426569128
0.00034416371009937414
-0.0003407016451746111
-0.0003609079516503662
-0.00020461562148554538
-0.00022746175793877965
-0.0003282137019865605
0.000290272032843508
-0.0003024329520797481
-0.00036551288004072987
0.0003168639178172661
-0.0003210303873735275
-0.00035781005649810303
0.00036265552362544436
0.00021540833809323618
1.840202957127939e-05
0.0002926722479998263
-0.00020676342549230187
-0.0004002423903562995
0.00025219040726175655
0.0001567460568319695
0.000254609948535262
-0.00023795597240505387
-4.210475043981077e-05
0.00015701851842322328
0.0003171613196271066
-0.0003950450417945456
-0.00023826352783517222
0.00010966583624825814
0.00010169953668767034
-0.00043868376335000196
-0.0003657690169747951
-0.00012531912853930993
4.191236675965017e-05
-0.00016797836961120205
0.00030164550733636553
7.474060314449952e-05
0.00046059915713956233
0.0003405168369959422
0.00017742661573053086
-0.0003371052699326166
-0.0004727829223034742
-0.000402669533699363
-0.00017547228865661345
-6.605726370957464e-05
1.0598511398872694e-05
-0.00014775130960103356
0.0004971265869988374
0.00041398323215043335
-0.00037766723386207406
-0.0004090244405006568
0.00048653049731372643
0.00042402991154625073
-0.0004955913282290279
-0.00010243863648834917
-0.00034462371057411394
-1.9932692477012375e-05
0.00018752469475500657
-4.099065736216836e-05
-0.00018054332124460207
-0.0002522459707109286
0.000312606410538361
0.0002026594894375134
0.0004928876521052626
-0.0002010872932154281
0.00014492681231931
-0.00048271287727243243
-0.0004981823010760986
-0.00039720497704704317
-0.0001209717401249947
5.1946460120592215e-05
0.00018705612598584058
0.00046120267806119234
0.0002795075278042889
-0.00048686884145545593
-6.524500167443979e-05
0.00046393612009692803
-0.00046441177678302535
-0.00031299297593403845
0.00019429664151424737
0.0002655566351757256
-0.00028056636964289073
-0.0002836581692016348
0.00023136446563554614
-0.0001285715115129338
4.7053695918591876e-05
-0.00011307318885968374
-0.00023308415281289563
-0.0003874945796230842
6.098476393808091e-05
-1.4692926836419205e-05
-0.00011483032859895649
0.0001080828190789362
2.9869381953343704e-05
-0.0003098521460096768
-0.00026709819822993454
-0.00036227082218452666
-0.0002693823022301928
0.0002672900754570874
0.00021681773464147483
0.0003816454303583284
0.0002625230632454854
-0.00024438675210467344
-0.0003216176886053061
-0.0003389755106494404
-0.000281981090099077
-0.000127941117652171
0.00033955400050949516
0.0004491555440696434
0.0003959708630766023
0.00021228072623676855
-0.00044784353180840256
-4.0231961393103475e-05
-0.0003062953293091675
0.00014168400973305095
-0.00022149873004418
0.0003863676304172635
-0.00015124820344753376
-0.00047669418373668103
-0.0003668121451389801
0.00039222233241621024
0.00023746785236888695
