-0.0001819027132634783
0.00011922845914797591
-0.0003001447162433662
-3.670492090599055e-05
-0.00039732498024155384
0.0002777153898945302
0.0004904388196223647
0.00010946143542343975
0.0004658327860463335
-0.00038693369011359057
5.137817615911988e-05
0.0002444365017535079
0.00038391927806734176
0.0004906993935612171
-8.866571277510438e-05
-0.00024444911957482795
-0.00014962607399971226
0.00013900302814225313
-0.00038200139192872063
0.0003462865565169896
0.00047501392168096076
0.00016077705349748744
0.00027080132947831983
-0.00013203015343129663
0.0003721155388625378
0.00024888685281698633
0.00010504601475327057
-0.00023143198309137072
0.00042194060323691863
-1.2511784931765408e-05
1.6542107220923036e-05
3.5691993811105154e-05
-0.0003649390993260566
5.2833896095314556e-05
3.0192624068500176e-05
0.00019660495011652123
0.00021651783290026606
0.0004862994876676707
0.00011158180120605173
-0.0001805850510612874
-4.144456924665141e-05
0.00025542167591327146
-0.0004087067806168916
8.25592592815402e-05
0.0003986494763310028
0.0002274602684990269
2.8401030578353815e-05
0.00025071385965709384
-0.00012871384652407157
-0.0004814239138362606
0.0003465182741080803
-0.00010932666771566849
0.00042807388924434955
-0.0004180855668251897
-0.0001185876086366532
0.00019056292610718012
-0.00044817459541681706
0.0004003123866245723
0.0002509609904038642
9.781408229146043e-05
-0.0004659215785005727
-0.0002859438885466036
0.0002557562403447105
0.0004203726495540423
0.00038455260638421533
-0.00010505427109861186
0.00015661573128116152
-0.00043957653508275963
-0.00029717993702909696
-0.0002613186719959467
0.0003339683063581611
0.0003177426772413871
-0.00016183697882378743
-1.2488788545289022e-05
0.0001726106528702532
-0.00044949773971848176
0.00020416698181287415
-3.806027746909666e-06
-3.322491580150434e-05
0.0004331750398515699
0.0003150196729875663
-3.5506042950475786e-05
-0.0003831377516699842
-0.0003558487420314356
-0.0004625775303959836
0.00036589023468523447
-0.00011309046208444638
0.00020384575277481386
0.00028769079830821647
4.585028733979134e-05
-0.000208355577918291
0.0004903913986131633
0.00012190184934156724
0.0001225176716195094
-2.0489982432985495e-05
0.0002248389329516622
-0.0003517228846849639
-0.00012919409899609345
-0.00047407764134185185
0.00038657188038626654
-0.000279793016165818
0.000298142310371466
0.00032191853130429844
2.42173225908968e-05
-0.0002236641904431531
-0.00023545062564516318
4.7613073363420326e-05
0.0004935130795356603
-1.1688949959261794e-05
0.0002792130592006991
0.0002101222317125673
0.00010353762661955454
0.0002252511972569522
-0.00025156898102494094
-1.1692221154826652e-05
5.559920686476938e-05
-0.0002823483501792958
0.00011743039832402791
-0.0004601825073573971
0.0001303643023463319
-1.8651201622223753e-05
0.00012854860940632827
-0.0003271853661733715
-3.206935494859376e-06
-0.0002542023110082335
0.00017663740964384076
5.3999977996336255e-05
0.00010642915231326726
-0.0001494390707572446
6.225246162163724e-05
-0.00032738617253736573
-0.0002120415094569642
0.0004999398467607128
9.007953290620263e-05
2.565507877278525e-05
0.00020512061888312253
-0.0001524234822044568
-0.00016835410893471472
0.00014705644281335858
0.00042897470989836496
-0.00046958347850662477
0.00014940777088023112
0.00029215442219927086
-0.0004945553823005507
0.0001896636267035187
-0.0003978524893892905
0.00047648035590573765
-0.00032893322457430496
-0.00039259980224235657
0.0004076577472003633
-0.00017303099276664479
-6.412562929098754e-05
-5.6723147147472164e-05
0.00022211108846524044
-0.0003264496914327444
0.0003062880994087896
-0.0004585017740050703
-0.00017339730368669173
-0.0002793836606008954
-0.00020786413583093487
0.00022037291366778318
-0.00046546720222775105
0.0003202663229503837
0.0003552193162961343
-1.2982878499087419e-05
-7.92501097347771e-05
-4.891404267940011e-07
-0.00033830094008896705
0.00022778264679331926
0.00011420924264584221
-0.00047208744706255857
0.0004047128796221991
-0.0002265245538755862
-0.0002452623932779101
0.00017493442146335745
-0.000341096338578895
0.0002709585816722999
0.00022931599507692777
-6.355189459946044e-05
-0.0004210546790230725
0.0003505883710012021
0.0003719850159251876
7.251106470414085e-05
0.00029117986988974707
-0.00014562021629544933
-0.00028702825215550377
0.00037330745356403087
0.00011106649029742923
-0.0002794469447112211
0.0003253858337120873
0.0004942380047669591
0.00038201872492773137
0.00012179012181920889
0.0004070571235715544
-0.0001832698815641297
0.00040482308910914867
-0.00012276601900096086
-7.007564553309286e-05
7.172341969222649e-05
-0.00028401520202592614
0.0001858168185293065
0.00045156661826301395
-0.0003022642783029882
8.789431863801965e-05
0.00046036390870880903
-0.00012971016383441967
0.0001910900500637074
0.00037114827235940214
0.0004038118215855222
9.685057926601005e-05
0.00011902892136443708
0.0004145895709734904
2.8905067570046314e-05
0.0001527915503643176
-0.00041963123283099315
0.00043558021948026293
-0.0003575016236932049
-7.275018360288079e-05
-0.00018052631847502177
0.00010900266912775567
-0.0004011928160822275
0.0004639388510030652
-1.784095706253299e-05
3.6837434259808085e-05
-0.0003006077226420454
-0.00030853822792816725
0.00045347658501808494
1.4895252011952768e-05
-9.885417861768163e-05
8.66130811054194e-05
-0.00024177229961695225
-5.399859871662048e-05
-0.00017708414090163773
4.44262177032367e-05
0.00038024553697989835
0.00011958825279072239
-0.00029209351468740364
7.408131097901558e-05
-0.0003185679546499656
0.000370472396893214
-0.00036912434663561276
0.00024101801516510915
-0.00039962959861256466
0.0001865013453661294
-2.0385256634395852e-05
0.0003150099272659485
3.694351731450916e-05
-0.00036273444905620045
0.0001611291573026778
0.00036555058480042333
-0.0002908993412627501
0.000376836531876802
-0.00032541445771962967
0.00041690132273030094
-0.00016102187196075633
-0.00021676822110414042
0.0003016228318210855
-0.000287146358468288
-0.00028683363350221413
0.00040457407235342793
-0.0001286879474447663
0.000359719719908257
2.348395429705146e-06
7.074204741240391e-05
0.0003996287087497652
-0.0004174548072867884
0.000491471600704649
-4.810362440685101e-05
-0.00028607542246245835
0.00039985598118391825
0.00030596439152001957
-0.0002563533122361731
-0.0004683306732586978
-6.311748783079953e-05
0.00010339879517689144
0.0002480293033524048
0.00029931423252997473
-4.241359701467374e-05
-0.0004104480798156939
0.0002917958605042855
0.00020457784401873528
0.00022206332028581967
0.0004046388892651726
-0.00040312672876551047
0.00033085022383948833
0.0002484266469542155
-0.0003814146321727814
0.00023074130505160064
0.00018432514085636655
-0.00010659845938375056
0.0001930435917781836
0.0001238691812923651
0.00019659439394453457
0.0003225850032578688
-0.0004728606513304099
0.0002488022695911608
-6.119521158625074e-05
-0.0002630882796505733
-3.199258965850139e-05
-0.0003698873252221313
0.00046527197987111704
0.0001943673654254902
-0.00020739113406142209
0.0004378453292009462
-0.0001351513737153457
-0.00032005079501060585
-0.00022528804340448148
0.0004990525611577883
-0.00047383341027035285
1.913595106482508e-05
0.0004933083945048823
-0.00028119571948195365
-0.00011316533853154875
-6.726413261356654e-05
0.00040464284873902576
0.00026615318295892794
-9.451326515761793e-05
-0.00020047705655102456
0.0004041176683740606
0.00018570936705009978
7.68661627565297e-05
-1.0373598975439821e-05
0.00014609045447369986
-0.0001130428486387882
0.0002224309529081528
0.0001780349417175415
0.0001517221908021926
0.0003835076275084486
4.6904419445988315e-05
5.5343684401473335e-05
0.0003992122427565496
-0.0003169430440918983
0.0002337241725580998
0.0002873757422760658
0.0002618275505901599
-8.713496451160074e-05
0.00024364031787512134
0.00045664381549088485
-9.17506051202738e-05
-0.00022929897778825446
-0.0002559382424452831
-0.00046348222058941683
0.00034725897663655985
0.00012993528376831014
0.00014535178334069065
-0.000233226021069589
0.0002937296544507017
-0.00036738104281090723
0.000361104017810422
-0.00010907877291515091
-0.0003602503528534398
-9.02362466778781e-05
-0.00045656221127090825
-0.0003328826900920026
-0.00010919865781129021
-1.6935696985487594e-05
5.794357280692816e-06
-0.00021073997432323656
-1.0590104401999407e-05
0.00017477781026715847
8.99123172070506e-05
-0.00048540098099929084
-0.00029263489250383543
-0.00033673222576828933
0.00012626816866643576
0.0002178446939980653
0.00014347539071988982
-0.0003672084364453616
-2.8760566645439462e-05
6.594917116847223e-05
-0.00020648288789310221
-4.4827693875853526e-05
-0.00017172466614610935
0.00013768757086135097
9.777532084131785e-05
0.0004669435417334934
3.47543822492274e-05
0.00040236212763734294
0.0002869017174425113
0.00024164573169443634
0.0003600324022679769
6.729959680819753e-05
0.00010973953143192708
7.307740856365443e-05
0.00012508369475505558
-0.00025474710378741626
-0.000296934902635426
-0.00021096733127406043
0.000117789353554764
0.000319436521687761
-5.7940278616465976e-05
-7.055487959007202e-05
7.734486637224914e-05
-0.00029873674598486076
-8.504542315178554e-05
4.2791887748663674e-05
0.00019635394472345942
0.00014070123175223158
-0.00013882207519760626
0.0002834804665826242
0.00045863660790219495
-9.50087739527091e-05
-0.0004269889303348381
0.0004618845053346568
0.0002716990073596134
-0.00022134797378315887
3.693089166619077e-05
-0.00013508652768315257
2.6944759639524452e-05
-0.0003394537943086222
-4.025767888418924e-06
0.00020021529965389881
0.00025181202213007503
0.00012960133078505226
0.00020044084194302883
0.0004749628308720126
0.0003846073519579446
-0.0002443366849453216
3.433349623347846e-05
-0.0004743340615580739
-0.00033145503130701783
-0.0001833979865772445
-0.0004676909972951195
-0.0004389806567854481
-0.0002471849318082655
-0.00048318860574662274
0.00034850690588607996
-0.0002570502409481323
-0.0002545334545162186
0.0002087687495693982
0.0001715914535946561
5.1039428211043024e-05
-0.0004456110866621783
0.00030988644554648045
-3.099405185157502e-05
-0.000247247995963916
-0.00026647057078667583
0.00018433439902496116
-0.00016943933652544674
0.00030582720888248525
0.00039307937813125077
0.00037328566028169466
8.688106151958199e-05
-6.397730196866703e-05
-0.00022241726863903456
0.00036586175256598076
5.8686735414485995e-05
-0.00015060814023836567
-0.0003523314824841818
0.0004551019790215555
0.0004021601587098783
0.00035483583287473247
0.00022321631838064188
0.0002630997457714687
-0.00024346669537979115
-0.00040291732300857207
6.546457082053493e-05
0.0002587161005159098
-0.00023187039904998177
-0.00036569015677883796
-0.00019433590297549897
-0.0003228056288441186
7.750830075944383e-05
5.4962420391427486e-05
0.0004058724340427354
0.0004919809874264058
0.0004147165953580221
0.00027369583645971184
-7.33768993822437e-05
0.00027715939393769986
0.00021665886965175447
0.000265993953263281
0.00022618226122729968
-0.0002515012203724223
-0.0004829073495110706
0.00012722580912955677
0.0001746757296820601
-0.00016198544686553743
-0.00023659874310614392
-0.00021303742003762774
0.0003106159196644548
0.0003121720586103971
0.00010643059145613008
-8.234801085545195e-05
0.00022013208651897997
-0.00031229596465210985
0.00045935494612263904
-9.48884991084655e-06
0.0003296160113925474
0.0003768755065700046
4.499323145224616e-05
-0.00013075130136072822
-0.00040347251028175114
-0.00017100829293082174
-4.8395365045665205e-05
0.00043748698246160464
7.053161924969805e-05
0.00012072125802103559
0.00018974369695956843
0.00030822895980577795
0.00027501363891962777
0.000292192598955524
0.0001809267681215619
-0.00020745290700277655
-0.00013397207370869756
-8.725900796811403e-05
8.653960120599824e-05
-0.00017494012421774243
0.00020728197363659867
0.00047836201286589604
0.00015578117379739837
-0.00038617679526934366
0.0002919764361113016
0.000147492235761177
-0.00010189254875178367
-0.00016839975355897494
0.00023777270686332387
0.00029909661272246293
-0.00015164207642543148
-2.919561347116686e-05
-0.00017903690867863086
0.0003085069197403057
-0.00042822017998959673
1.3043425656963361e-06
0.0004951508743283207
-0.0004203909548840439
9.070850554525626e-05
0.00022224673791980702
0.0003272818983524143
-0.00013599706031015
-0.00021449791742538747
-8.740201642729517e-05
0.0004929439599143303
-0.0002619020193952334
-7.617476966361792e-05
0.00041085232275354824
0.000168329642075563
-0.00018793619036812413
8.408658899543558e-05
-0.00011588434337071784
7.120045708458448e-05
-0.0003872653396589249
0.00047817934796924003
0.00039399469674863464
0.00026571912877648815
0.00011813151870839595
-0.0003626617429168731
0.0002981679635436184
0.00016207627836684892
-0.00040735156122022554
-0.00023507395816104929
-0.00035366036683086055
0.0004086556735058138
-0.0002317733743621507
-0.00031552314889745714
2.445493759078575e-05
0.00043492064523670097
-0.00046384025321007517
0.00016370318643334257
9.090123788551153e-05
-9.60371828392652e-05
0.0002680094824038608
-0.00031095813069749624
-0.00029335961907460927
-0.00010015396959308563
0.00020400006181162393
0.000244194264138703
-0.0003404688492455059
0.00040146651619596635
9.756633880560108e-06
0.00036761513454140065
-0.00045115799027186125
0.00039189666105159354
0.00038436997621789837
-0.00021696493321903177
3.234265503425891e-05
1.2268140510015256e-06
0.00011260774391869956
0.00015286333960394646
-0.00010894557376781456
-0.00014954757508041426
-3.3752979638113534e-05
0.00018966830198987423
0.0002006180749008241
-0.0003575927342493085
8.033786780600825e-05
0.0002681047509586294
0.00029045592567501007
0.0004647692510814274
-0.00024639555125817436
0.00014099292932822716
-0.00026659826912778055
0.0002680198081538032
-7.027023976175205e-05
0.00047470429261859033
-3.623304571506367e-05
-0.0004051416659627265
2.42680471636555e-05
-0.000275252753906716
0.0002605333000818647
-3.585454189210447e-05
0.0004702207387771287
-0.0004520547390502957
-0.00047720465954891056
0.00046253631459748147
-0.0002576775768047842
0.0004536181030995089
-0.0004293774680199145
-0.00036136477437969517
-0.0002980234230167048
-0.00010120797440150775
-0.0003438782854485093
0.00014113074401695888
0.00013099938990232508
0.0001574597527320697
0.00012018805770820683
0.0004537675681122298
0.00017532909572467233
0.00015914009888799913
-0.0004997878756236568
0.0004109636073544588
0.00018452537118025661
-0.00019292916215771574
-8.945359379043807e-05
-0.00014957489997861483
0.0002393896836582754
0.00020009355418445618
8.014065238730382e-05
0.0002415423210783144
-0.00021338486922997966
-0.0001667364604067627
-0.0004490683154662176
-0.00038806362294390806
-0.0004094787006170613
-0.00025252550711285336
0.00038559234978453416
4.807945100217248e-05
-0.0004097606900547086
-0.00013050693987389915
0.00020642126785826544
-0.00014631131175028557
0.00017980736331431205
0.0001077486203235542
-0.00041593190937554223
-0.00041978801072190843
-2.5842198466235566e-05
0.00045260596096927824
0.00016656296568534482
6.323896471590576e-05
0.0001366128461035229
-0.00012750174048303798
0.00022306513499819106
-0.00021944341897110943
-9.502386209177906e-05
-0.00047046458577364105
0.0002939493595367395
0.00048197171867707237
0.00033438556942421436
-0.00045887813056633673
-0.0004936327776936531
-0.00034214331603502323
-0.0004551715424135393
-4.199963449503521e-05
-0.00015805560375028495
-0.00047984378333092593
0.0004248353219318458
8.237249323398321e-06
-0.0003061864811192301
0.0004532778696213403
-0.0002358493711024913
-0.0004911417540250662
-0.00024246501160040833
1.8357411250582187e-05
-0.0003412827397617956
1.350514568895214e-05
-0.00011389911577581389
0.00023237683117110065
0.00018244872064939399
0.0004421637647043363
-0.0001138061989141055
-0.00033992220339419546
-0.0004443506617467379
0.00011664363880059905
6.802926953940343e-05
-0.00030351519713038024
-0.000223430741225483
0.0002485566234400148
0.00029476380242155105
1.7496954401247143e-05
0.00028559309751761497
0.00015953021493869647
0.00035412734334309666
0.0003823051215752286
0.0004308964766497241
0.0004371377656246906
-0.00015340274717671922
0.0003422932124601235
-0.00042032870347174015
-0.0004594433651069948
-0.0004590766300517707
0.00025863343278337736
-0.00014098340472128168
-0.00048040251450218386
0.0002395791004093119
-0.00027237286583537556
0.00032630697952206334
-0.00012360483170356217
-0.00024133255465302026
0.0004879362699547758
9.261966457395354e-05
-0.00041400551772901976
0.00041288915699836553
3.0912051849608284e-05
-6.47178723729156e-05
-0.0004907321801433656
-0.00012701487112948208
-0.0002659979415348024
-0.00030849318595909937
-0.0003112888861420734
-0.00033195784286249575
-0.00020777486645380641
0.00037597429993401074
0.00036541224327054256
-0.0001758278824598343
-0.00029021082082501527
-9.256028072175828e-05
-0.00014534502345470314
6.458647897184867e-05
0.0004274224023917049
8.594881068313377e-05
-0.0002953808307515805
0.0001302272591680088
-0.0003448662516321348
0.00038861507363082857
0.0003652521234049511
-0.0002840267042393532
0.000466249723135913
8.68977368137288e-05
-0.00021235765998448908
-0.0002475844845248313
-0.00037607075935882516
-0.00012864527734483453
-0.0004889451989559121
5.536415880106195e-05
0.00031933099407938624
-0.0004301140908564002
9.383525752540965e-06
-0.00036865974301796835
0.00020581889146499706
-0.0002429334767041379
0.00019077316636341088
0.00010856086300457292
0.00018686805005111828
-0.0002429228385072716
0.00016569592947054783
-0.00010016834076662752
8.566210655001688e-06
-0.0004206897870105335
0.000345947843681368
0.00015098056602111322
0.00013734277337294656
-0.00011344060237146545
3.498243849833977e-05
-0.00022013810109700537
-0.0004070340092971283
0.0004998333712427081
0.00047467013268974684
-9.511667204096722e-05
2.1519225005619614e-05
-7.4418177457234e-05
-3.4683653710755862e-06
-0.00028995979487904063
-0.00031531574708222555
0.0004203937252456448
0.00026407488061724015
-0.0002848690796388166
0.00010293851363980507
0.00044112286553012333
-0.00020984333127001134
-0.0002816814598876961
-0.00019793283581512154
-0.0002837327944128244
2.168566933051562e-05
-0.00042098497308746716
-8.298838263645435e-05
-1.2079001622158697e-05
-0.00030554045934860687
-7.656338474638957e-05
0.00028096943246573125
-0.00014087716473868306
-0.00045056316934489885
-4.100191462992674e-05
0.00039684535119803555
0.00020680416631127356
-0.0004194403644191981
-0.00038296207539036386
-0.0004631684553026403
-0.0004840797865378772
-0.00041308127276159113
3.4308692306636536e-05
0.00018183228747667196
0.000383638059907354
0.000386042822565941
-0.0003488763771989351
-0.00011029476964198793
0.00012397548183234108
0.00026016911665479724
0.0003582268399349828
0.00011120746147196296
-0.0004299752946816363
-0.0004868559828021876
0.0002459177800898776
0.0002694756434031638
8.28254829085143e-05
0.00017835557763487553
-4.837733465072711e-05
0.0003448395897471131
0.00041755847730410515
-0.00031311607312726575
0.00040655825327156844
0.00010185344173443305
0.00018711424184951735
0.0003475284614550638
-0.00037241315474472673
-0.00036470915436732346
-0.00016289176187312836
-0.00029797090044052845
-0.00021793767189199698
-0.00026354858767339075
-0.0002135436703737724
-0.0004098850665513787
-0.000248737412459107
0.0003289017895964668
0.0001968415156438771
1.0865036457646132e-05
-0.00047956831681137703
-4.923781377022161e-05
-4.2852776688587484e-06
-0.0002458528807099159
0.0003444599889450788
-0.00022240405731358703
-0.00017336051125097917
0.00015926167913280268
0.00019304664523713195
0.00012846743084245508
-0.0001493127894742824
-0.0004484262415788366
-0.00026164149340979497
-0.0003101646591990964
0.0004279072735037192
3.742832268128376e-05
4.153444050764986e-05
-0.00025031982190231497
-0.0004318129983200685
-0.00022530415101802194
6.800122283464618e-05
0.00021960145544983023
-0.000455716446680669
0.0003997178558038235
-3.096203669531139e-05
6.252212152116972e-05
-6.439368616270369e-05
0.0003458358095870662
0.00014080780062311496
0.0002904323443068982
-0.00036261445415668793
-4.427929696957934e-05
-0.00041635490273783925
0.0004078305072543804
-0.00048473985373923245
-0.00010996227416138382
-0.00013129853521682476
-0.0001611402604883042
-0.00014851927868531376
0.00022988262481815776
0.00027500940161477377
-0.0004994888567846057
-0.00023219219805632252
-0.0003656266691647776
-0.00042349591235278764
0.0003120998856955715
0.0001477555296445248
5.941537993804831e-05
0.00048636104147709307
-6.394172131345257e-05
0.00018835306212009568
0.00015441093231383866
0.0004576563784164921
2.5026864183617177e-05
-0.0003050902071078966
-0.00047382900512852645
4.300607370575488e-05
-0.0003256980993174925
0.00038070136586831253
-3.25556935320852e-05
-0.00010788493882539865
-4.281193234498661e-05
-0.0003735155430335962
-0.00022330279070428236
-0.00013995186531812654
-0.0002402040977911435
-0.0004370371279727797
0.00041912302988748667
0.00025320509908053235
-0.00012361858785817537
0.00024201138985044455
0.00042097893971664176
-0.000323964785059639
-0.0001389216331071359
-0.00013883466090509303
-7.810417014311488e-05
-0.00022041061399797815
-0.00011977643025474062
-1.0437188516816817e-06
9.150879867634101e-05
-2.3528306334921984e-05
9.096294573401767e-05
-0.000321308864215773
-0.00014716680738597633
-0.00019151772379825672
0.0001839624995424602
-0.00015199359810533144
-2.425261124234813e-05
0.00022240920975233835
-0.0001851487403692601
-5.1357322806455425e-05
2.47099463676323e-05
0.0001522589059124842
0.00013965877100952562
4.100900047299767e-05
-0.00014148558551826295
-0.0003275844912074778
0.00035980751707133493
0.00012857984754007326
0.00043858021756748263
-0.0001840214742895444
-0.0003404476628164207
-0.00016721622012184543
-0.00019874558721895874
0.0002636475684079381
0.00034393626034799477
0.00022065415645270282
0.00017299195777363714
-8.882527459339994e-05
-0.0003027484136190841
-0.000443754275192962
0.000284146855995685
6.922008166229438e-06
0.0003175191979810832
7.826545867228873e-05
3.694756437648962e-05
-6.933056640696413e-05
7.614556769084801e-06
-3.739490188759499e-05
0.00044909459528463206
-0.0002765862780042853
0.00025155951498652624
-0.00027785571085594944
-0.00037088317152230777
-0.0003917874011088247
-0.00014471292327572326
-0.00020274934402700183
-0.00033907123189094924
-0.00033744176141076653
0.00028330439323017635
-0.0004811743930569675
-0.00035439919201982954
0.00016913294673282246
0.0001314656802425359
0.00042920222689072653
0.0004212471015361442
-0.00040327266436351194
-0.0004898251204132261
0.00043261747158722353
0.00020460360617167864
-0.00038462368933176605
0.00019091759859302202
0.00037895502139278635
-0.0001350084750942203
-0.0003906277160462637
-0.0004503219253510297
-0.00025056038068773143
-0.0002700944866082946
1.70119458501309e-05
0.00028599906710322846
-0.0002242308369790076
3.625110292261374e-05
3.2522386416060714e-06
6.496222121014385e-05
0.00031435360454319075
5.185498169375151e-05
-0.00048114684810972633
-0.00017569468190492733
0.000168988262585805
0.0002470788741869682
0.00018533703661909701
-7.90943240267472e-05
0.00016740672179780018
-0.0004761070693063345
-0.00027725547052722234
