-0.0007092135490280233
0.0021772515374091188
-0.00015209199432118922
0.002060911584899995
-0.00043024423067669366
-0.0017205468144291304
0.0022445980589561876
-0.0002541066866550649
-0.0002583789263172821
0.0014843478955968862
-0.0007136754906336249
0.002748809265999459
0.001451598950969914
-0.002064330191031513
0.0007250225362189166
0.0020517784237791548
0.00156517731389822
-0.0010407433950998537
-0.0004562808764054312
-0.0004790075380990853
0.0015551317752279196
-0.00017269636868787186
-4.912631814193427e-05
0.001411906501676852
0.0011674604552005374
-0.0018731028435724558
0.0003487182471767587
0.00040521158946772023
7.441708380928917e-05
-0.0017656881569749947
0.0018615578524028877
0.0011327709652983577
0.002122165665739576
-0.0001376528594494832
-2.9946540618178575e-05
0.002337318856508109
0.0018031550999143787
0.0015394327597578134
0.002020401723495272
-0.00031737024096370253
0.0016345241611419106
-0.0018051951852384263
-0.001121475106024269
-0.0005178771676263546
0.0024178360925937543
0.0008476241543574074
-0.0010251352133961518
0.002019805327405603
-0.001367829481276476
0.0003882496475132958
0.0012733440338673569
0.0006724920665899638
-0.0008331248718094876
0.0027633590697061523
-0.0007318766886691497
0.00044747526800336616
-0.002413401756068771
0.0021744259112731444
-0.0014379501771188594
-0.0017727515424811639
-0.0021142383270707434
-0.0026121970816874733
0.0015254061463246598
0.0007869182848065127
-0.0016850858085813414
-0.0009612377752378572
0.0024855641123863468
0.0012301337081434566
-0.001022911076202272
-0.0013241418074084865
-0.0005149916018316993
-0.0005688488283217691
-0.0014934564392318668
0.002739272753881158
-0.001472578318176948
-0.0009169831895316461
0.0017594621053765268
-0.0015742613345689077
0.0018862294941311506
-0.0025615910983986297
0.0001922147866444488
-6.753414180144836e-05
-0.0015177990654428443
0.0002566541543753938
0.0002428574509678789
0.0026050905433655644
-0.0007504158853634639
0.00013274669915003907
0.0022123838599868387
0.0027897099413166935
0.0008872898262369294
0.00034041316331889
0.002229716252290314
-0.0028970058793978174
0.0021405365661796806
-0.0023879854170254216
-0.002221404202689369
-0.0018784189719699728
0.0014993366859181517
-0.001638503869188974
0.002294063580733703
0.0009329078055145459
0.000485207480884404
0.0006031278259954493
0.0010885808874098492
-0.0028596341633917357
0.002129217770473612
0.0010748423703108067
-0.0027644454924012274
-0.0028659364289505707
-0.00018367462217031396
-0.001550654350115853
0.0015024577111017448
-0.0029313986686140773
-0.002704680156572538
-0.002841148394684342
0.0010225618688475512
0.00039410333325741844
0.0011193231529599895
0.001887483897331759
6.289188294386064e-05
-0.0010590774600013504
0.0012019684187299703
-0.0013376266135701103
0.0006920551294778174
-0.0026716357648979673
-3.3313824994308204e-05
0.00011537281224150006
-0.0007022164434682654
0.0015102352295847917
-0.0021350277687312313
-0.00021685121613150603
-0.00037940890313731355
0.0022057010732403504
-0.0001423517834262685
0.001338840717152027
-0.0014583232083869122
0.0014250489688173804
0.001335834064068557
-0.001242328607308362
0.0013138565364802296
0.0009432689999176493
-0.00018324133960239764
0.0001386295409071185
-0.0004508405437411334
-0.00018459280924043933
-0.0021065290646252125
0.0005641868586983836
0.0011866885966462619
0.0024066252986094357
-0.0027081017595786223
-0.0018756478669449237
0.00025805159250629406
-0.002707165365592386
0.0002956330056849924
0.0008808409116299169
0.0008112014316203949
0.002170049810591032
0.0013525398751146967
-0.0029786717292038982
-0.0014859837463211407
-0.0006053786502061157
-0.00013834234327808267
0.002384626166016232
-0.0004907889682245863
-4.238190362444933e-05
0.002668204904042055
-0.0019966653787259177
0.0027823274609573064
0.0004960670942484183
-0.000488721596415516
-0.001471701785248257
-0.0022173607555895985
0.001380233049178196
0.0012557978939539884
-0.002251117177608006
-0.0008431073889808628
-0.0028048673147092504
0.0011711449113662878
-0.0027362107650463615
0.0007639519924401011
0.0009059751078101361
0.000434400450660663
0.0013390881543168757
-0.00222898928648501
-0.00034918739571876325
-0.0019308943689995866
0.0003495527119478682
0.00211317730819968
-0.002188992261790557
0.00024690538896945816
0.0003331539845532862
-0.000698939485034565
-0.0019532109068377337
-0.0021022200619375867
0.0011004318767184372
0.0016418417060680953
-0.0010290778802012697
-0.0006738966243632189
-0.001125372749741445
0.001456334471604189
2.918469634016936e-05
-0.00045697899912854317
0.00041499564131591274
-0.001659552190276856
0.0003101820433084575
-0.000298820870149315
-0.0021765711854648956
0.002395963027950328
0.002780374460328393
0.0007760591386140095
-0.00022635862728220086
0.0023376454809041934
0.002118808632472791
-0.0011377412276151564
0.0018595311796845244
0.0026762420304049057
-0.0026481898436296405
-0.0022832813283894674
-0.0009553284671567834
0.002260515751593338
-0.002338496261274148
0.0029504911791048806
-0.0014938272449908161
0.0006618055500353585
0.0017341975333824639
-0.0024010322189990034
0.0004088298152553796
0.0016231520546211914
-0.00219843941573935
-0.0026828363714967436
0.002420131997425562
0.0024453947038317186
-0.0017128627782291184
-0.0005878253021063735
0.0003486633338865876
-0.0018587497264559568
0.001757910688231573
-0.00044183072099101195
-0.0018386974523641178
7.166201379954886e-05
0.00043073836603710986
0.002388095481081532
-0.00015754929036235557
0.0008050758747911481
-0.0017817004055895624
-0.0008544409812300635
-0.0008305409798886475
0.0005376649030570469
-0.0024837799456867344
-0.0016088284205932502
0.0029847711258007125
0.0003022122538219865
0.0023015095262586965
-0.001262600985944493
-0.002756548374569664
-0.0018748966583363742
-0.00036279628313593687
0.0014367791696008768
-0.0024302952634983905
-0.0014806393491324805
-0.0018955578330680923
0.0011706326871514022
0.0011561156668529159
-0.0015552762796831132
0.0022531329841960265
-0.0018143833994482947
0.00022933777858755514
-0.0015842458807267899
-0.0026101956356615282
0.0006583240096226443
0.0024305526016865494
-0.002087950972164013
-0.0014523259626066985
0.0011553093803092678
-0.002644828724410542
0.0009463586371143999
4.522028263813415e-05
0.00011971621149314002
-0.0012175114574429437
0.0007135229087514394
-0.001545965445922798
0.0025392434621299446
-0.002871589006468848
-0.0024660395073008057
-0.002935788578738087
0.0029307456906153516
-0.0026109962986011234
0.000778183938862973
0.0013642203118773575
0.0016284652081222442
3.796275490550649e-05
-0.002854166277482206
0.00034939864382560254
-0.002879966927286899
0.0005401100906860506
-0.0029586504452617417
0.0028036548728162603
-0.0011291106756688872
-0.0010354158755522705
-0.001410874164946897
0.00035549830624277906
0.0015956671317127026
0.001079072628629039
0.0019721975081952612
0.002725782521762264
-0.0028420685226032763
-0.0006857138728035392
0.0022985684520692856
-0.0014722398034084376
-0.00013505163734414552
1.4913489601646197e-05
-0.00012947978038402135
0.002222904178617073
0.00212422769620085
-0.0006805108918447943
-0.002305974853806672
-0.0012347157836728572
-0.002513762187088906
0.0011668144951133995
0.0007077400911435117
-0.002462945864208711
-0.0015023933544092475
3.510824921124957e-05
0.00052811108647632
-0.0019185561031414033
0.0008557554071962495
0.0004218860150220836
-0.0010672680760400548
0.0009532360918480288
0.0010856115483417663
0.0012937891804891966
-0.0027268101989256378
-0.0006742239808709594
-0.002947100157981298
-0.0010941757129751969
3.972931258419427e-06
-0.0014376340120322221
-0.0007699845009896673
-0.0012485659503233275
0.0005703701014279621
0.0006054140663149543
-0.001395121175131514
-0.0008497605689884204
-0.0001547182094819373
-0.0025716672213227615
0.002374963966078213
-0.0023678396368945007
0.0004637272901939389
0.00027185961853677275
0.0019614277650289533
0.002854790673145407
0.0029779279351705105
0.0016739084155311884
-0.002725013569659481
0.0026402231162190645
-0.0027654986471373462
0.0007323974594330689
-0.0019450575429828803
0.002904806718057468
-0.0019184195668288725
-0.0012178375664818957
-0.0007692926119281891
-0.00013403031417816638
-0.0009219738667712286
-0.0011187384398610263
0.001277858881519543
0.0016778884363695115
-0.0013741158317743427
0.0011292075384386558
0.0015568653732934033
-0.0008988889719188545
0.00046600669395930553
0.0008864043856131329
0.0016417353928536646
-0.002332851673643206
-0.0007007153594041854
0.002376800406634836
-0.0014507939172368704
-0.0018818776648392703
0.0007159350022524717
0.0014006674907383679
0.0006989303714973688
0.0013024356892794072
-0.0007259929179008308
0.0023335789689854928
-0.001210993000371854
0.0006632290262265487
0.0019919258843320124
-0.0027860881345920176
0.0014794364372679083
0.0026800302912697634
0.0028345976213432324
0.0023708689647502727
-0.0007505461748009896
0.0024815302589413927
0.0006586244412323293
0.002519408769888591
0.0016814560522520408
0.00013491113360567701
-0.0023773267834348794
-0.002159777675048751
0.0006725787279962766
0.0019743856819512146
0.0007646076860562952
-0.002518718619094801
0.0027543533562260176
0.002230131379149735
-0.0007861039816190259
-0.0013067890872457218
-0.0010709107150630255
-0.0020133950712752317
0.0010059834618877791
0.0014998385208339583
-0.0010998277423938717
-0.00154152418599368
0.0022205802665522098
-0.002867962782527626
-0.002258546266900574
0.0026856398144993795
0.0006051952232104902
0.002205645040731767
0.001356432753789002
-0.002987699253801073
-0.0017926326823221336
-0.0006535139873718406
0.00014813360586707477
0.0020373217185136305
-0.0016586221700290184
-0.0008163027648613705
-0.0012447638868351256
0.002290705210813833
-0.002836067364423826
2.0791583811746814e-05
0.0029874792567907166
0.002512638537762197
0.00299991323814292
-0.0020843084772430697
-0.001623620772783633
4.511305894104069e-05
0.0025352357637568185
-0.0007648842516456132
0.0023729462696847805
-0.002503952986324376
-0.0025350348972165678
0.002749945171579917
-0.0013020623638507127
0.0013902578165146283
-0.0009394161438741741
0.002133657516168474
6.33788699838816e-05
0.0017968304159509986
-0.0010057574364212081
-0.0013294470741250035
-0.0028429377000532352
0.002160084863740909
0.0024950150398936723
0.0017940934829167293
0.0017812450969144295
0.0015950981814888436
0.0006544106755915946
-0.0014976359280753151
-0.0018399931997021583
0.0025634149313777674
0.0010355848450230801
0.002021022930531015
0.0004417485508906053
0.0025021485993432964
0.0008165793730445388
0.002480203011415382
-0.0010634633269211717
0.0009016409449396001
0.0014375034525418223
0.0017608721415914696
0.0025179387330165276
0.0006076827366011208
0.0018088466224963741
-0.0007580819495148078
0.00223962373585105
-0.0017801942492412166
0.00010012603303629622
0.0012969695772362911
-0.0006200721824857298
0.0006314530198868319
0.0017098545493005142
0.001152069220533067
-0.0023679556246437887
0.0012381259014247878
0.0011941057270428894
0.0018942518681360687
0.0019935859812065205
0.0024078581454216215
0.0010596004999256503
-0.0020183463392907273
-0.0019625565793719773
0.0018579634687283207
-0.0026140769852425914
-0.0014955237632933989
-0.00014259756212230525
0.0009948899303412646
-8.808412656082778e-05
0.0013841952312364124
-0.0020739736333449956
-0.00263813696147716
0.0013788808056876553
-0.000636437609755442
-0.0015025956307324346
-8.761664083066067e-05
-0.0019458942668624003
0.0016303953706526984
-0.00035817866272189365
-0.0013296007738237985
-0.0018568889365923747
-0.0013961385053111312
2.9486072235457208e-05
-0.00045913632293132075
-0.0018812015043330682
0.0002002041427908211
0.0029799997574621135
2.496656823349668e-05
0.0009825807433721514
-0.0011814279523247513
-0.0019833124164674336
0.0011532821034059629
-0.0020314616450827013
-0.001091798875241049
-0.002677342693297008
0.0022189189589145513
0.0015262053953688515
0.0028609040415275497
-0.002230725266366419
-0.001106399177694733
0.000792596064228498
0.0007185947872150444
0.0017666805524478128
0.00010528666641673951
0.002220599303005326
0.0024330557274976107
-0.00043963931949230015
-0.0018809003395647325
0.0008582237299989168
-0.00020375494654531305
-0.002651668988307561
-0.0012731476591517949
-0.002520650058109089
-0.0029065211998005294
-0.0021724251467333637
-0.00243835588779238
-7.000332102215364e-05
-0.0026968068543586714
0.001078225880247063
0.0012900052103015404
-0.0028131495938034726
-0.0028056375845239125
-0.0010777251488683184
5.157919506404603e-07
0.002577446761596807
0.0012419277914905626
-0.0021979568173371503
-0.0008095473144613518
-0.0014206969321639783
0.0015303791083616756
0.00025314354106716237
-0.0005816931302319926
0.0016214199928593432
0.0008666363569584091
0.0020190590186286526
0.0008054438170385153
0.002069696771691616
0.0027435889621868093
0.0014995209953123784
0.0006860350401502236
-0.0015273817686098075
0.0018492828324695038
0.0016340707915886788
-0.0009119901035729672
0.001051760703608363
0.002072519362090932
0.0008478176702151272
0.0027556423325375877
-0.0009603976578965402
0.0013966595873489826
-0.00024107320827321688
0.00017217470025713286
-0.001045157551928667
0.0012386044448301943
-0.001992818520584875
0.001204378092231827
-0.0009314308002693404
-0.0005637561878037009
0.0025240313476154724
-0.00021002046709098004
0.0007489755780456311
0.0008467574135662421
-0.0022943798943448478
0.0009369445092164029
-0.0011796228228442031
-0.00215237815546358
-0.0015650908536645038
-0.0023210916534130675
0.0021191579598273617
0.0021697692630213766
0.0014653722643679099
-0.0005394933331146993
-0.002105984920325955
0.001276308747637107
-0.0028038322131068885
-0.00164731636411272
0.0026461906233527874
0.0006499276456658431
-0.002906689644237566
-0.0018461960831702825
0.0009023865017084281
0.0025956770515479077
-0.002965473141291433
0.002237411803664999
0.0016344844205526867
-0.00023274040621219967
-0.0004192939702622818
4.0649943142871334e-05
0.001470172325809341
-0.0013720610369224878
-0.00014228647425150974
-0.0009245413522842648
-0.0023942403192036047
0.0007711974605051973
-6.499461197641363e-06
-0.0024670520757765772
-0.0007411970366291961
-0.001260610338900844
0.0014199880756685284
6.868452328476042e-05
0.0027332422248560967
-0.0006136861038106003
-0.0008978955075804374
-0.001734514801554309
0.0022414011041187393
0.0012131088418912373
-0.00016454738257910568
-0.002679652283332506
0.0005799157080934362
0.0010971701886489278
-0.0019859762066976754
0.0010106865807446748
-4.9686404990680055e-05
0.0006145559380447544
0.00046396374461534157
0.0015787706570389234
-0.002797688842009957
-0.0024025010917829255
0.0007658947290690673
-0.0008565170318484997
-0.0005818136468170297
0.001006173649036662
-0.0011165830066054128
0.0005399916290848086
0.0021938308029452
-0.0028876529643429207
-0.00241549776719483
0.002685972140885763
-0.0024538810232125697
-0.001562985228296718
-0.0009999385546708623
-0.0016060031568191405
-0.0008005305239598489
-0.00150687895501927
-0.0015690772958705213
-0.0012521934449416059
0.0005119223995106201
0.0029273356559166184
-5.6364669298805334e-05
0.0025995839926479863
-0.002125018120127716
-0.0025962202540007672
0.0022570360370656375
0.001609084026057194
-0.00021377214506968596
0.0018157866653844088
-0.0027446192217587748
0.0003400768838313431
0.0011464878341630041
0.002418618094900485
-0.001124705289373414
-0.002507973927740029
0.002650764074309372
2.376292046873214e-05
0.0011056039658431365
0.0013759885034927916
0.00016669818533025533
-0.002356005159608044
0.0004828512895828029
0.00042728141073540256
-0.001129519596383931
0.002231178413904498
-0.002077041856336209
0.002604919388756223
0.0006194124762104237
0.0022594871994443414
-0.0006657318287939117
-0.001278720381497999
0.0021175012335363447
0.002825635634270517
0.001300043572292799
0.0014123830699014125
3.8893065969236064e-05
-0.000632357844218002
-0.00035394001411315516
0.002392047042686094
0.0026349765179875867
-0.002871032539610218
-0.0008060331993118507
0.001180977016112945
-0.0018528669410114624
0.0020618176950072085
-0.0008571373726815575
-0.0009995294310535222
0.002100833467673864
-0.0008527752482834143
0.00023183558969443532
-0.0022475469320725606
-0.0012751269892300216
-0.00295858982794874
0.001391418184537265
-0.0029316774337041643
-0.00022421220792639886
0.0018981321949578462
0.002483436164621271
0.002768102999741246
-0.002863747945001566
0.001062343871352429
0.0008583291852340487
0.0022953622941708687
0.002616214233483837
0.0005946104217753097
-0.0019233057687016444
0.0019903754456090123
-0.0022333909062254684
-0.002985826950709621
-0.002532853210452919
0.0023016312152561967
0.00293529048830109
-0.002997456301034367
-0.002528973385642926
0.0013232222750975174
0.0029362419823659525
0.002716251759020986
-0.001938776096467084
-0.0004936738980779931
0.0010886046069219337
-0.0016830393721663011
0.0015346465360907627
0.0029573686565629864
0.0022773026960466007
-0.0022745363564733237
0.0024573042812006647
-0.002478219405834265
-0.002323645070005126
0.0008510437971816723
-0.0026274644129832005
0.0014005150761843277
0.000655787668240137
0.0006678981978721554
0.0020151720149262095
0.0025058565522893825
0.002966283844338143
-0.0005893900882664839
-0.00016488306233795836
0.000594494086122656
-0.0012442639959974057
-0.0014034825451678477
-0.0022332572945180586
0.00128350180398227
0.0020732647527567016
-0.0025339681724038756
0.001160656989444354
0.0002699613246833518
-0.002677408251628067
0.00020057282672654659
-0.0021125644647144504
-0.0019576049971899044
0.00017453387878258418
-0.002438683737172368
-0.0024695266464640625
0.0003688707005785703
-0.000975525562196284
-0.001759792818209701
-0.0023376300168806087
-8.6617281635064e-05
-0.002821386649126667
0.0008825898438683346
0.0026441249345696373
0.002402045641304606
0.0026017842349362824
-0.002258712415926842
-0.0012149978700187114
-0.0025153613818533218
-0.0004848808539914531
-0.001846013199165318
-0.0020467491058978413
-0.0003910736244257017
0.001135584951482629
0.0006327608377980918
-0.00010686714035802302
0.00011532092194323435
0.001954982304850187
-0.0011261700534707275
-0.0028533777243930246
0.0021007086130932114
0.002883842942236126
0.0015684285081461928
-0.0006246946638909733
-0.0006813597692174934
-0.0008185968044249745
0.0005903816037232971
-0.0006492380729967609
9.499429311351408e-05
-0.0024320368339427606
-0.002233284952876196
-0.002425077049328714
-0.002780778656068525
-0.0011011864895341733
0.001952720838299271
0.0013712592373587296
0.0006384317273662645
0.0010682484026276534
0.0005327458408445258
-0.0021824522350247285
-0.00039660685041935893
-0.0003531352536997245
-0.0006912968728971943
-0.0002728456823359866
2.6202076829607256e-05
0.0016678378484806982
-0.0022367187022284034
-0.0020535489790621054
-0.0007692925712004198
-0.00045157476066882366
-3.140088897885234e-05
-0.0019909186979392944
-0.0019237546041100796
-0.0006321286448529554
0.0015374981868471992
0.00030638224972001247
-0.0008011783286933313
-0.0017503482752875893
0.0005611735036453332
0.0024213933456171278
0.002240665170570486
0.0017729040267856046
0.0022613290672039536
-0.002674326818905804
0.0010896514368737313
-0.0008724147754148228
-0.0008616871649077228
0.0016822150934892744
-0.0006275038072833788
-0.002284885324398083
0.0010877707004832782
0.0010214958667166402
0.0021559403587758028
-0.0010531349578419371
-0.0018700682232329477
0.0027132709523290596
0.0014014366320212572
0.0008680403701361119
-0.0015016564230166535
0.0023703192513611438
-0.0010385603554053857
-0.002827218521987681
-0.0005727491263074341
-0.0002719734570692102
0.0025785662245401096
0.00290259143988236
-5.229716497255751e-05
-0.0017012441653751675
-0.002144903217896614
0.001971613123328648
0.0029198234717960417
-0.0006640753107260084
0.0014388638739326245
0.0021817124318877536
0.0015100519788515988
0.0011311890939683707
-0.00018989653566457102
-0.0024883362072078774
-0.0017645170998460327
0.0016799486384217136
0.002437241506633458
0.0008551215331448025
0.0021697231869398743
-0.001559735332315253
0.0004908844318979371
0.002961832433345359
0.0010519070640816267
-0.0023575299443181247
-0.002110849935384563
-0.0003646522886502296
0.0024643871689140435
0.0022997093476662053
-0.0016290647747776474
-0.001063551344655155
-0.0019106034282987223
0.0006880285165742428
-0.000750326156727015
0.0015173082550648687
-0.0006552079778463374
-0.00027547855174087
-0.002478299791548905
-0.0006591818899481625
-0.0015848232962695089
-0.0016721078539366095
-0.0011247073496446242
0.0026646167951187173
-0.002553129841493869
-0.0022569206586628317
0.0008788358663949412
0.0005370331403872618
-0.0003405108453285086
0.0014626728499050144
-0.0015347168219293718
-0.0006045199538632809
-0.0010243632460661934
0.0020901935781422604
-0.001680838012179229
0.002960544628456784
0.0029507200287583746
-0.00018716422345727186
0.0012924718916034863
0.002443201134394413
-0.00016682302020951069
-0.0017570324822005936
0.0028569559132026606
-0.0007592792295701162
0.0004762661465764922
-0.00202531898889002
-0.0005957447269960524
-0.0005756881156206068
-0.000702692500961308
-0.0007896870000971535
-0.0017203295311219368
0.002459008810297471
0.00246168744331539
0.00043104247306332026
0.0011747508391895325
-0.0029618486506765643
0.0003962536073279237
0.0004530901139503346
-0.001419598282476255
0.002709570246855179
0.00038270316082496085
-0.001414044043337554
0.000399125078766317
0.002646914421742536
0.0013226426695188732
0.002908625365979021
0.00101197358119996
0.0015226912795272178
0.0006691915175028296
0.002949862775485603
-0.0014563756882265211
-0.0004317544313240146
0.002335177695087007
0.0004688374784166077
-0.0015907052736165268
-0.001950349728352441
0.0012890844692728795
-0.0021512359044691355
0.002405152085293896
0.002122289949083915
-0.0004194563641102284
0.0028153113299102398
-0.0013165321158248745
-0.0016436822637055004
-0.0007750917365757291
-0.002772335399962841
-0.002174132257608115
0.002069909073517856
0.0026503624078987936
-7.027357032189999e-06
-0.0006555630531363634
-0.001759953819846824
0.001988720124964394
0.0021514736153034663
0.0014773052153115654
-0.002847072042199353
-0.00014268248916276356
0.0023673512910526856
-0.002798385080151292
-0.002463517649452043
0.0016177053775532843
0.0025175065065784477
0.0014505188831631863
-0.001079888110503108
-0.0024300600096998776
0.002719443210193781
0.0026628780265294076
0.0019342084810421416
-0.0006388033432534689
-0.0004218856725817818
-0.0020263437620501577
