0.0004328857152198584
-0.0001861572414817081
0.00024010911569495065
0.0002371140673487162
0.00040904550741130733
-0.00041484008538732187
0.00036217633406761707
7.431126370904535e-06
2.685593595900778e-05
-0.00011286256395055306
-0.00035006488188174805
6.136260156657414e-05
-0.0003349059488046047
0.00023014117290651246
0.0002616574820415295
-0.0004242035248839742
0.00030227330974966085
0.0001392898119230414
-0.00037144648741681963
0.00043128772324408336
-0.00018559489615937
-0.00039013535881728427
-0.00031164350322809256
-0.0003235746680923172
0.000278408468999612
0.00026913922111661097
0.0003761209977781669
0.00033060955094889875
0.000355035685211278
-0.00015204087109324158
-5.324003520516227e-05
-0.0003077987267860469
-0.00047689581795807656
-0.0004497029315205331
0.00013611222211513355
-3.268797363515264e-05
0.0004899626073285445
-0.00028896217475428876
-0.00014094536561794912
0.0002381658781712494
0.000302867592767369
-5.987445035275608e-05
-0.0004539974295944411
-0.0004966143259443555
-0.0004393381160592852
-0.0004276485574819525
-0.0003516607700375375
-0.0003498430054326036
-0.0003389220569664647
0.0003207762497090032
-5.369074777464809e-05
-0.0004518462548895336
0.00033040303598731377
0.000255139865654564
-0.00039112326118822594
-0.0002809551881790667
0.0004626412002004536
0.00027861507663121143
0.000300154844826915
-0.00025076310339074224
0.00046142691030063817
-9.852111913075676e-06
5.1250490936126576e-05
0.00044999075310380896
0.00017537679821590818
-0.00020789397699602776
0.00013355000532458167
-0.0003403856806035667
0.0004451232416780781
0.00048210383016760654
0.00037074127305136066
0.000354872560633224
-5.120188254115134e-05
-0.00012365032130182032
-0.00030706848941352974
0.00039321869386271953
0.00017259440596008877
0.00019591330942934644
0.000369035714959638
0.0004020948877977614
6.886280658946063e-06
0.00015462405975375773
-0.00016882614294392895
4.686291603422433e-05
-1.211153937704908e-06
0.0002095387408164027
1.4711557990848448e-05
-0.00045431369839239646
5.8788694688230165e-05
-0.0002807953029749106
5.322045904918905e-05
0.0004697768390935508
-0.00033327342666454
-0.00047393767530438214
0.00015509798190522768
0.0003958118902545714
-0.00011594682217681807
-0.0003982348293298288
-0.0002369420072173649
7.468367004134107e-05
-0.0004617975844313836
0.00013262207253644212
-0.00030901814280251524
-0.00029827015794556093
8.618402957815384e-05
0.0004894718438398246
0.00026241503580876643
-0.00017289704796182292
4.7370543211168134e-05
4.6630134903363524e-05
-0.00023289397437491508
-0.0002634932602086905
0.00020148029626518857
-0.00030672045432681664
-0.0003819251189598083
-3.7594857032389615e-05
-0.00042554783205593416
0.0004471655519764472
-0.00017335315458612987
6.339576317150098e-05
0.00018462712162130876
-0.0002813323636017848
0.00035805365152094136
-0.00041057789744576714
0.0003827400792106218
9.35472790000618e-05
6.468096153021765e-05
8.447663686198632e-06
-0.00043053460329900005
0.00044469605109720564
-0.00032950987559183425
0.0003994360140290172
-0.0002755783853291226
0.0004870277709976363
0.00044732933818874307
-6.692500818975721e-05
0.00016931244339225262
0.00041085008044575676
-0.00042299554398333094
-0.0002521014429459079
0.0002465671237171016
0.00015014115336310836
0.00021741308115549418
-0.0002837805286846863
-0.00029470883590862777
-0.0003083767153285034
-0.00032863936698782396
-0.0004179892155386541
-0.0004977567022903237
-7.744361247705866e-05
-0.000178952766021786
-0.0002457507225068758
-7.17120207565951e-05
0.0002027482617953327
-0.000306222749411529
0.00025004748489469264
-0.0003251700627605971
0.0003844057036233837
-0.00047186727107506024
0.0004865914814934564
-2.4682821853324482e-05
-0.0003530474103014334
0.00015282030326567518
-3.3953579782233215e-05
-0.0003995664615905856
0.00026012550378895017
-0.000475867353419168
0.0004200334010760554
0.0003224739244558889
-0.00018702827357711837
0.0002990308585712156
-3.3066984287666724e-05
-0.00043570301330352333
0.00011664459437082453
0.00017968829409195338
0.00037894311738319417
-0.0004700853837136115
0.00039404701511905566
6.73110165081538e-05
0.0001769556177519527
-0.00011773878209680235
0.00044880668071708627
7.501407330933125e-05
0.00032847031754256384
0.00019008325479586145
-0.00042557577940948257
2.494422818883561e-05
-0.0004322963529741283
5.06829156190396e-05
0.0004038872471238198
-9.262061914082153e-05
-0.0004983924758369252
-3.958399652035559e-05
-0.0001573466134352497
-0.0001593044179063097
-0.00016275603082053315
-0.0002675162898970295
-0.0002400516368286101
0.0003729343969165641
0.00039040222850593843
-7.609700290393351e-05
-0.00021533790947612642
-0.00012486894570346295
0.00033899343806144974
-0.0001931661216291908
0.00012894757377134806
-0.00013889846431266306
-0.0002666112531175697
0.00020988276233172834
-0.0002454740159109887
-0.0002307033526437515
-0.0003481297328393096
-0.00032695433034184206
0.00021519935427516304
-0.00029045245819253406
2.6843076017774134e-05
0.00016821583772199506
-0.0004665984605554725
0.000497170538460409
-0.00040213010592143016
0.00043027757392059894
0.0003968495264082381
7.256270813285918e-05
0.00046871774002879086
0.0004106019511493882
-0.0001759312453459243
0.0004430055587470625
-7.37193975218172e-05
-0.0002736127805463531
-0.00043619398358361573
9.202871565124017e-05
-0.00027955122810567026
5.894345049487924e-05
0.0004841642026864974
-6.204293242802428e-05
0.00045604193836415886
-0.00016425699056385088
-0.00013885326929633104
7.689520589797922e-05
0.0003036940376890359
-0.00035482486947850135
-0.00015422541482528927
-0.0003248823042456255
-7.590784806781227e-05
-2.177468602471757e-05
-7.26103554227615e-05
-0.00012188609155935171
-0.00011936752830503703
0.00030583565446592586
0.000182666426663816
0.0002054770630217634
-0.0002183210755696323
0.00016203078473870085
-7.312670719040402e-05
0.00021886298441952615
-4.838472763180659e-05
0.0004123378646092898
-0.00027373157278078064
0.00028670732016996257
-0.00042679487132566096
-0.0003648941342704955
-9.930879076358568e-05
-0.00020208776081694492
-0.00017842110456749237
-0.0003804198509316175
0.0001465088212201977
-0.0004912906119873468
-3.021535464141047e-05
1.1674593267988593e-05
-0.0004070446398226457
-0.0004141768319952732
0.00028903070239436925
-0.00035367677343634473
0.00039222195854159906
0.0002365539013806018
-0.00032235317529323283
-0.0004090409527907668
-0.0004365266618165108
0.0002479409858781381
-2.179693966671757e-05
-0.00019042418074725876
-0.00020537540594225766
0.00034521593610314146
-7.029828076008315e-05
-0.0004985593354872601
0.0002778549218035748
-0.0003539745194900425
0.00013118993156420076
0.00029204848471794964
0.00037535166131644844
0.00018379382563184546
-0.0004925461334964412
0.00017895066624425528
-0.00035752702133745953
0.00016266862935387656
0.0004991781527307407
-0.0004960151341338456
0.0002751887061031025
0.0004658374939107391
4.104836283985063e-05
-0.00023235098614572805
-0.0004855506447439715
6.296055324611324e-05
-0.0003558342374291399
-0.00016516306963023177
-0.00033949382234973514
0.00043860971103041636
0.0002942681662793385
-0.000313233765164061
2.9301601704501243e-05
-0.0004427237098819252
-0.0003909307130305285
0.00013699138954849333
0.0003210497841026047
0.0004141371233596768
-0.00045611871445955053
-0.00048740492153143865
-0.00042183690429758883
-0.00031886132989117735
-0.00026723287210676105
0.0003081570712710138
7.2549709294554825e-06
0.00039193744501708793
-0.00022164600726913287
0.0001626867705201299
0.0003242536847805485
0.00028422678874318616
0.00023250245967295063
-8.642692078950618e-05
-3.4650114655998673e-06
-0.00010586035680337801
-0.000304307759723876
-0.00041036478481016995
-0.00028476703385886017
-0.0001239018398198135
-0.00023136293784857353
4.2189723993092134e-05
0.00023319497541207743
-6.727823607097417e-05
1.1255365647125913e-05
0.000274860173770534
0.00013281175417252091
0.00042674775281280634
-7.756777924750101e-05
-0.00017574641108583487
4.8333698790203774e-05
0.0001794677473894188
0.00025068669408022403
0.00015023154375904053
0.00045842465827396173
6.124741073643787e-06
0.0003071708380617814
-1.78334759188714e-05
7.828206486179849e-05
-0.00023744773999267787
0.0004726472283629701
0.0001744162387591309
6.013828333775544e-05
-0.0002670387297525193
-0.0001482789091284603
-0.0004343605136293901
0.0001628244337038543
8.876835586023259e-05
0.00033112594276704687
-0.00018985173270929932
0.00033554205427336627
-0.0004828420478726362
-0.00013016672102850277
-0.0004090503570234396
0.00037759235137196717
-2.6981959410214175e-05
0.00031386973469911094
0.00029064596724413957
-0.00011324717646443293
0.00032565425310987625
0.0004958545059553484
9.969459307610038e-06
0.0004157588711355449
0.00032043121565961065
-9.82067308470864e-05
0.00044596929147558385
-0.000181015071224944
-0.00032212657022797454
4.262556936754098e-05
4.5180272592870935e-05
0.00017212120404475214
-5.471668403559749e-05
-0.00020102375351034395
-0.00027175891782971185
-0.00015068674698039066
1.3141625660030337e-05
0.00032219964022563597
-0.00047348340516271546
0.00028331910313481306
0.0004875230633519219
-9.117700788377633e-06
-8.024890467724246e-05
0.00048796230858438633
0.00010579366249699104
0.0002889956483804612
-0.0002928100189522288
-0.000323744890071721
-0.00028989894016935813
-0.00013107392089626934
-0.00035146835704407087
-0.00021845171393173192
5.857951166751739e-05
-7.750256487150598e-05
-0.00033650500366199103
0.0004047760841650708
0.00016755788040926874
-0.0001076928721858961
0.00018672736417958452
-0.00021387795929890383
0.0004737765313681307
0.0003855868162401572
-0.00041418883246281213
0.00016226317104185825
-0.000124306611613359
-1.1504655813543408e-05
6.844223599995552e-05
-0.00016531950097185654
-7.948314491307919e-05
0.0002680213488600229
-0.0003686034463446197
-0.00032859527756842115
-0.00011165075269447465
0.00032535277992126906
9.768935480556392e-05
0.00011825890403270004
0.00034828478416520383
2.2712682959963033e-05
0.00014440495682315803
0.0002929149510029279
0.0002720856816740058
-0.000451511098491724
0.0004565162731239768
-0.00030226300668282735
6.440275499611237e-05
0.00036892636870739686
-0.00035722889652381863
0.0002678369592335627
-0.0002277823633546452
-0.0001743091798250499
6.408134884869127e-05
-0.0004324834279627273
0.0002595139969041835
0.00018959825575070688
0.0003994591908596266
-0.00023506413655965665
5.488998011726829e-05
-0.0004362139345798004
-6.634659367888568e-07
0.00044317859813344654
0.0004300258418957428
-0.00018483288175504675
0.00039407248667418183
0.0002718505891329792
0.00038747052712010484
0.00049720339769433
5.515016351687865e-05
-0.0003135424744210288
-0.0001712923638155124
-0.00043622441739233486
0.0004876467691483726
-0.00029350620815204266
-0.00013406029837799384
0.0001455518074470315
0.00012298394857624328
0.0004101120344236996
0.00046502649802094187
-0.00021275681785228295
0.00045513535279074926
8.15309107105183e-05
0.0003587805403326825
1.719719330640088e-05
-0.00010210711834563314
-0.0001474052120525251
-0.00045436291562953534
-0.0003412700040494607
0.00034297984176450975
0.0003503841579817127
0.0004606107025525441
-9.64967979303397e-05
-0.00045709132022546617
-5.968676723510193e-05
0.00047271700671191856
0.00041660724242014043
-3.0995973378986866e-05
-0.00028334185138740654
0.00041049934387038306
0.0003788445178012701
-5.321310349810915e-05
0.0003326997905692794
-0.00022960679757655323
0.00024213650939578077
6.75092310880918e-05
-0.0004878240730393865
7.302367994449076e-05
0.0003992626029479928
-2.4303684907856274e-05
-0.00019471763184497094
-0.0002923310594512265
0.00038374146062851477
-0.00021749078071510252
0.0002532864366660152
1.1086666034067086e-05
-0.00019247878401392962
0.0001433997818172508
-2.4636034193359e-05
0.0002858779785467078
-0.00030690973934789233
-0.0003428553479109552
-0.00032622178330849274
-4.012237317211573e-05
-0.0003020799875425697
-0.00037589157501440344
-0.0003390904888032996
-0.000382313218340592
0.00010704515052248494
-0.0002717550738725674
-0.0004722410294744125
0.00031567982567237154
0.00011501323314941922
0.0004947470418649161
4.3369347495553516e-05
-0.00046694065757998384
-0.0002865902286943164
-0.0003129737973832454
0.00024496255274392544
-0.00033907203095439795
-0.0004416541613948112
0.00015719790900740058
0.00011062798759396892
0.00017891009565710713
-0.00012655886905587065
-0.0004415445250337553
-9.963957137166856e-05
0.0003538383584296178
-0.00044281545131557285
-0.00026271858538311465
-0.0004896763462086816
4.3134610518946715e-05
0.00024103069174912038
-0.00034284098338334954
-0.00020560365145157368
-0.0002994673897225528
0.0001313884490732072
0.00012109679368412201
1.2456710332179027e-05
-0.00038351826836888816
-0.0002662514843374497
0.0003607213840486435
-5.1560599923402325e-05
9.300104868093981e-05
0.0004113194082748337
0.0001732491641912759
-0.0001335879777795366
0.0001678406472708598
-0.000133128670042591
0.00010216075007570935
0.0004466036689211873
-0.00038181595776236966
-0.00030904038663488373
0.00011737744555494688
0.00046275239431128943
-0.00046833854693266886
0.0004014668552678388
-0.00017388630722616817
0.0004829632457115198
0.0004821588867566732
-0.00026489955004054726
-0.0004923201774303426
-0.0002505604663259068
-0.00031412252383893643
0.00024300059863293126
-0.0002895124114595363
-0.00015464109126112503
-4.954574540527398e-06
-0.00032888841214433564
2.350672808776181e-05
-9.613351203537843e-05
0.00036659162544138086
0.00021199317810327491
-0.0004252591866700155
0.00028654621031722364
0.00039756044965818605
0.0004612367858548422
-1.942088751225203e-05
0.0004159222975097436
-2.4267978078735045e-05
0.00026244855781923306
-0.00033174655356413144
8.017339464390003e-06
6.495179115324659e-05
-0.0002908761710473846
-7.48945490898143e-05
0.00016366239004528044
-0.00033319780723981343
0.00027365236517118104
0.0001104779081000512
0.0002985351342163745
9.214659533908097e-05
9.65419152845862e-05
0.00033235405934730375
0.00018152191694880066
0.00019457036396590324
0.00013538944084087268
0.00016777691379064755
6.54350112834571e-05
0.000499876508197501
0.0002365410492893436
0.00047967051250691166
0.00048139415189438683
0.0002593561528642979
0.00046042048981156795
1.4833062906333258e-05
0.0001408055677567622
1.9524252063096996e-05
0.00024195583697880318
0.0002257750386952921
-0.00024495808920364093
0.00047076732491125976
0.00044812012358894267
-8.198756054081038e-05
-0.00010802305756594843
0.00021272655866879102
-0.00033052928934771656
-0.00038242646567529894
2.6992680482005585e-05
-0.0001210612400489898
-0.00027059316644999286
0.0003721605135154774
-0.00033052900937738264
0.0003643290782217608
-0.0002518696949219852
0.00044873597631097273
0.00038363883846104067
-0.00038880955558653896
-0.0003503214892316029
0.00020165143674479664
-0.00026337086799649886
-0.0004621150702420561
-0.00014243688062065443
3.863610445430858e-05
-0.00029902712316173086
0.00022931870690693452
6.511800567757871e-05
0.0003961553542104246
-6.693319691986635e-05
0.00015566067530576883
8.938506288368761e-05
0.0002728908024847525
7.753149525217655e-05
-9.523128337097955e-05
-3.48153813713272e-05
-0.0003478122719068879
-0.00021999613136887143
0.00028455757900317695
-0.0004915651320216008
-1.7063885666615184e-05
0.0002825923284932208
-0.00042661892612636687
0.0002194007802608695
0.00041893839346028615
1.2124572770975039e-05
-6.359917024175235e-05
0.00021916141962197296
0.00033592362243395867
0.00040149490123772514
0.00023896730925740926
-0.00041325248410920814
0.00044305637817601985
-0.00042601036702930907
-0.00010738184132446673
-0.00035691446455209683
0.0003590016207653344
0.0002170695615514995
0.0001328314946495324
0.0003275692253421538
-0.00011339556828914699
6.698312001099751e-05
0.00024955443974400567
0.00034155498250253906
8.695284527131806e-05
-0.00045592853538163614
-0.00025992622403021284
0.00046872022655084855
0.0004365126660476053
-0.00024132650072398933
-0.00034400894042337365
0.0004883664378729329
0.0004594938975486434
0.00047666151341928796
-0.0004616432236861311
-0.0001283404731119402
0.00040376663513467875
0.0003757714050982722
-9.101889179237752e-05
0.0003274395281099218
0.0001977718118708286
0.0004050224165224284
-0.0004953220569840651
-0.0001902421573152107
0.00046437957748179167
0.00041032597453349146
-0.00021861108386405238
3.5681792323566754e-05
0.000384567464356282
-0.0002836660909385592
-0.0001596379378105578
-8.958139371017626e-05
-0.0004936346282395493
-0.0002355553315407768
-0.0003715795058825932
-0.0004047304311406177
0.00030539411339883227
0.0003723044888341196
8.07697700792873e-05
0.00026504649251521634
-0.00025164835882955075
0.0003063383133139569
-0.00032622065907654475
-0.00012698682608681646
-0.00033168632410296385
-0.00037443357455985604
0.00016235982875957079
-0.0001498541901901872
-0.0003823442335545648
-0.00012657202622050388
0.0002467749934577417
0.00040430036128895374
0.00025470751781006876
0.00014109538908201372
0.0002246841765550404
0.00041106815912648597
-0.000259729539103837
0.00045211580109663066
-0.0003197425221009259
0.00010591938834575443
-0.0002246864800193541
3.682590545992697e-05
0.0003810259003058932
2.1985110957981708e-05
0.0002182467102962609
-0.00010170495539661738
-0.00025876388630877823
-0.00033470022703941836
9.866656606104674e-05
-4.1176060518495516e-05
-0.00024649730449119
0.000268926689995581
0.0001287899269168996
-0.0004697300026710036
-0.00014586928014330772
0.00034411896769202517
-0.00033038633390847336
-0.0004821225317411103
0.00023270344384704854
0.00018656549513982256
5.482962230598815e-05
0.000488295671969444
-0.00014546938013351572
2.6210922255969762e-05
-0.00023812918486899837
0.000396254958831761
0.0002760095853679399
-0.00012279781822757517
-0.0004926904491347946
-0.0003256849647549971
0.0001886145693130954
4.416453445219232e-06
5.276982003063718e-05
0.0003707410461991417
-9.911939151790116e-05
-0.00014015882333773012
0.00030981577075255527
-0.0004150631964954864
0.00038985572738018987
0.00017745627711786868
-9.213005428415389e-05
0.00043896912213317943
-0.00044145910070450447
-0.0003107240889137819
-8.757742221727284e-05
-7.408238972762707e-05
0.00042020556927324973
-0.0002481599200828969
-0.0004554692216421038
0.00048399427498174805
0.00023851507124937252
-8.279922637045991e-05
0.00020924790747356968
4.0867977212979685e-05
-2.4360240413473164e-05
7.407957703743705e-05
-0.00042144352033332723
-0.00022363038831166418
0.0001565115024200509
-0.0001883685306919902
0.0001612807088432806
-0.00015303142532133108
0.00029006514148811554
-5.186889973069088e-05
-0.00017330474486831925
-0.00014371847748433043
-0.0003412473178572744
-0.00027807691422474553
2.068540712798063e-05
0.0004162991343799452
-0.00031269652993082405
-6.845312923010373e-05
9.67548140815423e-06
6.065753272960781e-05
0.00013310041838717802
-0.0003140208773210047
-0.0002826029155144465
0.00019771632051783603
-0.0004039672728185878
0.00042439667117789696
-0.00015533893830941425
0.0004114812443950127
0.00041314449171113497
0.000361342635301306
0.00023408780010331282
-0.0002040951056296817
0.00032531049507154484
-0.00032207763211181465
-0.0003936299465486437
-0.00014595331300955983
0.0002246765535274289
0.00043384696238142693
0.00010299432508930142
0.0004963475354773938
0.00010472544248651017
0.0001438599219479934
-0.00022365672324237742
-9.274977792120796e-06
-0.00037874597168614023
0.0001924240799002396
-0.00024927461792615226
-0.00012084283184393485
8.81808603387811e-05
0.00033967425634012316
-0.00016713662518234683
-0.00012077455191933508
0.0001478876952794914
-0.00035041285846969337
7.430406983348836e-05
-0.00024303838730555883
-0.0002963012328763097
-0.00024937850436125455
0.000330945821771359
0.00026545566934801
0.00013137068053974328
1.1731677245717148e-05
-0.0002694578862639529
0.00019130661699137805
-0.00014442544658790278
-0.0002122672447757624
-0.0004350713450316025
0.0004204885138394827
0.00023107871853431648
-0.00040021156928774106
-0.00034494457178323813
-0.0002645748835876132
0.00047590086234116844
0.00046300575810711544
5.646053341198639e-06
-0.0004771679522991733
0.00048570472602395796
0.00047282974398762706
0.0001544000105929734
-0.00024713861877946185
0.0002661555564093589
0.0003701979343784116
-0.00016371790085523152
-0.0002081752773964538
-0.00027675068916823065
-0.0004439557274282363
-0.0001716711109159106
0.00012374325219090916
-0.0002232450596367498
0.00033406691075314764
-0.00028224676497214807
-5.797563115229919e-05
0.00019970751087105946
1.6997014655600884e-05
-0.0002931189304386737
-0.00011456092380140591
1.9627295990365498e-05
0.00042262066566332726
0.0003266475924054901
-0.0002835340820372375
-0.0001774950278281848
0.00035009419402575945
0.0003720882234389064
-0.00038183604835673304
0.00019971743268310655
0.0004028574933647003
-0.0004022317368326847
0.00042698170019283405
0.00018319107325521795
2.814178689800799e-05
-5.536581033083345e-05
-0.00036470632442170105
3.6983149047747975e-05
-8.733604519799035e-05
-0.00021361071939581032
0.00029487910223661203
0.0002307974492148807
-0.00046587631294582447
0.0004469257254391759
-1.5534843309752532e-05
-0.00012065156986485224
0.00014300011122088277
0.00021688090033354147
0.0004997157522813778
-0.00036851577045972974
0.0003621976532263896
-0.0004123356291821377
-0.0002457136771052747
6.344826293171787e-05
0.00028663163326307997
3.245761079906373e-05
0.0003597926788328939
-4.909704975612127e-05
9.137743035474827e-05
0.00028227906989189986
-0.0002774177127121167
0.0004074580657929895
-0.00013558388021891923
0.00031477091334419
0.00047817801497604504
-0.00036188892689197126
0.00017028777885476408
3.943693000448283e-05
-0.00046470885469428516
0.00028897402354729584
0.00043400246952721654
0.00010131235131522745
0.00029168724623463425
0.0002754115104969027
0.00036982404428117935
-0.00014141505580210479
0.00013573187010452537
3.783818932059013e-05
-0.0002576479468086357
-0.00021513210076758713
-0.0002756333565199268
0.00032008615173513707
-0.0004461634365623596
-0.00015031455813196016
0.0004795896797267767
0.0004919643442557651
0.0003277704229010216
0.0004775885401783384
-0.000499492813331163
-0.0003927176168431168
0.0002812375592549357
0.0002449436281481091
-0.00014280378894973122
4.2907015016038774e-05
0.0002980684046894568
0.0002662695376132218
0.00044798162013117045
0.00033868656651548875
-0.00025192445748601
-0.0004288148590304798
-0.0002325789469709009
0.00011063156101026627
0.0001633677443067796
0.0001250356940617971
0.0002912259539901253
-0.00029681518101896563
0.0004831600478597106
-6.208804341541473e-05
-0.00044873931011491067
0.00028253500145816583
5.019454641262255e-05
0.00023740711938977717
0.00018642291902530312
0.0004353278765491872
-0.0001242409586112453
-0.0003514525988307211
0.0003601128962558971
-0.000200163642067261
0.00026068402736286367
-0.0003472938090286348
-0.00019223738274535087
0.00020940896066559667
-0.00043964183675908655
-1.2222491949165153e-05
0.00029790429278621995
-0.00031817030591472703
-0.00023880774946616215
-0.0003531727363356896
-1.963901310412028e-05
0.00011437852978724516
-0.00019706508106768307
