-0.00024321242287730525
0.001166538409176696
0.0020788441312317866
-0.0011653415684329713
0.0027323259395815452
-0.0012160085549756912
0.002850110022246901
-0.0010530782360685064
0.0004194951360989977
0.0004985177427810194
-0.0026449608362181503
-0.0020277359464125765
0.00041006920135603503
-0.0023033525068426714
-0.0025059862984164053
0.0011224435434092064
0.0011498020629379813
0.00029953484961036704
-0.0002571039409497793
-0.0025750002366839446
-0.0023929747760432518
0.0007884826534713448
0.0017918121775575922
-0.0009370670699845804
-0.0002687804664396878
0.0001601671810342654
0.0019882644945139515
0.0017667964716180712
0.0009008600165255282
0.0004574889381506286
-0.0026642936930494597
0.000550448508544063
0.00019691754768543217
0.0028482584137358748
0.0005339756406966159
-0.0019625630286982665
-0.002289555978869116
-0.00031888526284168774
-0.0018734499855533066
-0.0019312897622335132
-0.00193019744911898
0.00145550477132357
0.0016549393430856062
0.0027362674536821324
-0.0028726461479735687
0.0020133648801431763
0.001983446012038823
0.0008082542786066191
-8.519250062785253e-05
0.0007088678963428937
0.0025578591758307918
0.0007146390215289761
-0.0013412413078194298
0.0006413759283419793
0.0007646103670018892
-0.0012290500917975231
-0.0026475408178259136
0.002653399200391846
0.0014626385414729416
0.0027843042760842688
-0.0028274641233078145
0.0012052320290369721
0.0003797788093324308
-0.0027653383916502396
0.0023739847825404196
-0.00036311845567847754
0.0010490807493214668
0.00216482128005128
0.002220021182759213
-0.0007229674117820049
-0.00016217557930362555
0.0009137081447896708
-0.0004258399034505647
-0.0005563438809135382
-0.0006319315731095759
-0.0023346134593474647
0.0015114939289342395
-0.00046398137245721007
-0.002211122005991505
0.002474370408186973
0.0005872600280769666
0.00045272610261536117
-0.0005441010687907573
-0.0007696592932446215
0.002899783483488786
-0.002929511401752119
-0.0013592878567048967
-0.002232937815069317
0.0023273651532510382
-0.0018519578041034284
-0.0029241532122014804
0.001551904557209164
-0.002960160669328369
0.0006588710586540977
0.0004981521522093996
-0.002129040647825386
-0.0023255218185257672
0.001616888481253951
-0.001702016548696762
-0.002157858874719189
-0.0005000167369953647
-0.0014559341666049975
-0.00022617922992591594
0.0025262644371238253
-0.0007502741934565273
-0.0016517522059680213
0.0020271333648230394
0.0008421330770880396
-0.00018328383790087261
0.0006313394144268985
-0.001576617113057901
0.0005455789681677275
-0.001606989015897935
-0.0004708282178700475
0.0025307270349386743
0.00032932584871812453
-0.0019561485792321184
0.0015811824200022166
-0.0015804210788816313
0.0003014755660931904
0.0003199219659525223
-0.0008540218675735412
-0.002516158541508784
0.0020623109298367748
-0.0004947992794565792
-0.0013842265628698158
-0.001883164056664248
0.0001799697448632582
0.001737476280652894
-0.0003108993990715769
0.0005010468349595288
0.002020630858554243
0.00011121553998993082
-0.0014557218152452672
-0.00018141546276051988
-0.0014706579259187089
-0.002059681203536376
-0.0012497628522320997
0.00039991243244032193
0.001002597803723083
-0.002809674059932454
-0.0009212720557304375
0.0025623614937351318
-0.0029250129403411997
-0.0014450256338277192
-0.0015052926728146717
3.712871547701096e-05
0.002087858023063849
-5.919048453061635e-05
-0.001330236672682524
0.0005770736190321975
-0.0014623162091565698
0.000207767447661288
-0.0008452345776302772
-0.0016685387826577973
0.0019746304607356395
-0.002677391398206494
0.002282112488723463
-0.0015653885296175475
0.0015792524292898517
0.001836318615668955
-0.00131828762698332
-0.0026241707705791017
-0.001821612730393771
0.001339768918794843
-0.001576401751360557
-0.0005821678262352987
0.0003310210321270813
-0.0027293001268762873
-0.0018392815772923252
0.002085525713940526
-0.002401892164904571
-0.00020986054343212143
0.0007604072280483561
-0.002050955339828068
-0.0013801949538476094
0.000530480884867682
0.0009636813589413143
-0.002412040162096849
-0.0019357427098725293
-0.0025782362247112386
0.0017675369295139104
-0.0025118803734628537
-0.00048535479922577575
0.002769038791686677
0.0013713153900365028
-0.001977720612186606
-0.0009851494807244245
0.0021016011921219597
0.0013695894486493755
-0.0010245706798286168
-0.000384077296967942
0.0012937942046655016
0.002271741324231737
0.0026234992458439967
-0.0009936229619565626
-0.0007822499573523619
-0.001981963156545914
0.0002761690451029714
-0.0024854063459212048
0.00023083628772935455
-0.0016094758987969587
0.002490124626515976
0.0016192978116539277
0.0025376072580322283
-0.0014158051261861588
-2.8130610491802852e-05
-0.00294512900156614
0.000417454009834361
0.0018047134825886551
-0.0024530004700653225
-0.0006332005008692571
-0.0016569771798828987
-0.00039115371671021417
0.002225767672993209
0.0008476381676580627
0.0008871611531761532
-0.0004508375270332863
-0.0023590271220373846
-0.0022732991103972234
0.0011612110728722947
-0.002917935574846098
0.0017155004176896572
-0.0015853845652831907
-0.0013719794337658604
-0.001719132710936211
0.0009359058632773566
0.0026002455842547515
0.0013888354045333232
0.0012237678316669503
0.00047125213572685653
0.0012559915949242528
-0.0016995336774089302
-0.0029289883782242024
0.0022880235682196408
0.0013676161487702326
-0.0015455769877892947
-0.0012358582961082111
0.0029720908796219197
0.0001714065068007778
0.00025601895629806656
0.00020813494526068007
-0.0023387504581218205
0.002564067547556145
0.0005342714193600209
-0.0016214280217414605
-0.0014038810083782693
0.0017461358192377777
-0.001531751433921028
-0.00030182275873534255
-0.0011660802225293703
-0.0010753659709911254
-0.0009871446013928501
0.0005537646095193902
-0.0006170276788925997
0.0021946277594387404
0.0017530357421803805
0.002679385027042038
-0.002609281491501853
-0.0002180291482975225
-0.0023266983711520443
0.0022227142777206544
-0.0012186617598634378
-0.0025986813889168677
-0.001056910421318747
-0.0009402833552787076
-0.0003765867474798371
0.0013131599672532189
0.002888903182874749
0.0010622914385571532
0.0002950373112440433
0.00242513677610272
0.0024334644502890324
0.00028861186139114096
-0.0011699247526348196
0.0028481206505410308
0.0027484547044386975
0.0006995068790151184
-0.002237681768808734
-0.0019932876889056537
-0.0005890947464271099
-0.0022941145240008404
-0.0004226107657857802
-0.0029556878831231976
-4.7898225018836674e-05
-0.0003148232219830193
-0.0011280461697500276
-0.0005550105823763415
0.002639915965194757
-0.0005352019308288557
0.0027696700127840673
-0.0019204602920051982
-0.0014214650614799815
0.0013641926120627288
-0.0019563971171289623
-0.002730960493834456
-0.002484119687521476
-0.001978831770611125
-0.0021656841705966568
0.002352585373670602
-0.0011067138196529313
-0.00023383566924202372
0.0006664241082469618
-5.0734186961418765e-05
0.0011784599670312751
0.0018437226402866786
0.0014344388826304849
-0.00027088123621981383
0.00228208268035712
-0.0006507933733676395
-0.0025912949817225076
0.00027403090672998773
-0.0018731253107270279
-0.002309527108573721
0.0010073933066044021
-0.002664362990574353
-0.0029231465004254907
0.0024681808674716834
0.002468287041875015
-0.002377384239289155
-0.0016267343268823228
0.00030169713338769116
0.002257982763640239
-0.0006504756328998646
-0.0017533992590197164
0.0024870186842095828
0.002028703432208182
0.00210164227675383
0.002161413796198621
-0.00012881167663935256
-0.001717722423223614
-0.00018988397282139425
0.0004779992385133022
-0.0025242569785687203
-0.001444679202737596
0.002660077372951571
-0.0019920308562444127
0.0002239918079190665
-0.001336251520199476
-5.93491303712973e-05
0.00287422719900517
-0.001094204590173121
0.0016489599434451902
-0.001269776525458121
-0.0004093312607383469
-0.0018648495734617627
0.0019138432868603438
0.0015810641581834803
0.0023701810843497944
-0.0010948383592515791
0.0013808399720685559
0.0017655942113626822
-0.0008227311463974187
-0.002121969458255029
0.0025588638229804075
-0.002273428189270316
-0.002274734363536271
0.0028168181752034017
0.0005128133449108559
0.0008988875904620739
-0.0021595754693043943
8.18367584885793e-05
0.0016659408258749026
-0.0029070590837364297
0.0021941767159944434
-0.0022124502572170536
-0.0027389283556083863
0.0022078635646120472
-8.699417870851409e-05
-0.0014705896169870433
-0.0020742392579271725
-0.0029664153311724346
-0.0005072891696749201
-0.000475559669298623
-0.0008642607548147037
0.0020561332253716735
-0.0027457737869476927
-0.0012432013235855834
0.00022044640696398466
0.0008584143692981759
0.002035457958670147
0.002892807720572331
0.0029851054922707624
0.001007461794991376
0.002010277745947685
-7.944816743325192e-05
0.002672417753234415
-0.0002504541658896538
-0.000351997100019662
0.0028905383801207506
-0.0013207248833234848
-0.0002657082396312874
-0.0013686762077598272
-0.0007724914625222346
2.2912813477965477e-05
0.0026085494252197795
-4.60573536127766e-05
-0.0013572165145511158
0.0013309935894938105
0.0007984981459674199
0.0006503117779983604
0.0010598236995750616
0.001873483323143241
-0.0019337887098240928
-0.0016060720191571017
-0.002917015346513945
-0.0017586588074307305
0.0003917624590426515
-0.001728115412735081
0.0015126843401165237
0.0011445202462854794
0.00198201577548897
-0.0009116555783791427
-0.0029064656902629
0.0011760992817350675
-0.0007470670404304694
0.00019516085603153537
-0.002939971679759914
-5.015685437481871e-05
-0.0027060045174261884
-0.0009093066849347278
-0.002095477862889018
0.001224095427339803
-0.0012089144633133943
0.0003379185168640281
0.0017729468360638606
-0.0008974255577031331
-0.0026500039847147236
0.0017937058246891725
-0.0014817718213085904
0.002852759104450673
-0.0028950340421821596
0.0026821190169522375
-0.0023584167278845425
0.0006481138453137548
0.0020443591221201577
-0.002280871725028188
-0.0004815709489593466
0.0008268946377684582
-0.00031906254226393444
-0.002696272024992811
0.0024876391472046667
0.002096514155841749
0.0017474415414526212
0.00277869927771833
-0.0013227058765118707
-0.0026093809929076998
-5.106524763054572e-06
0.00010089537420689566
0.001315294130272396
0.000543961744361908
0.0008302148207714691
-0.0018356519076911937
2.0269070051931546e-05
0.0019002118294076577
-0.002673599980595596
0.0009513156400615935
-0.0019271597016345344
0.001972826175264379
-0.0027987353116292334
0.002093940178798594
-0.00028895294433293507
-0.0028491568100244913
0.002785463810937536
0.0007790842596987718
0.001619258568662553
-0.0009500573810238225
0.0024368058317629374
0.0015679536969174911
0.0015700051608159285
-0.002681197460727863
0.00177905777010338
0.001296893346477296
-0.0016459981341340774
-2.8936804228660903e-05
-0.002485389964182215
-0.0011596012118109099
-0.00154214219804881
-0.0018299287375418726
-0.00162602479916206
-0.0013286657192638266
0.0023898097476177183
-0.0021981958961035278
0.0026412257041321793
0.0011278213118554566
0.0006037477057491154
-0.001952892489935807
-0.00020467401704192837
0.0011732201196222721
0.0028348980249048453
0.0003411701256090154
0.0021231057161496597
-0.0008041837570344733
5.576445460862443e-05
-0.0010801343666823435
0.00030140565623798824
-0.0024157275612345583
-5.772235215562808e-05
-0.0006925757542836264
9.685954022190619e-05
-0.0005838868916993502
0.0026196961159642134
-0.0013997170266567922
0.0018063055987058855
-0.0002466757829203744
-0.002732964225607982
0.00017174429751383533
-0.0005143399864445211
-0.0014598479536817798
-0.0007258861436068636
-0.002781321131599114
0.0003682494680375364
-0.0020986621962846013
0.0007115816705316564
-9.39763691362133e-05
0.0024674089390437698
0.0029029071355041666
0.002768449319385008
-0.0018303231310980213
0.0006573878311619285
-0.0022884156622104343
0.0002693270638852493
0.0018770251255216782
-0.002904807354752578
0.00037447577735523875
0.0026659199040852946
0.0018816492475673954
0.0011611117162129963
0.00018991701442158454
-0.002420824850482555
0.0007262935450987303
-0.0028319433348670455
-0.0022281732165408963
0.0027031216041208906
0.002563162462109956
0.0026092026524138353
-0.00185468467666012
-0.000474386910711578
-0.0006672207999192242
-0.0006838808418559127
3.977036269724437e-05
-0.0026430526212036743
-0.0026254048218802323
0.0002801131848387999
-0.0017322996829725414
-0.0012278826489694656
0.00022744888597953875
0.0029187069521010474
0.0019273255507820742
0.0006687926038031048
0.0003728340520274885
0.00031343193020540866
-9.501380627662025e-05
0.0007264936378590546
-0.0026184291308353593
0.002822662695798275
-0.001100715930382258
-0.0020921480168078345
0.0006833539048445403
-0.001962037868126347
0.001211890228436218
-0.0018136744344376889
-0.0019821526490537197
0.000706607055492344
0.0009845973381787682
0.0025168185532174203
-0.0019191390908408494
0.0014143751626390644
-0.0001255100796799147
-0.00012170745012414236
-0.0027593013425501315
-0.0023565145073589627
-0.001478368782915625
-0.002881945080893502
0.002372226591817882
0.0023662437505880592
0.0016248259874532952
0.0006989006628771743
-0.0028600379959204973
0.0022698599490038095
-1.8565424609048777e-05
-0.0026866747070440388
0.0027849525867415454
0.0004878094295581101
-0.0014661757124962403
-0.002366184995791707
0.0016672249214685136
-0.0006406072617713005
-0.0010416085540901768
0.0006213450133800043
-0.0012020091495282118
0.002180666006803717
0.002057455561702915
0.0016022260267354784
-0.0024770372346563435
0.0003872057125315553
0.0006266665191029014
0.0022702901188840774
-0.0017172747251757493
0.0011240019043634118
0.000293170949789747
0.0006332391238652976
0.00048635352643676194
-0.0016690349007281342
-0.00042934986931153106
-0.0010755358779920927
-0.002293915144436743
-0.0009984752049776034
-0.00043904354254125635
0.0024584247856692387
-0.0020798234213396144
0.001862544800764851
-0.0013256624083297752
-0.000649576721226596
0.0016739141804889453
0.0021818909602919013
0.0001546427829581267
0.00013659910776387708
-0.0003967791551634965
0.0016828624852492213
-0.0025433548319741643
-0.0023108797130801766
-0.0012148561806691255
0.0024774241248914546
0.000734765145166307
-0.0018979905705879963
0.0024819382511493265
0.0017759616707250887
0.0022056805220699487
0.002085502728989078
0.0023684926923545346
0.00042535687290427057
-0.001045312117796376
-0.0005060622948271378
-0.002637470912264483
-0.0026463472143756677
-0.0008383969581764426
-0.0010321732964818009
-0.0020798439154711386
-0.0008103812261616729
-0.00016037526003322838
-0.0023719357911959607
0.0016589804598126966
0.001887952855488123
0.0018945311042277441
0.0005219230768054362
-0.0013245313493003004
0.00026758665641724976
-0.002931006393168788
-0.001090660994885357
-0.0026655824087088503
-0.002780964176153844
0.0007724267758342121
-0.0026550914107517456
-0.0007664207549695672
6.947755822674876e-05
5.4246213642421444e-05
4.717061300269377e-05
0.0015883072481922954
-9.501240455006858e-05
0.0017993843553654977
3.1459893193482025e-06
-0.0021113777041096363
-0.00015266077374428153
-0.002504990327926084
0.0029705192784197686
0.00032259478073222393
-0.0022599710515809595
0.002555481379861217
-0.0024772975545331484
0.0024726058727584663
0.0022821146638486835
-0.0012408393012649291
-0.0015669272124574155
0.0021895518706007084
-0.00224954507100946
-0.0005759502452519602
2.6727818276901794e-05
0.0021353421282592844
0.00039306092859286686
-0.0015911390884188763
0.00015917479946242312
-0.0015244537541253182
-0.0007885451463539904
0.0026516807299205667
-0.0016184481641950753
-0.0002915905235929589
0.0012214201863647604
-0.0022240755216847894
0.000993723083840204
-0.0015311124177665896
0.001439517296209795
0.002651391875949984
-0.0023568060862125995
0.0006730895804201867
0.0020439188815677568
0.002453627558188675
-0.0023514294014131965
0.0029150763409950984
-0.00045961351849668026
0.0026126111061012683
-0.0015098136752411664
0.0021875051810126764
0.0004624450700946572
0.0004934175072603751
-0.0005323857430917286
-0.00015260521637480576
4.9074789549120174e-05
0.0023138966912886957
-0.0020691206762228458
0.0015029949338432125
-0.0007922336914361915
-0.00021653594643618714
0.002496803665592187
-0.0008883262239838727
0.001821486544488356
-0.000548082143766036
-0.0011854475973501807
-0.0004775151924525066
-0.0005138649039014313
0.002501054239398284
-0.0029896065276393065
0.00013758066818934196
-0.0022019236972978186
0.0007728773468305
-0.0024571787959606056
0.002588273341175006
-0.0006078525458769334
0.0019717950600774813
0.0017454853076425102
0.002428157416735634
-0.002873639416076214
-0.00064230626108466
-0.0013825570822323706
0.0012466885001152792
0.001400134571422582
-0.002912112265292963
0.002189323201554869
0.0020396618769875996
0.002926127471331464
0.0029288626298830606
-0.0016802541476727897
0.0015582369976838307
0.0026005000671755337
-0.00048327265779808237
-0.002795811990772969
0.0011595943636183619
0.0008314474184279892
-0.0008978303373531945
0.0007530569221520208
-0.00070788604458217
-0.002911324469591899
0.00022255660011522753
0.0028409337605114163
-0.0007381065373076832
-0.0025303602613068383
0.0027893582122802824
-0.00041863433890349444
-0.0014641432057571854
-0.0015224960774726612
-0.0015399274305400112
-0.0003330066615885893
-0.0006565396979833337
0.00016982195955065
0.0013456205193167958
0.0013037017055104183
-0.0020800839999062983
-0.0020724718746483435
0.0027705652325994484
0.0021725299133567716
0.000277702255738923
0.0013153031650233148
0.0010628386920243744
-0.0027225758657547982
0.00046796431117484194
0.0027173099146625005
5.4799894835597454e-05
0.002466140097210116
-0.00031311811158304687
0.0019202233461701286
0.0017843675611995949
-0.0023309366899730787
0.002375882162031537
0.0028642801231566544
0.00047623421183485117
0.0018559197072921746
-0.002091288399279422
-0.0006878308740287291
0.00033943170754573756
-0.0006783488989106838
-0.002590939747431695
-0.0024079791674353613
0.0002801099001911653
0.0029840218367559223
-0.0024831880757004684
-0.0015217213387764415
0.00215299119003411
-0.0007230740716841931
-0.002079556404154576
-0.00031834890050531786
0.0014516039624085037
-0.002438264020756684
-0.0020570560312831963
0.0021869510192622935
-0.0022826955751095216
-0.0005025883832091307
-0.0025633853014264438
-0.00016606302181137707
0.0028511784863020865
0.0006026762357411947
-0.0013655398429575087
0.002595958725008101
0.0007981016376880723
0.0017982089884152203
-0.0029895661568496955
-0.002841990564340348
-0.001986808203868733
-1.9844755929205714e-05
0.0005562980325503251
-0.0009393368427784671
0.0027604892406992917
-0.0016754038991273978
0.0027492098139188523
0.0020194972975104385
-0.0016524902775309966
0.002181801331110722
0.0013645728558370745
-0.001248568300016605
-0.0013303846438847326
-0.0003319149626666877
-0.0008780458641747613
-0.0022121240949767407
-0.0006655562978386534
-0.0014653760187835032
0.000691769173559969
0.0004493652712864401
2.184884038976872e-05
-0.00025444381468195994
0.002808900067551843
-0.00013289126630119637
0.002505699712442187
-0.0021677930224244073
-0.0013788669457548124
-0.0022371529560925845
-0.00037990667308363717
-0.002850175261142036
0.0029457394309265264
-0.00030470252564234086
0.00023668201939395584
0.0026064683135239254
-0.0028514742047467583
-0.0011626412590429254
0.0009598594623233762
0.00013986513758406597
9.787723247270353e-05
0.0013720572343497474
-0.0024665171897468876
0.0009498617710578085
-9.33217121317294e-05
0.002856745479686956
0.002296108007349971
-0.0018557271478123023
0.0025597411860337517
-0.0028148204634313267
-0.00016553479882807807
-0.0007660253865687879
-0.0026843084466497244
-0.0008306159786439552
-0.000623212850371683
0.0020074413387546324
-0.001579214095731231
-3.342449863459043e-05
0.001522640193228902
0.0008695378433842644
-4.9443244943971065e-05
0.0012852188280222726
-0.00019973343211487308
0.0018562857235465326
-0.0006002251998733312
-0.002437045164356973
0.0009441565952680352
0.0006516469744403423
-0.0016145641250996324
-0.0013600924243108068
6.3505596519584755e-06
-0.0015658002665215175
0.0014120414396803175
0.0009159124741077154
-0.001015339509811608
0.0006474814861793989
-0.002307897496392246
-0.001045444947070341
0.0012624592045200984
-0.0007008733011397983
0.0020947550333588845
0.0022747003597074853
0.0021405187139275014
0.0024948952661068505
0.0013468178465155193
-0.0010220517964984977
0.0015133726415251514
0.0019785026248960377
0.0003946328820990967
0.002729743901608307
0.001970001835176825
-0.0009388982502193739
-0.0025136119781937693
-0.0004795791964754153
-0.0029649398505253027
0.001629569397045616
0.0014214227661291231
0.0012765451302607428
0.001936409489035399
-0.0029835660612192766
1.4825544667453061e-05
-0.0007133697186617913
-0.0018659715497662994
-0.002609320665554807
0.0008669768119825495
0.000864613756918545
0.0024972267514577822
0.0028599273188742464
-0.00045720291964128574
0.0024512601632422576
0.0003357110038707265
0.001753097063167927
-0.0015190072913565504
0.0014948308954476066
0.0008877102623900033
0.0003170812830495403
0.0028879285802884394
-0.0007577099003073765
-0.0003683830619313124
-0.00022451680717524994
0.0006076206214568778
-0.00032508055142857484
0.001770949494127586
-0.002269672648470847
-1.8427561657840142e-05
0.0018368381805344714
-0.002954872385262019
-0.0016450383305787204
-0.0008234347973111703
0.0014415412306139908
0.0016192235377248607
0.00028687838207507423
-0.000751626996555461
-0.0012356994948571956
-0.0023823413043535637
-0.00039505840266634753
0.00020959687652214115
-0.0003548947031665772
-0.0019147069579050831
-0.002966688493629505
0.001812665665038387
0.0022706466938475266
-0.00026832867026192146
-0.00024355116719935663
-0.0016636088050934424
0.002792153969033666
0.001665080459786048
0.0004940038046697894
0.0017263466781053463
0.0020912248636670615
-0.0023423931434068505
-0.0011642796279907788
0.0012218838822779772
0.0005953845586798684
0.0006461047449229955
0.0007818894615734405
0.00012423268682769427
0.0006324097866521224
-0.0012366024712662546
0.002614756799411695
0.0017057764206509125
-0.0015266685423248683
0.0024163464502223366
-0.0009313129267360248
-0.0013529858459232357
-0.002222240604229839
0.002093220161699866
0.0016960615205550804
0.0010347357531208896
0.0005349899585836986
6.710631802211943e-05
0.0022225300910280552
0.0012327558106288768
-0.0028185506529558825
-9.080209068990314e-05
0.00104396225448915
-0.0015572726822403688
-7.721793866036046e-05
0.0016288366280003963
0.0015939546968444284
-0.0015613682020576881
-0.002817873659001597
-0.0014629163273740609
0.0021440314484237073
-0.0009811510768004158
0.001807524576154752
