2.9394465530081196e-05
0.00012185004998612869
7.212681911469447e-05
-0.0001463059267842916
-9.743091380354368e-05
-0.00013711011629878407
-0.00022869139191753716
0.00015453897929652974
-0.00018411496652060908
3.7782349904102585e-05
-0.00017663254258060558
0.00019340533256777687
0.00011148732522096692
1.836763661580904e-05
-0.0002980231522382891
-0.0002724641892805406
0.00026526847864282913
-0.00012812599171860273
7.448813908358574e-05
-2.1555705457274607e-05
-0.0002679116532993021
-0.00018793187898723387
-0.00020563912708834763
6.680669466037841e-05
-1.587830741002456e-05
-0.00013411340548749275
4.6317539254693346e-05
2.492777556953492e-06
0.00023438277167429645
-0.0002708036007083962
-0.00019751477283555047
0.0002620207158772777
9.53825364260631e-05
-0.0002523346245109195
-0.00017671130909028749
-0.000169957205709173
-8.733508609644325e-05
-0.0001699577844061706
-0.00013943384474708866
-3.0243334817859637e-05
3.9652878431977595e-05
0.00015281259090425863
-5.048907763568816e-05
5.797493722139584e-05
7.345597354187547e-05
-1.5191440337544433e-05
0.0002731203562085886
-0.0001860887409174565
0.00026368918090840366
-3.2280918505846396e-05
0.00017585049216082145
-7.278707917322938e-05
-0.0002549792369026088
0.00011108060114276632
0.0001655112533900523
0.000203056555042708
-0.00014176602934484517
-0.00019461477203969434
-0.00023633641356637946
0.00010944308361168998
-0.00012449428258360886
0.00019773900660489675
0.00017499461050305516
-0.00020758834044225775
6.786540074876931e-05
0.00018135486105759935
0.00023306911528736622
-0.000242861293681326
4.026406324753154e-05
0.00010625159222242987
7.735283387563715e-05
0.0002232874961401199
0.00012241602435293587
0.00022011576182778505
-0.0002997009123169418
0.0002582426165215784
-0.00024188558400547086
-0.0002397743878793462
-2.7898480754358628e-05
-0.00023208757795791364
4.6745113254100326e-05
-0.00012520112246219297
0.00014122287244377107
-0.00010859056147542471
0.00029292567276156155
-0.00024215742043580518
-0.00023877540136074758
1.9417083391201477e-06
0.0002370763567739026
-3.293696494579548e-05
-0.0001706572080357545
-0.00014534898792504172
-0.00022233010270005112
0.00018642218812820653
0.00024474926557394727
0.00016636808259439282
4.4336631342618827e-05
-4.813706890758305e-05
0.0001327947038732849
-6.594290818767959e-05
