-3.214282965358724e-05
4.4298179835847516e-05
-5.714802188272263e-06
-2.323452409838166e-05
-1.24802406053852e-06
3.978439137195731e-05
-4.021136607771028e-05
7.641085760342015e-06
2.7627548239821527e-06
2.468050609873718e-06
1.1984960590026148e-05
2.1224511931997423e-05
-1.1590508088463869e-05
-5.343076899115073e-06
-4.434923298505013e-05
4.675818528547867e-05
-4.717607277058408e-06
2.9812275525779748e-05
1.7117599028303332e-05
-3.779505562243123e-05
-4.970735133953487e-05
4.282369368518362e-05
1.079833907558809e-05
-3.948855824230149e-05
-3.844377223862685e-05
-1.641005747723723e-05
8.381329599749884e-06
-3.5760115106583942e-06
4.066522380968998e-06
-3.6740252496589776e-05
3.8980934605438915e-05
5.135146449003868e-06
-2.2640385466673134e-06
-2.9103162621833245e-05
1.4316057351521464e-05
-9.658560225708354e-06
-3.202147793103989e-05
-1.6831958668330607e-05
-9.370390678143129e-07
4.708826159550185e-05
-1.4499227978668873e-05
-2.3250632473946154e-05
-2.4463993573592327e-05
2.9306003234363312e-05
4.500290201060024e-05
2.8878121740954757e-05
3.9666691037220924e-05
3.330929111500714e-05
4.3509053878631015e-06
4.4078252518307954e-05
2.6188824857838514e-09
2.7404879489512986e-05
7.3633254307778765e-06
1.8176154298552915e-05
3.8111075906705436e-05
-4.376675045161406e-05
4.012390941017907e-05
2.7506496352468875e-05
2.5009429079059606e-05
-7.151418629435147e-06
3.9816344405962374e-05
-3.3836416999197006e-05
-2.560198091934114e-05
-1.1093977723254298e-05
1.93353994013955e-05
-1.4594875794618403e-05
-3.765067325473879e-05
4.463526190226626e-05
-8.24247079793464e-06
6.313796153597515e-06
-1.1400402183756478e-05
4.4834903828929605e-05
-4.289129225698686e-05
2.859742595268e-06
-2.4795882710764338e-05
-7.0373496836452336e-06
-1.8785730810587357e-05
-3.405584624786849e-05
8.685966343737786e-06
-4.206214532938699e-05
-1.4082240292466106e-05
-2.183411792865645e-05
4.8096815027074843e-05
9.427216584784913e-06
4.6230456681152844e-05
2.7488431029035257e-05
-3.3454052446585576e-05
2.3054597219142527e-05
-3.2515358107230775e-05
1.4711867079604577e-05
1.678323646620675e-05
-2.526877478203129e-05
4.8754283947899964e-05
4.7011396808400504e-05
8.647223724394967e-06
-1.8743593281730018e-05
-2.3512196317299217e-05
4.554128098853497e-05
-2.053463128207135e-05
4.630999439476812e-05
