-0.00012931893032776048
7.633967881986092e-05
5.381475074891313e-06
-0.00016203974685801876
0.00025693831672215156
9.788173957946513e-05
-0.00028798485682206103
-1.1602499527550063e-05
0.00011900594477714838
-0.00019854279732423068
-0.00026769700493113195
0.00015709477404822773
0.00026039054868113735
2.600341822983946e-05
0.00012688726716395655
0.00010882368385753036
0.0001299663191141763
-5.3086617329775826e-05
-2.846812983787469e-05
0.0001377545650537311
0.00015048134594085398
0.00017743510897862147
-0.00013245694054626336
-3.9570434770957194e-05
9.580581828789124e-05
0.00021918731104880507
-9.808375225696977e-05
-0.00014862032814854674
8.409691499854327e-05
0.00022422294740937805
-0.0001849221276443178
0.00015960280228976203
8.357357690413198e-05
-1.329941335185506e-05
-0.00018730906538570773
-7.59403727040625e-05
6.763197407098383e-05
-0.0002426771916638197
-0.00017289356166861296
3.753839092869387e-05
-0.0002925652566790629
-8.953538092557417e-05
0.00011337394173436573
0.00010899410863298456
0.00018107272611573205
-0.00014845992064727303
-0.00019791519935428954
6.407519878772307e-05
0.0002811093805825926
8.446387362010205e-05
-0.0001812655217449565
-0.00010970379150196963
8.866966568000947e-05
-1.850550632788412e-05
5.9509724810319906e-05
-5.163376369575435e-05
-0.00015160002736302433
-8.504575049954539e-06
0.000254427920766428
0.00015695758254988886
-0.00028799880048666635
-3.105438858984436e-05
0.00026430774205080484
-0.00029642470868737223
0.00014316273215257447
-1.9704613449841217e-05
0.00024294511249708153
6.816868227686886e-06
-0.0002652072220317596
0.00029267006533855534
-0.00029321654934040065
0.00019486060527372935
-9.946833730554763e-05
-3.0857356983707914e-05
-0.00012373666610847298
0.00010370693006486845
0.0002764449845164641
-0.00010382483174666219
3.975400500571917e-06
-7.429738093977763e-05
-0.0001439248003168889
0.0001907162288455945
0.0001618237988746005
0.0002456632830625302
0.0002088895486532032
0.00012455442378421418
-7.582331338315014e-05
-1.003292919908019e-05
0.00025157499052437315
0.00026828818552690183
0.0002720491390171482
-0.00023883888708576536
-9.827937355691064e-05
3.5448507546535985e-05
8.502507869455019e-05
-1.911967882674005e-05
0.00026984166593040825
-0.00017909750543576626
-0.00013200315448032472
-0.0002857740785812484
