0.0002903649548720185
-4.352132488409362e-05
-8.722483138762062e-05
-0.0002430643480057281
0.0002374919922747734
0.0002173921615898975
-7.376401369807418e-05
-7.304069298438254e-05
0.00019994830463890327
3.27521893850036e-05
0.00013693663352673242
-0.00014451970551550628
0.00025990612400639816
-0.0002420785630392086
0.00024427736095257126
3.966030716081632e-05
0.00020329322168832054
0.00028411031584778414
6.867846879735588e-05
-0.00029793871755883915
0.00018889145467827876
-9.370360515715401e-05
0.0002561974418948038
-0.0002601571231350412
0.00021724867954142033
-0.00027863321267332126
-0.00026116728788467934
0.00017169124585544822
-0.00010404725570593292
-0.00022408942979484486
-0.0002854006000144084
0.0002192694698096112
0.00011325491094671609
-0.00015481834147568338
-0.00021403331223701898
-0.0002779353651587794
-0.0001405448031882395
0.00013034027597247263
-4.512465825637921e-05
0.0002546770945383615
0.00021957958374679837
-0.00018446733963250808
0.00029660293070028185
0.00019597444323064345
0.00021859318644800694
-8.451821159619288e-05
0.00029214673983876427
-0.00017896003609536675
0.0002036165056148814
0.0001848797645324999
0.000297946620389148
-5.5642130509645415e-05
0.00018111521588383954
6.9744970799309595e-06
7.331086632988949e-05
0.0002686773923169506
0.00017161660883806913
-8.37371362149827e-05
-4.09116309493103e-05
-9.81426962117038e-05
0.00019251066070127327
-0.00011900949875188446
-9.174685026221383e-05
-0.00015208298473144423
-0.00012553314422926424
5.4461109245094476e-05
-0.00026255217886257074
0.00012052639370841779
0.00018764345403805187
0.0001694806155999919
7.900034426014326e-05
-0.00017072495250113962
9.158091805984572e-05
0.00023863006403786348
0.0002618137356139661
-0.0001332825187130217
0.0001780364549642513
-0.00019713693140823197
-7.244096340160717e-05
-0.00024217048552412838
0.00023264012499824444
-0.0002912977338460818
-0.00011606476358086635
-0.00021310587149295872
-0.0001554409103519979
0.00013095740663823563
-0.00022078700567199923
6.630960065470004e-05
0.00016595721207193455
-5.5098054325712663e-05
-1.3366828859567306e-05
9.328026213647382e-05
0.0002950510250813758
0.0002768037971173951
-0.00011783259748557491
-0.00021130434558640796
0.00010272295137322762
1.1973720875425625e-06
-0.00014783989352270765
1.839311032873108e-05
