-1.6718826825692966e-05
-1.321058257899779e-05
2.352643608359221e-05
2.996152107473158e-05
1.6383614595435676e-05
1.2949158185454028e-05
1.0588077949860983e-05
2.9585711194298456e-05
-2.4278091050167596e-05
-3.352141901849728e-05
-3.508469301748657e-05
4.364064973114153e-05
2.0256104606711365e-05
3.107753225609496e-05
4.07194387725466e-05
-3.819820365321428e-05
-4.0197332784960865e-06
2.9974895070087995e-05
2.6900567978479607e-05
3.723797429938476e-05
-2.9112057129879368e-05
4.18239564175818e-05
2.8116773723953078e-05
-5.2016615054340545e-06
-4.2208709829437545e-05
9.61657071655029e-06
-9.78881315977207e-06
-2.368741856319334e-05
3.133321619209012e-05
4.597713433983524e-05
1.7726285005472557e-05
-2.0763651284613728e-05
-5.169923881803395e-07
-3.158503636150505e-05
2.1847431821593826e-05
4.957171118205145e-05
1.7254329568960163e-05
-1.4910933352145332e-06
-2.1573207278791108e-05
-1.3715912601958507e-06
-4.485883652776608e-05
8.986587637621877e-06
-2.4817716339810636e-05
2.7401377500026732e-05
-3.656005903722265e-05
1.2825866872129641e-05
-2.604737277902175e-05
3.709234072259204e-05
-1.560595037413827e-05
1.2805925533470167e-05
-8.343916844853196e-06
1.4761516104549095e-05
-1.139177411764092e-05
-4.428970844138083e-05
1.5193881497234102e-05
2.2971539499837153e-05
-2.2639567384075823e-06
1.0287212604825622e-05
-2.144398821590619e-06
3.820625921699845e-05
-3.9964144988121836e-05
-4.965238912608847e-05
2.842248647789463e-05
-1.9035205153511593e-05
-8.772391162444114e-06
-2.5469331010246068e-05
-1.0926578035631997e-05
2.8535469563583238e-05
-4.1170450451072405e-05
-3.376013597986416e-05
4.45221812921983e-06
-3.246131071397407e-05
4.38406009370736e-05
2.9272295815582486e-05
-1.122149377951455e-05
-5.060223341783045e-06
-3.108512078936436e-05
-1.5844123551412712e-05
-1.1277001833695997e-05
6.3599086107409924e-06
-4.6881451867233485e-05
-7.518691517094778e-06
-4.558352469969686e-05
-2.4649698068167575e-07
4.423090910747385e-05
-3.9187146469890866e-06
-2.797625638833894e-05
-3.760124697943084e-05
-4.65982403667357e-08
4.606689851402896e-05
-8.531795648131368e-06
2.147445465664863e-05
-3.2965960498430446e-05
3.863150975494137e-06
7.243453176317027e-07
4.774377697313209e-05
-2.623917993982071e-06
-1.0670092166480236e-05
-1.741114528741161e-05
2.9343807142716962e-05
