9.929035470686642e-06
2.1652738606626322e-05
1.2412160968436953e-05
-2.1774270106933214e-05
4.588386811654325e-05
-2.444582905609961e-05
2.5545868403569845e-05
-3.8198107374997514e-05
-2.096243323255308e-05
3.43824914492092e-05
2.19972724998627e-05
-2.9563058424280755e-05
-3.559229759161187e-05
-2.61338495323586e-05
-2.322700547968124e-05
-2.1172634633896504e-05
-9.966164885175635e-06
-2.2185375590522962e-08
3.773423471416734e-05
4.149033766153123e-05
1.6282653700252455e-05
2.290570703682075e-05
1.7393237674658296e-05
2.9635189242848487e-05
-4.596741726121056e-06
4.514166403612948e-05
-4.255733719972692e-05
-3.078386186255885e-05
1.8914104656155103e-05
-3.574909638586438e-05
-1.966161651125673e-05
3.235262010859572e-05
1.2937490466734875e-05
-4.387734874012206e-05
-9.373426085278598e-07
-1.8994464514680364e-05
1.1296762394592094e-05
1.3458736495514856e-05
-1.0045679236577597e-05
-6.024807687711609e-06
-4.8472690112220766e-05
-3.626860538793031e-05
1.3794271970480117e-05
1.1313053139383801e-05
-3.2168873173150315e-05
-3.224820564289166e-05
-1.631911834933448e-05
4.389520036743309e-05
2.827614335334069e-05
6.1700700836599755e-06
-5.326684358877052e-06
-1.3896107038266871e-05
3.077270672180463e-05
4.233591817855219e-05
-1.6917732600500677e-05
-1.6563434394012023e-05
-3.528757202077816e-05
-2.9208534397761322e-05
3.157639141521067e-05
-4.497579412738148e-05
-1.0558076302492146e-05
1.4067161875875354e-05
-4.145713617008246e-05
4.928067007907294e-05
-1.299867847186229e-05
-2.7540137405529575e-05
-2.100597134986013e-06
-4.222650409799733e-05
-1.4677858077591412e-05
8.392175278768588e-06
-3.0674621053516704e-05
1.5878364058398953e-05
5.183268674105229e-07
-2.0173524049852756e-05
4.44248715362741e-05
-1.7767908023792666e-06
-4.119626132596324e-05
4.4089876849652157e-05
8.912031162770097e-06
-4.5891279452044524e-06
3.102405628486395e-05
1.5433433041180178e-05
-4.5312162269635516e-05
4.0839354006312166e-05
4.8849477026725005e-05
-3.359459290070782e-05
1.2454363125792862e-06
-1.381257279873931e-05
-2.4329306773846293e-05
2.213020222112505e-06
1.3060545538231404e-05
2.998952652988099e-06
-6.0991483378491015e-06
2.5144055002183453e-05
3.81465494821373e-05
4.0895665732715266e-05
-1.2672721451413886e-05
1.991882443206556e-05
1.8117157060803053e-05
4.321135927707029e-05
