-3.894946363034891e-05
3.201559292562184e-05
-2.9681199531793146e-05
-4.3040943405459345e-05
3.0174036734828917e-05
1.4886862736874873e-05
-2.86189914846526e-05
-2.9733863422086007e-05
-4.766885955683207e-05
-2.97471680751633e-05
3.855921487246952e-05
2.0778894397496525e-05
2.4407688651330952e-05
-2.2742384590722435e-06
3.066791318320603e-05
4.093834282635207e-07
4.0438504458571366e-05
-3.387328101382075e-05
1.0948646869507304e-05
1.7904422995202982e-05
2.497239022814744e-05
1.9297527549600923e-05
1.5764582060547723e-05
1.5549717924206185e-05
2.356994571249559e-05
-2.3572616719566905e-06
8.187616260560684e-06
4.308683000812692e-05
4.0753406728014306e-05
-4.5055019402378875e-05
4.658073483403517e-05
-8.5185077628807e-06
3.6302978296747294e-05
1.8381691886468168e-05
4.4955308165090436e-05
4.4513834831019885e-05
1.9939898204619792e-05
3.0313802685271684e-05
-1.9906034670032547e-05
3.11057939086334e-05
-3.235654226651612e-05
-4.838375469308744e-06
1.1508482436458206e-05
-2.044221540480571e-05
4.370022058972372e-05
3.913034246695892e-05
3.883123266468335e-05
2.2534305194139862e-05
1.100817052987203e-05
1.536260574122748e-05
-4.3365881507190555e-05
-4.6953510868309125e-05
-5.582829160012895e-06
-2.4702838404883633e-05
-1.1099379842986671e-05
1.9901387307484768e-05
-1.830338820955341e-05
1.240466353901493e-05
-3.5280548183497565e-05
1.3862991389044599e-06
2.8010146405081192e-05
-2.2785065890373425e-05
-4.869953508769178e-06
1.5706011831999486e-05
3.2882902157062794e-05
3.856095085685632e-05
3.737065310908196e-05
-2.30955721384049e-05
-2.6265031105728e-06
1.2632122606720123e-05
-3.77922569959154e-05
3.637601693247334e-05
1.4807019506218596e-05
7.995407865047624e-06
3.970533314293748e-05
-8.249579199556333e-06
3.5516337269155e-05
1.1831258514012316e-05
-4.231367742521099e-05
-4.475550031175346e-05
1.3771295765945624e-05
3.800183071428585e-05
-2.2962245226490483e-06
5.700033125129568e-06
1.2491703145517729e-05
4.4340842444460145e-05
-4.250463133435487e-05
-8.50814936427201e-06
-4.407915944486768e-05
-1.845647688311122e-05
4.800874789289395e-05
2.981177679186262e-06
-1.1629215479220201e-05
-1.6865292854133707e-05
1.6718199140409158e-06
-2.7623138833194252e-05
-2.0746328631288046e-05
-4.6462598290880254e-05
-4.3947815285431584e-05
-2.1929151401725056e-05
