3.7480535670103306e-05
-2.0021436151103356e-05
2.7197003647523212e-05
2.331944538781256e-05
2.4666549433242783e-06
2.609332087589892e-05
-4.522868815617596e-05
1.8626822103945874e-05
-2.7065146133186002e-05
1.0775488113964284e-05
2.7589377431668713e-05
-2.8569477074203378e-05
-1.773996541712044e-05
2.4357237256315428e-05
-4.138740046672024e-05
4.127273930671723e-05
1.2191025730072789e-05
3.327676067784777e-05
9.742645511067419e-06
-1.8082939177031766e-05
-5.291502062511764e-06
1.3698549178320668e-05
1.2504140971118114e-05
7.756504785017928e-06
5.485114066709304e-06
-3.3278509224623354e-05
-3.377222086455473e-05
-4.542388061889531e-05
1.5348910174633507e-05
-3.713204175152408e-07
-1.511737541571382e-05
-1.1309494770774206e-05
-1.713394471239577e-05
-3.9020596786087395e-05
-3.099346595972712e-05
-1.687312287221201e-06
1.0437245042143574e-05
3.966711537698904e-05
-2.2495103856558564e-05
-2.8205738190711817e-05
-3.3641933997506383e-06
1.2016284487192167e-05
-2.960395074943272e-05
-4.605078048435902e-05
4.6880865581805144e-05
-1.746063812052918e-05
-5.530799389105444e-06
-2.077004398859166e-05
4.424931217782422e-05
-1.3200378785278292e-05
5.0069355228990494e-06
-1.3200709381104906e-05
-3.4833985192064224e-05
1.3872432636558359e-05
-6.8276563853942535e-06
1.161753273823875e-05
-4.894304006878823e-05
4.5085274308208444e-05
-2.517691239120923e-05
1.0277914848934675e-05
-1.1105278243605588e-05
-1.0406682997603422e-05
-1.190027478968423e-05
-4.20086503827095e-05
-4.8110174400069e-05
-4.185209854794648e-05
1.3211881504230273e-05
5.3787275201990135e-06
7.3297619333400265e-06
-1.905041300527914e-05
-3.597105512561216e-05
-1.8958954674630457e-05
-2.4593712123253442e-05
3.598289193078387e-05
-3.5646327069529064e-05
9.486953001820183e-08
3.8816398816875895e-05
-5.513948482130536e-06
-2.138682450199232e-05
-1.1618978134684742e-05
-1.6315813338596175e-05
-2.1412548980103185e-05
1.9201176202700245e-05
4.961735720818194e-05
4.2626525182402695e-05
-4.1223913587017494e-05
1.2479064983358138e-05
-8.172306364222283e-06
-1.3429598499475473e-05
2.1471607189774227e-05
3.1173931012902434e-05
-3.491634525874752e-05
-2.3366102183904892e-05
4.0648715754939334e-06
1.3018352973534105e-05
-3.428998683594965e-05
-1.4237512814054919e-05
-4.403307941883945e-05
-3.3341272262998115e-05
4.370330711795339e-05
