4.480174802223152e-05
3.477683813398351e-05
-4.831471694426512e-05
-1.6689914400875685e-05
2.8482598119020345e-05
-3.2424638229407935e-05
2.7392239691158473e-05
-3.529066126448263e-05
4.9430664439741114e-05
5.901879520652221e-06
3.088428796526237e-05
-4.583386294741595e-05
4.621338836326302e-05
-4.602981288018504e-05
1.108473733857584e-05
2.3806956473522918e-05
-8.400406365988454e-06
4.220050721198865e-06
-4.596663337729656e-07
3.566410398202257e-05
3.9704047577440487e-05
-1.7269895139304036e-05
4.101626151482872e-05
1.3323842867810216e-05
-5.173738544235174e-06
-4.712145552615995e-05
-2.2755781949157607e-05
-9.476031046749436e-06
4.6424553243887776e-05
-2.424019648314798e-05
-3.44253686639328e-05
-7.0798392729291804e-06
1.2737016635271845e-05
-3.8729417801419764e-05
3.0187893268066687e-05
-3.0271229353614282e-05
-4.6070654627443444e-05
4.6546090152842295e-05
-7.3985508400983805e-06
2.724381168480218e-05
-2.6679875677262144e-05
1.795389687583154e-05
-1.8398249449989326e-05
1.098281279528336e-05
3.750662650707664e-05
5.771766168320691e-06
3.489153166555363e-05
-4.614253687538584e-05
5.789760664642699e-06
3.785568920928611e-05
-3.943698239574376e-05
-4.740840533885811e-05
-4.6491369632507374e-05
3.6146810420958825e-05
-2.9840767625790056e-05
-4.2401476469953074e-05
2.711986989053883e-06
1.4063971677197902e-05
3.309644935991991e-05
-4.672828844045937e-05
2.0410801048168996e-05
-1.582907630260797e-05
-4.539438028750186e-05
3.8528866138958205e-05
-2.7853640184145213e-05
-2.6205273931355268e-05
-1.8887296242673368e-05
-3.4806442828558516e-05
8.856412563263952e-06
-4.70436931209656e-05
-1.1104069402117592e-05
-4.710715500709407e-05
2.1846923231356342e-05
-4.6501641665934505e-05
-3.080720688614832e-05
1.588886871946839e-05
-7.457684431111999e-06
-7.071764064802097e-06
-2.7396161867663218e-05
-3.487583709170636e-05
-4.640929470541677e-05
1.2908261055438902e-05
3.8677735331667426e-05
1.2193896231833474e-05
4.080386745295277e-05
4.233440949418802e-06
2.7226247208241948e-05
4.132797415201497e-05
4.5867596696823645e-05
-4.9192773656560154e-05
-2.2425673147281944e-05
2.884046610519911e-05
-1.9680391925832986e-05
4.757194038371666e-05
-7.945662808132482e-06
9.744055738288307e-06
-2.555827980153346e-05
-1.3868453010759788e-05
2.0246895873569057e-05
-2.6308897825653202e-05
