-0.00011391791329864746
-0.00022430458770662592
3.617578845936111e-05
0.0001078621930128664
-5.314478834594655e-05
8.646120092806208e-06
-0.0002782848403014328
-0.00018709703076657391
0.00024690011867919975
-0.00024499231942097917
1.9895703741199292e-05
-0.00017099806699279104
-3.353357492298474e-05
1.0429016955213822e-05
0.0002432834864146502
-0.000268869440407663
0.0002947501739957277
0.00026722389843605274
-0.0002399471500205409
8.409299512036992e-06
0.00014480126678545583
-0.0002773501224272501
0.0001654859826551912
-0.00021039633525480873
-0.0001601690683059784
-0.000137546858586366
8.937396234063119e-05
0.0002857775187807236
7.032093491674994e-05
9.983091287189247e-05
0.00010630547554493834
0.00015966722289695686
7.885787708813877e-06
-8.320962406339178e-05
0.0002443534300599917
4.5041772333099064e-05
-0.00019949857559110063
0.0001271130624296792
-0.00027296496175403665
-0.00019618890142790614
4.4171642245094313e-05
0.00020298711325090107
-7.971797339733784e-05
-0.00010841679521227452
-0.0002919191374759364
-0.0002216444944268088
-2.947877711381643e-05
0.00021680568938094706
3.117671780065198e-05
0.0002887095607819387
0.00015445902543126166
-6.541676706878178e-05
2.0223843995852034e-06
0.0002967988024901909
-3.153993491017339e-05
-6.284922859871203e-05
-0.00027035152025537855
-0.00015114777418078832
6.213972903642862e-05
0.00014392652054227492
4.76840604833953e-06
0.00016262745436204158
-0.00012455100676005457
0.00017772360015711906
-0.00018617912435778147
-4.5828454984513046e-05
0.0002903966807557014
0.0002254350567784614
0.0002590451282343265
-3.1603184280042833e-05
-0.00021745672284998434
-0.0002886223932522092
0.0002667771065734225
-0.0002760702522804973
-0.00015017985251987093
-3.82228765230883e-05
0.00011871394760111444
1.4832896175723958e-05
7.990781374452255e-05
-0.00023295160202733425
4.170571840271108e-05
1.224309160002601e-05
-0.00013538192807894004
-0.0001282022058039355
1.8710818486359704e-05
0.0001200647423625786
-9.97958304020873e-05
-0.0001937682599873986
5.6105485906697723e-05
0.00012008605087156156
0.00028284671746318853
-0.00027088891173708606
0.00028187228702239176
6.768705776183755e-05
-0.0001795383594323869
3.002936032902605e-06
0.00013488335580483387
-0.00014179129732578302
-0.00025964832778399414
0.00028759164729947657
