-3.376516245681084e-05
3.511240502778699e-05
4.887591145089797e-06
-4.058163721549596e-05
-7.852721650586428e-06
1.2048299611627673e-05
-5.273281596761983e-06
-3.133012349704351e-05
3.6522737930535776e-05
-3.524403783554774e-05
-4.8118415600468356e-05
-2.1189485656882636e-05
-2.4105377931624933e-06
1.6275431981858388e-05
-2.8405862197330557e-05
4.7948182421535115e-05
-1.045099577077974e-05
2.2704599357356455e-05
-4.291202671876805e-05
4.488165925016499e-06
1.3089636972012356e-05
-3.968603776894487e-05
1.7754069594351345e-05
4.341155705866443e-05
-8.368190759729402e-06
-1.9542342539978777e-05
2.8101042083910427e-05
-2.215938355196691e-06
-4.319725435600949e-05
-2.0200794213883068e-05
-4.9497332084869644e-05
-3.908951406412825e-05
5.399190480112125e-06
2.9124855395974276e-05
-2.342153020552663e-05
-2.344948694521707e-05
1.0872611407624589e-05
-1.9472048377980244e-05
-3.5764524186684407e-06
-3.5450723997994905e-05
-1.9465343606165064e-05
2.9436829505900072e-05
1.5784577795183785e-05
3.251629271356757e-05
-1.7386458906272072e-05
-1.395241397529252e-05
4.309011650571949e-05
2.9283652805771168e-05
3.421488615274069e-05
1.805494876099088e-05
-2.0150967152569245e-05
1.5387686724596893e-05
-1.2346542537467588e-05
-1.9765053633230267e-05
4.109265856979051e-05
-1.238714356102715e-05
-2.134210511286996e-05
-3.754876143752151e-05
2.574722284384791e-05
1.9759431662279697e-05
-4.5071153145007786e-05
2.8362158207480554e-05
-4.852911347458943e-05
-2.8417152367740562e-05
-2.9596907713567213e-05
3.616033890171916e-05
-4.634221642730957e-05
1.646955724406994e-05
-9.270309607382047e-07
2.6912465893183403e-05
-4.0421398473336966e-05
5.346186593967341e-07
-6.8843886032438396e-06
1.1694651771095747e-05
2.0127562662460988e-05
8.346094654339235e-06
-3.6268299614569034e-05
4.450786915780555e-05
-3.391162849547762e-05
4.413415634505297e-05
3.4962617399674234e-05
3.696424223527264e-05
2.293670783351476e-05
-3.987290019109822e-05
3.324804932104147e-05
-2.9769828080147712e-05
-1.9891358219449085e-05
-7.958065304679376e-06
2.182693077602922e-05
-2.150611617804831e-05
-3.084309104481062e-05
1.032752120324051e-05
-2.597769705208114e-05
-2.160364276207054e-05
-1.836674664030904e-05
-1.7462730224516864e-05
-4.226450833719032e-05
1.71315611630416e-05
7.1253025621509014e-06
3.9395919223532095e-05
