0.00019194611560861293
3.375581376514631e-05
0.00018925665528172255
-6.426964073455004e-05
-0.00027363600441907134
-0.0002628216380937749
-1.6099588470955175e-05
7.106990957088909e-05
-0.00023429095732238899
-0.00019073228430791314
0.00024507373383683483
0.00012527013000237234
0.00011329772049308815
0.00016434897262043784
9.918618250468793e-05
0.00022659964089225508
7.463687424345941e-05
0.00012907334261672525
0.0001673185297310718
-0.0002466496839590167
-7.96774629627226e-05
0.00026915845335250015
-0.00020800742536776585
0.00018732050652355242
0.00029344695355710025
-0.00020040963015010487
0.00015013572047657112
0.00015421897004251682
0.00014669300096983065
0.0002819756103221289
1.951531961404677e-05
1.9170687442691525e-05
1.0316632847432946e-05
7.690689938368023e-05
0.0002671410097951268
-0.00019897043721392032
0.000274370550757021
-0.00012430227951166904
-0.00014816856101593042
0.0001799029402227586
3.43929512807348e-05
0.0001278410280495874
-5.2237799063156254e-05
-0.00017137736813581617
0.00015800704374954668
-8.919579777572881e-05
-5.58166360197586e-05
0.0002661524442188447
0.0002536200422424938
-0.0002962876549416244
0.00018657741803391776
-0.00016057657314870976
-7.68988538839518e-05
-0.0002135014429052003
0.00021069700305247492
0.0002036548491027278
-0.0002347113443349468
-5.549574636759026e-05
-0.00016060642769739222
6.695107333687579e-05
0.00024350050241196182
-2.3030484080660758e-05
0.00021925210045388568
-0.00013083784857524723
-0.0002713226265513599
0.00023869350408488793
0.00029632872614243486
9.470576430600346e-05
1.2675042377388894e-05
0.0001321869472494005
0.00023184197512291486
-0.0001559244248713107
9.858945242130235e-05
-0.00015734610292088164
0.00021571561974170875
-6.905399718684177e-05
-3.187529141510429e-06
0.00018150244731466323
-0.00021235025614180382
0.00015903802139515352
0.0002715001148715014
0.00028810940478508825
-0.00013971361291548157
2.9290397957845292e-05
0.00020890276568777633
4.33647093210934e-05
0.0002876527377092208
0.00021307801020712807
5.8947946453809426e-05
-0.00027939767118250966
0.00028664807983715097
-0.00023612053002417064
-0.00028394488923743277
-0.00024692763809617315
0.00016573598368449847
0.00014380053216135461
-6.545179710116085e-05
0.0001572219339908207
0.00021217302324480432
-0.00021320920951160648
