-2.9750050346807986e-05
0.00021919164355511527
-0.00013246743355336472
-5.216010679467677e-05
-0.00029588036465023535
-0.0002575864271701833
0.00010242418714021993
-0.00013010251012184802
0.0002035909169038397
0.00018431958053091176
7.357548410999302e-05
-0.00018974500233650144
-7.16565051595583e-06
0.00023344388871755203
0.0002533562091037958
0.00018931733065258159
-5.476225236851983e-05
-0.00014413602462407757
2.4742955276248636e-07
-3.863148677595344e-05
0.0002277280645806117
-4.0552191834073434e-05
0.0002248127103745662
0.00022620271716986
0.0001228426307508995
0.0002761716885701005
0.0001538349586722818
-0.0001992146055596317
-1.8624086021176147e-05
-0.00018643118424238933
-2.8750522355086127e-05
-6.32941827283261e-05
0.00017565386349499383
0.0002584111514741326
-1.7464103098998598e-05
0.0002890947353992699
-0.00016895042113264578
0.00024181404780638241
-0.0002680444452365828
3.311548463926032e-05
-1.3262917281967122e-05
5.033420359600965e-05
9.118959669146131e-05
0.00022965421484601878
0.00023037142411334047
0.0001734942948535719
-0.00011523842119245985
-5.780818409815099e-05
-0.00021211936629022914
1.0983920463078912e-05
-1.892760629312629e-05
3.8599719233192806e-05
-6.690897024014044e-05
0.00021977222248622603
0.00027775056261106673
-0.0001224217807424185
-0.0002852357883346292
-0.00010951729190637478
0.00026154355869577724
0.00015169498661301212
-0.00024481860714489827
-0.0001717279905149286
0.00026526452344955445
-0.00022922523115491428
-0.00020861298571078107
0.00022758587754019972
-0.00029729727138494324
-9.260253864028136e-06
-0.00024795241870876147
-0.00013493215035177656
0.0001392313245322584
-2.654451137788403e-05
-0.00012462050124411033
-0.00029274329211631853
1.062998385099645e-05
-0.00024073239358314693
0.00021174885003390768
-0.00022219210186689314
-0.0002569208684640253
-0.0001237389582710797
0.00022984218120699408
-8.312849240447873e-05
0.0001661538742406555
-5.955058309789702e-06
-0.00016256005625008598
-0.00013864437307575795
-1.9016448509829545e-05
3.092129426761662e-05
-6.598135775329444e-05
-7.120866443774675e-05
7.66365189207107e-05
8.622914072045976e-05
0.0002431611447836853
-0.00014852897651266534
-0.00019120543399446359
4.557439992759391e-05
0.00028409744504047336
-0.00020244350678450104
9.579001350954358e-05
0.00024009981130302765
