-2.9703526989582208e-05
7.440937866667184e-06
8.512794003940351e-06
9.511117931319377e-06
-4.1976000815753334e-05
-7.461930616658843e-06
4.13391275364297e-05
-4.745694221053808e-05
-3.631385871761189e-05
-4.668313725602425e-05
3.281209050067136e-05
-1.1834433633934108e-05
3.671604939512747e-05
4.109988068762663e-06
-2.09811979583298e-05
-1.423541527679152e-05
2.165018675706968e-05
-1.0032546569076174e-05
-4.485571896853291e-05
-4.4932270274617705e-05
-3.387516128521486e-05
-3.98655504801685e-05
9.771234448388714e-06
-4.8211302294963655e-05
2.6964564272206165e-05
-8.377699909042566e-06
-1.3100000684113498e-05
3.7972687521784277e-06
3.712181229164472e-05
2.3582190251732404e-05
1.4067525633686167e-06
3.675599391076428e-05
3.297502408646112e-05
-3.241087635306773e-05
-4.6563068004878876e-05
-5.902501950879616e-06
1.6371995397091117e-05
-3.2947656649466255e-05
7.05816816569117e-06
-4.524409609064372e-06
-2.1171556914830825e-05
1.1906948000178925e-05
4.037459098506539e-05
2.1753578463391906e-05
3.5376322536522774e-05
-2.0559837568804153e-05
4.7709254030966815e-05
-8.903505340902817e-06
-1.2299514732162728e-05
3.44647335781582e-05
-4.385563117996234e-05
-2.456822759703613e-05
-2.2534044204384864e-05
1.0108361650328356e-06
-1.5073624142962651e-05
-2.2979116285911006e-05
1.8677304452009777e-05
2.8064754096918103e-05
-3.423350623856792e-05
-5.667914381962059e-06
-2.5933292385614483e-05
-4.939179377096023e-06
6.417320068868283e-06
3.188871456298605e-05
-3.932263676087608e-05
4.308730092149712e-05
-2.3124516387423677e-05
2.6665524729031286e-05
3.389536736464705e-05
-4.276912830162834e-05
-2.8231969205112286e-05
-3.2313413594626416e-05
-1.2995746382041188e-05
2.5834754184836385e-05
-2.7015209704082832e-05
-3.914908140742577e-05
1.3367833577916114e-05
4.7430987333807124e-05
-2.9343720613519675e-05
-6.893697223341978e-06
3.804082188880284e-05
1.4752303348225422e-05
3.524437677539048e-05
3.166498738171306e-05
4.392393921787838e-05
2.0407064049900816e-05
-2.2555673490862282e-05
2.762718535140037e-05
-2.142384321540293e-05
-2.5285639328100706e-05
-4.9980705900206546e-05
1.0886519976539708e-05
8.620958189677365e-06
2.3081992376878303e-05
3.479093591014759e-05
-4.7735113246177724e-05
-3.599431643646257e-05
-4.823125631232436e-05
2.195308681458718e-05
1.0005809509059838e-05
