-0.00018472781743113107
8.587509204487537e-05
0.00015317819919332814
5.0896339253358514e-05
5.354766196045719e-05
0.0001012050427605818
-1.7202092357189837e-05
0.00026296834477142265
-7.073060474572249e-05
0.0001077849946001873
-0.00029649440200520274
0.0001132224934715547
0.00013761613055478022
0.0002775159298355515
-1.0619865509732854e-05
0.00020265469446672748
-0.00023234538334506423
-0.000257654409033068
0.00010884787207109743
-0.00025109849126375765
0.0002744495270864281
0.0002940658144651652
0.00024165168932885746
-0.00029730601238666705
8.659138896372149e-05
-0.00013320876680053003
0.00025862800469679
5.551729425322345e-05
-0.00016707599804537468
4.776540419893058e-05
-0.0002516972241178209
1.5658151743448798e-05
-0.00010154803786726363
0.00015793560876285447
8.93278005905332e-05
-0.00014882433400905542
-0.0001976864168335623
-2.5111206273130925e-05
-0.00023838030436116684
-8.375904805187518e-05
0.0001439386889554029
-0.00016307817484078092
-0.00010976279513950633
0.0001386178462624114
0.0002722390163540476
8.316115638102721e-05
0.00028004182944873303
0.00024943212187000585
0.00011815113577684266
-0.00029682390468482867
8.97396428467702e-05
-0.00019990284135823597
-0.00024282290192391418
-0.00020575121501199785
1.1017381614328889e-05
0.00010843940764632527
-0.00022053105998898746
0.00024062387597444226
0.00016133095450107383
-0.0002794933480109543
-0.00018762232317323736
-0.0002444786282947844
0.00022224687734978592
0.0002385937816267865
-0.00022460994381917203
5.183105054461023e-05
0.0002573663769139045
0.0002804196612228419
-0.00021231186148812044
-0.0001572327206145228
-4.769159906409492e-05
-9.572679896376404e-08
-0.0002711906181020872
7.82165782523441e-05
0.00010401549467131454
-1.6180116482302832e-05
-1.94395925485185e-05
-0.00029200620173227323
0.00023516967226786786
0.00026427421680551
-0.0002440214635446117
9.800907727270367e-05
0.0002637033029607775
0.0001231777865655028
-6.692702050288684e-05
-6.909535722930755e-05
-2.925180057594467e-05
-0.00024981153508924116
-6.2786479188904e-05
-7.295430944636618e-05
4.135445686001809e-05
-0.00021606542604638983
0.00015121038731011978
-0.0001703459383304803
0.00029678577317447603
-0.00029438116307920246
2.0574105582193904e-05
0.0002495149122424039
0.00012181653206286156
-0.00029797784381624246
