-0.0002269033429021482
-0.00018662615863065078
0.00017647081101100577
3.280751301736409e-05
-0.00020291755000821497
0.00013160208559856565
-7.272734461130553e-05
0.00012477313131000124
-0.00010849510011898204
-0.00028946484238059016
0.00010290323826025208
0.00015668937163046084
-0.0002002672448420176
-0.00024998622319431996
1.4479977574177174e-07
-0.00023402902992160671
-0.00024253667657554454
0.0002931726616903603
-0.0002705766112135353
7.433200519472717e-05
0.0002709743381130555
0.00023826247617470166
7.800493929852276e-05
-9.318129894783482e-06
-0.0002548815267926653
-0.0001612723978810452
0.00026001705491862545
0.00015478941932342983
-0.00013273824731680763
9.233182005462552e-05
-9.736935344816086e-05
0.0002912213526777624
0.0002712794414115206
-0.00015411721258453575
-0.00012746038818420093
4.918545316321581e-05
-0.00017944196292918552
0.00026918216383338276
2.982717946194255e-05
-0.00023365670375032874
0.0002512484237935378
0.00023823293106053797
2.3174300775810662e-05
-3.2954746677709595e-05
9.411484854521056e-05
-5.892673709765632e-05
0.00020387538048971938
2.0212711378346667e-05
-0.00016747361951508692
0.00011281626745562195
3.4985922642822296e-05
-0.00016717253208419514
5.2809118862287e-05
0.00022746555945915976
0.0002823841080087756
2.354555801101026e-05
0.00020870059644697143
0.00013010816136871243
-0.00026043493994846935
0.0002922147477974136
0.0002425011404737027
8.232504023504935e-05
-6.554656709675211e-05
0.0001667502014029077
-0.00011429063629819606
-0.00027357932212123364
0.0002298386618688378
-4.65610395492445e-05
-0.0002991107549746423
0.0001717324371015511
-4.8146159533995006e-05
6.898513223132678e-05
-2.8890260780760325e-05
8.015982297463273e-05
-0.00012547203267864682
-8.644582626684337e-05
-0.0001943596552885579
0.0002547451540311888
5.586167895908843e-06
0.0002866937745405111
-0.000235555964308393
-8.344180595745905e-05
-0.0001774158549084182
-3.2626311548557795e-05
0.000252674289512899
0.0002429643925994953
0.00029204421792326747
-4.228085370516912e-05
-0.00014690370907433566
0.00019802728504828064
-0.0002660103691906232
-0.00028586326168403016
-0.000223807877450951
-0.00011015410276547793
0.00011007966855135313
2.505913473465558e-05
-0.00018693275746753803
0.00026951526687609486
-0.0002882532167912282
-2.97180106752604e-05
