0.0001445142029880148
-0.0001950878551201935
-5.994870785165651e-06
-0.00029150989061297585
-0.00025742326206833264
0.0001507560105941479
-0.0002447807119311108
1.4883109625856501e-05
0.00027045229217678317
-0.00020653292213012396
4.479695010651001e-05
-0.00021085392897756962
-7.214114201879764e-05
-0.00016437676045089275
-0.00024945775267633187
0.0002407265223802058
5.669516916605974e-05
-6.302623187754786e-05
-7.031205253099653e-05
-0.00011985168934234926
-3.684583106990699e-05
0.00027946556929031515
-0.0001517459483782134
-0.00027336796473409903
-0.00018781594480858882
8.351825332430943e-05
0.00019633642056304926
-0.0002565343404162038
-6.100855174269405e-05
5.9875561787448245e-05
0.00013832976569326993
5.681792328415526e-05
0.0001592819288556109
7.379183380724398e-05
0.0001593798547453817
0.0002562712281714415
-9.957616997418578e-05
0.00022420557845677255
-0.0002726123864321962
0.00012257743965625
-0.0002835212637957452
-0.0001951741592575908
-0.00018938840867541767
-4.1244298875395095e-08
0.0002784105061326041
-1.4741077384469357e-05
-0.0001235006843485854
9.776724627117599e-05
0.00012191699750069762
0.00016630159419511433
5.118978420574975e-05
0.0001828503775460512
-0.000233920129049599
-0.00010411604225610404
-0.00012155238900635974
0.00022812736737376618
1.576343035297734e-05
-0.00021567119166438425
-1.8263599534110641e-06
0.000276762591980926
0.00017587021156441075
6.105565907649739e-05
3.474519178732569e-05
-9.786182721128474e-05
-0.00016666351146708245
0.000257431159596682
-1.0069010761823969e-05
0.00024964406475294626
0.0001704752235744195
-8.261662705197814e-06
-8.526560686573462e-05
-0.00027844858801636795
0.000127851398534451
0.00012280898326064415
0.00016942320186373464
0.00022623765425824595
0.00015100735786531555
5.250165701050914e-05
-8.871430188556791e-05
-0.0001723426306579194
0.0002167373070643994
-0.0001228872338091819
4.7178096351277096e-05
0.00027553680560900637
4.431033275718963e-05
-5.9888083091519904e-05
-1.1867227262285854e-05
-0.0002503363011249029
-2.5940354835080656e-05
-0.00014042572808957963
-1.8596162966587663e-05
0.00024490679751964416
0.0001117180041997263
0.00028910149136224017
-9.215282791845796e-05
0.00010658764439374876
2.12709481952808e-05
-8.05327950369612e-06
8.012818876599351e-05
0.00014909546501242187
