-6.96648935380433e-05
0.00021515785899685222
0.00026868577044249345
9.957731106079073e-05
1.8157495575139826e-05
-0.00017718685912999105
0.00021631038119724867
2.4818033466725558e-05
-3.751571629261643e-05
8.621208466319996e-06
-0.0002541164039058552
0.00011380327391533794
0.0001429184295317497
-0.0001486553390707186
-0.0002379141706799102
-0.0002590509363731251
0.00014234222959952358
0.0002760349986146641
-0.00023094475607769507
0.0001822970160395816
-9.756917407838361e-05
-0.00022402368628525075
-0.00020395212381492037
-0.0002672327165662322
0.00017982254566906977
0.00016314976273322236
0.00025628730087725373
-0.0001882106795811623
0.00012674869054011764
6.724222852649619e-05
0.00013710525896104997
-0.00014309127839534527
0.000177215249766033
0.00013952266454484786
0.0001716105955644782
0.0002121228998755728
-8.661442464985588e-05
0.00022830540191877213
-0.00010752735697997995
3.427683565352654e-05
2.1389147529927586e-05
0.0001756759587035389
5.689954529663945e-05
-3.063402334070321e-05
-5.0250090355457655e-05
-0.00022740596945148672
8.811275120676351e-05
0.00026653950594757706
-0.00029501129062345745
0.0001653395584751147
0.0002579907611312251
0.0002616633533937286
0.0001561781840544352
0.0002108399914488753
0.00024230877004375332
-0.00018412337179277868
-4.981879465643297e-05
-0.00010701143205070756
-3.431699508122093e-05
-0.00014754148902413925
0.00014466817323734328
4.253001156209816e-05
-0.00013728746419367787
-1.4158377178957835e-05
-0.00029370643668279417
6.73579361296054e-05
2.894426073442091e-05
-7.413200409877996e-05
8.048642048863626e-05
-0.0002561146880838932
-0.0002931739909429574
0.0001217210832646353
0.00014592632224508505
-0.00022520092204053707
7.312289432657347e-05
-0.0001570134123003297
-0.0001922539935051219
0.00011244791097722519
-0.00021240323148934262
-0.0002516955396011761
-0.00011575262906747221
4.679803768777393e-05
0.00028106863630030643
-3.72114162309901e-05
-0.0002073954274254211
-8.949368910676913e-05
0.00017300177691454875
0.00018118617779191916
0.00025159991585197583
0.00013943232841416635
-9.259234272867436e-05
-0.00014143629652795835
-0.00022048197271810874
6.546448284149887e-05
-0.00024771919726148463
6.813447743297821e-05
0.00020458155507850308
-0.0002307539386103052
0.0002857673518031981
-0.00025717432141610195
