2.9905944593272516e-05
0.00016351376743474428
-0.00014327759189656134
-0.0002459440839681497
0.00015025367665022683
0.00013056324537407527
-0.00016023488660847746
5.0312499759943175e-05
0.0001685344430009104
-0.0002721214339387772
-6.396957874147462e-05
9.624538679202117e-06
0.00011336153651244133
9.447289818189405e-06
0.00024724331784041264
0.00027290228552633613
-0.00012368685780373025
0.00010967985459565434
-0.00012428263965825068
0.00028073497647731913
0.00013561985321749347
-4.001357261230093e-05
0.00021182760408139037
0.00017981447265433
-0.00010678280376439015
-0.00014945584988069804
-0.00028686507717612825
0.00024801049283137223
0.0002206193794888431
0.00023083040059935204
4.9006365117811404e-05
0.00027558140027029093
0.00018897416666264268
0.00026474694645630103
0.00017505972626097137
0.00017082694801456264
0.0002585029030730777
0.00026227636204164767
0.00020502929117333324
-0.00011718019858517504
2.29984834320942e-05
-0.0001955656380371282
-0.0002552468843685943
0.00025628410746202465
0.00018349841065410754
0.0001331083262951524
-0.00022019271368571363
0.00024156331484697882
-0.0002925602328787753
-0.00026722868713016526
-0.0001260468724392793
-7.786165125069319e-05
0.00013005620796264182
-0.0001466165901845363
-7.832402538608256e-05
0.00028538297430793564
9.728373398381587e-05
0.00012974987153865946
-4.3268125607932916e-05
0.00024204013963557064
-2.661941776435704e-05
0.00029953593898166166
-0.0002483824018797235
-0.00029698624893148096
0.00012933838301045522
-0.0002586900356364701
-0.00014481950498469606
-0.00014525451561166032
9.28123917441657e-05
0.0002830723633247242
-0.00019601353609764873
0.00011173072780140203
-2.032009133748374e-05
-1.4092838459673815e-05
8.563682439995687e-05
-0.00011044973165946016
-0.00019585416709368784
-0.00013809138156364978
0.00020370748645937817
6.370478787489958e-05
-0.0002711085150405412
6.884085145271934e-05
0.00016384923820106758
-9.222706323021548e-05
0.00013476319325531917
-1.9002187859768003e-05
-1.30300954275261e-05
5.200010300363884e-05
-0.00025148780715955995
-5.960774624357742e-05
6.81193779894846e-05
0.00012911050215372175
0.0002855598022814705
1.8066176820753744e-05
-6.499675029427544e-05
3.976045498383296e-05
2.9494383220509768e-05
-0.00023678100727857456
2.5691670160833506e-05
-9.46669651978699e-05
