Simulation Number SU.numberRays SU.photonEnergy PG.cFactor SU.electronSigmaX SU.electronSigmaY SU.electronSigmaYs ExitSlit.openingHeight
0                 1000000.0     150             1.6        17.15             2.43              0.81               0.02                  
1                 1000000.0     200             1.6        17.15             2.43              0.81               0.02                  
2                 1000000.0     250             1.6        17.15             2.43              0.81               0.02                  
3                 1000000.0     300             1.6        17.15             2.43              0.81               0.02                  
4                 1000000.0     350             1.6        17.15             2.43              0.81               0.02                  
5                 1000000.0     400             1.6        17.15             2.43              0.81               0.02                  
6                 1000000.0     450             1.6        17.15             2.43              0.81               0.02                  
7                 1000000.0     500             1.6        17.15             2.43              0.81               0.02                  
8                 1000000.0     550             1.6        17.15             2.43              0.81               0.02                  
9                 1000000.0     600             1.6        17.15             2.43              0.81               0.02                  
10                1000000.0     650             1.6        17.15             2.43              0.81               0.02                  
11                1000000.0     700             1.6        17.15             2.43              0.81               0.02                  
12                1000000.0     750             1.6        17.15             2.43              0.81               0.02                  
13                1000000.0     800             1.6        17.15             2.43              0.81               0.02                  
14                1000000.0     850             1.6        17.15             2.43              0.81               0.02                  
15                1000000.0     900             1.6        17.15             2.43              0.81               0.02                  
16                1000000.0     950             1.6        17.15             2.43              0.81               0.02                  
17                1000000.0     1000            1.6        17.15             2.43              0.81               0.02                  
18                1000000.0     1050            1.6        17.15             2.43              0.81               0.02                  
19                1000000.0     1100            1.6        17.15             2.43              0.81               0.02                  
20                1000000.0     1150            1.6        17.15             2.43              0.81               0.02                  
21                1000000.0     1200            1.6        17.15             2.43              0.81               0.02                  
22                1000000.0     1250            1.6        17.15             2.43              0.81               0.02                  
23                1000000.0     1300            1.6        17.15             2.43              0.81               0.02                  
24                1000000.0     1350            1.6        17.15             2.43              0.81               0.02                  
25                1000000.0     1400            1.6        17.15             2.43              0.81               0.02                  
26                1000000.0     1450            1.6        17.15             2.43              0.81               0.02                  
27                1000000.0     1500            1.6        17.15             2.43              0.81               0.02                  
28                1000000.0     1550            1.6        17.15             2.43              0.81               0.02                  
29                1000000.0     1600            1.6        17.15             2.43              0.81               0.02                  
30                1000000.0     1650            1.6        17.15             2.43              0.81               0.02                  
31                1000000.0     1700            1.6        17.15             2.43              0.81               0.02                  
32                1000000.0     1750            1.6        17.15             2.43              0.81               0.02                  
33                1000000.0     1800            1.6        17.15             2.43              0.81               0.02                  
34                1000000.0     1850            1.6        17.15             2.43              0.81               0.02                  
35                1000000.0     1900            1.6        17.15             2.43              0.81               0.02                  
36                1000000.0     1950            1.6        17.15             2.43              0.81               0.02                  
37                1000000.0     2000            1.6        17.15             2.43              0.81               0.02                  
38                1000000.0     2050            1.6        17.15             2.43              0.81               0.02                  
39                1000000.0     2100            1.6        17.15             2.43              0.81               0.02                  
