Simulation Number PG.cFactor ExitSlit.openingHeight SU.photonEnergy PG.orderDiffraction SU.numberRays SU.electronSigmaX SU.electronSigmaY SU.electronSigmaYs
0                 2.25       0.02                   100             1                   100000.0      226.5             18.76             5.23              
1                 2.25       0.02                   105             1                   100000.0      226.5             18.76             5.23              
2                 2.25       0.02                   110             1                   100000.0      226.5             18.76             5.23              
3                 2.25       0.02                   115             1                   100000.0      226.5             18.76             5.23              
4                 2.25       0.02                   120             1                   100000.0      226.5             18.76             5.23              
5                 2.25       0.02                   125             1                   100000.0      226.5             18.76             5.23              
6                 2.25       0.02                   130             1                   100000.0      226.5             18.76             5.23              
7                 2.25       0.02                   135             1                   100000.0      226.5             18.76             5.23              
8                 2.25       0.02                   140             1                   100000.0      226.5             18.76             5.23              
9                 2.25       0.02                   145             1                   100000.0      226.5             18.76             5.23              
10                2.25       0.02                   150             1                   100000.0      226.5             18.76             5.23              
11                2.25       0.02                   155             1                   100000.0      226.5             18.76             5.23              
12                2.25       0.02                   160             1                   100000.0      226.5             18.76             5.23              
13                2.25       0.02                   165             1                   100000.0      226.5             18.76             5.23              
14                2.25       0.02                   170             1                   100000.0      226.5             18.76             5.23              
15                2.25       0.02                   175             1                   100000.0      226.5             18.76             5.23              
16                2.25       0.02                   180             1                   100000.0      226.5             18.76             5.23              
17                2.25       0.02                   185             1                   100000.0      226.5             18.76             5.23              
18                2.25       0.02                   190             1                   100000.0      226.5             18.76             5.23              
19                2.25       0.02                   195             1                   100000.0      226.5             18.76             5.23              
20                2.25       0.02                   200             1                   100000.0      226.5             18.76             5.23              
21                2.25       0.02                   205             1                   100000.0      226.5             18.76             5.23              
22                2.25       0.02                   210             1                   100000.0      226.5             18.76             5.23              
23                2.25       0.02                   215             1                   100000.0      226.5             18.76             5.23              
24                2.25       0.02                   220             1                   100000.0      226.5             18.76             5.23              
25                2.25       0.02                   225             1                   100000.0      226.5             18.76             5.23              
26                2.25       0.02                   230             1                   100000.0      226.5             18.76             5.23              
27                2.25       0.02                   235             1                   100000.0      226.5             18.76             5.23              
28                2.25       0.02                   240             1                   100000.0      226.5             18.76             5.23              
29                2.25       0.02                   245             1                   100000.0      226.5             18.76             5.23              
30                2.25       0.02                   250             1                   100000.0      226.5             18.76             5.23              
31                2.25       0.02                   255             1                   100000.0      226.5             18.76             5.23              
32                2.25       0.02                   260             1                   100000.0      226.5             18.76             5.23              
33                2.25       0.02                   265             1                   100000.0      226.5             18.76             5.23              
34                2.25       0.02                   270             1                   100000.0      226.5             18.76             5.23              
35                2.25       0.02                   275             1                   100000.0      226.5             18.76             5.23              
36                2.25       0.02                   280             1                   100000.0      226.5             18.76             5.23              
37                2.25       0.02                   285             1                   100000.0      226.5             18.76             5.23              
38                2.25       0.02                   290             1                   100000.0      226.5             18.76             5.23              
39                2.25       0.02                   295             1                   100000.0      226.5             18.76             5.23              
40                2.25       0.02                   300             1                   100000.0      226.5             18.76             5.23              
41                2.25       0.02                   305             1                   100000.0      226.5             18.76             5.23              
42                2.25       0.02                   310             1                   100000.0      226.5             18.76             5.23              
43                2.25       0.02                   315             1                   100000.0      226.5             18.76             5.23              
44                2.25       0.02                   320             1                   100000.0      226.5             18.76             5.23              
45                2.25       0.02                   325             1                   100000.0      226.5             18.76             5.23              
46                2.25       0.02                   330             1                   100000.0      226.5             18.76             5.23              
47                2.25       0.02                   335             1                   100000.0      226.5             18.76             5.23              
48                2.25       0.02                   340             1                   100000.0      226.5             18.76             5.23              
49                2.25       0.02                   345             1                   100000.0      226.5             18.76             5.23              
50                2.25       0.02                   350             1                   100000.0      226.5             18.76             5.23              
51                2.25       0.02                   355             1                   100000.0      226.5             18.76             5.23              
52                2.25       0.02                   360             1                   100000.0      226.5             18.76             5.23              
53                2.25       0.02                   365             1                   100000.0      226.5             18.76             5.23              
54                2.25       0.02                   370             1                   100000.0      226.5             18.76             5.23              
55                2.25       0.02                   375             1                   100000.0      226.5             18.76             5.23              
56                2.25       0.02                   380             1                   100000.0      226.5             18.76             5.23              
57                2.25       0.02                   385             1                   100000.0      226.5             18.76             5.23              
58                2.25       0.02                   390             1                   100000.0      226.5             18.76             5.23              
59                2.25       0.02                   395             1                   100000.0      226.5             18.76             5.23              
60                2.25       0.02                   400             1                   100000.0      226.5             18.76             5.23              
61                2.25       0.02                   405             1                   100000.0      226.5             18.76             5.23              
62                2.25       0.02                   410             1                   100000.0      226.5             18.76             5.23              
63                2.25       0.02                   415             1                   100000.0      226.5             18.76             5.23              
64                2.25       0.02                   420             1                   100000.0      226.5             18.76             5.23              
65                2.25       0.02                   425             1                   100000.0      226.5             18.76             5.23              
66                2.25       0.02                   430             1                   100000.0      226.5             18.76             5.23              
67                2.25       0.02                   435             1                   100000.0      226.5             18.76             5.23              
68                2.25       0.02                   440             1                   100000.0      226.5             18.76             5.23              
69                2.25       0.02                   445             1                   100000.0      226.5             18.76             5.23              
70                2.25       0.02                   450             1                   100000.0      226.5             18.76             5.23              
71                2.25       0.02                   455             1                   100000.0      226.5             18.76             5.23              
72                2.25       0.02                   460             1                   100000.0      226.5             18.76             5.23              
73                2.25       0.02                   465             1                   100000.0      226.5             18.76             5.23              
74                2.25       0.02                   470             1                   100000.0      226.5             18.76             5.23              
75                2.25       0.02                   475             1                   100000.0      226.5             18.76             5.23              
76                2.25       0.02                   480             1                   100000.0      226.5             18.76             5.23              
77                2.25       0.02                   485             1                   100000.0      226.5             18.76             5.23              
78                2.25       0.02                   490             1                   100000.0      226.5             18.76             5.23              
79                2.25       0.02                   495             1                   100000.0      226.5             18.76             5.23              
80                2.25       0.02                   500             1                   100000.0      226.5             18.76             5.23              
81                2.25       0.02                   505             1                   100000.0      226.5             18.76             5.23              
82                2.25       0.02                   510             1                   100000.0      226.5             18.76             5.23              
83                2.25       0.02                   515             1                   100000.0      226.5             18.76             5.23              
84                2.25       0.02                   520             1                   100000.0      226.5             18.76             5.23              
85                2.25       0.02                   525             1                   100000.0      226.5             18.76             5.23              
86                2.25       0.02                   530             1                   100000.0      226.5             18.76             5.23              
87                2.25       0.02                   535             1                   100000.0      226.5             18.76             5.23              
88                2.25       0.02                   540             1                   100000.0      226.5             18.76             5.23              
89                2.25       0.02                   545             1                   100000.0      226.5             18.76             5.23              
90                2.25       0.02                   550             1                   100000.0      226.5             18.76             5.23              
91                2.25       0.02                   555             1                   100000.0      226.5             18.76             5.23              
92                2.25       0.02                   560             1                   100000.0      226.5             18.76             5.23              
93                2.25       0.02                   565             1                   100000.0      226.5             18.76             5.23              
94                2.25       0.02                   570             1                   100000.0      226.5             18.76             5.23              
95                2.25       0.02                   575             1                   100000.0      226.5             18.76             5.23              
96                2.25       0.02                   580             1                   100000.0      226.5             18.76             5.23              
97                2.25       0.02                   585             1                   100000.0      226.5             18.76             5.23              
98                2.25       0.02                   590             1                   100000.0      226.5             18.76             5.23              
99                2.25       0.02                   595             1                   100000.0      226.5             18.76             5.23              
100               2.25       0.02                   600             1                   100000.0      226.5             18.76             5.23              
101               2.25       0.02                   605             1                   100000.0      226.5             18.76             5.23              
102               2.25       0.02                   610             1                   100000.0      226.5             18.76             5.23              
103               2.25       0.02                   615             1                   100000.0      226.5             18.76             5.23              
104               2.25       0.02                   620             1                   100000.0      226.5             18.76             5.23              
105               2.25       0.02                   625             1                   100000.0      226.5             18.76             5.23              
106               2.25       0.02                   630             1                   100000.0      226.5             18.76             5.23              
107               2.25       0.02                   635             1                   100000.0      226.5             18.76             5.23              
108               2.25       0.02                   640             1                   100000.0      226.5             18.76             5.23              
109               2.25       0.02                   645             1                   100000.0      226.5             18.76             5.23              
110               2.25       0.02                   650             1                   100000.0      226.5             18.76             5.23              
111               2.25       0.02                   655             1                   100000.0      226.5             18.76             5.23              
112               2.25       0.02                   660             1                   100000.0      226.5             18.76             5.23              
113               2.25       0.02                   665             1                   100000.0      226.5             18.76             5.23              
114               2.25       0.02                   670             1                   100000.0      226.5             18.76             5.23              
115               2.25       0.02                   675             1                   100000.0      226.5             18.76             5.23              
116               2.25       0.02                   680             1                   100000.0      226.5             18.76             5.23              
117               2.25       0.02                   685             1                   100000.0      226.5             18.76             5.23              
118               2.25       0.02                   690             1                   100000.0      226.5             18.76             5.23              
119               2.25       0.02                   695             1                   100000.0      226.5             18.76             5.23              
120               2.25       0.02                   700             1                   100000.0      226.5             18.76             5.23              
121               2.25       0.02                   705             1                   100000.0      226.5             18.76             5.23              
122               2.25       0.02                   710             1                   100000.0      226.5             18.76             5.23              
123               2.25       0.02                   715             1                   100000.0      226.5             18.76             5.23              
124               2.25       0.02                   720             1                   100000.0      226.5             18.76             5.23              
125               2.25       0.02                   725             1                   100000.0      226.5             18.76             5.23              
126               2.25       0.02                   730             1                   100000.0      226.5             18.76             5.23              
127               2.25       0.02                   735             1                   100000.0      226.5             18.76             5.23              
128               2.25       0.02                   740             1                   100000.0      226.5             18.76             5.23              
129               2.25       0.02                   745             1                   100000.0      226.5             18.76             5.23              
130               2.25       0.02                   750             1                   100000.0      226.5             18.76             5.23              
131               2.25       0.02                   755             1                   100000.0      226.5             18.76             5.23              
132               2.25       0.02                   760             1                   100000.0      226.5             18.76             5.23              
133               2.25       0.02                   765             1                   100000.0      226.5             18.76             5.23              
134               2.25       0.02                   770             1                   100000.0      226.5             18.76             5.23              
135               2.25       0.02                   775             1                   100000.0      226.5             18.76             5.23              
136               2.25       0.02                   780             1                   100000.0      226.5             18.76             5.23              
137               2.25       0.02                   785             1                   100000.0      226.5             18.76             5.23              
138               2.25       0.02                   790             1                   100000.0      226.5             18.76             5.23              
139               2.25       0.02                   795             1                   100000.0      226.5             18.76             5.23              
140               2.25       0.02                   800             1                   100000.0      226.5             18.76             5.23              
141               2.25       0.02                   805             1                   100000.0      226.5             18.76             5.23              
142               2.25       0.02                   810             1                   100000.0      226.5             18.76             5.23              
143               2.25       0.02                   815             1                   100000.0      226.5             18.76             5.23              
144               2.25       0.02                   820             1                   100000.0      226.5             18.76             5.23              
145               2.25       0.02                   825             1                   100000.0      226.5             18.76             5.23              
146               2.25       0.02                   830             1                   100000.0      226.5             18.76             5.23              
147               2.25       0.02                   835             1                   100000.0      226.5             18.76             5.23              
148               2.25       0.02                   840             1                   100000.0      226.5             18.76             5.23              
149               2.25       0.02                   845             1                   100000.0      226.5             18.76             5.23              
150               2.25       0.02                   850             1                   100000.0      226.5             18.76             5.23              
151               2.25       0.02                   855             1                   100000.0      226.5             18.76             5.23              
152               2.25       0.02                   860             1                   100000.0      226.5             18.76             5.23              
153               2.25       0.02                   865             1                   100000.0      226.5             18.76             5.23              
154               2.25       0.02                   870             1                   100000.0      226.5             18.76             5.23              
155               2.25       0.02                   875             1                   100000.0      226.5             18.76             5.23              
156               2.25       0.02                   880             1                   100000.0      226.5             18.76             5.23              
157               2.25       0.02                   885             1                   100000.0      226.5             18.76             5.23              
158               2.25       0.02                   890             1                   100000.0      226.5             18.76             5.23              
159               2.25       0.02                   895             1                   100000.0      226.5             18.76             5.23              
160               2.25       0.02                   900             1                   100000.0      226.5             18.76             5.23              
161               2.25       0.02                   905             1                   100000.0      226.5             18.76             5.23              
162               2.25       0.02                   910             1                   100000.0      226.5             18.76             5.23              
163               2.25       0.02                   915             1                   100000.0      226.5             18.76             5.23              
164               2.25       0.02                   920             1                   100000.0      226.5             18.76             5.23              
165               2.25       0.02                   925             1                   100000.0      226.5             18.76             5.23              
166               2.25       0.02                   930             1                   100000.0      226.5             18.76             5.23              
167               2.25       0.02                   935             1                   100000.0      226.5             18.76             5.23              
168               2.25       0.02                   940             1                   100000.0      226.5             18.76             5.23              
169               2.25       0.02                   945             1                   100000.0      226.5             18.76             5.23              
170               2.25       0.02                   950             1                   100000.0      226.5             18.76             5.23              
171               2.25       0.02                   955             1                   100000.0      226.5             18.76             5.23              
172               2.25       0.02                   960             1                   100000.0      226.5             18.76             5.23              
173               2.25       0.02                   965             1                   100000.0      226.5             18.76             5.23              
174               2.25       0.02                   970             1                   100000.0      226.5             18.76             5.23              
175               2.25       0.02                   975             1                   100000.0      226.5             18.76             5.23              
176               2.25       0.02                   980             1                   100000.0      226.5             18.76             5.23              
177               2.25       0.02                   985             1                   100000.0      226.5             18.76             5.23              
178               2.25       0.02                   990             1                   100000.0      226.5             18.76             5.23              
179               2.25       0.02                   995             1                   100000.0      226.5             18.76             5.23              
180               2.25       0.02                   1000            1                   100000.0      226.5             18.76             5.23              
181               2.25       0.02                   1005            1                   100000.0      226.5             18.76             5.23              
182               2.25       0.02                   1010            1                   100000.0      226.5             18.76             5.23              
183               2.25       0.02                   1015            1                   100000.0      226.5             18.76             5.23              
184               2.25       0.02                   1020            1                   100000.0      226.5             18.76             5.23              
185               2.25       0.02                   1025            1                   100000.0      226.5             18.76             5.23              
186               2.25       0.02                   1030            1                   100000.0      226.5             18.76             5.23              
187               2.25       0.02                   1035            1                   100000.0      226.5             18.76             5.23              
188               2.25       0.02                   1040            1                   100000.0      226.5             18.76             5.23              
189               2.25       0.02                   1045            1                   100000.0      226.5             18.76             5.23              
190               2.25       0.02                   1050            1                   100000.0      226.5             18.76             5.23              
191               2.25       0.02                   1055            1                   100000.0      226.5             18.76             5.23              
192               2.25       0.02                   1060            1                   100000.0      226.5             18.76             5.23              
193               2.25       0.02                   1065            1                   100000.0      226.5             18.76             5.23              
194               2.25       0.02                   1070            1                   100000.0      226.5             18.76             5.23              
195               2.25       0.02                   1075            1                   100000.0      226.5             18.76             5.23              
196               2.25       0.02                   1080            1                   100000.0      226.5             18.76             5.23              
197               2.25       0.02                   1085            1                   100000.0      226.5             18.76             5.23              
198               2.25       0.02                   1090            1                   100000.0      226.5             18.76             5.23              
199               2.25       0.02                   1095            1                   100000.0      226.5             18.76             5.23              
200               2.25       0.02                   1100            1                   100000.0      226.5             18.76             5.23              
201               2.25       0.02                   1105            1                   100000.0      226.5             18.76             5.23              
202               2.25       0.02                   1110            1                   100000.0      226.5             18.76             5.23              
203               2.25       0.02                   1115            1                   100000.0      226.5             18.76             5.23              
204               2.25       0.02                   1120            1                   100000.0      226.5             18.76             5.23              
205               2.25       0.02                   1125            1                   100000.0      226.5             18.76             5.23              
206               2.25       0.02                   1130            1                   100000.0      226.5             18.76             5.23              
207               2.25       0.02                   1135            1                   100000.0      226.5             18.76             5.23              
208               2.25       0.02                   1140            1                   100000.0      226.5             18.76             5.23              
209               2.25       0.02                   1145            1                   100000.0      226.5             18.76             5.23              
210               2.25       0.02                   1150            1                   100000.0      226.5             18.76             5.23              
211               2.25       0.02                   1155            1                   100000.0      226.5             18.76             5.23              
212               2.25       0.02                   1160            1                   100000.0      226.5             18.76             5.23              
213               2.25       0.02                   1165            1                   100000.0      226.5             18.76             5.23              
214               2.25       0.02                   1170            1                   100000.0      226.5             18.76             5.23              
215               2.25       0.02                   1175            1                   100000.0      226.5             18.76             5.23              
216               2.25       0.02                   1180            1                   100000.0      226.5             18.76             5.23              
217               2.25       0.02                   1185            1                   100000.0      226.5             18.76             5.23              
218               2.25       0.02                   1190            1                   100000.0      226.5             18.76             5.23              
219               2.25       0.02                   1195            1                   100000.0      226.5             18.76             5.23              
220               2.25       0.02                   1200            1                   100000.0      226.5             18.76             5.23              
221               2.25       0.02                   1205            1                   100000.0      226.5             18.76             5.23              
222               2.25       0.02                   1210            1                   100000.0      226.5             18.76             5.23              
223               2.25       0.02                   1215            1                   100000.0      226.5             18.76             5.23              
224               2.25       0.02                   1220            1                   100000.0      226.5             18.76             5.23              
225               2.25       0.02                   1225            1                   100000.0      226.5             18.76             5.23              
226               2.25       0.02                   1230            1                   100000.0      226.5             18.76             5.23              
227               2.25       0.02                   1235            1                   100000.0      226.5             18.76             5.23              
228               2.25       0.02                   1240            1                   100000.0      226.5             18.76             5.23              
229               2.25       0.02                   1245            1                   100000.0      226.5             18.76             5.23              
230               2.25       0.02                   1250            1                   100000.0      226.5             18.76             5.23              
231               2.25       0.02                   1255            1                   100000.0      226.5             18.76             5.23              
232               2.25       0.02                   1260            1                   100000.0      226.5             18.76             5.23              
233               2.25       0.02                   1265            1                   100000.0      226.5             18.76             5.23              
234               2.25       0.02                   1270            1                   100000.0      226.5             18.76             5.23              
235               2.25       0.02                   1275            1                   100000.0      226.5             18.76             5.23              
236               2.25       0.02                   1280            1                   100000.0      226.5             18.76             5.23              
237               2.25       0.02                   1285            1                   100000.0      226.5             18.76             5.23              
238               2.25       0.02                   1290            1                   100000.0      226.5             18.76             5.23              
239               2.25       0.02                   1295            1                   100000.0      226.5             18.76             5.23              
240               2.25       0.02                   1300            1                   100000.0      226.5             18.76             5.23              
241               2.25       0.02                   1305            1                   100000.0      226.5             18.76             5.23              
242               2.25       0.02                   1310            1                   100000.0      226.5             18.76             5.23              
243               2.25       0.02                   1315            1                   100000.0      226.5             18.76             5.23              
244               2.25       0.02                   1320            1                   100000.0      226.5             18.76             5.23              
245               2.25       0.02                   1325            1                   100000.0      226.5             18.76             5.23              
246               2.25       0.02                   1330            1                   100000.0      226.5             18.76             5.23              
247               2.25       0.02                   1335            1                   100000.0      226.5             18.76             5.23              
248               2.25       0.02                   1340            1                   100000.0      226.5             18.76             5.23              
249               2.25       0.02                   1345            1                   100000.0      226.5             18.76             5.23              
250               2.25       0.02                   1350            1                   100000.0      226.5             18.76             5.23              
251               2.25       0.02                   1355            1                   100000.0      226.5             18.76             5.23              
252               2.25       0.02                   1360            1                   100000.0      226.5             18.76             5.23              
253               2.25       0.02                   1365            1                   100000.0      226.5             18.76             5.23              
254               2.25       0.02                   1370            1                   100000.0      226.5             18.76             5.23              
255               2.25       0.02                   1375            1                   100000.0      226.5             18.76             5.23              
256               2.25       0.02                   1380            1                   100000.0      226.5             18.76             5.23              
257               2.25       0.02                   1385            1                   100000.0      226.5             18.76             5.23              
258               2.25       0.02                   1390            1                   100000.0      226.5             18.76             5.23              
259               2.25       0.02                   1395            1                   100000.0      226.5             18.76             5.23              
260               2.25       0.02                   1400            1                   100000.0      226.5             18.76             5.23              
261               2.25       0.02                   1405            1                   100000.0      226.5             18.76             5.23              
262               2.25       0.02                   1410            1                   100000.0      226.5             18.76             5.23              
263               2.25       0.02                   1415            1                   100000.0      226.5             18.76             5.23              
264               2.25       0.02                   1420            1                   100000.0      226.5             18.76             5.23              
265               2.25       0.02                   1425            1                   100000.0      226.5             18.76             5.23              
266               2.25       0.02                   1430            1                   100000.0      226.5             18.76             5.23              
267               2.25       0.02                   1435            1                   100000.0      226.5             18.76             5.23              
268               2.25       0.02                   1440            1                   100000.0      226.5             18.76             5.23              
269               2.25       0.02                   1445            1                   100000.0      226.5             18.76             5.23              
270               2.25       0.02                   1450            1                   100000.0      226.5             18.76             5.23              
271               2.25       0.02                   1455            1                   100000.0      226.5             18.76             5.23              
272               2.25       0.02                   1460            1                   100000.0      226.5             18.76             5.23              
273               2.25       0.02                   1465            1                   100000.0      226.5             18.76             5.23              
274               2.25       0.02                   1470            1                   100000.0      226.5             18.76             5.23              
275               2.25       0.02                   1475            1                   100000.0      226.5             18.76             5.23              
276               2.25       0.02                   1480            1                   100000.0      226.5             18.76             5.23              
277               2.25       0.02                   1485            1                   100000.0      226.5             18.76             5.23              
278               2.25       0.02                   1490            1                   100000.0      226.5             18.76             5.23              
279               2.25       0.02                   1495            1                   100000.0      226.5             18.76             5.23              
280               2.25       0.02                   1500            1                   100000.0      226.5             18.76             5.23              
281               2.25       0.02                   1505            1                   100000.0      226.5             18.76             5.23              
282               2.25       0.02                   1510            1                   100000.0      226.5             18.76             5.23              
283               2.25       0.02                   1515            1                   100000.0      226.5             18.76             5.23              
284               2.25       0.02                   1520            1                   100000.0      226.5             18.76             5.23              
285               2.25       0.02                   1525            1                   100000.0      226.5             18.76             5.23              
286               2.25       0.02                   1530            1                   100000.0      226.5             18.76             5.23              
287               2.25       0.02                   1535            1                   100000.0      226.5             18.76             5.23              
288               2.25       0.02                   1540            1                   100000.0      226.5             18.76             5.23              
289               2.25       0.02                   1545            1                   100000.0      226.5             18.76             5.23              
290               2.25       0.02                   1550            1                   100000.0      226.5             18.76             5.23              
291               2.25       0.02                   1555            1                   100000.0      226.5             18.76             5.23              
292               2.25       0.02                   1560            1                   100000.0      226.5             18.76             5.23              
293               2.25       0.02                   1565            1                   100000.0      226.5             18.76             5.23              
294               2.25       0.02                   1570            1                   100000.0      226.5             18.76             5.23              
295               2.25       0.02                   1575            1                   100000.0      226.5             18.76             5.23              
296               2.25       0.02                   1580            1                   100000.0      226.5             18.76             5.23              
297               2.25       0.02                   1585            1                   100000.0      226.5             18.76             5.23              
298               2.25       0.02                   1590            1                   100000.0      226.5             18.76             5.23              
299               2.25       0.02                   1595            1                   100000.0      226.5             18.76             5.23              
300               2.25       0.02                   1600            1                   100000.0      226.5             18.76             5.23              
301               2.25       0.02                   1605            1                   100000.0      226.5             18.76             5.23              
302               2.25       0.02                   1610            1                   100000.0      226.5             18.76             5.23              
303               2.25       0.02                   1615            1                   100000.0      226.5             18.76             5.23              
304               2.25       0.02                   1620            1                   100000.0      226.5             18.76             5.23              
305               2.25       0.02                   1625            1                   100000.0      226.5             18.76             5.23              
306               2.25       0.02                   1630            1                   100000.0      226.5             18.76             5.23              
307               2.25       0.02                   1635            1                   100000.0      226.5             18.76             5.23              
308               2.25       0.02                   1640            1                   100000.0      226.5             18.76             5.23              
309               2.25       0.02                   1645            1                   100000.0      226.5             18.76             5.23              
310               2.25       0.02                   1650            1                   100000.0      226.5             18.76             5.23              
311               2.25       0.02                   1655            1                   100000.0      226.5             18.76             5.23              
312               2.25       0.02                   1660            1                   100000.0      226.5             18.76             5.23              
313               2.25       0.02                   1665            1                   100000.0      226.5             18.76             5.23              
314               2.25       0.02                   1670            1                   100000.0      226.5             18.76             5.23              
315               2.25       0.02                   1675            1                   100000.0      226.5             18.76             5.23              
316               2.25       0.02                   1680            1                   100000.0      226.5             18.76             5.23              
317               2.25       0.02                   1685            1                   100000.0      226.5             18.76             5.23              
318               2.25       0.02                   1690            1                   100000.0      226.5             18.76             5.23              
319               2.25       0.02                   1695            1                   100000.0      226.5             18.76             5.23              
320               2.25       0.02                   1700            1                   100000.0      226.5             18.76             5.23              
321               2.25       0.02                   1705            1                   100000.0      226.5             18.76             5.23              
322               2.25       0.02                   1710            1                   100000.0      226.5             18.76             5.23              
323               2.25       0.02                   1715            1                   100000.0      226.5             18.76             5.23              
324               2.25       0.02                   1720            1                   100000.0      226.5             18.76             5.23              
325               2.25       0.02                   1725            1                   100000.0      226.5             18.76             5.23              
326               2.25       0.02                   1730            1                   100000.0      226.5             18.76             5.23              
327               2.25       0.02                   1735            1                   100000.0      226.5             18.76             5.23              
328               2.25       0.02                   1740            1                   100000.0      226.5             18.76             5.23              
329               2.25       0.02                   1745            1                   100000.0      226.5             18.76             5.23              
330               2.25       0.02                   1750            1                   100000.0      226.5             18.76             5.23              
331               2.25       0.02                   1755            1                   100000.0      226.5             18.76             5.23              
332               2.25       0.02                   1760            1                   100000.0      226.5             18.76             5.23              
333               2.25       0.02                   1765            1                   100000.0      226.5             18.76             5.23              
334               2.25       0.02                   1770            1                   100000.0      226.5             18.76             5.23              
335               2.25       0.02                   1775            1                   100000.0      226.5             18.76             5.23              
336               2.25       0.02                   1780            1                   100000.0      226.5             18.76             5.23              
337               2.25       0.02                   1785            1                   100000.0      226.5             18.76             5.23              
338               2.25       0.02                   1790            1                   100000.0      226.5             18.76             5.23              
339               2.25       0.02                   1795            1                   100000.0      226.5             18.76             5.23              
340               2.25       0.02                   1800            1                   100000.0      226.5             18.76             5.23              
341               2.25       0.02                   1805            1                   100000.0      226.5             18.76             5.23              
342               2.25       0.02                   1810            1                   100000.0      226.5             18.76             5.23              
343               2.25       0.02                   1815            1                   100000.0      226.5             18.76             5.23              
344               2.25       0.02                   1820            1                   100000.0      226.5             18.76             5.23              
345               2.25       0.02                   1825            1                   100000.0      226.5             18.76             5.23              
346               2.25       0.02                   1830            1                   100000.0      226.5             18.76             5.23              
347               2.25       0.02                   1835            1                   100000.0      226.5             18.76             5.23              
348               2.25       0.02                   1840            1                   100000.0      226.5             18.76             5.23              
349               2.25       0.02                   1845            1                   100000.0      226.5             18.76             5.23              
350               2.25       0.02                   1850            1                   100000.0      226.5             18.76             5.23              
351               2.25       0.02                   1855            1                   100000.0      226.5             18.76             5.23              
352               2.25       0.02                   1860            1                   100000.0      226.5             18.76             5.23              
353               2.25       0.02                   1865            1                   100000.0      226.5             18.76             5.23              
354               2.25       0.02                   1870            1                   100000.0      226.5             18.76             5.23              
355               2.25       0.02                   1875            1                   100000.0      226.5             18.76             5.23              
356               2.25       0.02                   1880            1                   100000.0      226.5             18.76             5.23              
357               2.25       0.02                   1885            1                   100000.0      226.5             18.76             5.23              
358               2.25       0.02                   1890            1                   100000.0      226.5             18.76             5.23              
359               2.25       0.02                   1895            1                   100000.0      226.5             18.76             5.23              
360               2.25       0.02                   1900            1                   100000.0      226.5             18.76             5.23              
361               2.25       0.02                   1905            1                   100000.0      226.5             18.76             5.23              
362               2.25       0.02                   1910            1                   100000.0      226.5             18.76             5.23              
363               2.25       0.02                   1915            1                   100000.0      226.5             18.76             5.23              
364               2.25       0.02                   1920            1                   100000.0      226.5             18.76             5.23              
365               2.25       0.02                   1925            1                   100000.0      226.5             18.76             5.23              
366               2.25       0.02                   1930            1                   100000.0      226.5             18.76             5.23              
367               2.25       0.02                   1935            1                   100000.0      226.5             18.76             5.23              
368               2.25       0.02                   1940            1                   100000.0      226.5             18.76             5.23              
369               2.25       0.02                   1945            1                   100000.0      226.5             18.76             5.23              
370               2.25       0.02                   1950            1                   100000.0      226.5             18.76             5.23              
371               2.25       0.02                   1955            1                   100000.0      226.5             18.76             5.23              
372               2.25       0.02                   1960            1                   100000.0      226.5             18.76             5.23              
373               2.25       0.02                   1965            1                   100000.0      226.5             18.76             5.23              
374               2.25       0.02                   1970            1                   100000.0      226.5             18.76             5.23              
375               2.25       0.02                   1975            1                   100000.0      226.5             18.76             5.23              
376               2.25       0.02                   1980            1                   100000.0      226.5             18.76             5.23              
377               2.25       0.02                   1985            1                   100000.0      226.5             18.76             5.23              
378               2.25       0.02                   1990            1                   100000.0      226.5             18.76             5.23              
379               2.25       0.02                   1995            1                   100000.0      226.5             18.76             5.23              
380               2.25       0.02                   2000            1                   100000.0      226.5             18.76             5.23              
381               2.25       0.02                   2005            1                   100000.0      226.5             18.76             5.23              
382               2.25       0.02                   2010            1                   100000.0      226.5             18.76             5.23              
383               2.25       0.02                   2015            1                   100000.0      226.5             18.76             5.23              
384               2.25       0.02                   2020            1                   100000.0      226.5             18.76             5.23              
385               2.25       0.02                   2025            1                   100000.0      226.5             18.76             5.23              
386               2.25       0.02                   2030            1                   100000.0      226.5             18.76             5.23              
387               2.25       0.02                   2035            1                   100000.0      226.5             18.76             5.23              
388               2.25       0.02                   2040            1                   100000.0      226.5             18.76             5.23              
389               2.25       0.02                   2045            1                   100000.0      226.5             18.76             5.23              
390               2.25       0.02                   2050            1                   100000.0      226.5             18.76             5.23              
391               2.25       0.02                   2055            1                   100000.0      226.5             18.76             5.23              
392               2.25       0.02                   2060            1                   100000.0      226.5             18.76             5.23              
393               2.25       0.02                   2065            1                   100000.0      226.5             18.76             5.23              
394               2.25       0.02                   2070            1                   100000.0      226.5             18.76             5.23              
395               2.25       0.02                   2075            1                   100000.0      226.5             18.76             5.23              
396               2.25       0.02                   2080            1                   100000.0      226.5             18.76             5.23              
397               2.25       0.02                   2085            1                   100000.0      226.5             18.76             5.23              
398               2.25       0.02                   2090            1                   100000.0      226.5             18.76             5.23              
399               2.25       0.02                   2095            1                   100000.0      226.5             18.76             5.23              
400               2.25       0.02                   2100            1                   100000.0      226.5             18.76             5.23              
