     Energy         Kx              Ky       F.Density    GA.Brill.       Flux  Tot.Power  Nat.Size  Nat.Div.    Size.x    Size.y     Div.x     Div.y   Coh.Flux  Coh.Power   CohFrac.x   CohFrac.y
         eV          -               -  ph/s/mr^2/0.1%  F.Dens/mm^2  ph/s/0.1%         kW         m       rad         m         m       rad       rad  ph/s/0.1%          W           -           -
1.47642e+04  0.000e+00       1.000e-01       2.312e-01    5.722e+02  1.076e-04  4.951e-03 2.240e-06 2.984e-06 1.866e-05 3.447e-06 9.437e-06 7.849e-06  1.009e-06  2.004e-22  3.7951e-02  2.4703e-01
1.46168e+04  0.000e+00       1.740e-01       4.435e+03    1.095e+07  2.082e+00  1.499e-02 2.251e-06 2.999e-06 1.866e-05 3.454e-06 9.470e-06 7.888e-06  1.970e-02  3.914e-18  3.8199e-02  2.4776e-01
1.43953e+04  0.000e+00       2.480e-01       2.215e+06    5.452e+09  1.053e+03  3.045e-02 2.268e-06 3.022e-06 1.866e-05 3.465e-06 9.520e-06 7.948e-06  1.011e+01  2.009e-15  3.8579e-02  2.4886e-01
1.41067e+04  0.000e+00       3.220e-01       1.955e+08    4.789e+11  9.452e+04  5.134e-02 2.291e-06 3.053e-06 1.867e-05 3.480e-06 9.587e-06 8.028e-06  9.248e+02  1.837e-13  3.9087e-02  2.5032e-01
1.37592e+04  0.000e+00       3.960e-01       6.160e+09    1.501e+13  3.042e+06  7.764e-02 2.320e-06 3.091e-06 1.867e-05 3.499e-06 9.670e-06 8.128e-06  3.046e+04  6.052e-12  3.9720e-02  2.5212e-01
1.33622e+04  0.000e+00       4.700e-01       9.741e+10    2.357e+14  4.932e+07  1.094e-01 2.354e-06 3.136e-06 1.867e-05 3.522e-06 9.770e-06 8.247e-06  5.074e+05  1.008e-10  4.0472e-02  2.5421e-01
1.29255e+04  0.000e+00       5.440e-01       9.362e+11    2.248e+15  4.875e+08  1.465e-01 2.394e-06 3.189e-06 1.868e-05 3.549e-06 9.886e-06 8.384e-06  5.171e+06  1.027e-09  4.1338e-02  2.5658e-01
1.24589e+04  0.000e+00       6.180e-01       6.161e+12    1.467e+16  3.311e+09  1.891e-01 2.438e-06 3.248e-06 1.868e-05 3.579e-06 1.002e-05 8.538e-06  3.631e+07  7.213e-09  4.2311e-02  2.5918e-01
1.19716e+04  0.000e+00       6.920e-01       3.010e+13    7.096e+16  1.674e+10  2.371e-01 2.487e-06 3.314e-06 1.869e-05 3.612e-06 1.016e-05 8.709e-06  1.903e+08  3.779e-08  4.3386e-02  2.6198e-01
1.14723e+04  0.000e+00       7.660e-01       1.156e+14    2.696e+17  6.668e+10  2.905e-01 2.541e-06 3.385e-06 1.870e-05 3.649e-06 1.032e-05 8.895e-06  7.872e+08  1.564e-07  4.4556e-02  2.6494e-01
1.09684e+04  0.000e+00       8.400e-01       3.641e+14    8.396e+17  2.184e+11  3.494e-01 2.598e-06 3.462e-06 1.871e-05 3.690e-06 1.050e-05 9.095e-06  2.682e+09  5.327e-07  4.5815e-02  2.6804e-01
1.04663e+04  0.000e+00       9.140e-01       9.723e+14    2.215e+18  6.075e+11  4.136e-01 2.660e-06 3.544e-06 1.871e-05 3.733e-06 1.068e-05 9.309e-06  7.770e+09  1.544e-06  4.7155e-02  2.7123e-01
9.97131e+03  0.000e+00       9.880e-01       2.260e+15    5.081e+18  1.473e+12  4.833e-01 2.725e-06 3.631e-06 1.872e-05 3.780e-06 1.088e-05 9.536e-06  1.964e+10  3.901e-06  4.8570e-02  2.7449e-01
9.48771e+03  0.000e+00       1.062e+00       4.667e+15    1.035e+19  3.179e+12  5.584e-01 2.794e-06 3.722e-06 1.873e-05 3.830e-06 1.109e-05 9.775e-06  4.420e+10  8.780e-06  5.0054e-02  2.7779e-01
9.01872e+03  0.000e+00       1.136e+00       8.718e+15    1.907e+19  6.211e+12  6.390e-01 2.866e-06 3.818e-06 1.874e-05 3.883e-06 1.131e-05 1.002e-05  9.009e+10  1.789e-05  5.1601e-02  2.8110e-01
8.56675e+03  0.000e+00       1.210e+00       1.494e+16    3.220e+19  1.114e+13  7.249e-01 2.940e-06 3.917e-06 1.876e-05 3.938e-06 1.154e-05 1.028e-05  1.686e+11  3.349e-05  5.3205e-02  2.8441e-01
8.13342e+03  0.000e+00       1.284e+00       2.379e+16    5.048e+19  1.859e+13  8.163e-01 3.017e-06 4.020e-06 1.877e-05 3.996e-06 1.178e-05 1.055e-05  2.933e+11  5.825e-05  5.4855e-02  2.8764e-01
7.71977e+03  0.000e+00       1.358e+00       3.553e+16    7.422e+19  2.909e+13  9.131e-01 3.097e-06 4.126e-06 1.878e-05 4.057e-06 1.203e-05 1.083e-05  4.786e+11  9.508e-05  5.6558e-02  2.9088e-01
7.32629e+03  0.000e+00       1.432e+00       5.024e+16    1.033e+20  4.312e+13  1.015e+00 3.179e-06 4.236e-06 1.879e-05 4.120e-06 1.229e-05 1.112e-05  7.393e+11  1.469e-04  5.8303e-02  2.9406e-01
6.95310e+03  0.000e+00       1.506e+00       6.773e+16    1.369e+20  6.097e+13  1.123e+00 3.264e-06 4.348e-06 1.881e-05 4.185e-06 1.256e-05 1.141e-05  1.089e+12  2.162e-04  6.0086e-02  2.9717e-01
6.59996e+03  0.000e+00       1.580e+00       8.764e+16    1.743e+20  8.272e+13  1.236e+00 3.350e-06 4.463e-06 1.882e-05 4.252e-06 1.283e-05 1.171e-05  1.537e+12  3.054e-04  6.1903e-02  3.0021e-01
6.26644e+03  0.000e+00       1.654e+00       1.094e+17    2.139e+20  1.083e+14  1.355e+00 3.438e-06 4.580e-06 1.884e-05 4.322e-06 1.311e-05 1.202e-05  2.093e+12  4.158e-04  6.3751e-02  3.0316e-01
5.95190e+03  0.000e+00       1.728e+00       1.325e+17    2.545e+20  1.375e+14  1.478e+00 3.527e-06 4.700e-06 1.886e-05 4.394e-06 1.340e-05 1.233e-05  2.761e+12  5.484e-04  6.5626e-02  3.0603e-01
5.65560e+03  0.000e+00       1.802e+00       1.561e+17    2.947e+20  1.698e+14  1.608e+00 3.619e-06 4.821e-06 1.887e-05 4.467e-06 1.369e-05 1.265e-05  3.541e+12  7.033e-04  6.7525e-02  3.0880e-01
5.37671e+03  0.000e+00       1.876e+00       1.797e+17    3.333e+20  2.048e+14  1.743e+00 3.711e-06 4.945e-06 1.889e-05 4.543e-06 1.399e-05 1.297e-05  4.431e+12  8.801e-04  6.9444e-02  3.1148e-01
5.11436e+03  0.000e+00       1.950e+00       2.027e+17    3.693e+20  2.420e+14  1.883e+00 3.805e-06 5.070e-06 1.891e-05 4.620e-06 1.429e-05 1.330e-05  5.426e+12  1.078e-03  7.1384e-02  3.1407e-01
4.86766e+03  0.000e+00       2.024e+00       2.246e+17    4.019e+20  2.808e+14  2.028e+00 3.900e-06 5.197e-06 1.893e-05 4.699e-06 1.460e-05 1.363e-05  6.519e+12  1.295e-03  7.3339e-02  3.1656e-01
4.63572e+03  0.000e+00       2.098e+00       2.450e+17    4.306e+20  3.206e+14  2.179e+00 3.997e-06 5.325e-06 1.895e-05 4.779e-06 1.491e-05 1.396e-05  7.701e+12  1.530e-03  7.5308e-02  3.1896e-01
4.41767e+03  0.000e+00       2.172e+00       2.637e+17    4.551e+20  3.609e+14  2.336e+00 4.094e-06 5.455e-06 1.897e-05 4.861e-06 1.523e-05 1.430e-05  8.962e+12  1.780e-03  7.7290e-02  3.2127e-01
4.21265e+03  0.000e+00       2.246e+00       2.804e+17    4.753e+20  4.013e+14  2.498e+00 4.193e-06 5.586e-06 1.899e-05 4.944e-06 1.555e-05 1.465e-05  1.029e+13  2.045e-03  7.9282e-02  3.2348e-01
4.01984e+03  0.000e+00       2.320e+00       2.951e+17    4.912e+20  4.414e+14  2.665e+00 4.292e-06 5.718e-06 1.901e-05 5.028e-06 1.588e-05 1.499e-05  1.168e+13  2.321e-03  8.1283e-02  3.2560e-01
3.83846e+03  0.000e+00       2.394e+00       3.077e+17    5.030e+20  4.808e+14  2.838e+00 4.392e-06 5.852e-06 1.904e-05 5.114e-06 1.621e-05 1.534e-05  1.312e+13  2.606e-03  8.3291e-02  3.2763e-01
3.66778e+03  0.000e+00       2.468e+00       3.183e+17    5.110e+20  5.194e+14  3.016e+00 4.493e-06 5.987e-06 1.906e-05 5.201e-06 1.655e-05 1.569e-05  1.460e+13  2.900e-03  8.5296e-02  3.2954e-01
3.50708e+03  0.000e+00       2.542e+00       3.270e+17    5.155e+20  5.567e+14  3.199e+00 4.595e-06 6.122e-06 1.909e-05 5.289e-06 1.688e-05 1.605e-05  1.611e+13  3.200e-03  8.7314e-02  3.3141e-01
3.35571e+03  0.000e+00       2.616e+00       3.338e+17    5.169e+20  5.926e+14  3.388e+00 4.698e-06 6.259e-06 1.911e-05 5.379e-06 1.722e-05 1.641e-05  1.764e+13  3.504e-03  8.9335e-02  3.3320e-01
3.21305e+03  0.000e+00       2.690e+00       3.389e+17    5.155e+20  6.271e+14  3.583e+00 4.801e-06 6.396e-06 1.914e-05 5.469e-06 1.756e-05 1.676e-05  1.919e+13  3.812e-03  9.1359e-02  3.3491e-01
3.07853e+03  0.000e+00       2.764e+00       3.425e+17    5.116e+20  6.601e+14  3.783e+00 4.905e-06 6.534e-06 1.916e-05 5.560e-06 1.791e-05 1.713e-05  2.075e+13  4.121e-03  9.3384e-02  3.3654e-01
2.95160e+03  0.000e+00       2.838e+00       3.446e+17    5.057e+20  6.915e+14  3.988e+00 5.009e-06 6.673e-06 1.919e-05 5.653e-06 1.826e-05 1.749e-05  2.231e+13  4.431e-03  9.5409e-02  3.3811e-01
2.83175e+03  0.000e+00       2.912e+00       3.455e+17    4.980e+20  7.213e+14  4.199e+00 5.114e-06 6.813e-06 1.922e-05 5.746e-06 1.861e-05 1.786e-05  2.387e+13  4.741e-03  9.7434e-02  3.3961e-01
2.71854e+03  0.000e+00       2.986e+00       3.452e+17    4.889e+20  7.495e+14  4.415e+00 5.219e-06 6.954e-06 1.925e-05 5.840e-06 1.896e-05 1.822e-05  2.542e+13  5.050e-03  9.9458e-02  3.4104e-01
2.61150e+03  0.000e+00       3.060e+00       3.440e+17    4.786e+20  7.761e+14  4.636e+00 5.325e-06 7.095e-06 1.927e-05 5.935e-06 1.932e-05 1.859e-05  2.697e+13  5.357e-03  1.0148e-01  3.4242e-01
2.51025e+03  0.000e+00       3.134e+00       3.418e+17    4.674e+20  8.012e+14  4.863e+00 5.431e-06 7.236e-06 1.930e-05 6.030e-06 1.967e-05 1.896e-05  2.850e+13  5.662e-03  1.0350e-01  3.4373e-01
2.41440e+03  0.000e+00       3.208e+00       3.390e+17    4.554e+20  8.248e+14  5.096e+00 5.538e-06 7.379e-06 1.933e-05 6.127e-06 2.003e-05 1.933e-05  3.002e+13  5.964e-03  1.0551e-01  3.4499e-01
2.32361e+03  0.000e+00       3.282e+00       3.354e+17    4.430e+20  8.470e+14  5.333e+00 5.645e-06 7.521e-06 1.937e-05 6.224e-06 2.039e-05 1.971e-05  3.153e+13  6.263e-03  1.0753e-01  3.4620e-01
2.23755e+03  0.000e+00       3.356e+00       3.314e+17    4.302e+20  8.679e+14  5.577e+00 5.753e-06 7.665e-06 1.940e-05 6.321e-06 2.075e-05 2.008e-05  3.302e+13  6.559e-03  1.0953e-01  3.4735e-01
2.15592e+03  0.000e+00       3.430e+00       3.269e+17    4.171e+20  8.874e+14  5.825e+00 5.861e-06 7.808e-06 1.943e-05 6.420e-06 2.112e-05 2.046e-05  3.449e+13  6.851e-03  1.1154e-01  3.4846e-01
2.07844e+03  0.000e+00       3.504e+00       3.221e+17    4.040e+20  9.059e+14  6.079e+00 5.969e-06 7.953e-06 1.946e-05 6.519e-06 2.149e-05 2.084e-05  3.594e+13  7.140e-03  1.1352e-01  3.4948e-01
2.00486e+03  0.000e+00       3.578e+00       3.169e+17    3.909e+20  9.231e+14  6.339e+00 6.078e-06 8.097e-06 1.950e-05 6.618e-06 2.185e-05 2.122e-05  3.737e+13  7.424e-03  1.1551e-01  3.5049e-01
1.93492e+03  0.000e+00       3.652e+00       3.115e+17    3.779e+20  9.392e+14  6.604e+00 6.186e-06 8.242e-06 1.953e-05 6.718e-06 2.222e-05 2.160e-05  3.879e+13  7.705e-03  1.1750e-01  3.5146e-01
1.86841e+03  0.000e+00       3.726e+00       3.059e+17    3.650e+20  9.543e+14  6.874e+00 6.296e-06 8.388e-06 1.956e-05 6.819e-06 2.259e-05 2.198e-05  4.018e+13  7.981e-03  1.1947e-01  3.5240e-01
1.80511e+03  0.000e+00       3.800e+00       3.002e+17    3.523e+20  9.684e+14  7.150e+00 6.405e-06 8.534e-06 1.960e-05 6.920e-06 2.296e-05 2.236e-05  4.155e+13  8.254e-03  1.2144e-01  3.5329e-01
