     Energy         Kx              Ky       F.Density    GA.Brill.       Flux  Tot.Power  Nat.Size  Nat.Div.    Size.x    Size.y     Div.x     Div.y   Coh.Flux  Coh.Power   CohFrac.x   CohFrac.y
         eV          -               -  ph/s/mr^2/0.1%  F.Dens/mm^2  ph/s/0.1%         kW         m       rad         m         m       rad       rad  ph/s/0.1%          W           -           -
1.30540e+04  0.000e+00       8.000e-01       2.338e+14    5.628e+17  1.364e+11  4.270e-01 2.381e-06 3.175e-06 1.868e-05 3.540e-06 1.037e-05 8.954e-06  1.269e+09  2.521e-07  3.9010e-02  2.3846e-01
1.25794e+04  0.000e+00       8.600e-01       5.627e+14    1.343e+18  3.391e+11  4.934e-01 2.425e-06 3.234e-06 1.868e-05 3.570e-06 1.052e-05 9.120e-06  3.261e+09  6.478e-07  3.9916e-02  2.4090e-01
1.21074e+04  0.000e+00       9.200e-01       1.221e+15    2.888e+18  7.611e+11  5.647e-01 2.472e-06 3.296e-06 1.869e-05 3.602e-06 1.067e-05 9.295e-06  7.571e+09  1.504e-06  4.0868e-02  2.4341e-01
1.16412e+04  0.000e+00       9.800e-01       2.423e+15    5.673e+18  1.562e+12  6.407e-01 2.521e-06 3.362e-06 1.869e-05 3.636e-06 1.083e-05 9.478e-06  1.609e+10  3.196e-06  4.1863e-02  2.4596e-01
1.11833e+04  0.000e+00       1.040e+00       4.442e+15    1.030e+19  2.967e+12  7.216e-01 2.572e-06 3.430e-06 1.870e-05 3.671e-06 1.100e-05 9.668e-06  3.164e+10  6.285e-06  4.2898e-02  2.4854e-01
1.07360e+04  0.000e+00       1.100e+00       7.599e+15    1.743e+19  5.263e+12  8.073e-01 2.625e-06 3.501e-06 1.871e-05 3.709e-06 1.117e-05 9.867e-06  5.811e+10  1.154e-05  4.3970e-02  2.5114e-01
1.03009e+04  0.000e+00       1.160e+00       1.223e+16    2.775e+19  8.789e+12  8.977e-01 2.680e-06 3.574e-06 1.872e-05 3.748e-06 1.135e-05 1.007e-05  1.005e+11  1.997e-05  4.5071e-02  2.5372e-01
9.87918e+03  0.000e+00       1.220e+00       1.866e+16    4.186e+19  1.391e+13  9.930e-01 2.737e-06 3.649e-06 1.873e-05 3.788e-06 1.154e-05 1.028e-05  1.648e+11  3.274e-05  4.6209e-02  2.5632e-01
9.47189e+03  0.000e+00       1.280e+00       2.713e+16    6.018e+19  2.101e+13  1.093e+00 2.795e-06 3.727e-06 1.873e-05 3.831e-06 1.174e-05 1.050e-05  2.578e+11  5.120e-05  4.7376e-02  2.5892e-01
9.07960e+03  0.000e+00       1.340e+00       3.783e+16    8.292e+19  3.043e+13  1.198e+00 2.855e-06 3.807e-06 1.874e-05 3.875e-06 1.194e-05 1.073e-05  3.865e+11  7.679e-05  4.8571e-02  2.6149e-01
8.70266e+03  0.000e+00       1.400e+00       5.082e+16    1.100e+20  4.247e+13  1.308e+00 2.916e-06 3.888e-06 1.875e-05 3.920e-06 1.214e-05 1.095e-05  5.583e+11  1.109e-04  4.9790e-02  2.6404e-01
8.34121e+03  0.000e+00       1.460e+00       6.603e+16    1.412e+20  5.734e+13  1.422e+00 2.978e-06 3.971e-06 1.876e-05 3.967e-06 1.235e-05 1.119e-05  7.800e+11  1.549e-04  5.1033e-02  2.6655e-01
7.99520e+03  0.000e+00       1.520e+00       8.330e+16    1.759e+20  7.517e+13  1.541e+00 3.042e-06 4.056e-06 1.877e-05 4.015e-06 1.257e-05 1.143e-05  1.058e+12  2.101e-04  5.2297e-02  2.6902e-01
7.66447e+03  0.000e+00       1.580e+00       1.024e+17    2.134e+20  9.599e+13  1.666e+00 3.107e-06 4.143e-06 1.878e-05 4.064e-06 1.279e-05 1.167e-05  1.396e+12  2.773e-04  5.3580e-02  2.7145e-01
7.34871e+03  0.000e+00       1.640e+00       1.229e+17    2.528e+20  1.197e+14  1.794e+00 3.173e-06 4.231e-06 1.879e-05 4.115e-06 1.302e-05 1.192e-05  1.799e+12  3.574e-04  5.4881e-02  2.7383e-01
7.04755e+03  0.000e+00       1.700e+00       1.444e+17    2.933e+20  1.462e+14  1.928e+00 3.240e-06 4.321e-06 1.881e-05 4.167e-06 1.325e-05 1.217e-05  2.270e+12  4.509e-04  5.6198e-02  2.7615e-01
6.76054e+03  0.000e+00       1.760e+00       1.666e+17    3.340e+20  1.753e+14  2.067e+00 3.308e-06 4.411e-06 1.882e-05 4.220e-06 1.348e-05 1.242e-05  2.808e+12  5.578e-04  5.7531e-02  2.7843e-01
6.48719e+03  0.000e+00       1.820e+00       1.891e+17    3.739e+20  2.067e+14  2.210e+00 3.377e-06 4.503e-06 1.883e-05 4.274e-06 1.372e-05 1.268e-05  3.415e+12  6.783e-04  5.8876e-02  2.8064e-01
6.22697e+03  0.000e+00       1.880e+00       2.114e+17    4.124e+20  2.399e+14  2.358e+00 3.447e-06 4.597e-06 1.884e-05 4.330e-06 1.396e-05 1.294e-05  4.087e+12  8.119e-04  6.0234e-02  2.8280e-01
5.97934e+03  0.000e+00       1.940e+00       2.332e+17    4.488e+20  2.749e+14  2.511e+00 3.518e-06 4.691e-06 1.886e-05 4.386e-06 1.421e-05 1.320e-05  4.824e+12  9.583e-04  6.1603e-02  2.8491e-01
5.74375e+03  0.000e+00       2.000e+00       2.542e+17    4.826e+20  3.110e+14  2.669e+00 3.589e-06 4.786e-06 1.887e-05 4.444e-06 1.445e-05 1.347e-05  5.621e+12  1.117e-03  6.2981e-02  2.8695e-01
5.51966e+03  0.000e+00       2.060e+00       2.742e+17    5.133e+20  3.481e+14  2.831e+00 3.661e-06 4.882e-06 1.888e-05 4.502e-06 1.471e-05 1.374e-05  6.475e+12  1.286e-03  6.4369e-02  2.8894e-01
5.30650e+03  0.000e+00       2.120e+00       2.929e+17    5.408e+20  3.859e+14  2.999e+00 3.734e-06 4.979e-06 1.890e-05 4.561e-06 1.496e-05 1.401e-05  7.381e+12  1.466e-03  6.5765e-02  2.9086e-01
5.10374e+03  0.000e+00       2.180e+00       3.102e+17    5.649e+20  4.239e+14  3.171e+00 3.808e-06 5.077e-06 1.891e-05 4.622e-06 1.522e-05 1.429e-05  8.334e+12  1.656e-03  6.7168e-02  2.9273e-01
4.91087e+03  0.000e+00       2.240e+00       3.260e+17    5.855e+20  4.619e+14  3.348e+00 3.882e-06 5.176e-06 1.893e-05 4.683e-06 1.548e-05 1.457e-05  9.330e+12  1.853e-03  6.8577e-02  2.9454e-01
4.72737e+03  0.000e+00       2.300e+00       3.403e+17    6.026e+20  4.997e+14  3.529e+00 3.956e-06 5.275e-06 1.894e-05 4.745e-06 1.574e-05 1.484e-05  1.036e+13  2.058e-03  6.9992e-02  2.9630e-01
4.55275e+03  0.000e+00       2.360e+00       3.530e+17    6.164e+20  5.371e+14  3.716e+00 4.031e-06 5.376e-06 1.896e-05 4.808e-06 1.601e-05 1.513e-05  1.143e+13  2.270e-03  7.1405e-02  2.9796e-01
4.38655e+03  0.000e+00       2.420e+00       3.641e+17    6.269e+20  5.738e+14  3.907e+00 4.107e-06 5.477e-06 1.897e-05 4.871e-06 1.628e-05 1.541e-05  1.252e+13  2.487e-03  7.2829e-02  2.9961e-01
4.22832e+03  0.000e+00       2.480e+00       3.737e+17    6.345e+20  6.098e+14  4.103e+00 4.183e-06 5.578e-06 1.899e-05 4.936e-06 1.655e-05 1.570e-05  1.364e+13  2.709e-03  7.4256e-02  3.0120e-01
4.07763e+03  0.000e+00       2.540e+00       3.817e+17    6.392e+20  6.448e+14  4.304e+00 4.260e-06 5.680e-06 1.901e-05 5.001e-06 1.682e-05 1.598e-05  1.477e+13  2.935e-03  7.5686e-02  3.0273e-01
3.93408e+03  0.000e+00       2.600e+00       3.884e+17    6.413e+20  6.788e+14  4.510e+00 4.337e-06 5.783e-06 1.902e-05 5.067e-06 1.709e-05 1.627e-05  1.592e+13  3.163e-03  7.7119e-02  3.0422e-01
3.79727e+03  0.000e+00       2.660e+00       3.938e+17    6.411e+20  7.117e+14  4.721e+00 4.414e-06 5.886e-06 1.904e-05 5.133e-06 1.737e-05 1.656e-05  1.709e+13  3.394e-03  7.8554e-02  3.0566e-01
3.66685e+03  0.000e+00       2.720e+00       3.978e+17    6.388e+20  7.434e+14  4.936e+00 4.492e-06 5.990e-06 1.906e-05 5.200e-06 1.765e-05 1.685e-05  1.826e+13  3.627e-03  7.9991e-02  3.0705e-01
3.54247e+03  0.000e+00       2.780e+00       4.008e+17    6.346e+20  7.740e+14  5.156e+00 4.570e-06 6.094e-06 1.908e-05 5.268e-06 1.793e-05 1.714e-05  1.944e+13  3.861e-03  8.1428e-02  3.0839e-01
3.42379e+03  0.000e+00       2.840e+00       4.026e+17    6.288e+20  8.033e+14  5.381e+00 4.649e-06 6.199e-06 1.910e-05 5.336e-06 1.821e-05 1.744e-05  2.061e+13  4.095e-03  8.2867e-02  3.0969e-01
3.31052e+03  0.000e+00       2.900e+00       4.035e+17    6.215e+20  8.314e+14  5.611e+00 4.728e-06 6.304e-06 1.912e-05 5.405e-06 1.849e-05 1.773e-05  2.179e+13  4.329e-03  8.4306e-02  3.1094e-01
3.20236e+03  0.000e+00       2.960e+00       4.035e+17    6.130e+20  8.583e+14  5.845e+00 4.807e-06 6.410e-06 1.914e-05 5.474e-06 1.878e-05 1.803e-05  2.297e+13  4.564e-03  8.5745e-02  3.1215e-01
3.09904e+03  0.000e+00       3.020e+00       4.027e+17    6.035e+20  8.840e+14  6.085e+00 4.886e-06 6.516e-06 1.916e-05 5.544e-06 1.906e-05 1.833e-05  2.415e+13  4.797e-03  8.7183e-02  3.1332e-01
3.00029e+03  0.000e+00       3.080e+00       4.012e+17    5.931e+20  9.086e+14  6.329e+00 4.966e-06 6.622e-06 1.918e-05 5.615e-06 1.935e-05 1.863e-05  2.532e+13  5.029e-03  8.8621e-02  3.1445e-01
2.90588e+03  0.000e+00       3.140e+00       3.991e+17    5.819e+20  9.319e+14  6.578e+00 5.046e-06 6.729e-06 1.920e-05 5.686e-06 1.964e-05 1.893e-05  2.648e+13  5.261e-03  9.0058e-02  3.1555e-01
2.81557e+03  0.000e+00       3.200e+00       3.964e+17    5.702e+20  9.542e+14  6.832e+00 5.126e-06 6.836e-06 1.922e-05 5.757e-06 1.993e-05 1.923e-05  2.764e+13  5.490e-03  9.1494e-02  3.1660e-01
2.72914e+03  0.000e+00       3.260e+00       3.932e+17    5.579e+20  9.753e+14  7.090e+00 5.207e-06 6.943e-06 1.924e-05 5.829e-06 2.022e-05 1.953e-05  2.879e+13  5.719e-03  9.2928e-02  3.1762e-01
2.64640e+03  0.000e+00       3.320e+00       3.895e+17    5.454e+20  9.956e+14  7.354e+00 5.288e-06 7.051e-06 1.926e-05 5.901e-06 2.051e-05 1.983e-05  2.993e+13  5.945e-03  9.4352e-02  3.1858e-01
2.56716e+03  0.000e+00       3.380e+00       3.855e+17    5.326e+20  1.015e+15  7.622e+00 5.369e-06 7.159e-06 1.929e-05 5.974e-06 2.081e-05 2.013e-05  3.106e+13  6.169e-03  9.5782e-02  3.1953e-01
2.49122e+03  0.000e+00       3.440e+00       3.812e+17    5.196e+20  1.033e+15  7.895e+00 5.450e-06 7.267e-06 1.931e-05 6.047e-06 2.110e-05 2.044e-05  3.218e+13  6.392e-03  9.7210e-02  3.2045e-01
2.41842e+03  0.000e+00       3.500e+00       3.766e+17    5.065e+20  1.050e+15  8.173e+00 5.531e-06 7.376e-06 1.933e-05 6.120e-06 2.139e-05 2.074e-05  3.328e+13  6.612e-03  9.8635e-02  3.2134e-01
2.34861e+03  0.000e+00       3.560e+00       3.717e+17    4.935e+20  1.066e+15  8.455e+00 5.613e-06 7.484e-06 1.936e-05 6.194e-06 2.169e-05 2.105e-05  3.438e+13  6.830e-03  1.0006e-01  3.2221e-01
2.28162e+03  0.000e+00       3.620e+00       3.667e+17    4.804e+20  1.082e+15  8.743e+00 5.695e-06 7.594e-06 1.938e-05 6.268e-06 2.199e-05 2.136e-05  3.547e+13  7.045e-03  1.0148e-01  3.2304e-01
2.21732e+03  0.000e+00       3.680e+00       3.615e+17    4.675e+20  1.097e+15  9.035e+00 5.777e-06 7.703e-06 1.940e-05 6.343e-06 2.229e-05 2.166e-05  3.654e+13  7.258e-03  1.0289e-01  3.2384e-01
2.15558e+03  0.000e+00       3.740e+00       3.562e+17    4.546e+20  1.110e+15  9.332e+00 5.859e-06 7.812e-06 1.943e-05 6.418e-06 2.259e-05 2.197e-05  3.760e+13  7.469e-03  1.0431e-01  3.2462e-01
2.09626e+03  0.000e+00       3.800e+00       3.508e+17    4.420e+20  1.124e+15  9.634e+00 5.941e-06 7.922e-06 1.945e-05 6.493e-06 2.289e-05 2.228e-05  3.865e+13  7.678e-03  1.0572e-01  3.2538e-01
