     Energy         Kx              Ky       F.Density    GA.Brill.       Flux  Tot.Power  Nat.Size  Nat.Div.    Size.x    Size.y     Div.x     Div.y   Coh.Flux  Coh.Power   CohFrac.x   CohFrac.y
         eV          -               -  ph/s/mr^2/0.1%  F.Dens/mm^2  ph/s/0.1%         kW         m       rad         m         m       rad       rad  ph/s/0.1%          W           -           -
1.60709e+04  3.800e-01       2.327e-17       3.646e+09    9.190e+12  1.781e+06  9.634e-02 2.146e-06 2.861e-06 1.865e-05 3.386e-06 9.627e-06 8.076e-06  1.367e+04  2.716e-12  3.4197e-02  2.2448e-01
1.57331e+04  4.364e-01       2.672e-17       3.485e+10    8.745e+13  1.733e+07  1.271e-01 2.169e-06 2.892e-06 1.865e-05 3.401e-06 9.699e-06 8.162e-06  1.358e+05  2.697e-11  3.4668e-02  2.2592e-01
1.53655e+04  4.928e-01       3.018e-17       2.392e+11    5.973e+14  1.214e+08  1.620e-01 2.194e-06 2.926e-06 1.865e-05 3.417e-06 9.780e-06 8.258e-06  9.722e+05  1.931e-10  3.5197e-02  2.2753e-01
1.49732e+04  5.492e-01       3.363e-17       1.262e+12    3.133e+15  6.545e+08  2.012e-01 2.223e-06 2.964e-06 1.866e-05 3.436e-06 9.870e-06 8.365e-06  5.370e+06  1.067e-09  3.5783e-02  2.2928e-01
1.45611e+04  6.056e-01       3.708e-17       5.365e+12    1.324e+16  2.850e+09  2.447e-01 2.254e-06 3.006e-06 1.866e-05 3.456e-06 9.969e-06 8.481e-06  2.400e+07  4.767e-09  3.6423e-02  2.3116e-01
1.41342e+04  6.620e-01       4.054e-17       1.907e+13    4.675e+16  1.039e+10  2.924e-01 2.288e-06 3.051e-06 1.866e-05 3.478e-06 1.008e-05 8.608e-06  8.993e+07  1.786e-08  3.7114e-02  2.3316e-01
1.36968e+04  7.184e-01       4.399e-17       5.823e+13    1.418e+17  3.260e+10  3.443e-01 2.324e-06 3.099e-06 1.867e-05 3.502e-06 1.019e-05 8.743e-06  2.904e+08  5.768e-08  3.7856e-02  2.3527e-01
1.32532e+04  7.748e-01       4.744e-17       1.562e+14    3.773e+17  8.995e+10  4.005e-01 2.363e-06 3.151e-06 1.867e-05 3.528e-06 1.032e-05 8.887e-06  8.254e+08  1.640e-07  3.8643e-02  2.3746e-01
1.28071e+04  8.312e-01       5.090e-17       3.743e+14    8.970e+17  2.221e+11  4.609e-01 2.404e-06 3.205e-06 1.868e-05 3.555e-06 1.045e-05 9.039e-06  2.102e+09  4.175e-07  3.9475e-02  2.3972e-01
1.23618e+04  8.876e-01       5.435e-17       8.134e+14    1.933e+18  4.977e+11  5.256e-01 2.447e-06 3.262e-06 1.868e-05 3.584e-06 1.059e-05 9.199e-06  4.861e+09  9.656e-07  4.0349e-02  2.4205e-01
1.19201e+04  9.440e-01       5.780e-17       1.623e+15    3.822e+18  1.025e+12  5.945e-01 2.491e-06 3.322e-06 1.869e-05 3.615e-06 1.073e-05 9.367e-06  1.034e+10  2.054e-06  4.1261e-02  2.4442e-01
1.14844e+04  1.000e+00       6.126e-17       3.002e+15    7.006e+18  1.959e+12  6.677e-01 2.538e-06 3.385e-06 1.870e-05 3.648e-06 1.089e-05 9.542e-06  2.041e+10  4.055e-06  4.2211e-02  2.4683e-01
1.10569e+04  1.057e+00       6.471e-17       5.197e+15    1.201e+19  3.506e+12  7.451e-01 2.587e-06 3.449e-06 1.870e-05 3.682e-06 1.105e-05 9.723e-06  3.775e+10  7.500e-06  4.3194e-02  2.4927e-01
1.06392e+04  1.113e+00       6.816e-17       8.480e+15    1.940e+19  5.920e+12  8.268e-01 2.637e-06 3.517e-06 1.871e-05 3.717e-06 1.121e-05 9.911e-06  6.588e+10  1.309e-05  4.4210e-02  2.5172e-01
1.02324e+04  1.170e+00       7.162e-17       1.313e+16    2.974e+19  9.492e+12  9.127e-01 2.689e-06 3.586e-06 1.872e-05 3.754e-06 1.138e-05 1.011e-05  1.092e+11  2.168e-05  4.5251e-02  2.5414e-01
9.83779e+03  1.226e+00       7.507e-17       1.941e+16    4.349e+19  1.453e+13  1.003e+00 2.742e-06 3.657e-06 1.873e-05 3.793e-06 1.156e-05 1.031e-05  1.727e+11  3.431e-05  4.6324e-02  2.5658e-01
9.45591e+03  1.282e+00       7.852e-17       2.752e+16    6.100e+19  2.134e+13  1.097e+00 2.797e-06 3.730e-06 1.873e-05 3.832e-06 1.174e-05 1.051e-05  2.622e+11  5.208e-05  4.7423e-02  2.5902e-01
9.08729e+03  1.339e+00       8.198e-17       3.760e+16    8.242e+19  3.022e+13  1.196e+00 2.853e-06 3.805e-06 1.874e-05 3.874e-06 1.193e-05 1.072e-05  3.836e+11  7.619e-05  4.8547e-02  2.6144e-01
8.73224e+03  1.395e+00       8.543e-17       4.970e+16    1.077e+20  4.141e+13  1.299e+00 2.911e-06 3.882e-06 1.875e-05 3.916e-06 1.213e-05 1.094e-05  5.429e+11  1.078e-04  4.9692e-02  2.6384e-01
8.39088e+03  1.452e+00       8.888e-17       6.377e+16    1.366e+20  5.508e+13  1.406e+00 2.970e-06 3.960e-06 1.876e-05 3.960e-06 1.232e-05 1.115e-05  7.457e+11  1.481e-04  5.0858e-02  2.6620e-01
8.06317e+03  1.508e+00       9.234e-17       7.969e+16    1.687e+20  7.136e+13  1.517e+00 3.029e-06 4.039e-06 1.877e-05 4.005e-06 1.253e-05 1.138e-05  9.973e+11  1.981e-04  5.2043e-02  2.6853e-01
7.74901e+03  1.564e+00       9.579e-17       9.724e+16    2.034e+20  9.029e+13  1.633e+00 3.090e-06 4.120e-06 1.878e-05 4.051e-06 1.273e-05 1.161e-05  1.302e+12  2.586e-04  5.3245e-02  2.7082e-01
7.44815e+03  1.621e+00       9.925e-17       1.162e+17    2.401e+20  1.118e+14  1.753e+00 3.152e-06 4.203e-06 1.879e-05 4.098e-06 1.294e-05 1.184e-05  1.663e+12  3.304e-04  5.4463e-02  2.7307e-01
7.16030e+03  1.677e+00       1.027e-16       1.361e+17    2.779e+20  1.359e+14  1.877e+00 3.215e-06 4.286e-06 1.880e-05 4.147e-06 1.316e-05 1.207e-05  2.083e+12  4.138e-04  5.5696e-02  2.7527e-01
6.88511e+03  1.734e+00       1.062e-16       1.568e+17    3.161e+20  1.622e+14  2.005e+00 3.278e-06 4.371e-06 1.881e-05 4.196e-06 1.338e-05 1.231e-05  2.563e+12  5.091e-04  5.6943e-02  2.7743e-01
6.62219e+03  1.790e+00       1.096e-16       1.778e+17    3.541e+20  1.907e+14  2.138e+00 3.343e-06 4.457e-06 1.882e-05 4.247e-06 1.360e-05 1.255e-05  3.103e+12  6.164e-04  5.8202e-02  2.7954e-01
6.37110e+03  1.846e+00       1.131e-16       1.989e+17    3.911e+20  2.211e+14  2.274e+00 3.408e-06 4.544e-06 1.883e-05 4.298e-06 1.383e-05 1.279e-05  3.703e+12  7.355e-04  5.9472e-02  2.8160e-01
6.13141e+03  1.903e+00       1.165e-16       2.197e+17    4.265e+20  2.530e+14  2.416e+00 3.474e-06 4.632e-06 1.885e-05 4.351e-06 1.405e-05 1.304e-05  4.360e+12  8.661e-04  6.0753e-02  2.8361e-01
5.90267e+03  1.959e+00       1.200e-16       2.400e+17    4.599e+20  2.863e+14  2.561e+00 3.541e-06 4.721e-06 1.886e-05 4.404e-06 1.429e-05 1.329e-05  5.073e+12  1.008e-03  6.2043e-02  2.8557e-01
5.68441e+03  2.016e+00       1.234e-16       2.595e+17    4.909e+20  3.206e+14  2.710e+00 3.608e-06 4.811e-06 1.887e-05 4.459e-06 1.452e-05 1.354e-05  5.838e+12  1.160e-03  6.3341e-02  2.8747e-01
5.47617e+03  2.072e+00       1.269e-16       2.780e+17    5.191e+20  3.557e+14  2.864e+00 3.676e-06 4.901e-06 1.889e-05 4.514e-06 1.476e-05 1.380e-05  6.652e+12  1.321e-03  6.4648e-02  2.8933e-01
5.27750e+03  2.128e+00       1.303e-16       2.954e+17    5.444e+20  3.912e+14  3.022e+00 3.744e-06 4.993e-06 1.890e-05 4.570e-06 1.500e-05 1.405e-05  7.512e+12  1.492e-03  6.5961e-02  2.9113e-01
5.08796e+03  2.185e+00       1.338e-16       3.115e+17    5.667e+20  4.269e+14  3.185e+00 3.813e-06 5.085e-06 1.891e-05 4.627e-06 1.524e-05 1.431e-05  8.412e+12  1.671e-03  6.7280e-02  2.9288e-01
4.90711e+03  2.241e+00       1.372e-16       3.263e+17    5.858e+20  4.626e+14  3.351e+00 3.883e-06 5.178e-06 1.893e-05 4.684e-06 1.548e-05 1.457e-05  9.350e+12  1.857e-03  6.8605e-02  2.9458e-01
4.73454e+03  2.298e+00       1.407e-16       3.398e+17    6.020e+20  4.982e+14  3.522e+00 3.953e-06 5.271e-06 1.894e-05 4.742e-06 1.573e-05 1.483e-05  1.032e+13  2.050e-03  6.9935e-02  2.9623e-01
4.56983e+03  2.354e+00       1.441e-16       3.518e+17    6.151e+20  5.334e+14  3.697e+00 4.024e-06 5.366e-06 1.896e-05 4.801e-06 1.598e-05 1.510e-05  1.132e+13  2.249e-03  7.1262e-02  2.9780e-01
4.41260e+03  2.410e+00       1.476e-16       3.624e+17    6.254e+20  5.680e+14  3.876e+00 4.095e-06 5.460e-06 1.897e-05 4.861e-06 1.623e-05 1.537e-05  1.234e+13  2.452e-03  7.2600e-02  2.9935e-01
4.26247e+03  2.467e+00       1.510e-16       3.717e+17    6.331e+20  6.019e+14  4.060e+00 4.166e-06 5.556e-06 1.899e-05 4.922e-06 1.649e-05 1.563e-05  1.339e+13  2.660e-03  7.3941e-02  3.0085e-01
4.11909e+03  2.523e+00       1.545e-16       3.796e+17    6.381e+20  6.351e+14  4.248e+00 4.238e-06 5.652e-06 1.900e-05 4.983e-06 1.674e-05 1.590e-05  1.445e+13  2.871e-03  7.5285e-02  3.0231e-01
3.98211e+03  2.580e+00       1.580e-16       3.863e+17    6.409e+20  6.673e+14  4.440e+00 4.311e-06 5.748e-06 1.902e-05 5.044e-06 1.700e-05 1.617e-05  1.553e+13  3.085e-03  7.6631e-02  3.0372e-01
3.85121e+03  2.636e+00       1.614e-16       3.918e+17    6.415e+20  6.986e+14  4.636e+00 4.383e-06 5.845e-06 1.904e-05 5.106e-06 1.726e-05 1.644e-05  1.662e+13  3.302e-03  7.7980e-02  3.0509e-01
3.72607e+03  2.692e+00       1.649e-16       3.961e+17    6.401e+20  7.289e+14  4.836e+00 4.456e-06 5.942e-06 1.905e-05 5.169e-06 1.752e-05 1.672e-05  1.772e+13  3.520e-03  7.9330e-02  3.0641e-01
3.60641e+03  2.749e+00       1.683e-16       3.994e+17    6.370e+20  7.582e+14  5.041e+00 4.530e-06 6.040e-06 1.907e-05 5.233e-06 1.778e-05 1.699e-05  1.882e+13  3.739e-03  8.0681e-02  3.0770e-01
3.49195e+03  2.805e+00       1.718e-16       4.017e+17    6.324e+20  7.864e+14  5.250e+00 4.603e-06 6.138e-06 1.909e-05 5.296e-06 1.805e-05 1.727e-05  1.993e+13  3.959e-03  8.2032e-02  3.0894e-01
3.38241e+03  2.862e+00       1.752e-16       4.031e+17    6.264e+20  8.136e+14  5.463e+00 4.677e-06 6.237e-06 1.911e-05 5.361e-06 1.831e-05 1.754e-05  2.104e+13  4.179e-03  8.3385e-02  3.1014e-01
3.27755e+03  2.918e+00       1.787e-16       4.036e+17    6.191e+20  8.396e+14  5.681e+00 4.751e-06 6.336e-06 1.912e-05 5.426e-06 1.858e-05 1.782e-05  2.215e+13  4.400e-03  8.4737e-02  3.1131e-01
3.17713e+03  2.974e+00       1.821e-16       4.034e+17    6.108e+20  8.646e+14  5.902e+00 4.826e-06 6.435e-06 1.914e-05 5.491e-06 1.884e-05 1.810e-05  2.326e+13  4.620e-03  8.6090e-02  3.1244e-01
3.08093e+03  3.031e+00       1.856e-16       4.025e+17    6.017e+20  8.885e+14  6.128e+00 4.901e-06 6.535e-06 1.916e-05 5.557e-06 1.911e-05 1.838e-05  2.436e+13  4.839e-03  8.7442e-02  3.1353e-01
2.98874e+03  3.087e+00       1.890e-16       4.010e+17    5.918e+20  9.114e+14  6.359e+00 4.976e-06 6.635e-06 1.918e-05 5.623e-06 1.938e-05 1.866e-05  2.546e+13  5.057e-03  8.8794e-02  3.1459e-01
2.90034e+03  3.144e+00       1.925e-16       3.990e+17    5.812e+20  9.333e+14  6.593e+00 5.051e-06 6.735e-06 1.920e-05 5.690e-06 1.965e-05 1.894e-05  2.655e+13  5.275e-03  9.0144e-02  3.1561e-01
2.81557e+03  3.200e+00       1.959e-16       3.964e+17    5.702e+20  9.542e+14  6.832e+00 5.126e-06 6.836e-06 1.922e-05 5.757e-06 1.993e-05 1.923e-05  2.764e+13  5.490e-03  9.1494e-02  3.1660e-01
