     Energy         Kx              Ky       F.Density    GA.Brill.       Flux  Tot.Power  Nat.Size  Nat.Div.    Size.x    Size.y     Div.x     Div.y   Coh.Flux  Coh.Power   CohFrac.x   CohFrac.y
         eV          -               -  ph/s/mr^2/0.1%  F.Dens/mm^2  ph/s/0.1%         kW         m       rad         m         m       rad       rad  ph/s/0.1%          W           -           -
5.35698e+03  3.800e-01       2.327e-17       6.048e+15    1.120e+19  3.194e+12  9.634e-02 3.716e-06 4.956e-06 1.889e-05 4.547e-06 9.945e-06 8.453e-06  1.500e+11  2.981e-05  9.8025e-02  4.7920e-01
5.24437e+03  4.364e-01       2.672e-17       1.257e+16    2.311e+19  6.761e+12  1.271e-01 3.756e-06 5.009e-06 1.890e-05 4.579e-06 1.002e-05 8.542e-06  3.229e+11  6.415e-05  9.9327e-02  4.8092e-01
5.12183e+03  4.928e-01       3.018e-17       2.334e+16    4.256e+19  1.281e+13  1.620e-01 3.801e-06 5.068e-06 1.891e-05 4.616e-06 1.011e-05 8.643e-06  6.235e+11  1.239e-04  1.0079e-01  4.8282e-01
4.99105e+03  5.492e-01       3.363e-17       3.963e+16    7.158e+19  2.224e+13  2.012e-01 3.850e-06 5.134e-06 1.892e-05 4.657e-06 1.020e-05 8.755e-06  1.104e+12  2.194e-04  1.0241e-01  4.8486e-01
4.85370e+03  6.056e-01       3.708e-17       6.252e+16    1.118e+20  3.594e+13  2.447e-01 3.904e-06 5.206e-06 1.893e-05 4.702e-06 1.031e-05 8.877e-06  1.823e+12  3.622e-04  1.0417e-01  4.8704e-01
4.71139e+03  6.620e-01       4.054e-17       9.276e+16    1.640e+20  5.472e+13  2.924e-01 3.963e-06 5.284e-06 1.894e-05 4.751e-06 1.042e-05 9.009e-06  2.840e+12  5.642e-04  1.0608e-01  4.8933e-01
4.56560e+03  7.184e-01       4.399e-17       1.307e+17    2.284e+20  7.921e+13  3.443e-01 4.026e-06 5.368e-06 1.896e-05 4.803e-06 1.054e-05 9.150e-06  4.211e+12  8.365e-04  1.0812e-01  4.9170e-01
4.41774e+03  7.748e-01       4.744e-17       1.761e+17    3.040e+20  1.099e+14  4.005e-01 4.093e-06 5.457e-06 1.897e-05 4.859e-06 1.068e-05 9.301e-06  5.987e+12  1.189e-03  1.1028e-01  4.9415e-01
4.26903e+03  8.312e-01       5.090e-17       2.284e+17    3.892e+20  1.468e+14  4.609e-01 4.163e-06 5.551e-06 1.899e-05 4.919e-06 1.081e-05 9.461e-06  8.207e+12  1.630e-03  1.1256e-01  4.9664e-01
4.12059e+03  8.876e-01       5.435e-17       2.865e+17    4.816e+20  1.900e+14  5.256e-01 4.238e-06 5.650e-06 1.900e-05 4.982e-06 1.096e-05 9.628e-06  1.090e+13  2.165e-03  1.1495e-01  4.9917e-01
3.97335e+03  9.440e-01       5.780e-17       3.491e+17    5.786e+20  2.390e+14  5.945e-01 4.315e-06 5.754e-06 1.902e-05 5.048e-06 1.112e-05 9.804e-06  1.408e+13  2.798e-03  1.1744e-01  5.0171e-01
3.82815e+03  1.000e+00       6.126e-17       4.146e+17    6.773e+20  2.934e+14  6.677e-01 4.396e-06 5.862e-06 1.904e-05 5.118e-06 1.128e-05 9.987e-06  1.776e+13  3.528e-03  1.2003e-01  5.0426e-01
3.68564e+03  1.057e+00       6.471e-17       4.815e+17    7.748e+20  3.525e+14  7.451e-01 4.481e-06 5.975e-06 1.906e-05 5.190e-06 1.145e-05 1.018e-05  2.192e+13  4.354e-03  1.2271e-01  5.0679e-01
3.54639e+03  1.113e+00       6.816e-17       5.483e+17    8.686e+20  4.153e+14  8.268e-01 4.568e-06 6.091e-06 1.908e-05 5.266e-06 1.162e-05 1.037e-05  2.654e+13  5.272e-03  1.2547e-01  5.0931e-01
3.41082e+03  1.170e+00       7.162e-17       6.134e+17    9.565e+20  4.812e+14  9.127e-01 4.658e-06 6.211e-06 1.910e-05 5.344e-06 1.180e-05 1.058e-05  3.160e+13  6.277e-03  1.2831e-01  5.1179e-01
3.27926e+03  1.226e+00       7.507e-17       6.758e+17    1.037e+21  5.492e+14  1.003e+00 4.750e-06 6.334e-06 1.912e-05 5.425e-06 1.199e-05 1.079e-05  3.705e+13  7.361e-03  1.3121e-01  5.1424e-01
3.15197e+03  1.282e+00       7.852e-17       7.343e+17    1.108e+21  6.184e+14  1.097e+00 4.845e-06 6.461e-06 1.915e-05 5.508e-06 1.218e-05 1.100e-05  4.287e+13  8.516e-03  1.3418e-01  5.1664e-01
3.02910e+03  1.339e+00       8.198e-17       7.883e+17    1.170e+21  6.882e+14  1.196e+00 4.942e-06 6.590e-06 1.917e-05 5.594e-06 1.238e-05 1.122e-05  4.900e+13  9.734e-03  1.3720e-01  5.1899e-01
2.91075e+03  1.395e+00       8.543e-17       8.371e+17    1.221e+21  7.577e+14  1.299e+00 5.042e-06 6.723e-06 1.920e-05 5.682e-06 1.259e-05 1.144e-05  5.540e+13  1.101e-02  1.4028e-01  5.2128e-01
2.79696e+03  1.452e+00       8.888e-17       8.805e+17    1.263e+21  8.267e+14  1.406e+00 5.143e-06 6.858e-06 1.922e-05 5.772e-06 1.280e-05 1.168e-05  6.204e+13  1.232e-02  1.4338e-01  5.2341e-01
2.68772e+03  1.508e+00       9.234e-17       9.183e+17    1.294e+21  8.941e+14  1.517e+00 5.247e-06 6.996e-06 1.925e-05 5.864e-06 1.301e-05 1.191e-05  6.886e+13  1.368e-02  1.4654e-01  5.2558e-01
2.58300e+03  1.564e+00       9.579e-17       9.504e+17    1.317e+21  9.597e+14  1.633e+00 5.352e-06 7.137e-06 1.928e-05 5.959e-06 1.323e-05 1.215e-05  7.583e+13  1.506e-02  1.4974e-01  5.2768e-01
2.48272e+03  1.621e+00       9.925e-17       9.771e+17    1.330e+21  1.023e+15  1.753e+00 5.459e-06 7.280e-06 1.931e-05 6.055e-06 1.345e-05 1.239e-05  8.292e+13  1.647e-02  1.5298e-01  5.2971e-01
2.38677e+03  1.677e+00       1.027e-16       9.986e+17    1.335e+21  1.084e+15  1.877e+00 5.568e-06 7.424e-06 1.934e-05 6.153e-06 1.368e-05 1.264e-05  9.008e+13  1.789e-02  1.5624e-01  5.3168e-01
2.29504e+03  1.734e+00       1.062e-16       1.015e+18    1.333e+21  1.143e+15  2.005e+00 5.678e-06 7.571e-06 1.937e-05 6.253e-06 1.391e-05 1.288e-05  9.729e+13  1.933e-02  1.5953e-01  5.3359e-01
2.20740e+03  1.790e+00       1.096e-16       1.027e+18    1.325e+21  1.199e+15  2.138e+00 5.790e-06 7.720e-06 1.941e-05 6.355e-06 1.414e-05 1.314e-05  1.045e+14  2.076e-02  1.6284e-01  5.3543e-01
2.12370e+03  1.846e+00       1.131e-16       1.035e+18    1.312e+21  1.252e+15  2.274e+00 5.903e-06 7.871e-06 1.944e-05 6.458e-06 1.438e-05 1.339e-05  1.118e+14  2.220e-02  1.6617e-01  5.3720e-01
2.04380e+03  1.903e+00       1.165e-16       1.039e+18    1.293e+21  1.302e+15  2.416e+00 6.017e-06 8.023e-06 1.948e-05 6.562e-06 1.462e-05 1.365e-05  1.190e+14  2.364e-02  1.6952e-01  5.3891e-01
1.96756e+03  1.959e+00       1.200e-16       1.039e+18    1.271e+21  1.350e+15  2.561e+00 6.132e-06 8.177e-06 1.951e-05 6.668e-06 1.487e-05 1.391e-05  1.262e+14  2.506e-02  1.7288e-01  5.4055e-01
1.89480e+03  2.016e+00       1.234e-16       1.036e+18    1.245e+21  1.395e+15  2.710e+00 6.249e-06 8.333e-06 1.955e-05 6.776e-06 1.511e-05 1.417e-05  1.333e+14  2.648e-02  1.7625e-01  5.4214e-01
1.82539e+03  2.072e+00       1.269e-16       1.031e+18    1.217e+21  1.437e+15  2.864e+00 6.367e-06 8.490e-06 1.959e-05 6.885e-06 1.536e-05 1.444e-05  1.404e+14  2.788e-02  1.7963e-01  5.4366e-01
1.75917e+03  2.128e+00       1.303e-16       1.024e+18    1.187e+21  1.477e+15  3.022e+00 6.485e-06 8.648e-06 1.963e-05 6.995e-06 1.561e-05 1.471e-05  1.474e+14  2.927e-02  1.8301e-01  5.4513e-01
1.69599e+03  2.185e+00       1.338e-16       1.014e+18    1.155e+21  1.514e+15  3.185e+00 6.605e-06 8.808e-06 1.967e-05 7.106e-06 1.587e-05 1.498e-05  1.543e+14  3.065e-02  1.8640e-01  5.4654e-01
1.63570e+03  2.241e+00       1.372e-16       1.002e+18    1.122e+21  1.549e+15  3.351e+00 6.726e-06 8.968e-06 1.971e-05 7.218e-06 1.613e-05 1.525e-05  1.611e+14  3.200e-02  1.8979e-01  5.4790e-01
1.57818e+03  2.298e+00       1.407e-16       9.896e+17    1.088e+21  1.583e+15  3.522e+00 6.847e-06 9.130e-06 1.975e-05 7.331e-06 1.639e-05 1.553e-05  1.678e+14  3.334e-02  1.9315e-01  5.4912e-01
1.52328e+03  2.354e+00       1.441e-16       9.755e+17    1.054e+21  1.613e+15  3.697e+00 6.970e-06 9.293e-06 1.979e-05 7.446e-06 1.665e-05 1.581e-05  1.745e+14  3.466e-02  1.9653e-01  5.5037e-01
1.47087e+03  2.410e+00       1.476e-16       9.604e+17    1.019e+21  1.642e+15  3.876e+00 7.093e-06 9.458e-06 1.984e-05 7.561e-06 1.692e-05 1.608e-05  1.810e+14  3.596e-02  1.9991e-01  5.5158e-01
1.42082e+03  2.467e+00       1.510e-16       9.445e+17    9.849e+20  1.669e+15  4.060e+00 7.216e-06 9.623e-06 1.988e-05 7.677e-06 1.718e-05 1.636e-05  1.875e+14  3.724e-02  2.0329e-01  5.5273e-01
1.37303e+03  2.523e+00       1.545e-16       9.279e+17    9.509e+20  1.694e+15  4.248e+00 7.341e-06 9.789e-06 1.993e-05 7.794e-06 1.745e-05 1.665e-05  1.938e+14  3.851e-02  2.0665e-01  5.5384e-01
1.32737e+03  2.580e+00       1.580e-16       9.109e+17    9.174e+20  1.717e+15  4.440e+00 7.466e-06 9.956e-06 1.997e-05 7.912e-06 1.772e-05 1.693e-05  2.001e+14  3.975e-02  2.1001e-01  5.5491e-01
1.28374e+03  2.636e+00       1.614e-16       8.935e+17    8.845e+20  1.739e+15  4.636e+00 7.592e-06 1.012e-05 2.002e-05 8.031e-06 1.799e-05 1.721e-05  2.063e+14  4.097e-02  2.1336e-01  5.5594e-01
1.24202e+03  2.692e+00       1.649e-16       8.759e+17    8.523e+20  1.759e+15  4.836e+00 7.718e-06 1.029e-05 2.007e-05 8.151e-06 1.827e-05 1.750e-05  2.123e+14  4.218e-02  2.1670e-01  5.5692e-01
1.20214e+03  2.749e+00       1.683e-16       8.582e+17    8.208e+20  1.778e+15  5.041e+00 7.845e-06 1.046e-05 2.012e-05 8.271e-06 1.854e-05 1.779e-05  2.183e+14  4.336e-02  2.2003e-01  5.5787e-01
1.16398e+03  2.805e+00       1.718e-16       8.404e+17    7.902e+20  1.796e+15  5.250e+00 7.973e-06 1.063e-05 2.017e-05 8.392e-06 1.882e-05 1.808e-05  2.242e+14  4.453e-02  2.2334e-01  5.5879e-01
1.12747e+03  2.862e+00       1.752e-16       8.226e+17    7.605e+20  1.813e+15  5.463e+00 8.101e-06 1.080e-05 2.022e-05 8.514e-06 1.910e-05 1.836e-05  2.299e+14  4.567e-02  2.2664e-01  5.5966e-01
1.09252e+03  2.918e+00       1.787e-16       8.049e+17    7.318e+20  1.828e+15  5.681e+00 8.230e-06 1.097e-05 2.027e-05 8.636e-06 1.938e-05 1.866e-05  2.356e+14  4.680e-02  2.2992e-01  5.6051e-01
1.05904e+03  2.974e+00       1.821e-16       7.874e+17    7.039e+20  1.843e+15  5.902e+00 8.359e-06 1.115e-05 2.032e-05 8.760e-06 1.966e-05 1.895e-05  2.412e+14  4.791e-02  2.3319e-01  5.6132e-01
1.02698e+03  3.031e+00       1.856e-16       7.700e+17    6.771e+20  1.857e+15  6.128e+00 8.488e-06 1.132e-05 2.038e-05 8.883e-06 1.994e-05 1.924e-05  2.467e+14  4.901e-02  2.3642e-01  5.6203e-01
9.96245e+02  3.087e+00       1.890e-16       7.529e+17    6.511e+20  1.869e+15  6.359e+00 8.618e-06 1.149e-05 2.043e-05 9.007e-06 2.023e-05 1.954e-05  2.521e+14  5.008e-02  2.3965e-01  5.6278e-01
9.66781e+02  3.144e+00       1.925e-16       7.360e+17    6.262e+20  1.881e+15  6.593e+00 8.748e-06 1.167e-05 2.049e-05 9.132e-06 2.051e-05 1.983e-05  2.575e+14  5.114e-02  2.4287e-01  5.6350e-01
9.38522e+02  3.200e+00       1.959e-16       7.195e+17    6.021e+20  1.892e+15  6.832e+00 8.879e-06 1.184e-05 2.054e-05 9.257e-06 2.080e-05 2.013e-05  2.627e+14  5.219e-02  2.4606e-01  5.6420e-01
