     Energy         Kx              Ky       F.Density    GA.Brill.       Flux  Tot.Power  Nat.Size  Nat.Div.    Size.x    Size.y     Div.x     Div.y   Coh.Flux  Coh.Power   CohFrac.x   CohFrac.y
         eV          -               -  ph/s/mr^2/0.1%  F.Dens/mm^2  ph/s/0.1%         kW         m       rad         m         m       rad       rad  ph/s/0.1%          W           -           -
1.64047e+03  7.071e-02       7.071e-02       3.900e+16    4.368e+19  2.800e+13  4.951e-03 6.719e-06 8.952e-06 1.970e-05 7.211e-06 1.135e-05 1.007e-05  6.238e+12  1.239e-03  2.6894e-01  8.2842e-01
1.63081e+03  1.047e-01       1.047e-01       8.448e+16    9.434e+19  6.096e+13  1.085e-02 6.739e-06 8.978e-06 1.971e-05 7.230e-06 1.138e-05 1.010e-05  1.363e+13  2.708e-03  2.6981e-01  8.2875e-01
1.61760e+03  1.386e-01       1.386e-01       1.459e+17    1.623e+20  1.061e+14  1.902e-02 6.766e-06 9.015e-06 1.972e-05 7.256e-06 1.141e-05 1.014e-05  2.384e+13  4.735e-03  2.7096e-01  8.2899e-01
1.60101e+03  1.725e-01       1.725e-01       2.218e+17    2.454e+20  1.628e+14  2.948e-02 6.801e-06 9.061e-06 1.973e-05 7.288e-06 1.146e-05 1.019e-05  3.679e+13  7.309e-03  2.7250e-01  8.2957e-01
1.58126e+03  2.065e-01       2.065e-01       3.102e+17    3.412e+20  2.302e+14  4.222e-02 6.843e-06 9.118e-06 1.975e-05 7.328e-06 1.152e-05 1.026e-05  5.244e+13  1.042e-02  2.7436e-01  8.3026e-01
1.55858e+03  2.404e-01       2.404e-01       4.092e+17    4.469e+20  3.077e+14  5.724e-02 6.893e-06 9.184e-06 1.976e-05 7.374e-06 1.158e-05 1.033e-05  7.070e+13  1.404e-02  2.7652e-01  8.3106e-01
1.53326e+03  2.744e-01       2.744e-01       5.167e+17    5.596e+20  3.941e+14  7.454e-02 6.950e-06 9.259e-06 1.978e-05 7.427e-06 1.166e-05 1.041e-05  9.148e+13  1.817e-02  2.7899e-01  8.3195e-01
1.50557e+03  3.083e-01       3.083e-01       6.303e+17    6.765e+20  4.887e+14  9.412e-02 7.013e-06 9.344e-06 1.981e-05 7.487e-06 1.174e-05 1.051e-05  1.147e+14  2.278e-02  2.8175e-01  8.3294e-01
1.47581e+03  3.422e-01       3.422e-01       7.478e+17    7.946e+20  5.903e+14  1.160e-01 7.084e-06 9.438e-06 1.983e-05 7.553e-06 1.184e-05 1.061e-05  1.402e+14  2.785e-02  2.8480e-01  8.3400e-01
1.44429e+03  3.762e-01       3.762e-01       8.672e+17    9.115e+20  6.979e+14  1.401e-01 7.161e-06 9.540e-06 1.986e-05 7.625e-06 1.194e-05 1.073e-05  1.679e+14  3.336e-02  2.8810e-01  8.3512e-01
1.41129e+03  4.101e-01       4.101e-01       9.865e+17    1.025e+21  8.106e+14  1.666e-01 7.244e-06 9.651e-06 1.989e-05 7.703e-06 1.205e-05 1.085e-05  1.977e+14  3.928e-02  2.9167e-01  8.3630e-01
1.37711e+03  4.441e-01       4.441e-01       1.104e+18    1.132e+21  9.273e+14  1.953e-01 7.333e-06 9.770e-06 1.992e-05 7.787e-06 1.217e-05 1.099e-05  2.295e+14  4.558e-02  2.9547e-01  8.3753e-01
1.34203e+03  4.780e-01       4.780e-01       1.218e+18    1.233e+21  1.047e+15  2.263e-01 7.428e-06 9.897e-06 1.996e-05 7.877e-06 1.230e-05 1.113e-05  2.631e+14  5.225e-02  2.9951e-01  8.3880e-01
1.30630e+03  5.119e-01       5.119e-01       1.327e+18    1.325e+21  1.169e+15  2.595e-01 7.529e-06 1.003e-05 2.000e-05 7.972e-06 1.244e-05 1.128e-05  2.983e+14  5.926e-02  3.0375e-01  8.4010e-01
1.27017e+03  5.459e-01       5.459e-01       1.430e+18    1.407e+21  1.292e+15  2.951e-01 7.636e-06 1.017e-05 2.004e-05 8.073e-06 1.258e-05 1.144e-05  3.352e+14  6.658e-02  3.0820e-01  8.4142e-01
1.23385e+03  5.798e-01       5.798e-01       1.526e+18    1.479e+21  1.416e+15  3.329e-01 7.747e-06 1.032e-05 2.008e-05 8.178e-06 1.273e-05 1.160e-05  3.734e+14  7.418e-02  3.1284e-01  8.4275e-01
1.19754e+03  6.138e-01       6.138e-01       1.615e+18    1.541e+21  1.540e+15  3.730e-01 7.864e-06 1.048e-05 2.012e-05 8.289e-06 1.289e-05 1.178e-05  4.130e+14  8.204e-02  3.1764e-01  8.4409e-01
1.16142e+03  6.477e-01       6.477e-01       1.696e+18    1.593e+21  1.664e+15  4.154e-01 7.985e-06 1.064e-05 2.017e-05 8.404e-06 1.305e-05 1.196e-05  4.537e+14  9.013e-02  3.2260e-01  8.4543e-01
1.12564e+03  6.817e-01       6.817e-01       1.769e+18    1.634e+21  1.786e+15  4.601e-01 8.111e-06 1.081e-05 2.022e-05 8.524e-06 1.323e-05 1.214e-05  4.955e+14  9.843e-02  3.2771e-01  8.4676e-01
1.09034e+03  7.156e-01       7.156e-01       1.834e+18    1.665e+21  1.906e+15  5.071e-01 8.241e-06 1.098e-05 2.027e-05 8.648e-06 1.340e-05 1.234e-05  5.382e+14  1.069e-01  3.3295e-01  8.4808e-01
1.05562e+03  7.495e-01       7.495e-01       1.891e+18    1.687e+21  2.025e+15  5.563e-01 8.376e-06 1.116e-05 2.033e-05 8.776e-06 1.359e-05 1.254e-05  5.818e+14  1.156e-01  3.3832e-01  8.4939e-01
1.02159e+03  7.835e-01       7.835e-01       1.940e+18    1.700e+21  2.141e+15  6.079e-01 8.514e-06 1.134e-05 2.039e-05 8.908e-06 1.378e-05 1.274e-05  6.260e+14  1.244e-01  3.4378e-01  8.5068e-01
9.88312e+02  8.174e-01       8.174e-01       1.981e+18    1.705e+21  2.254e+15  6.617e-01 8.656e-06 1.153e-05 2.045e-05 9.044e-06 1.398e-05 1.296e-05  6.709e+14  1.333e-01  3.4935e-01  8.5194e-01
9.55857e+02  8.514e-01       8.514e-01       2.015e+18    1.703e+21  2.365e+15  7.178e-01 8.802e-06 1.173e-05 2.051e-05 9.184e-06 1.418e-05 1.317e-05  7.163e+14  1.423e-01  3.5500e-01  8.5318e-01
9.24271e+02  8.853e-01       8.853e-01       2.042e+18    1.694e+21  2.473e+15  7.761e-01 8.951e-06 1.193e-05 2.057e-05 9.327e-06 1.438e-05 1.340e-05  7.620e+14  1.514e-01  3.6072e-01  8.5439e-01
8.93588e+02  9.192e-01       9.192e-01       2.063e+18    1.679e+21  2.578e+15  8.368e-01 9.103e-06 1.213e-05 2.064e-05 9.473e-06 1.460e-05 1.363e-05  8.082e+14  1.605e-01  3.6643e-01  8.5538e-01
8.63833e+02  9.532e-01       9.532e-01       2.077e+18    1.659e+21  2.680e+15  8.997e-01 9.259e-06 1.234e-05 2.071e-05 9.622e-06 1.482e-05 1.386e-05  8.545e+14  1.697e-01  3.7226e-01  8.5652e-01
8.35020e+02  9.871e-01       9.871e-01       2.086e+18    1.635e+21  2.778e+15  9.649e-01 9.417e-06 1.255e-05 2.078e-05 9.775e-06 1.504e-05 1.409e-05  9.010e+14  1.790e-01  3.7814e-01  8.5764e-01
8.07156e+02  1.021e+00       1.021e+00       2.090e+18    1.606e+21  2.873e+15  1.032e+00 9.578e-06 1.276e-05 2.085e-05 9.930e-06 1.526e-05 1.433e-05  9.476e+14  1.882e-01  3.8406e-01  8.5872e-01
7.80239e+02  1.055e+00       1.055e+00       2.089e+18    1.575e+21  2.965e+15  1.102e+00 9.742e-06 1.298e-05 2.093e-05 1.009e-05 1.549e-05 1.458e-05  9.942e+14  1.975e-01  3.9000e-01  8.5977e-01
7.54264e+02  1.089e+00       1.089e+00       2.084e+18    1.541e+21  3.054e+15  1.174e+00 9.909e-06 1.320e-05 2.101e-05 1.025e-05 1.573e-05 1.483e-05  1.041e+15  2.068e-01  3.9596e-01  8.6079e-01
7.29219e+02  1.123e+00       1.123e+00       2.076e+18    1.505e+21  3.139e+15  1.249e+00 1.008e-05 1.343e-05 2.109e-05 1.041e-05 1.596e-05 1.508e-05  1.087e+15  2.160e-01  4.0194e-01  8.6178e-01
7.05088e+02  1.157e+00       1.157e+00       2.064e+18    1.467e+21  3.221e+15  1.325e+00 1.025e-05 1.365e-05 2.117e-05 1.058e-05 1.620e-05 1.533e-05  1.134e+15  2.252e-01  4.0792e-01  8.6273e-01
6.81852e+02  1.191e+00       1.191e+00       2.048e+18    1.427e+21  3.301e+15  1.404e+00 1.042e-05 1.388e-05 2.125e-05 1.075e-05 1.645e-05 1.559e-05  1.180e+15  2.344e-01  4.1390e-01  8.6366e-01
6.59491e+02  1.225e+00       1.225e+00       2.031e+18    1.387e+21  3.377e+15  1.485e+00 1.060e-05 1.412e-05 2.134e-05 1.092e-05 1.670e-05 1.585e-05  1.226e+15  2.435e-01  4.1988e-01  8.6455e-01
6.37981e+02  1.259e+00       1.259e+00       2.010e+18    1.347e+21  3.450e+15  1.569e+00 1.077e-05 1.435e-05 2.143e-05 1.109e-05 1.695e-05 1.612e-05  1.271e+15  2.526e-01  4.2584e-01  8.6541e-01
6.17296e+02  1.293e+00       1.293e+00       1.988e+18    1.306e+21  3.521e+15  1.655e+00 1.095e-05 1.459e-05 2.152e-05 1.126e-05 1.720e-05 1.638e-05  1.317e+15  2.616e-01  4.3178e-01  8.6624e-01
5.97412e+02  1.327e+00       1.327e+00       1.964e+18    1.265e+21  3.588e+15  1.743e+00 1.113e-05 1.483e-05 2.161e-05 1.144e-05 1.746e-05 1.665e-05  1.362e+15  2.705e-01  4.3770e-01  8.6704e-01
5.78301e+02  1.360e+00       1.360e+00       1.939e+18    1.224e+21  3.655e+15  1.833e+00 1.132e-05 1.508e-05 2.171e-05 1.162e-05 1.772e-05 1.693e-05  1.406e+15  2.794e-01  4.4352e-01  8.6765e-01
5.59936e+02  1.394e+00       1.394e+00       1.912e+18    1.184e+21  3.717e+15  1.925e+00 1.150e-05 1.532e-05 2.180e-05 1.179e-05 1.798e-05 1.720e-05  1.451e+15  2.882e-01  4.4938e-01  8.6839e-01
5.42290e+02  1.428e+00       1.428e+00       1.885e+18    1.144e+21  3.778e+15  2.020e+00 1.169e-05 1.557e-05 2.190e-05 1.198e-05 1.825e-05 1.748e-05  1.495e+15  2.969e-01  4.5521e-01  8.6910e-01
5.25337e+02  1.462e+00       1.462e+00       1.856e+18    1.104e+21  3.835e+15  2.117e+00 1.187e-05 1.582e-05 2.200e-05 1.216e-05 1.852e-05 1.776e-05  1.538e+15  3.055e-01  4.6100e-01  8.6979e-01
5.09049e+02  1.496e+00       1.496e+00       1.827e+18    1.066e+21  3.891e+15  2.217e+00 1.206e-05 1.607e-05 2.210e-05 1.234e-05 1.879e-05 1.804e-05  1.581e+15  3.140e-01  4.6675e-01  8.7046e-01
4.93400e+02  1.530e+00       1.530e+00       1.798e+18    1.028e+21  3.944e+15  2.319e+00 1.225e-05 1.632e-05 2.221e-05 1.253e-05 1.906e-05 1.832e-05  1.623e+15  3.224e-01  4.7246e-01  8.7110e-01
4.78365e+02  1.564e+00       1.564e+00       1.768e+18    9.915e+20  3.995e+15  2.423e+00 1.244e-05 1.658e-05 2.231e-05 1.271e-05 1.933e-05 1.861e-05  1.665e+15  3.308e-01  4.7811e-01  8.7171e-01
4.63918e+02  1.598e+00       1.598e+00       1.737e+18    9.557e+20  4.045e+15  2.529e+00 1.263e-05 1.683e-05 2.242e-05 1.290e-05 1.961e-05 1.890e-05  1.707e+15  3.390e-01  4.8372e-01  8.7231e-01
4.50034e+02  1.632e+00       1.632e+00       1.707e+18    9.210e+20  4.092e+15  2.637e+00 1.283e-05 1.709e-05 2.253e-05 1.309e-05 1.989e-05 1.918e-05  1.748e+15  3.471e-01  4.8928e-01  8.7288e-01
4.36691e+02  1.666e+00       1.666e+00       1.677e+18    8.872e+20  4.137e+15  2.748e+00 1.302e-05 1.735e-05 2.264e-05 1.328e-05 2.017e-05 1.947e-05  1.788e+15  3.552e-01  4.9479e-01  8.7344e-01
4.23865e+02  1.700e+00       1.700e+00       1.646e+18    8.545e+20  4.181e+15  2.861e+00 1.322e-05 1.761e-05 2.276e-05 1.347e-05 2.045e-05 1.977e-05  1.828e+15  3.631e-01  5.0024e-01  8.7397e-01
4.11535e+02  1.734e+00       1.734e+00       1.616e+18    8.229e+20  4.223e+15  2.977e+00 1.341e-05 1.787e-05 2.287e-05 1.367e-05 2.073e-05 2.006e-05  1.867e+15  3.709e-01  5.0563e-01  8.7448e-01
3.99678e+02  1.768e+00       1.768e+00       1.586e+18    7.923e+20  4.265e+15  3.095e+00 1.361e-05 1.814e-05 2.299e-05 1.386e-05 2.102e-05 2.036e-05  1.906e+15  3.786e-01  5.1089e-01  8.7483e-01
