     Energy         Kx              Ky       F.Density    GA.Brill.       Flux  Tot.Power  Nat.Size  Nat.Div.    Size.x    Size.y     Div.x     Div.y   Coh.Flux  Coh.Power   CohFrac.x   CohFrac.y
         eV          -               -  ph/s/mr^2/0.1%  F.Dens/mm^2  ph/s/0.1%         kW         m       rad         m         m       rad       rad  ph/s/0.1%          W           -           -
1.14724e+04  4.101e-01       4.101e-01       0.000e+00    0.000e+00  0.000e+00  2.244e-01 2.540e-06 3.386e-06 1.870e-05 3.649e-06 9.968e-06 8.480e-06  0.000e+00  0.000e+00  4.6145e-02  2.7797e-01
1.11452e+04  4.500e-01       4.500e-01       0.000e+00    0.000e+00  0.000e+00  2.702e-01 2.577e-06 3.436e-06 1.870e-05 3.674e-06 1.007e-05 8.602e-06  0.000e+00  0.000e+00  4.6995e-02  2.8007e-01
1.08083e+04  4.899e-01       4.899e-01       0.000e+00    0.000e+00  0.000e+00  3.202e-01 2.616e-06 3.489e-06 1.871e-05 3.703e-06 1.019e-05 8.734e-06  0.000e+00  0.000e+00  4.7908e-02  2.8228e-01
1.04651e+04  5.298e-01       5.298e-01       0.000e+00    0.000e+00  0.000e+00  3.745e-01 2.659e-06 3.546e-06 1.871e-05 3.733e-06 1.031e-05 8.875e-06  0.000e+00  0.000e+00  4.8882e-02  2.8458e-01
1.01186e+04  5.696e-01       5.696e-01       0.000e+00    0.000e+00  0.000e+00  4.330e-01 2.704e-06 3.606e-06 1.872e-05 3.765e-06 1.044e-05 9.025e-06  0.000e+00  0.000e+00  4.9913e-02  2.8697e-01
9.77169e+03  6.095e-01       6.095e-01       0.000e+00    0.000e+00  0.000e+00  4.957e-01 2.752e-06 3.669e-06 1.873e-05 3.799e-06 1.057e-05 9.182e-06  0.000e+00  0.000e+00  5.0998e-02  2.8942e-01
9.42661e+03  6.494e-01       6.494e-01       0.000e+00    0.000e+00  0.000e+00  5.627e-01 2.802e-06 3.736e-06 1.873e-05 3.836e-06 1.072e-05 9.349e-06  0.000e+00  0.000e+00  5.2128e-02  2.9187e-01
9.08544e+03  6.893e-01       6.893e-01       0.000e+00    0.000e+00  0.000e+00  6.340e-01 2.854e-06 3.805e-06 1.874e-05 3.874e-06 1.087e-05 9.522e-06  0.000e+00  0.000e+00  5.3312e-02  2.9440e-01
8.74989e+03  7.292e-01       7.292e-01       0.000e+00    0.000e+00  0.000e+00  7.094e-01 2.908e-06 3.878e-06 1.875e-05 3.914e-06 1.103e-05 9.702e-06  0.000e+00  0.000e+00  5.4540e-02  2.9695e-01
8.42138e+03  7.690e-01       7.690e-01       0.000e+00    0.000e+00  0.000e+00  7.892e-01 2.964e-06 3.953e-06 1.876e-05 3.956e-06 1.119e-05 9.888e-06  0.000e+00  0.000e+00  5.5809e-02  2.9952e-01
8.10103e+03  8.089e-01       8.089e-01       0.000e+00    0.000e+00  0.000e+00  8.731e-01 3.022e-06 4.030e-06 1.877e-05 4.000e-06 1.136e-05 1.008e-05  0.000e+00  0.000e+00  5.7118e-02  3.0208e-01
7.78974e+03  8.488e-01       8.488e-01       0.000e+00    0.000e+00  0.000e+00  9.614e-01 3.082e-06 4.110e-06 1.878e-05 4.045e-06 1.154e-05 1.028e-05  0.000e+00  0.000e+00  5.8462e-02  3.0464e-01
7.48815e+03  8.887e-01       8.887e-01       0.000e+00    0.000e+00  0.000e+00  1.054e+00 3.143e-06 4.192e-06 1.879e-05 4.092e-06 1.172e-05 1.048e-05  0.000e+00  0.000e+00  5.9840e-02  3.0718e-01
7.19673e+03  9.286e-01       9.286e-01       0.000e+00    0.000e+00  0.000e+00  1.151e+00 3.206e-06 4.276e-06 1.880e-05 4.141e-06 1.191e-05 1.069e-05  0.000e+00  0.000e+00  6.1249e-02  3.0969e-01
6.91577e+03  9.685e-01       9.685e-01       0.000e+00    0.000e+00  0.000e+00  1.251e+00 3.271e-06 4.362e-06 1.881e-05 4.191e-06 1.210e-05 1.091e-05  0.000e+00  0.000e+00  6.2687e-02  3.1217e-01
6.64543e+03  1.008e+00       1.008e+00       0.000e+00    0.000e+00  0.000e+00  1.357e+00 3.337e-06 4.449e-06 1.882e-05 4.242e-06 1.230e-05 1.112e-05  0.000e+00  0.000e+00  6.4151e-02  3.1461e-01
6.38574e+03  1.048e+00       1.048e+00       0.000e+00    0.000e+00  0.000e+00  1.466e+00 3.404e-06 4.539e-06 1.883e-05 4.295e-06 1.250e-05 1.135e-05  0.000e+00  0.000e+00  6.5639e-02  3.1701e-01
6.13662e+03  1.088e+00       1.088e+00       0.000e+00    0.000e+00  0.000e+00  1.580e+00 3.472e-06 4.630e-06 1.885e-05 4.350e-06 1.270e-05 1.157e-05  0.000e+00  0.000e+00  6.7149e-02  3.1937e-01
5.89795e+03  1.128e+00       1.128e+00       0.000e+00    0.000e+00  0.000e+00  1.698e+00 3.542e-06 4.723e-06 1.886e-05 4.405e-06 1.292e-05 1.180e-05  0.000e+00  0.000e+00  6.8680e-02  3.2167e-01
5.66950e+03  1.168e+00       1.168e+00       0.000e+00    0.000e+00  0.000e+00  1.820e+00 3.613e-06 4.817e-06 1.887e-05 4.462e-06 1.313e-05 1.204e-05  0.000e+00  0.000e+00  7.0229e-02  3.2393e-01
5.45104e+03  1.208e+00       1.208e+00       0.000e+00    0.000e+00  0.000e+00  1.946e+00 3.684e-06 4.913e-06 1.889e-05 4.521e-06 1.335e-05 1.228e-05  0.000e+00  0.000e+00  7.1796e-02  3.2613e-01
5.24225e+03  1.248e+00       1.248e+00       0.000e+00    0.000e+00  0.000e+00  2.077e+00 3.757e-06 5.010e-06 1.890e-05 4.580e-06 1.357e-05 1.252e-05  0.000e+00  0.000e+00  7.3378e-02  3.2827e-01
5.04282e+03  1.288e+00       1.288e+00       0.000e+00    0.000e+00  0.000e+00  2.212e+00 3.830e-06 5.108e-06 1.892e-05 4.641e-06 1.380e-05 1.276e-05  0.000e+00  0.000e+00  7.4974e-02  3.3036e-01
4.85242e+03  1.327e+00       1.327e+00       0.000e+00    0.000e+00  0.000e+00  2.351e+00 3.905e-06 5.207e-06 1.893e-05 4.702e-06 1.402e-05 1.301e-05  0.000e+00  0.000e+00  7.6584e-02  3.3239e-01
4.67069e+03  1.367e+00       1.367e+00       0.000e+00    0.000e+00  0.000e+00  2.494e+00 3.980e-06 5.307e-06 1.895e-05 4.765e-06 1.426e-05 1.326e-05  0.000e+00  0.000e+00  7.8204e-02  3.3436e-01
4.49727e+03  1.407e+00       1.407e+00       0.000e+00    0.000e+00  0.000e+00  2.642e+00 4.056e-06 5.409e-06 1.896e-05 4.829e-06 1.449e-05 1.351e-05  0.000e+00  0.000e+00  7.9835e-02  3.3628e-01
4.33181e+03  1.447e+00       1.447e+00       0.000e+00    0.000e+00  0.000e+00  2.794e+00 4.133e-06 5.511e-06 1.898e-05 4.893e-06 1.473e-05 1.377e-05  0.000e+00  0.000e+00  8.1475e-02  3.3814e-01
4.17396e+03  1.487e+00       1.487e+00       0.000e+00    0.000e+00  0.000e+00  2.950e+00 4.210e-06 5.614e-06 1.900e-05 4.959e-06 1.497e-05 1.402e-05  0.000e+00  0.000e+00  8.3115e-02  3.3989e-01
4.02336e+03  1.527e+00       1.527e+00       0.000e+00    0.000e+00  0.000e+00  3.110e+00 4.288e-06 5.718e-06 1.901e-05 5.025e-06 1.521e-05 1.428e-05  0.000e+00  0.000e+00  8.4770e-02  3.4164e-01
3.87967e+03  1.567e+00       1.567e+00       0.000e+00    0.000e+00  0.000e+00  3.275e+00 4.367e-06 5.823e-06 1.903e-05 5.093e-06 1.546e-05 1.455e-05  0.000e+00  0.000e+00  8.6432e-02  3.4333e-01
3.74256e+03  1.607e+00       1.607e+00       0.000e+00    0.000e+00  0.000e+00  3.444e+00 4.446e-06 5.929e-06 1.905e-05 5.161e-06 1.571e-05 1.481e-05  0.000e+00  0.000e+00  8.8099e-02  3.4496e-01
3.61172e+03  1.646e+00       1.646e+00       0.000e+00    0.000e+00  0.000e+00  3.617e+00 4.526e-06 6.035e-06 1.907e-05 5.230e-06 1.596e-05 1.507e-05  0.000e+00  0.000e+00  8.9771e-02  3.4654e-01
3.48683e+03  1.686e+00       1.686e+00       0.000e+00    0.000e+00  0.000e+00  3.794e+00 4.607e-06 6.143e-06 1.909e-05 5.299e-06 1.621e-05 1.534e-05  0.000e+00  0.000e+00  9.1448e-02  3.4808e-01
3.36759e+03  1.726e+00       1.726e+00       0.000e+00    0.000e+00  0.000e+00  3.976e+00 4.687e-06 6.250e-06 1.911e-05 5.370e-06 1.646e-05 1.561e-05  0.000e+00  0.000e+00  9.3127e-02  3.4956e-01
3.25372e+03  1.766e+00       1.766e+00       0.000e+00    0.000e+00  0.000e+00  4.162e+00 4.769e-06 6.359e-06 1.913e-05 5.441e-06 1.672e-05 1.588e-05  0.000e+00  0.000e+00  9.4809e-02  3.5099e-01
3.14495e+03  1.806e+00       1.806e+00       0.000e+00    0.000e+00  0.000e+00  4.352e+00 4.850e-06 6.468e-06 1.915e-05 5.513e-06 1.698e-05 1.615e-05  0.000e+00  0.000e+00  9.6493e-02  3.5237e-01
3.04103e+03  1.846e+00       1.846e+00       0.000e+00    0.000e+00  0.000e+00  4.546e+00 4.933e-06 6.577e-06 1.917e-05 5.585e-06 1.724e-05 1.642e-05  0.000e+00  0.000e+00  9.8180e-02  3.5371e-01
2.94169e+03  1.886e+00       1.886e+00       0.000e+00    0.000e+00  0.000e+00  4.745e+00 5.015e-06 6.688e-06 1.919e-05 5.658e-06 1.750e-05 1.670e-05  0.000e+00  0.000e+00  9.9867e-02  3.5500e-01
2.84672e+03  1.926e+00       1.926e+00       0.000e+00    0.000e+00  0.000e+00  4.948e+00 5.098e-06 6.798e-06 1.921e-05 5.732e-06 1.776e-05 1.697e-05  0.000e+00  0.000e+00  1.0155e-01  3.5625e-01
2.75588e+03  1.965e+00       1.965e+00       0.000e+00    0.000e+00  0.000e+00  5.155e+00 5.182e-06 6.909e-06 1.924e-05 5.806e-06 1.803e-05 1.725e-05  0.000e+00  0.000e+00  1.0324e-01  3.5746e-01
2.66897e+03  2.005e+00       2.005e+00       0.000e+00    0.000e+00  0.000e+00  5.366e+00 5.265e-06 7.021e-06 1.926e-05 5.881e-06 1.829e-05 1.753e-05  0.000e+00  0.000e+00  1.0493e-01  3.5862e-01
2.58578e+03  2.045e+00       2.045e+00       0.000e+00    0.000e+00  0.000e+00  5.581e+00 5.349e-06 7.133e-06 1.928e-05 5.956e-06 1.856e-05 1.781e-05  0.000e+00  0.000e+00  1.0662e-01  3.5975e-01
2.50614e+03  2.085e+00       2.085e+00       0.000e+00    0.000e+00  0.000e+00  5.801e+00 5.434e-06 7.245e-06 1.930e-05 6.032e-06 1.883e-05 1.809e-05  0.000e+00  0.000e+00  1.0830e-01  3.6084e-01
2.42985e+03  2.125e+00       2.125e+00       0.000e+00    0.000e+00  0.000e+00  6.025e+00 5.518e-06 7.358e-06 1.933e-05 6.109e-06 1.910e-05 1.837e-05  0.000e+00  0.000e+00  1.0998e-01  3.6189e-01
2.35674e+03  2.165e+00       2.165e+00       0.000e+00    0.000e+00  0.000e+00  6.254e+00 5.603e-06 7.472e-06 1.935e-05 6.185e-06 1.937e-05 1.865e-05  0.000e+00  0.000e+00  1.1166e-01  3.6287e-01
2.28667e+03  2.205e+00       2.205e+00       0.000e+00    0.000e+00  0.000e+00  6.486e+00 5.688e-06 7.585e-06 1.938e-05 6.263e-06 1.965e-05 1.894e-05  0.000e+00  0.000e+00  1.1333e-01  3.6385e-01
2.21947e+03  2.245e+00       2.245e+00       0.000e+00    0.000e+00  0.000e+00  6.723e+00 5.774e-06 7.699e-06 1.940e-05 6.340e-06 1.992e-05 1.922e-05  0.000e+00  0.000e+00  1.1501e-01  3.6480e-01
2.15501e+03  2.285e+00       2.285e+00       0.000e+00    0.000e+00  0.000e+00  6.964e+00 5.860e-06 7.813e-06 1.943e-05 6.419e-06 2.020e-05 1.950e-05  0.000e+00  0.000e+00  1.1668e-01  3.6572e-01
2.09315e+03  2.324e+00       2.324e+00       0.000e+00    0.000e+00  0.000e+00  7.209e+00 5.946e-06 7.928e-06 1.945e-05 6.497e-06 2.047e-05 1.979e-05  0.000e+00  0.000e+00  1.1835e-01  3.6661e-01
2.03375e+03  2.364e+00       2.364e+00       0.000e+00    0.000e+00  0.000e+00  7.459e+00 6.032e-06 8.043e-06 1.948e-05 6.576e-06 2.075e-05 2.008e-05  0.000e+00  0.000e+00  1.2002e-01  3.6747e-01
1.97671e+03  2.404e+00       2.404e+00       0.000e+00    0.000e+00  0.000e+00  7.712e+00 6.118e-06 8.158e-06 1.951e-05 6.655e-06 2.103e-05 2.036e-05  0.000e+00  0.000e+00  1.2169e-01  3.6830e-01
