     Energy         Kx              Ky       F.Density    GA.Brill.       Flux  Tot.Power  Nat.Size  Nat.Div.    Size.x    Size.y     Div.x     Div.y   Coh.Flux  Coh.Power   CohFrac.x   CohFrac.y
         eV          -               -  ph/s/mr^2/0.1%  F.Dens/mm^2  ph/s/0.1%         kW         m       rad         m         m       rad       rad  ph/s/0.1%          W           -           -
1.24996e+04  3.800e-01       2.327e-17       4.347e+11    1.036e+15  2.146e+08  9.634e-02 2.433e-06 3.244e-06 1.868e-05 3.575e-06 9.669e-06 8.127e-06  2.547e+06  5.060e-10  4.3693e-02  2.7167e-01
1.22369e+04  4.364e-01       2.672e-17       2.497e+12    5.919e+15  1.255e+09  1.271e-01 2.459e-06 3.279e-06 1.869e-05 3.593e-06 9.742e-06 8.213e-06  1.519e+07  3.018e-09  4.4292e-02  2.7324e-01
1.19509e+04  4.928e-01       3.018e-17       1.108e+13    2.611e+16  5.683e+09  1.620e-01 2.488e-06 3.318e-06 1.869e-05 3.613e-06 9.824e-06 8.310e-06  7.027e+07  1.396e-08  4.4965e-02  2.7498e-01
1.16458e+04  5.492e-01       3.363e-17       4.003e+13    9.373e+16  2.099e+10  2.012e-01 2.521e-06 3.361e-06 1.869e-05 3.635e-06 9.914e-06 8.417e-06  2.656e+08  5.276e-08  4.5709e-02  2.7687e-01
1.13253e+04  6.056e-01       3.708e-17       1.222e+14    2.842e+17  6.563e+10  2.447e-01 2.556e-06 3.408e-06 1.870e-05 3.660e-06 1.001e-05 8.534e-06  8.516e+08  1.692e-07  4.6523e-02  2.7891e-01
1.09932e+04  6.620e-01       4.054e-17       3.245e+14    7.489e+17  1.787e+11  2.924e-01 2.594e-06 3.459e-06 1.870e-05 3.687e-06 1.012e-05 8.661e-06  2.381e+09  4.730e-07  4.7401e-02  2.8106e-01
1.06531e+04  7.184e-01       4.399e-17       7.651e+14    1.752e+18  4.330e+11  3.443e-01 2.635e-06 3.514e-06 1.871e-05 3.716e-06 1.024e-05 8.797e-06  5.931e+09  1.178e-06  4.8343e-02  2.8331e-01
1.03081e+04  7.748e-01       4.744e-17       1.630e+15    3.699e+18  9.493e+11  4.005e-01 2.679e-06 3.573e-06 1.872e-05 3.747e-06 1.036e-05 8.942e-06  1.338e+10  2.658e-06  4.9343e-02  2.8566e-01
9.96107e+03  8.312e-01       5.090e-17       3.182e+15    7.154e+18  1.909e+12  4.609e-01 2.725e-06 3.634e-06 1.872e-05 3.780e-06 1.050e-05 9.095e-06  2.771e+10  5.504e-06  5.0399e-02  2.8807e-01
9.61470e+03  8.876e-01       5.435e-17       5.753e+15    1.281e+19  3.559e+12  5.256e-01 2.774e-06 3.699e-06 1.873e-05 3.816e-06 1.064e-05 9.257e-06  5.326e+10  1.058e-05  5.1508e-02  2.9055e-01
9.27116e+03  9.440e-01       5.780e-17       9.732e+15    2.145e+19  6.216e+12  5.945e-01 2.825e-06 3.767e-06 1.874e-05 3.853e-06 1.078e-05 9.427e-06  9.592e+10  1.905e-05  5.2660e-02  2.9302e-01
8.93235e+03  1.000e+00       6.126e-17       1.552e+16    3.386e+19  1.024e+13  6.677e-01 2.878e-06 3.838e-06 1.875e-05 3.892e-06 1.094e-05 9.603e-06  1.631e+11  3.239e-05  5.3864e-02  2.9556e-01
8.59983e+03  1.057e+00       6.471e-17       2.350e+16    5.071e+19  1.604e+13  7.451e-01 2.933e-06 3.911e-06 1.875e-05 3.933e-06 1.110e-05 9.785e-06  2.635e+11  5.235e-05  5.5111e-02  2.9812e-01
8.27490e+03  1.113e+00       6.816e-17       3.399e+16    7.252e+19  2.400e+13  8.268e-01 2.990e-06 3.987e-06 1.876e-05 3.975e-06 1.127e-05 9.975e-06  4.070e+11  8.085e-05  5.6399e-02  3.0068e-01
7.95857e+03  1.170e+00       7.162e-17       4.719e+16    9.953e+19  3.450e+13  9.127e-01 3.049e-06 4.066e-06 1.877e-05 4.020e-06 1.144e-05 1.017e-05  6.039e+11  1.200e-04  5.7724e-02  3.0325e-01
7.65161e+03  1.226e+00       7.507e-17       6.320e+16    1.317e+20  4.785e+13  1.003e+00 3.110e-06 4.147e-06 1.878e-05 4.066e-06 1.162e-05 1.037e-05  8.644e+11  1.717e-04  5.9084e-02  3.0579e-01
7.35459e+03  1.282e+00       7.852e-17       8.194e+16    1.687e+20  6.427e+13  1.097e+00 3.172e-06 4.229e-06 1.879e-05 4.114e-06 1.180e-05 1.058e-05  1.198e+12  2.381e-04  6.0476e-02  3.0832e-01
7.06790e+03  1.339e+00       8.198e-17       1.032e+17    2.099e+20  8.392e+13  1.196e+00 3.236e-06 4.314e-06 1.880e-05 4.163e-06 1.199e-05 1.079e-05  1.614e+12  3.207e-04  6.1898e-02  3.1082e-01
6.79174e+03  1.395e+00       8.543e-17       1.268e+17    2.544e+20  1.068e+14  1.299e+00 3.301e-06 4.401e-06 1.882e-05 4.214e-06 1.219e-05 1.100e-05  2.120e+12  4.211e-04  6.3348e-02  3.1328e-01
6.52624e+03  1.452e+00       8.888e-17       1.521e+17    3.014e+20  1.329e+14  1.406e+00 3.367e-06 4.490e-06 1.883e-05 4.266e-06 1.239e-05 1.122e-05  2.720e+12  5.402e-04  6.4823e-02  3.1571e-01
6.27136e+03  1.508e+00       9.234e-17       1.788e+17    3.497e+20  1.620e+14  1.517e+00 3.435e-06 4.580e-06 1.884e-05 4.320e-06 1.259e-05 1.145e-05  3.417e+12  6.788e-04  6.6322e-02  3.1809e-01
6.02701e+03  1.564e+00       9.579e-17       2.064e+17    3.983e+20  1.939e+14  1.633e+00 3.504e-06 4.672e-06 1.885e-05 4.375e-06 1.280e-05 1.168e-05  4.214e+12  8.371e-04  6.7842e-02  3.2042e-01
5.79300e+03  1.621e+00       9.925e-17       2.344e+17    4.462e+20  2.282e+14  1.753e+00 3.574e-06 4.766e-06 1.887e-05 4.431e-06 1.301e-05 1.191e-05  5.110e+12  1.015e-03  6.9381e-02  3.2270e-01
5.56912e+03  1.677e+00       1.027e-16       2.622e+17    4.925e+20  2.648e+14  1.877e+00 3.645e-06 4.860e-06 1.888e-05 4.489e-06 1.323e-05 1.215e-05  6.103e+12  1.212e-03  7.0938e-02  3.2493e-01
5.35509e+03  1.734e+00       1.062e-16       2.896e+17    5.364e+20  3.030e+14  2.005e+00 3.717e-06 4.957e-06 1.889e-05 4.548e-06 1.345e-05 1.239e-05  7.188e+12  1.428e-03  7.2512e-02  3.2711e-01
5.15059e+03  1.790e+00       1.096e-16       3.159e+17    5.772e+20  3.427e+14  2.138e+00 3.790e-06 5.054e-06 1.891e-05 4.607e-06 1.367e-05 1.263e-05  8.362e+12  1.661e-03  7.4101e-02  3.2923e-01
4.95530e+03  1.846e+00       1.131e-16       3.411e+17    6.145e+20  3.835e+14  2.274e+00 3.864e-06 5.153e-06 1.892e-05 4.668e-06 1.390e-05 1.287e-05  9.617e+12  1.910e-03  7.5703e-02  3.3129e-01
4.76888e+03  1.903e+00       1.165e-16       3.647e+17    6.479e+20  4.249e+14  2.416e+00 3.939e-06 5.252e-06 1.894e-05 4.731e-06 1.413e-05 1.312e-05  1.095e+13  2.175e-03  7.7318e-02  3.3329e-01
4.59096e+03  1.959e+00       1.200e-16       3.866e+17    6.773e+20  4.666e+14  2.561e+00 4.015e-06 5.353e-06 1.895e-05 4.794e-06 1.436e-05 1.337e-05  1.235e+13  2.453e-03  7.8943e-02  3.3524e-01
4.42120e+03  2.016e+00       1.234e-16       4.067e+17    7.024e+20  5.084e+14  2.710e+00 4.091e-06 5.455e-06 1.897e-05 4.858e-06 1.460e-05 1.363e-05  1.381e+13  2.743e-03  8.0579e-02  3.3713e-01
4.25924e+03  2.072e+00       1.269e-16       4.249e+17    7.235e+20  5.499e+14  2.864e+00 4.168e-06 5.558e-06 1.899e-05 4.923e-06 1.484e-05 1.388e-05  1.533e+13  3.044e-03  8.2223e-02  3.3896e-01
4.10472e+03  2.128e+00       1.303e-16       4.411e+17    7.404e+20  5.911e+14  3.022e+00 4.246e-06 5.661e-06 1.900e-05 4.989e-06 1.508e-05 1.414e-05  1.689e+13  3.355e-03  8.3865e-02  3.4069e-01
3.95730e+03  2.185e+00       1.338e-16       4.553e+17    7.535e+20  6.314e+14  3.185e+00 4.324e-06 5.766e-06 1.902e-05 5.056e-06 1.533e-05 1.440e-05  1.849e+13  3.673e-03  8.5524e-02  3.4241e-01
3.81664e+03  2.241e+00       1.372e-16       4.676e+17    7.629e+20  6.709e+14  3.351e+00 4.403e-06 5.871e-06 1.904e-05 5.123e-06 1.557e-05 1.466e-05  2.013e+13  3.998e-03  8.7188e-02  3.4408e-01
3.68242e+03  2.298e+00       1.407e-16       4.781e+17    7.689e+20  7.094e+14  3.522e+00 4.483e-06 5.977e-06 1.906e-05 5.192e-06 1.582e-05 1.493e-05  2.179e+13  4.329e-03  8.8858e-02  3.4569e-01
3.55431e+03  2.354e+00       1.441e-16       4.867e+17    7.718e+20  7.468e+14  3.697e+00 4.563e-06 6.084e-06 1.908e-05 5.261e-06 1.607e-05 1.519e-05  2.348e+13  4.664e-03  9.0532e-02  3.4725e-01
3.43202e+03  2.410e+00       1.476e-16       4.937e+17    7.717e+20  7.830e+14  3.876e+00 4.643e-06 6.191e-06 1.910e-05 5.331e-06 1.633e-05 1.546e-05  2.518e+13  5.002e-03  9.2210e-02  3.4875e-01
3.31526e+03  2.467e+00       1.510e-16       4.991e+17    7.691e+20  8.179e+14  4.060e+00 4.724e-06 6.300e-06 1.912e-05 5.402e-06 1.658e-05 1.573e-05  2.689e+13  5.342e-03  9.3891e-02  3.5021e-01
3.20374e+03  2.523e+00       1.545e-16       5.030e+17    7.642e+20  8.515e+14  4.248e+00 4.806e-06 6.408e-06 1.914e-05 5.473e-06 1.684e-05 1.600e-05  2.861e+13  5.684e-03  9.5573e-02  3.5162e-01
3.09720e+03  2.580e+00       1.580e-16       5.055e+17    7.573e+20  8.837e+14  4.440e+00 4.888e-06 6.518e-06 1.916e-05 5.546e-06 1.710e-05 1.627e-05  3.034e+13  6.027e-03  9.7259e-02  3.5298e-01
2.99538e+03  2.636e+00       1.614e-16       5.068e+17    7.486e+20  9.146e+14  4.636e+00 4.970e-06 6.627e-06 1.918e-05 5.618e-06 1.736e-05 1.655e-05  3.206e+13  6.369e-03  9.8945e-02  3.5430e-01
2.89806e+03  2.692e+00       1.649e-16       5.070e+17    7.383e+20  9.442e+14  4.836e+00 5.053e-06 6.738e-06 1.920e-05 5.692e-06 1.762e-05 1.682e-05  3.378e+13  6.711e-03  1.0063e-01  3.5557e-01
2.80499e+03  2.749e+00       1.683e-16       5.061e+17    7.268e+20  9.724e+14  5.041e+00 5.136e-06 6.849e-06 1.922e-05 5.766e-06 1.788e-05 1.710e-05  3.550e+13  7.052e-03  1.0232e-01  3.5680e-01
2.71596e+03  2.805e+00       1.718e-16       5.044e+17    7.142e+20  9.993e+14  5.250e+00 5.220e-06 6.960e-06 1.925e-05 5.840e-06 1.815e-05 1.738e-05  3.721e+13  7.391e-03  1.0401e-01  3.5799e-01
2.63076e+03  2.862e+00       1.752e-16       5.018e+17    7.007e+20  1.025e+15  5.463e+00 5.303e-06 7.072e-06 1.927e-05 5.915e-06 1.842e-05 1.765e-05  3.891e+13  7.729e-03  1.0569e-01  3.5914e-01
2.54920e+03  2.918e+00       1.787e-16       4.984e+17    6.864e+20  1.049e+15  5.681e+00 5.388e-06 7.184e-06 1.929e-05 5.991e-06 1.868e-05 1.793e-05  4.059e+13  8.064e-03  1.0738e-01  3.6025e-01
2.47110e+03  2.974e+00       1.821e-16       4.945e+17    6.716e+20  1.073e+15  5.902e+00 5.472e-06 7.297e-06 1.932e-05 6.067e-06 1.895e-05 1.821e-05  4.227e+13  8.396e-03  1.0907e-01  3.6132e-01
2.39628e+03  3.031e+00       1.856e-16       4.900e+17    6.563e+20  1.095e+15  6.128e+00 5.557e-06 7.410e-06 1.934e-05 6.143e-06 1.922e-05 1.850e-05  4.393e+13  8.726e-03  1.1075e-01  3.6236e-01
2.32457e+03  3.087e+00       1.890e-16       4.850e+17    6.408e+20  1.116e+15  6.359e+00 5.642e-06 7.523e-06 1.936e-05 6.220e-06 1.950e-05 1.878e-05  4.557e+13  9.053e-03  1.1242e-01  3.6332e-01
2.25582e+03  3.144e+00       1.925e-16       4.795e+17    6.250e+20  1.136e+15  6.593e+00 5.727e-06 7.637e-06 1.939e-05 6.298e-06 1.977e-05 1.906e-05  4.720e+13  9.376e-03  1.1410e-01  3.6429e-01
2.18988e+03  3.200e+00       1.959e-16       4.737e+17    6.091e+20  1.154e+15  6.832e+00 5.813e-06 7.751e-06 1.941e-05 6.376e-06 2.005e-05 1.935e-05  4.881e+13  9.696e-03  1.1577e-01  3.6523e-01
