     Energy         Kx              Ky       F.Density    GA.Brill.       Flux  Tot.Power  Nat.Size  Nat.Div.    Size.x    Size.y     Div.x     Div.y   Coh.Flux  Coh.Power   CohFrac.x   CohFrac.y
         eV          -               -  ph/s/mr^2/0.1%  F.Dens/mm^2  ph/s/0.1%         kW         m       rad         m         m       rad       rad  ph/s/0.1%          W           -           -
8.89636e+03  2.758e-01       2.758e-01       0.000e+00    0.000e+00  0.000e+00  1.015e-01 2.884e-06 3.846e-06 1.875e-05 3.896e-06 9.760e-06 8.234e-06  0.000e+00  0.000e+00  6.0612e-02  3.4568e-01
8.76211e+03  3.042e-01       3.042e-01       0.000e+00    0.000e+00  0.000e+00  1.235e-01 2.906e-06 3.875e-06 1.875e-05 3.912e-06 9.813e-06 8.297e-06  0.000e+00  0.000e+00  6.1200e-02  3.4689e-01
8.61930e+03  3.326e-01       3.326e-01       0.000e+00    0.000e+00  0.000e+00  1.476e-01 2.930e-06 3.907e-06 1.875e-05 3.930e-06 9.870e-06 8.365e-06  0.000e+00  0.000e+00  6.1839e-02  3.4819e-01
8.46894e+03  3.610e-01       3.610e-01       0.000e+00    0.000e+00  0.000e+00  1.739e-01 2.956e-06 3.941e-06 1.876e-05 3.950e-06 9.932e-06 8.438e-06  0.000e+00  0.000e+00  6.2530e-02  3.4957e-01
8.31206e+03  3.895e-01       3.895e-01       0.000e+00    0.000e+00  0.000e+00  2.024e-01 2.984e-06 3.978e-06 1.876e-05 3.970e-06 9.999e-06 8.517e-06  0.000e+00  0.000e+00  6.3269e-02  3.5103e-01
8.14966e+03  4.179e-01       4.179e-01       0.000e+00    0.000e+00  0.000e+00  2.330e-01 3.013e-06 4.018e-06 1.877e-05 3.993e-06 1.007e-05 8.600e-06  0.000e+00  0.000e+00  6.4056e-02  3.5256e-01
7.98271e+03  4.463e-01       4.463e-01       0.000e+00    0.000e+00  0.000e+00  2.658e-01 3.044e-06 4.060e-06 1.877e-05 4.016e-06 1.015e-05 8.691e-06  0.000e+00  0.000e+00  6.4880e-02  3.5409e-01
7.81215e+03  4.748e-01       4.748e-01       0.000e+00    0.000e+00  0.000e+00  3.007e-01 3.078e-06 4.104e-06 1.878e-05 4.042e-06 1.023e-05 8.784e-06  0.000e+00  0.000e+00  6.5758e-02  3.5574e-01
7.63886e+03  5.032e-01       5.032e-01       0.000e+00    0.000e+00  0.000e+00  3.378e-01 3.112e-06 4.150e-06 1.878e-05 4.068e-06 1.031e-05 8.883e-06  0.000e+00  0.000e+00  6.6678e-02  3.5744e-01
7.46368e+03  5.316e-01       5.316e-01       0.000e+00    0.000e+00  0.000e+00  3.771e-01 3.149e-06 4.198e-06 1.879e-05 4.096e-06 1.040e-05 8.985e-06  0.000e+00  0.000e+00  6.7639e-02  3.5918e-01
7.28737e+03  5.600e-01       5.600e-01       0.000e+00    0.000e+00  0.000e+00  4.185e-01 3.186e-06 4.249e-06 1.880e-05 4.125e-06 1.049e-05 9.093e-06  0.000e+00  0.000e+00  6.8639e-02  3.6096e-01
7.11066e+03  5.885e-01       5.885e-01       0.000e+00    0.000e+00  0.000e+00  4.620e-01 3.226e-06 4.301e-06 1.880e-05 4.156e-06 1.059e-05 9.204e-06  0.000e+00  0.000e+00  6.9677e-02  3.6277e-01
6.93418e+03  6.169e-01       6.169e-01       0.000e+00    0.000e+00  0.000e+00  5.078e-01 3.267e-06 4.356e-06 1.881e-05 4.187e-06 1.069e-05 9.320e-06  0.000e+00  0.000e+00  7.0752e-02  3.6461e-01
6.75854e+03  6.453e-01       6.453e-01       0.000e+00    0.000e+00  0.000e+00  5.556e-01 3.309e-06 4.412e-06 1.882e-05 4.220e-06 1.080e-05 9.439e-06  0.000e+00  0.000e+00  7.1861e-02  3.6646e-01
6.58424e+03  6.737e-01       6.737e-01       0.000e+00    0.000e+00  0.000e+00  6.057e-01 3.352e-06 4.470e-06 1.882e-05 4.254e-06 1.090e-05 9.563e-06  0.000e+00  0.000e+00  7.3003e-02  3.6833e-01
6.41177e+03  7.022e-01       7.022e-01       0.000e+00    0.000e+00  0.000e+00  6.579e-01 3.397e-06 4.530e-06 1.883e-05 4.290e-06 1.102e-05 9.690e-06  0.000e+00  0.000e+00  7.4176e-02  3.7020e-01
6.24151e+03  7.306e-01       7.306e-01       0.000e+00    0.000e+00  0.000e+00  7.122e-01 3.443e-06 4.591e-06 1.884e-05 4.326e-06 1.113e-05 9.820e-06  0.000e+00  0.000e+00  7.5379e-02  3.7208e-01
6.07383e+03  7.590e-01       7.590e-01       0.000e+00    0.000e+00  0.000e+00  7.687e-01 3.490e-06 4.654e-06 1.885e-05 4.364e-06 1.125e-05 9.954e-06  0.000e+00  0.000e+00  7.6611e-02  3.7395e-01
5.90902e+03  7.874e-01       7.874e-01       0.000e+00    0.000e+00  0.000e+00  8.274e-01 3.539e-06 4.719e-06 1.886e-05 4.403e-06 1.137e-05 1.009e-05  0.000e+00  0.000e+00  7.7869e-02  3.7583e-01
5.74734e+03  8.159e-01       8.159e-01       0.000e+00    0.000e+00  0.000e+00  8.882e-01 3.588e-06 4.784e-06 1.887e-05 4.443e-06 1.149e-05 1.023e-05  0.000e+00  0.000e+00  7.9153e-02  3.7769e-01
5.58899e+03  8.443e-01       8.443e-01       0.000e+00    0.000e+00  0.000e+00  9.511e-01 3.639e-06 4.852e-06 1.888e-05 4.483e-06 1.162e-05 1.037e-05  0.000e+00  0.000e+00  8.0462e-02  3.7954e-01
5.43414e+03  8.727e-01       8.727e-01       0.000e+00    0.000e+00  0.000e+00  1.016e+00 3.690e-06 4.920e-06 1.889e-05 4.525e-06 1.175e-05 1.052e-05  0.000e+00  0.000e+00  8.1792e-02  3.8138e-01
5.28293e+03  9.011e-01       9.011e-01       0.000e+00    0.000e+00  0.000e+00  1.084e+00 3.742e-06 4.990e-06 1.890e-05 4.568e-06 1.189e-05 1.067e-05  0.000e+00  0.000e+00  8.3145e-02  3.8320e-01
5.13545e+03  9.296e-01       9.296e-01       0.000e+00    0.000e+00  0.000e+00  1.153e+00 3.796e-06 5.061e-06 1.891e-05 4.612e-06 1.202e-05 1.082e-05  0.000e+00  0.000e+00  8.4517e-02  3.8500e-01
4.99177e+03  9.580e-01       9.580e-01       0.000e+00    0.000e+00  0.000e+00  1.225e+00 3.850e-06 5.134e-06 1.892e-05 4.657e-06 1.216e-05 1.097e-05  0.000e+00  0.000e+00  8.5909e-02  3.8678e-01
4.85193e+03  9.864e-01       9.864e-01       0.000e+00    0.000e+00  0.000e+00  1.298e+00 3.905e-06 5.207e-06 1.893e-05 4.702e-06 1.230e-05 1.113e-05  0.000e+00  0.000e+00  8.7319e-02  3.8853e-01
4.71596e+03  1.015e+00       1.015e+00       0.000e+00    0.000e+00  0.000e+00  1.374e+00 3.961e-06 5.282e-06 1.894e-05 4.749e-06 1.245e-05 1.129e-05  0.000e+00  0.000e+00  8.8746e-02  3.9026e-01
4.58385e+03  1.043e+00       1.043e+00       0.000e+00    0.000e+00  0.000e+00  1.452e+00 4.018e-06 5.357e-06 1.895e-05 4.796e-06 1.259e-05 1.145e-05  0.000e+00  0.000e+00  9.0188e-02  3.9196e-01
4.45559e+03  1.072e+00       1.072e+00       0.000e+00    0.000e+00  0.000e+00  1.533e+00 4.075e-06 5.434e-06 1.897e-05 4.845e-06 1.274e-05 1.161e-05  0.000e+00  0.000e+00  9.1645e-02  3.9364e-01
4.33114e+03  1.100e+00       1.100e+00       0.000e+00    0.000e+00  0.000e+00  1.615e+00 4.133e-06 5.511e-06 1.898e-05 4.894e-06 1.289e-05 1.178e-05  0.000e+00  0.000e+00  9.3116e-02  3.9528e-01
4.21045e+03  1.129e+00       1.129e+00       0.000e+00    0.000e+00  0.000e+00  1.699e+00 4.192e-06 5.590e-06 1.899e-05 4.943e-06 1.304e-05 1.194e-05  0.000e+00  0.000e+00  9.4600e-02  3.9689e-01
4.09349e+03  1.157e+00       1.157e+00       0.000e+00    0.000e+00  0.000e+00  1.786e+00 4.252e-06 5.669e-06 1.901e-05 4.994e-06 1.320e-05 1.211e-05  0.000e+00  0.000e+00  9.6096e-02  3.9848e-01
3.98016e+03  1.185e+00       1.185e+00       0.000e+00    0.000e+00  0.000e+00  1.875e+00 4.312e-06 5.749e-06 1.902e-05 5.045e-06 1.335e-05 1.228e-05  0.000e+00  0.000e+00  9.7604e-02  4.0003e-01
3.87042e+03  1.214e+00       1.214e+00       0.000e+00    0.000e+00  0.000e+00  1.966e+00 4.372e-06 5.830e-06 1.903e-05 5.097e-06 1.351e-05 1.246e-05  0.000e+00  0.000e+00  9.9121e-02  4.0155e-01
3.76417e+03  1.242e+00       1.242e+00       0.000e+00    0.000e+00  0.000e+00  2.059e+00 4.434e-06 5.912e-06 1.905e-05 5.150e-06 1.367e-05 1.263e-05  0.000e+00  0.000e+00  1.0065e-01  4.0303e-01
3.66133e+03  1.271e+00       1.271e+00       0.000e+00    0.000e+00  0.000e+00  2.154e+00 4.495e-06 5.994e-06 1.906e-05 5.203e-06 1.383e-05 1.280e-05  0.000e+00  0.000e+00  1.0218e-01  4.0449e-01
3.56182e+03  1.299e+00       1.299e+00       0.000e+00    0.000e+00  0.000e+00  2.252e+00 4.558e-06 6.078e-06 1.908e-05 5.257e-06 1.400e-05 1.298e-05  0.000e+00  0.000e+00  1.0372e-01  4.0585e-01
3.46554e+03  1.328e+00       1.328e+00       0.000e+00    0.000e+00  0.000e+00  2.352e+00 4.621e-06 6.161e-06 1.909e-05 5.312e-06 1.417e-05 1.316e-05  0.000e+00  0.000e+00  1.0527e-01  4.0724e-01
3.37242e+03  1.356e+00       1.356e+00       0.000e+00    0.000e+00  0.000e+00  2.453e+00 4.684e-06 6.246e-06 1.911e-05 5.367e-06 1.433e-05 1.334e-05  0.000e+00  0.000e+00  1.0683e-01  4.0860e-01
3.28234e+03  1.384e+00       1.384e+00       0.000e+00    0.000e+00  0.000e+00  2.557e+00 4.748e-06 6.331e-06 1.912e-05 5.423e-06 1.450e-05 1.352e-05  0.000e+00  0.000e+00  1.0839e-01  4.0992e-01
3.19523e+03  1.413e+00       1.413e+00       0.000e+00    0.000e+00  0.000e+00  2.663e+00 4.812e-06 6.417e-06 1.914e-05 5.479e-06 1.467e-05 1.370e-05  0.000e+00  0.000e+00  1.0996e-01  4.1122e-01
3.11099e+03  1.441e+00       1.441e+00       0.000e+00    0.000e+00  0.000e+00  2.772e+00 4.877e-06 6.503e-06 1.916e-05 5.536e-06 1.484e-05 1.389e-05  0.000e+00  0.000e+00  1.1154e-01  4.1248e-01
3.02953e+03  1.470e+00       1.470e+00       0.000e+00    0.000e+00  0.000e+00  2.882e+00 4.942e-06 6.590e-06 1.917e-05 5.593e-06 1.502e-05 1.407e-05  0.000e+00  0.000e+00  1.1312e-01  4.1372e-01
2.95075e+03  1.498e+00       1.498e+00       0.000e+00    0.000e+00  0.000e+00  2.995e+00 5.008e-06 6.677e-06 1.919e-05 5.651e-06 1.519e-05 1.426e-05  0.000e+00  0.000e+00  1.1470e-01  4.1492e-01
2.87457e+03  1.527e+00       1.527e+00       0.000e+00    0.000e+00  0.000e+00  3.109e+00 5.073e-06 6.765e-06 1.921e-05 5.710e-06 1.537e-05 1.445e-05  0.000e+00  0.000e+00  1.1629e-01  4.1609e-01
2.80090e+03  1.555e+00       1.555e+00       0.000e+00    0.000e+00  0.000e+00  3.226e+00 5.140e-06 6.854e-06 1.922e-05 5.769e-06 1.554e-05 1.463e-05  0.000e+00  0.000e+00  1.1788e-01  4.1723e-01
2.72966e+03  1.583e+00       1.583e+00       0.000e+00    0.000e+00  0.000e+00  3.345e+00 5.206e-06 6.942e-06 1.924e-05 5.828e-06 1.572e-05 1.482e-05  0.000e+00  0.000e+00  1.1948e-01  4.1835e-01
2.66075e+03  1.612e+00       1.612e+00       0.000e+00    0.000e+00  0.000e+00  3.466e+00 5.273e-06 7.032e-06 1.926e-05 5.888e-06 1.590e-05 1.501e-05  0.000e+00  0.000e+00  1.2107e-01  4.1944e-01
2.59410e+03  1.640e+00       1.640e+00       0.000e+00    0.000e+00  0.000e+00  3.590e+00 5.341e-06 7.122e-06 1.928e-05 5.949e-06 1.608e-05 1.521e-05  0.000e+00  0.000e+00  1.2267e-01  4.2050e-01
2.52962e+03  1.669e+00       1.669e+00       0.000e+00    0.000e+00  0.000e+00  3.715e+00 5.408e-06 7.212e-06 1.930e-05 6.009e-06 1.626e-05 1.540e-05  0.000e+00  0.000e+00  1.2427e-01  4.2153e-01
2.46725e+03  1.697e+00       1.697e+00       0.000e+00    0.000e+00  0.000e+00  3.843e+00 5.476e-06 7.302e-06 1.932e-05 6.071e-06 1.645e-05 1.559e-05  0.000e+00  0.000e+00  1.2587e-01  4.2254e-01
