     Energy         Kx              Ky       F.Density    GA.Brill.       Flux  Tot.Power  Nat.Size  Nat.Div.    Size.x    Size.y     Div.x     Div.y   Coh.Flux  Coh.Power   CohFrac.x   CohFrac.y
         eV          -               -  ph/s/mr^2/0.1%  F.Dens/mm^2  ph/s/0.1%         kW         m       rad         m         m       rad       rad  ph/s/0.1%          W           -           -
8.20234e+03  1.000e-01       6.123e-18       1.084e+08    2.305e+11  5.223e+04  4.951e-03 3.005e-06 4.003e-06 1.877e-05 3.986e-06 9.574e-06 8.013e-06  1.317e+03  2.616e-13  6.6952e-02  3.7658e-01
8.13397e+03  1.640e-01       1.004e-17       1.442e+10    3.060e+13  6.999e+06  1.332e-02 3.017e-06 4.020e-06 1.877e-05 3.996e-06 9.602e-06 8.046e-06  1.777e+05  3.531e-11  6.7312e-02  3.7727e-01
8.03452e+03  2.280e-01       1.396e-17       3.581e+11    7.572e+14  1.756e+08  2.574e-02 3.036e-06 4.045e-06 1.877e-05 4.010e-06 9.643e-06 8.095e-06  4.508e+06  8.955e-10  6.7842e-02  3.7829e-01
7.90629e+03  2.920e-01       1.788e-17       3.815e+12    8.027e+15  1.897e+09  4.222e-02 3.060e-06 4.078e-06 1.878e-05 4.029e-06 9.697e-06 8.160e-06  4.935e+07  9.803e-09  6.8541e-02  3.7961e-01
7.75211e+03  3.560e-01       2.180e-17       2.423e+13    5.068e+16  1.225e+10  6.275e-02 3.091e-06 4.118e-06 1.878e-05 4.052e-06 9.765e-06 8.240e-06  3.241e+08  6.438e-08  6.9403e-02  3.8122e-01
7.57522e+03  4.200e-01       2.572e-17       1.082e+14    2.248e+17  5.580e+10  8.734e-02 3.127e-06 4.166e-06 1.879e-05 4.079e-06 9.845e-06 8.335e-06  1.505e+09  2.990e-07  7.0423e-02  3.8309e-01
7.37906e+03  4.840e-01       2.964e-17       3.738e+14    7.700e+17  1.971e+11  1.160e-01 3.168e-06 4.221e-06 1.879e-05 4.111e-06 9.937e-06 8.444e-06  5.435e+09  1.080e-06  7.1596e-02  3.8520e-01
7.16718e+03  5.480e-01       3.356e-17       1.060e+15    2.164e+18  5.729e+11  1.487e-01 3.214e-06 4.283e-06 1.880e-05 4.147e-06 1.004e-05 8.567e-06  1.619e+10  3.216e-06  7.2914e-02  3.8751e-01
6.94310e+03  6.120e-01       3.747e-17       2.571e+15    5.195e+18  1.428e+12  1.854e-01 3.266e-06 4.351e-06 1.881e-05 4.187e-06 1.016e-05 8.703e-06  4.142e+10  8.227e-06  7.4371e-02  3.9000e-01
6.71016e+03  6.760e-01       4.139e-17       5.490e+15    1.097e+19  3.141e+12  2.263e-01 3.322e-06 4.426e-06 1.882e-05 4.231e-06 1.029e-05 8.851e-06  9.366e+10  1.861e-05  7.5958e-02  3.9264e-01
6.47146e+03  7.400e-01       4.531e-17       1.055e+16    2.084e+19  6.230e+12  2.711e-01 3.383e-06 4.507e-06 1.883e-05 4.279e-06 1.043e-05 9.014e-06  1.912e+11  3.799e-05  7.7658e-02  3.9532e-01
6.22982e+03  8.040e-01       4.923e-17       1.855e+16    3.619e+19  1.132e+13  3.201e-01 3.448e-06 4.593e-06 1.884e-05 4.330e-06 1.057e-05 9.186e-06  3.583e+11  7.118e-05  7.9484e-02  3.9817e-01
5.98771e+03  8.680e-01       5.315e-17       3.025e+16    5.823e+19  1.911e+13  3.730e-01 3.517e-06 4.685e-06 1.885e-05 4.385e-06 1.073e-05 9.368e-06  6.241e+11  1.240e-04  8.1418e-02  4.0109e-01
5.74725e+03  9.320e-01       5.707e-17       4.623e+16    8.775e+19  3.028e+13  4.301e-01 3.590e-06 4.782e-06 1.887e-05 4.444e-06 1.090e-05 9.561e-06  1.021e+12  2.028e-04  8.3452e-02  4.0405e-01
5.51023e+03  9.960e-01       6.099e-17       6.683e+16    1.250e+20  4.542e+13  4.912e-01 3.666e-06 4.884e-06 1.888e-05 4.506e-06 1.108e-05 9.763e-06  1.582e+12  3.143e-04  8.5579e-02  4.0703e-01
5.27811e+03  1.060e+00       6.491e-17       9.203e+16    1.696e+20  6.498e+13  5.563e-01 3.746e-06 4.990e-06 1.890e-05 4.571e-06 1.127e-05 9.974e-06  2.339e+12  4.647e-04  8.7792e-02  4.1002e-01
5.05204e+03  1.124e+00       6.883e-17       1.215e+17    2.204e+20  8.921e+13  6.255e-01 3.829e-06 5.101e-06 1.892e-05 4.639e-06 1.146e-05 1.019e-05  3.319e+12  6.593e-04  9.0083e-02  4.1298e-01
4.83290e+03  1.188e+00       7.274e-17       1.547e+17    2.761e+20  1.181e+14  6.988e-01 3.914e-06 5.215e-06 1.893e-05 4.710e-06 1.166e-05 1.042e-05  4.543e+12  9.024e-04  9.2446e-02  4.1592e-01
4.62135e+03  1.252e+00       7.666e-17       1.907e+17    3.348e+20  1.516e+14  7.761e-01 4.003e-06 5.333e-06 1.895e-05 4.784e-06 1.187e-05 1.066e-05  6.024e+12  1.197e-03  9.4875e-02  4.1882e-01
4.41783e+03  1.316e+00       8.058e-17       2.286e+17    3.946e+20  1.892e+14  8.575e-01 4.094e-06 5.455e-06 1.897e-05 4.861e-06 1.209e-05 1.090e-05  7.770e+12  1.543e-03  9.7364e-02  4.2166e-01
4.22260e+03  1.380e+00       8.450e-17       2.674e+17    4.536e+20  2.306e+14  9.429e-01 4.188e-06 5.579e-06 1.899e-05 4.940e-06 1.231e-05 1.114e-05  9.777e+12  1.942e-03  9.9908e-02  4.2444e-01
4.03578e+03  1.444e+00       8.842e-17       3.060e+17    5.102e+20  2.749e+14  1.032e+00 4.284e-06 5.707e-06 1.901e-05 5.021e-06 1.254e-05 1.140e-05  1.204e+13  2.391e-03  1.0250e-01  4.2716e-01
3.85738e+03  1.508e+00       9.234e-17       3.437e+17    5.629e+20  3.218e+14  1.126e+00 4.382e-06 5.838e-06 1.904e-05 5.105e-06 1.278e-05 1.166e-05  1.454e+13  2.888e-03  1.0514e-01  4.2980e-01
3.68732e+03  1.572e+00       9.626e-17       3.796e+17    6.107e+20  3.703e+14  1.224e+00 4.481e-06 5.971e-06 1.906e-05 5.191e-06 1.302e-05 1.192e-05  1.726e+13  3.429e-03  1.0781e-01  4.3236e-01
3.52544e+03  1.636e+00       1.002e-16       4.132e+17    6.528e+20  4.200e+14  1.325e+00 4.583e-06 6.106e-06 1.908e-05 5.279e-06 1.327e-05 1.219e-05  2.018e+13  4.009e-03  1.1052e-01  4.3484e-01
3.37151e+03  1.700e+00       1.041e-16       4.439e+17    6.887e+20  4.701e+14  1.431e+00 4.687e-06 6.244e-06 1.911e-05 5.369e-06 1.352e-05 1.247e-05  2.328e+13  4.625e-03  1.1326e-01  4.3724e-01
3.22529e+03  1.764e+00       1.080e-16       4.715e+17    7.182e+20  5.202e+14  1.541e+00 4.792e-06 6.384e-06 1.913e-05 5.461e-06 1.378e-05 1.274e-05  2.653e+13  5.271e-03  1.1603e-01  4.3955e-01
3.08648e+03  1.828e+00       1.119e-16       4.959e+17    7.415e+20  5.698e+14  1.655e+00 4.898e-06 6.526e-06 1.916e-05 5.555e-06 1.404e-05 1.303e-05  2.991e+13  5.942e-03  1.1882e-01  4.4178e-01
2.95478e+03  1.892e+00       1.159e-16       5.169e+17    7.587e+20  6.185e+14  1.772e+00 5.006e-06 6.670e-06 1.919e-05 5.650e-06 1.431e-05 1.331e-05  3.340e+13  6.634e-03  1.2164e-01  4.4393e-01
2.82988e+03  1.956e+00       1.198e-16       5.346e+17    7.703e+20  6.661e+14  1.894e+00 5.116e-06 6.815e-06 1.922e-05 5.747e-06 1.458e-05 1.360e-05  3.697e+13  7.343e-03  1.2445e-01  4.4593e-01
2.71145e+03  2.020e+00       1.237e-16       5.491e+17    7.767e+20  7.120e+14  2.020e+00 5.226e-06 6.963e-06 1.925e-05 5.846e-06 1.485e-05 1.390e-05  4.060e+13  8.065e-03  1.2730e-01  4.4791e-01
2.59917e+03  2.084e+00       1.276e-16       5.605e+17    7.783e+20  7.562e+14  2.150e+00 5.338e-06 7.112e-06 1.928e-05 5.946e-06 1.513e-05 1.419e-05  4.427e+13  8.795e-03  1.3016e-01  4.4982e-01
2.49273e+03  2.148e+00       1.315e-16       5.692e+17    7.758e+20  7.986e+14  2.284e+00 5.451e-06 7.262e-06 1.931e-05 6.047e-06 1.541e-05 1.449e-05  4.798e+13  9.531e-03  1.3302e-01  4.5165e-01
2.39182e+03  2.212e+00       1.354e-16       5.752e+17    7.696e+20  8.390e+14  2.423e+00 5.564e-06 7.413e-06 1.934e-05 6.150e-06 1.569e-05 1.479e-05  5.170e+13  1.027e-02  1.3590e-01  4.5340e-01
2.29614e+03  2.276e+00       1.394e-16       5.788e+17    7.603e+20  8.774e+14  2.565e+00 5.679e-06 7.566e-06 1.937e-05 6.254e-06 1.598e-05 1.510e-05  5.542e+13  1.101e-02  1.3878e-01  4.5508e-01
2.20540e+03  2.340e+00       1.433e-16       5.803e+17    7.483e+20  9.139e+14  2.711e+00 5.795e-06 7.720e-06 1.941e-05 6.359e-06 1.627e-05 1.540e-05  5.913e+13  1.174e-02  1.4166e-01  4.5670e-01
2.11933e+03  2.404e+00       1.472e-16       5.799e+17    7.342e+20  9.483e+14  2.861e+00 5.911e-06 7.876e-06 1.944e-05 6.466e-06 1.656e-05 1.571e-05  6.282e+13  1.248e-02  1.4455e-01  4.5824e-01
2.03765e+03  2.468e+00       1.511e-16       5.779e+17    7.183e+20  9.808e+14  3.016e+00 6.029e-06 8.032e-06 1.948e-05 6.573e-06 1.686e-05 1.602e-05  6.648e+13  1.321e-02  1.4744e-01  4.5972e-01
1.96013e+03  2.532e+00       1.550e-16       5.743e+17    7.010e+20  1.011e+15  3.174e+00 6.147e-06 8.189e-06 1.952e-05 6.682e-06 1.716e-05 1.634e-05  7.011e+13  1.393e-02  1.5033e-01  4.6114e-01
1.88652e+03  2.596e+00       1.590e-16       5.695e+17    6.826e+20  1.040e+15  3.337e+00 6.265e-06 8.347e-06 1.955e-05 6.791e-06 1.746e-05 1.665e-05  7.371e+13  1.464e-02  1.5321e-01  4.6250e-01
1.81660e+03  2.660e+00       1.629e-16       5.636e+17    6.634e+20  1.067e+15  3.503e+00 6.385e-06 8.507e-06 1.959e-05 6.901e-06 1.776e-05 1.697e-05  7.726e+13  1.535e-02  1.5609e-01  4.6381e-01
1.75015e+03  2.724e+00       1.668e-16       5.568e+17    6.437e+20  1.092e+15  3.674e+00 6.505e-06 8.667e-06 1.963e-05 7.013e-06 1.806e-05 1.729e-05  8.076e+13  1.604e-02  1.5897e-01  4.6506e-01
1.68697e+03  2.788e+00       1.707e-16       5.493e+17    6.237e+20  1.116e+15  3.849e+00 6.626e-06 8.827e-06 1.967e-05 7.125e-06 1.837e-05 1.761e-05  8.422e+13  1.673e-02  1.6184e-01  4.6625e-01
1.62689e+03  2.852e+00       1.746e-16       5.411e+17    6.035e+20  1.138e+15  4.027e+00 6.747e-06 8.989e-06 1.971e-05 7.238e-06 1.868e-05 1.793e-05  8.763e+13  1.741e-02  1.6470e-01  4.6740e-01
1.56971e+03  2.916e+00       1.786e-16       5.323e+17    5.834e+20  1.159e+15  4.210e+00 6.869e-06 9.151e-06 1.976e-05 7.351e-06 1.899e-05 1.825e-05  9.099e+13  1.807e-02  1.6754e-01  4.6844e-01
1.51527e+03  2.980e+00       1.825e-16       5.232e+17    5.634e+20  1.179e+15  4.397e+00 6.991e-06 9.314e-06 1.980e-05 7.466e-06 1.930e-05 1.858e-05  9.429e+13  1.873e-02  1.7038e-01  4.6949e-01
1.46341e+03  3.044e+00       1.864e-16       5.138e+17    5.436e+20  1.197e+15  4.588e+00 7.114e-06 9.478e-06 1.984e-05 7.581e-06 1.962e-05 1.890e-05  9.755e+13  1.938e-02  1.7322e-01  4.7050e-01
1.41399e+03  3.108e+00       1.903e-16       5.041e+17    5.242e+20  1.214e+15  4.783e+00 7.237e-06 9.642e-06 1.989e-05 7.696e-06 1.993e-05 1.923e-05  1.008e+14  2.001e-02  1.7604e-01  4.7147e-01
1.36688e+03  3.172e+00       1.942e-16       4.943e+17    5.051e+20  1.230e+15  4.982e+00 7.361e-06 9.807e-06 1.993e-05 7.813e-06 2.025e-05 1.956e-05  1.039e+14  2.064e-02  1.7885e-01  4.7240e-01
1.32193e+03  3.236e+00       1.981e-16       4.843e+17    4.866e+20  1.245e+15  5.185e+00 7.485e-06 9.972e-06 1.998e-05 7.930e-06 2.056e-05 1.989e-05  1.070e+14  2.126e-02  1.8166e-01  4.7329e-01
1.27903e+03  3.300e+00       2.021e-16       4.744e+17    4.685e+20  1.258e+15  5.392e+00 7.609e-06 1.014e-05 2.003e-05 8.047e-06 2.088e-05 2.022e-05  1.101e+14  2.186e-02  1.8444e-01  4.7415e-01
