     Energy         Kx              Ky       F.Density    GA.Brill.       Flux  Tot.Power  Nat.Size  Nat.Div.    Size.x    Size.y     Div.x     Div.y   Coh.Flux  Coh.Power   CohFrac.x   CohFrac.y
         eV          -               -  ph/s/mr^2/0.1%  F.Dens/mm^2  ph/s/0.1%         kW         m       rad         m         m       rad       rad  ph/s/0.1%          W           -           -
8.20234e+03  7.071e-02       7.071e-02       0.000e+00    0.000e+00  0.000e+00  4.951e-03 3.005e-06 4.003e-06 1.877e-05 3.986e-06 9.574e-06 8.013e-06  0.000e+00  0.000e+00  6.6952e-02  3.7658e-01
8.12864e+03  1.188e-01       1.188e-01       0.000e+00    0.000e+00  0.000e+00  1.397e-02 3.018e-06 4.021e-06 1.877e-05 3.997e-06 9.604e-06 8.049e-06  0.000e+00  0.000e+00  6.7340e-02  3.7733e-01
8.02001e+03  1.669e-01       1.669e-01       0.000e+00    0.000e+00  0.000e+00  2.758e-02 3.039e-06 4.048e-06 1.877e-05 4.012e-06 9.649e-06 8.103e-06  0.000e+00  0.000e+00  6.7921e-02  3.7844e-01
7.87927e+03  2.150e-01       2.150e-01       0.000e+00    0.000e+00  0.000e+00  4.576e-02 3.066e-06 4.084e-06 1.878e-05 4.033e-06 9.709e-06 8.174e-06  0.000e+00  0.000e+00  6.8690e-02  3.7989e-01
7.70989e+03  2.630e-01       2.630e-01       0.000e+00    0.000e+00  0.000e+00  6.852e-02 3.099e-06 4.129e-06 1.878e-05 4.058e-06 9.784e-06 8.262e-06  0.000e+00  0.000e+00  6.9644e-02  3.8167e-01
7.51582e+03  3.111e-01       3.111e-01       0.000e+00    0.000e+00  0.000e+00  9.586e-02 3.139e-06 4.182e-06 1.879e-05 4.089e-06 9.872e-06 8.367e-06  0.000e+00  0.000e+00  7.0774e-02  3.8373e-01
7.30126e+03  3.592e-01       3.592e-01       0.000e+00    0.000e+00  0.000e+00  1.278e-01 3.185e-06 4.243e-06 1.880e-05 4.124e-06 9.975e-06 8.489e-06  0.000e+00  0.000e+00  7.2074e-02  3.8604e-01
7.07045e+03  4.073e-01       4.073e-01       0.000e+00    0.000e+00  0.000e+00  1.643e-01 3.236e-06 4.312e-06 1.880e-05 4.164e-06 1.009e-05 8.625e-06  0.000e+00  0.000e+00  7.3535e-02  3.8858e-01
6.82754e+03  4.554e-01       4.554e-01       0.000e+00    0.000e+00  0.000e+00  2.053e-01 3.293e-06 4.388e-06 1.881e-05 4.208e-06 1.022e-05 8.776e-06  0.000e+00  0.000e+00  7.5148e-02  3.9130e-01
6.57641e+03  5.035e-01       5.035e-01       0.000e+00    0.000e+00  0.000e+00  2.510e-01 3.356e-06 4.471e-06 1.883e-05 4.257e-06 1.036e-05 8.940e-06  0.000e+00  0.000e+00  7.6906e-02  3.9418e-01
6.32062e+03  5.515e-01       5.515e-01       0.000e+00    0.000e+00  0.000e+00  3.012e-01 3.423e-06 4.560e-06 1.884e-05 4.310e-06 1.052e-05 9.120e-06  0.000e+00  0.000e+00  7.8786e-02  3.9710e-01
6.06328e+03  5.996e-01       5.996e-01       0.000e+00    0.000e+00  0.000e+00  3.561e-01 3.495e-06 4.656e-06 1.885e-05 4.368e-06 1.068e-05 9.310e-06  0.000e+00  0.000e+00  8.0802e-02  4.0017e-01
5.80711e+03  6.477e-01       6.477e-01       0.000e+00    0.000e+00  0.000e+00  4.154e-01 3.571e-06 4.758e-06 1.887e-05 4.429e-06 1.086e-05 9.512e-06  0.000e+00  0.000e+00  8.2934e-02  4.0331e-01
5.55434e+03  6.958e-01       6.958e-01       0.000e+00    0.000e+00  0.000e+00  4.794e-01 3.651e-06 4.865e-06 1.888e-05 4.494e-06 1.105e-05 9.724e-06  0.000e+00  0.000e+00  8.5173e-02  4.0647e-01
5.30681e+03  7.439e-01       7.439e-01       0.000e+00    0.000e+00  0.000e+00  5.480e-01 3.736e-06 4.977e-06 1.890e-05 4.563e-06 1.124e-05 9.947e-06  0.000e+00  0.000e+00  8.7511e-02  4.0964e-01
5.06597e+03  7.920e-01       7.920e-01       0.000e+00    0.000e+00  0.000e+00  6.211e-01 3.823e-06 5.094e-06 1.891e-05 4.635e-06 1.145e-05 1.018e-05  0.000e+00  0.000e+00  8.9938e-02  4.1280e-01
4.83290e+03  8.400e-01       8.400e-01       0.000e+00    0.000e+00  0.000e+00  6.988e-01 3.914e-06 5.215e-06 1.893e-05 4.710e-06 1.166e-05 1.042e-05  0.000e+00  0.000e+00  9.2446e-02  4.1592e-01
4.60840e+03  8.881e-01       8.881e-01       0.000e+00    0.000e+00  0.000e+00  7.811e-01 4.009e-06 5.341e-06 1.895e-05 4.789e-06 1.189e-05 1.067e-05  0.000e+00  0.000e+00  9.5029e-02  4.1900e-01
4.39297e+03  9.362e-01       9.362e-01       0.000e+00    0.000e+00  0.000e+00  8.680e-01 4.106e-06 5.470e-06 1.897e-05 4.870e-06 1.212e-05 1.093e-05  0.000e+00  0.000e+00  9.7679e-02  4.2201e-01
4.18692e+03  9.843e-01       9.843e-01       0.000e+00    0.000e+00  0.000e+00  9.594e-01 4.206e-06 5.603e-06 1.900e-05 4.955e-06 1.236e-05 1.119e-05  0.000e+00  0.000e+00  1.0039e-01  4.2496e-01
3.99039e+03  1.032e+00       1.032e+00       0.000e+00    0.000e+00  0.000e+00  1.055e+00 4.308e-06 5.739e-06 1.902e-05 5.042e-06 1.260e-05 1.146e-05  0.000e+00  0.000e+00  1.0315e-01  4.2782e-01
3.80335e+03  1.080e+00       1.080e+00       0.000e+00    0.000e+00  0.000e+00  1.156e+00 4.413e-06 5.879e-06 1.904e-05 5.132e-06 1.286e-05 1.174e-05  0.000e+00  0.000e+00  1.0597e-01  4.3060e-01
3.62567e+03  1.129e+00       1.129e+00       0.000e+00    0.000e+00  0.000e+00  1.261e+00 4.519e-06 6.021e-06 1.907e-05 5.224e-06 1.311e-05 1.202e-05  0.000e+00  0.000e+00  1.0882e-01  4.3330e-01
3.45713e+03  1.177e+00       1.177e+00       0.000e+00    0.000e+00  0.000e+00  1.371e+00 4.628e-06 6.166e-06 1.909e-05 5.318e-06 1.338e-05 1.231e-05  0.000e+00  0.000e+00  1.1172e-01  4.3590e-01
3.29746e+03  1.225e+00       1.225e+00       0.000e+00    0.000e+00  0.000e+00  1.485e+00 4.739e-06 6.314e-06 1.912e-05 5.415e-06 1.365e-05 1.260e-05  0.000e+00  0.000e+00  1.1464e-01  4.3840e-01
3.14632e+03  1.273e+00       1.273e+00       0.000e+00    0.000e+00  0.000e+00  1.604e+00 4.851e-06 6.464e-06 1.915e-05 5.514e-06 1.393e-05 1.290e-05  0.000e+00  0.000e+00  1.1760e-01  4.4082e-01
3.00336e+03  1.321e+00       1.321e+00       0.000e+00    0.000e+00  0.000e+00  1.728e+00 4.966e-06 6.616e-06 1.918e-05 5.614e-06 1.421e-05 1.320e-05  0.000e+00  0.000e+00  1.2058e-01  4.4314e-01
2.86820e+03  1.369e+00       1.369e+00       0.000e+00    0.000e+00  0.000e+00  1.856e+00 5.081e-06 6.770e-06 1.921e-05 5.717e-06 1.449e-05 1.351e-05  0.000e+00  0.000e+00  1.2357e-01  4.4529e-01
2.74047e+03  1.417e+00       1.417e+00       0.000e+00    0.000e+00  0.000e+00  1.988e+00 5.198e-06 6.926e-06 1.924e-05 5.821e-06 1.478e-05 1.382e-05  0.000e+00  0.000e+00  1.2658e-01  4.4743e-01
2.61977e+03  1.465e+00       1.465e+00       0.000e+00    0.000e+00  0.000e+00  2.126e+00 5.317e-06 7.084e-06 1.927e-05 5.927e-06 1.508e-05 1.414e-05  0.000e+00  0.000e+00  1.2962e-01  4.4947e-01
2.50573e+03  1.513e+00       1.513e+00       0.000e+00    0.000e+00  0.000e+00  2.268e+00 5.436e-06 7.243e-06 1.931e-05 6.035e-06 1.537e-05 1.445e-05  0.000e+00  0.000e+00  1.3266e-01  4.5142e-01
2.39797e+03  1.561e+00       1.561e+00       0.000e+00    0.000e+00  0.000e+00  2.414e+00 5.557e-06 7.404e-06 1.934e-05 6.144e-06 1.568e-05 1.477e-05  0.000e+00  0.000e+00  1.3572e-01  4.5329e-01
2.29614e+03  1.609e+00       1.609e+00       0.000e+00    0.000e+00  0.000e+00  2.565e+00 5.679e-06 7.566e-06 1.937e-05 6.254e-06 1.598e-05 1.510e-05  0.000e+00  0.000e+00  1.3878e-01  4.5508e-01
2.19989e+03  1.657e+00       1.657e+00       0.000e+00    0.000e+00  0.000e+00  2.720e+00 5.802e-06 7.730e-06 1.941e-05 6.366e-06 1.629e-05 1.542e-05  0.000e+00  0.000e+00  1.4185e-01  4.5680e-01
2.10888e+03  1.706e+00       1.706e+00       0.000e+00    0.000e+00  0.000e+00  2.881e+00 5.926e-06 7.895e-06 1.945e-05 6.479e-06 1.660e-05 1.575e-05  0.000e+00  0.000e+00  1.4491e-01  4.5843e-01
2.02281e+03  1.754e+00       1.754e+00       0.000e+00    0.000e+00  0.000e+00  3.045e+00 6.051e-06 8.061e-06 1.949e-05 6.593e-06 1.691e-05 1.608e-05  0.000e+00  0.000e+00  1.4798e-01  4.5999e-01
1.94137e+03  1.802e+00       1.802e+00       0.000e+00    0.000e+00  0.000e+00  3.215e+00 6.176e-06 8.229e-06 1.953e-05 6.709e-06 1.723e-05 1.642e-05  0.000e+00  0.000e+00  1.5105e-01  4.6149e-01
1.86428e+03  1.850e+00       1.850e+00       0.000e+00    0.000e+00  0.000e+00  3.388e+00 6.303e-06 8.397e-06 1.957e-05 6.825e-06 1.755e-05 1.675e-05  0.000e+00  0.000e+00  1.5411e-01  4.6292e-01
1.79128e+03  1.898e+00       1.898e+00       0.000e+00    0.000e+00  0.000e+00  3.567e+00 6.430e-06 8.566e-06 1.961e-05 6.943e-06 1.787e-05 1.709e-05  0.000e+00  0.000e+00  1.5717e-01  4.6428e-01
1.72212e+03  1.946e+00       1.946e+00       0.000e+00    0.000e+00  0.000e+00  3.750e+00 6.558e-06 8.737e-06 1.965e-05 7.061e-06 1.820e-05 1.743e-05  0.000e+00  0.000e+00  1.6023e-01  4.6559e-01
1.65656e+03  1.994e+00       1.994e+00       0.000e+00    0.000e+00  0.000e+00  3.937e+00 6.686e-06 8.908e-06 1.969e-05 7.181e-06 1.852e-05 1.777e-05  0.000e+00  0.000e+00  1.6327e-01  4.6683e-01
1.59437e+03  2.042e+00       2.042e+00       0.000e+00    0.000e+00  0.000e+00  4.130e+00 6.815e-06 9.080e-06 1.974e-05 7.301e-06 1.885e-05 1.811e-05  0.000e+00  0.000e+00  1.6629e-01  4.6797e-01
1.53537e+03  2.090e+00       2.090e+00       0.000e+00    0.000e+00  0.000e+00  4.326e+00 6.945e-06 9.253e-06 1.978e-05 7.423e-06 1.918e-05 1.846e-05  0.000e+00  0.000e+00  1.6932e-01  4.6910e-01
1.47935e+03  2.138e+00       2.138e+00       0.000e+00    0.000e+00  0.000e+00  4.528e+00 7.075e-06 9.426e-06 1.983e-05 7.545e-06 1.952e-05 1.880e-05  0.000e+00  0.000e+00  1.7233e-01  4.7019e-01
1.42613e+03  2.186e+00       2.186e+00       0.000e+00    0.000e+00  0.000e+00  4.734e+00 7.206e-06 9.601e-06 1.988e-05 7.667e-06 1.985e-05 1.915e-05  0.000e+00  0.000e+00  1.7534e-01  4.7123e-01
1.37554e+03  2.234e+00       2.234e+00       0.000e+00    0.000e+00  0.000e+00  4.944e+00 7.337e-06 9.776e-06 1.992e-05 7.791e-06 2.019e-05 1.950e-05  0.000e+00  0.000e+00  1.7833e-01  4.7223e-01
1.32743e+03  2.283e+00       2.283e+00       0.000e+00    0.000e+00  0.000e+00  5.159e+00 7.469e-06 9.951e-06 1.997e-05 7.915e-06 2.053e-05 1.985e-05  0.000e+00  0.000e+00  1.8131e-01  4.7318e-01
1.28165e+03  2.331e+00       2.331e+00       0.000e+00    0.000e+00  0.000e+00  5.379e+00 7.601e-06 1.013e-05 2.002e-05 8.040e-06 2.086e-05 2.020e-05  0.000e+00  0.000e+00  1.8427e-01  4.7409e-01
1.23807e+03  2.379e+00       2.379e+00       0.000e+00    0.000e+00  0.000e+00  5.603e+00 7.734e-06 1.030e-05 2.007e-05 8.166e-06 2.120e-05 2.055e-05  0.000e+00  0.000e+00  1.8722e-01  4.7497e-01
1.19654e+03  2.427e+00       2.427e+00       0.000e+00    0.000e+00  0.000e+00  5.832e+00 7.867e-06 1.048e-05 2.013e-05 8.292e-06 2.155e-05 2.090e-05  0.000e+00  0.000e+00  1.9015e-01  4.7581e-01
1.15696e+03  2.475e+00       2.475e+00       0.000e+00    0.000e+00  0.000e+00  6.065e+00 8.000e-06 1.066e-05 2.018e-05 8.418e-06 2.189e-05 2.125e-05  0.000e+00  0.000e+00  1.9307e-01  4.7661e-01
