     Energy         Kx              Ky       F.Density    GA.Brill.       Flux  Tot.Power  Nat.Size  Nat.Div.    Size.x    Size.y     Div.x     Div.y   Coh.Flux  Coh.Power   CohFrac.x   CohFrac.y
         eV          -               -  ph/s/mr^2/0.1%  F.Dens/mm^2  ph/s/0.1%         kW         m       rad         m         m       rad       rad  ph/s/0.1%          W           -           -
1.77927e+03  2.758e-01       2.758e-01       6.531e+17    7.613e+20  4.618e+14  1.015e-01 6.449e-06 8.599e-06 1.961e-05 6.960e-06 1.127e-05 9.982e-06  9.242e+13  1.836e-02  2.5077e-01  7.9809e-01
1.75242e+03  3.042e-01       3.042e-01       7.722e+17    8.936e+20  5.534e+14  1.235e-01 6.498e-06 8.665e-06 1.963e-05 7.006e-06 1.134e-05 1.006e-05  1.118e+14  2.221e-02  2.5290e-01  7.9898e-01
1.72386e+03  3.326e-01       3.326e-01       8.950e+17    1.027e+21  6.509e+14  1.476e-01 6.551e-06 8.736e-06 1.965e-05 7.056e-06 1.141e-05 1.014e-05  1.329e+14  2.640e-02  2.5521e-01  7.9993e-01
1.69379e+03  3.610e-01       3.610e-01       1.020e+18    1.161e+21  7.535e+14  1.739e-01 6.609e-06 8.813e-06 1.967e-05 7.110e-06 1.149e-05 1.023e-05  1.555e+14  3.089e-02  2.5769e-01  8.0094e-01
1.66241e+03  3.895e-01       3.895e-01       1.146e+18    1.292e+21  8.606e+14  2.024e-01 6.671e-06 8.896e-06 1.969e-05 7.167e-06 1.158e-05 1.032e-05  1.797e+14  3.569e-02  2.6035e-01  8.0200e-01
1.62993e+03  4.179e-01       4.179e-01       1.271e+18    1.419e+21  9.714e+14  2.330e-01 6.738e-06 8.984e-06 1.971e-05 7.229e-06 1.167e-05 1.043e-05  2.053e+14  4.078e-02  2.6317e-01  8.0309e-01
1.59654e+03  4.463e-01       4.463e-01       1.394e+18    1.541e+21  1.085e+15  2.658e-01 6.808e-06 9.078e-06 1.974e-05 7.294e-06 1.177e-05 1.053e-05  2.323e+14  4.615e-02  2.6615e-01  8.0422e-01
1.56243e+03  4.748e-01       4.748e-01       1.513e+18    1.655e+21  1.202e+15  3.007e-01 6.882e-06 9.176e-06 1.976e-05 7.363e-06 1.187e-05 1.065e-05  2.606e+14  5.177e-02  2.6927e-01  8.0539e-01
1.52777e+03  5.032e-01       5.032e-01       1.629e+18    1.762e+21  1.320e+15  3.378e-01 6.959e-06 9.280e-06 1.979e-05 7.436e-06 1.197e-05 1.077e-05  2.902e+14  5.764e-02  2.7254e-01  8.0658e-01
1.49274e+03  5.316e-01       5.316e-01       1.740e+18    1.860e+21  1.439e+15  3.771e-01 7.040e-06 9.388e-06 1.982e-05 7.512e-06 1.209e-05 1.089e-05  3.209e+14  6.374e-02  2.7594e-01  8.0777e-01
1.45747e+03  5.600e-01       5.600e-01       1.845e+18    1.949e+21  1.560e+15  4.185e-01 7.125e-06 9.501e-06 1.985e-05 7.591e-06 1.220e-05 1.102e-05  3.526e+14  7.005e-02  2.7947e-01  8.0899e-01
1.42213e+03  5.885e-01       5.885e-01       1.944e+18    2.028e+21  1.680e+15  4.620e-01 7.213e-06 9.618e-06 1.988e-05 7.674e-06 1.233e-05 1.116e-05  3.854e+14  7.657e-02  2.8312e-01  8.1022e-01
1.38684e+03  6.169e-01       6.169e-01       2.037e+18    2.098e+21  1.801e+15  5.078e-01 7.304e-06 9.740e-06 1.991e-05 7.760e-06 1.245e-05 1.130e-05  4.192e+14  8.327e-02  2.8688e-01  8.1144e-01
1.35171e+03  6.453e-01       6.453e-01       2.122e+18    2.157e+21  1.920e+15  5.556e-01 7.399e-06 9.866e-06 1.995e-05 7.849e-06 1.259e-05 1.144e-05  4.538e+14  9.014e-02  2.9075e-01  8.1267e-01
1.31685e+03  6.737e-01       6.737e-01       2.201e+18    2.207e+21  2.039e+15  6.057e-01 7.496e-06 9.995e-06 1.998e-05 7.940e-06 1.272e-05 1.159e-05  4.892e+14  9.717e-02  2.9471e-01  8.1390e-01
1.28235e+03  7.022e-01       7.022e-01       2.272e+18    2.248e+21  2.157e+15  6.579e-01 7.596e-06 1.013e-05 2.002e-05 8.035e-06 1.286e-05 1.175e-05  5.253e+14  1.043e-01  2.9877e-01  8.1512e-01
1.24830e+03  7.306e-01       7.306e-01       2.336e+18    2.279e+21  2.273e+15  7.122e-01 7.699e-06 1.027e-05 2.006e-05 8.132e-06 1.301e-05 1.191e-05  5.621e+14  1.117e-01  3.0291e-01  8.1633e-01
1.21477e+03  7.590e-01       7.590e-01       2.393e+18    2.302e+21  2.387e+15  7.687e-01 7.804e-06 1.041e-05 2.010e-05 8.232e-06 1.316e-05 1.207e-05  5.994e+14  1.191e-01  3.0712e-01  8.1752e-01
1.18180e+03  7.874e-01       7.874e-01       2.443e+18    2.316e+21  2.500e+15  8.274e-01 7.913e-06 1.055e-05 2.014e-05 8.335e-06 1.331e-05 1.223e-05  6.373e+14  1.266e-01  3.1141e-01  8.1870e-01
1.14947e+03  8.159e-01       8.159e-01       2.487e+18    2.323e+21  2.610e+15  8.882e-01 8.023e-06 1.070e-05 2.019e-05 8.440e-06 1.347e-05 1.240e-05  6.757e+14  1.342e-01  3.1577e-01  8.1987e-01
1.11780e+03  8.443e-01       8.443e-01       2.524e+18    2.323e+21  2.718e+15  9.511e-01 8.136e-06 1.085e-05 2.023e-05 8.547e-06 1.363e-05 1.258e-05  7.145e+14  1.419e-01  3.2018e-01  8.2101e-01
1.08683e+03  8.727e-01       8.727e-01       2.555e+18    2.316e+21  2.825e+15  1.016e+00 8.251e-06 1.100e-05 2.028e-05 8.657e-06 1.379e-05 1.276e-05  7.537e+14  1.497e-01  3.2459e-01  8.2195e-01
1.05659e+03  9.011e-01       9.011e-01       2.580e+18    2.304e+21  2.928e+15  1.084e+00 8.368e-06 1.116e-05 2.033e-05 8.769e-06 1.396e-05 1.294e-05  7.931e+14  1.575e-01  3.2910e-01  8.2305e-01
1.02709e+03  9.296e-01       9.296e-01       2.600e+18    2.286e+21  3.029e+15  1.153e+00 8.488e-06 1.132e-05 2.038e-05 8.883e-06 1.413e-05 1.312e-05  8.328e+14  1.654e-01  3.3366e-01  8.2413e-01
9.98354e+02  9.580e-01       9.580e-01       2.614e+18    2.263e+21  3.127e+15  1.225e+00 8.609e-06 1.148e-05 2.043e-05 8.999e-06 1.430e-05 1.331e-05  8.727e+14  1.734e-01  3.3825e-01  8.2518e-01
9.70386e+02  9.864e-01       9.864e-01       2.623e+18    2.236e+21  3.222e+15  1.298e+00 8.732e-06 1.164e-05 2.048e-05 9.117e-06 1.448e-05 1.350e-05  9.127e+14  1.813e-01  3.4288e-01  8.2621e-01
9.43192e+02  1.015e+00       1.015e+00       2.628e+18    2.206e+21  3.315e+15  1.374e+00 8.857e-06 1.181e-05 2.053e-05 9.236e-06 1.466e-05 1.369e-05  9.529e+14  1.893e-01  3.4753e-01  8.2721e-01
9.16770e+02  1.043e+00       1.043e+00       2.629e+18    2.172e+21  3.405e+15  1.452e+00 8.984e-06 1.198e-05 2.059e-05 9.358e-06 1.484e-05 1.389e-05  9.931e+14  1.973e-01  3.5221e-01  8.2819e-01
8.91117e+02  1.072e+00       1.072e+00       2.626e+18    2.135e+21  3.492e+15  1.533e+00 9.112e-06 1.215e-05 2.064e-05 9.481e-06 1.503e-05 1.408e-05  1.033e+15  2.053e-01  3.5691e-01  8.2914e-01
8.66227e+02  1.100e+00       1.100e+00       2.619e+18    2.096e+21  3.577e+15  1.615e+00 9.242e-06 1.232e-05 2.070e-05 9.606e-06 1.521e-05 1.428e-05  1.074e+15  2.133e-01  3.6163e-01  8.3007e-01
8.42091e+02  1.129e+00       1.129e+00       2.610e+18    2.055e+21  3.659e+15  1.699e+00 9.374e-06 1.250e-05 2.076e-05 9.733e-06 1.540e-05 1.449e-05  1.114e+15  2.213e-01  3.6635e-01  8.3098e-01
8.18697e+02  1.157e+00       1.157e+00       2.597e+18    2.013e+21  3.739e+15  1.786e+00 9.507e-06 1.268e-05 2.082e-05 9.861e-06 1.560e-05 1.469e-05  1.154e+15  2.293e-01  3.7108e-01  8.3186e-01
7.96033e+02  1.185e+00       1.185e+00       2.581e+18    1.969e+21  3.816e+15  1.875e+00 9.641e-06 1.286e-05 2.088e-05 9.991e-06 1.579e-05 1.490e-05  1.194e+15  2.372e-01  3.7582e-01  8.3272e-01
7.74083e+02  1.214e+00       1.214e+00       2.563e+18    1.924e+21  3.891e+15  1.966e+00 9.777e-06 1.304e-05 2.095e-05 1.012e-05 1.599e-05 1.511e-05  1.234e+15  2.452e-01  3.8056e-01  8.3355e-01
7.52833e+02  1.242e+00       1.242e+00       2.543e+18    1.879e+21  3.963e+15  2.059e+00 9.914e-06 1.322e-05 2.101e-05 1.025e-05 1.619e-05 1.532e-05  1.274e+15  2.531e-01  3.8530e-01  8.3436e-01
7.32266e+02  1.271e+00       1.271e+00       2.522e+18    1.833e+21  4.033e+15  2.154e+00 1.005e-05 1.340e-05 2.108e-05 1.039e-05 1.639e-05 1.553e-05  1.314e+15  2.610e-01  3.9003e-01  8.3514e-01
7.12363e+02  1.299e+00       1.299e+00       2.498e+18    1.787e+21  4.101e+15  2.252e+00 1.019e-05 1.359e-05 2.114e-05 1.052e-05 1.659e-05 1.575e-05  1.353e+15  2.688e-01  3.9476e-01  8.3591e-01
6.93109e+02  1.328e+00       1.328e+00       2.473e+18    1.741e+21  4.168e+15  2.352e+00 1.033e-05 1.378e-05 2.121e-05 1.066e-05 1.680e-05 1.597e-05  1.393e+15  2.766e-01  3.9941e-01  8.3649e-01
6.74483e+02  1.356e+00       1.356e+00       2.446e+18    1.695e+21  4.232e+15  2.453e+00 1.047e-05 1.397e-05 2.128e-05 1.080e-05 1.701e-05 1.618e-05  1.432e+15  2.844e-01  4.0411e-01  8.3720e-01
6.56469e+02  1.384e+00       1.384e+00       2.419e+18    1.649e+21  4.293e+15  2.557e+00 1.062e-05 1.416e-05 2.135e-05 1.093e-05 1.722e-05 1.640e-05  1.470e+15  2.921e-01  4.0879e-01  8.3789e-01
6.39047e+02  1.413e+00       1.413e+00       2.390e+18    1.604e+21  4.352e+15  2.663e+00 1.076e-05 1.435e-05 2.142e-05 1.107e-05 1.743e-05 1.662e-05  1.509e+15  2.998e-01  4.1346e-01  8.3857e-01
6.22198e+02  1.441e+00       1.441e+00       2.361e+18    1.559e+21  4.410e+15  2.772e+00 1.091e-05 1.454e-05 2.150e-05 1.122e-05 1.764e-05 1.685e-05  1.547e+15  3.074e-01  4.1811e-01  8.3922e-01
6.05906e+02  1.470e+00       1.470e+00       2.331e+18    1.514e+21  4.465e+15  2.882e+00 1.105e-05 1.474e-05 2.157e-05 1.136e-05 1.786e-05 1.707e-05  1.585e+15  3.149e-01  4.2274e-01  8.3985e-01
5.90150e+02  1.498e+00       1.498e+00       2.300e+18    1.471e+21  4.519e+15  2.995e+00 1.120e-05 1.493e-05 2.165e-05 1.150e-05 1.807e-05 1.730e-05  1.623e+15  3.224e-01  4.2735e-01  8.4047e-01
5.74914e+02  1.527e+00       1.527e+00       2.269e+18    1.428e+21  4.571e+15  3.109e+00 1.134e-05 1.513e-05 2.172e-05 1.164e-05 1.829e-05 1.752e-05  1.660e+15  3.298e-01  4.3193e-01  8.4106e-01
5.60180e+02  1.555e+00       1.555e+00       2.238e+18    1.386e+21  4.621e+15  3.226e+00 1.149e-05 1.533e-05 2.180e-05 1.179e-05 1.851e-05 1.775e-05  1.698e+15  3.372e-01  4.3648e-01  8.4164e-01
5.45931e+02  1.583e+00       1.583e+00       2.206e+18    1.345e+21  4.669e+15  3.345e+00 1.164e-05 1.552e-05 2.188e-05 1.193e-05 1.873e-05 1.798e-05  1.734e+15  3.445e-01  4.4101e-01  8.4220e-01
5.32150e+02  1.612e+00       1.612e+00       2.174e+18    1.305e+21  4.716e+15  3.466e+00 1.179e-05 1.572e-05 2.196e-05 1.208e-05 1.895e-05 1.821e-05  1.771e+15  3.517e-01  4.4551e-01  8.4274e-01
5.18819e+02  1.640e+00       1.640e+00       2.143e+18    1.266e+21  4.761e+15  3.590e+00 1.194e-05 1.592e-05 2.204e-05 1.223e-05 1.918e-05 1.845e-05  1.807e+15  3.589e-01  4.4998e-01  8.4327e-01
5.05925e+02  1.669e+00       1.669e+00       2.111e+18    1.227e+21  4.805e+15  3.715e+00 1.209e-05 1.613e-05 2.212e-05 1.237e-05 1.940e-05 1.868e-05  1.843e+15  3.660e-01  4.5442e-01  8.4378e-01
4.93450e+02  1.697e+00       1.697e+00       2.079e+18    1.190e+21  4.848e+15  3.843e+00 1.225e-05 1.633e-05 2.221e-05 1.252e-05 1.962e-05 1.891e-05  1.878e+15  3.730e-01  4.5883e-01  8.4428e-01
