     Energy         Kx              Ky       F.Density    GA.Brill.       Flux  Tot.Power  Nat.Size  Nat.Div.    Size.x    Size.y     Div.x     Div.y   Coh.Flux  Coh.Power   CohFrac.x   CohFrac.y
         eV          -               -  ph/s/mr^2/0.1%  F.Dens/mm^2  ph/s/0.1%         kW         m       rad         m         m       rad       rad  ph/s/0.1%          W           -           -
7.25221e+03  0.000e+00       8.000e-01       2.107e+16    4.318e+19  1.269e+13  4.270e-01 3.194e-06 4.259e-06 1.880e-05 4.131e-06 1.051e-05 9.115e-06  3.155e+11  6.268e-05  6.8843e-02  3.6132e-01
6.98856e+03  0.000e+00       8.600e-01       3.353e+16    6.792e+19  2.085e+13  4.934e-01 3.254e-06 4.339e-06 1.881e-05 4.177e-06 1.066e-05 9.284e-06  5.344e+11  1.062e-04  7.0417e-02  3.6404e-01
6.72634e+03  0.000e+00       9.200e-01       5.035e+16    1.008e+20  3.237e+13  5.647e-01 3.317e-06 4.423e-06 1.882e-05 4.226e-06 1.082e-05 9.462e-06  8.558e+11  1.700e-04  7.2069e-02  3.6680e-01
6.46732e+03  0.000e+00       9.800e-01       7.189e+16    1.420e+20  4.785e+13  6.407e-01 3.382e-06 4.510e-06 1.883e-05 4.278e-06 1.098e-05 9.648e-06  1.305e+12  2.592e-04  7.3793e-02  3.6959e-01
6.21296e+03  0.000e+00       1.040e+00       9.824e+16    1.915e+20  6.774e+13  7.216e-01 3.451e-06 4.602e-06 1.884e-05 4.333e-06 1.115e-05 9.842e-06  1.907e+12  3.787e-04  7.5586e-02  3.7240e-01
5.96444e+03  0.000e+00       1.100e+00       1.291e+17    2.483e+20  9.233e+13  8.073e-01 3.522e-06 4.697e-06 1.886e-05 4.390e-06 1.133e-05 1.004e-05  2.683e+12  5.329e-04  7.7441e-02  3.7519e-01
5.72269e+03  0.000e+00       1.160e+00       1.641e+17    3.112e+20  1.217e+14  8.977e-01 3.596e-06 4.795e-06 1.887e-05 4.449e-06 1.151e-05 1.025e-05  3.651e+12  7.253e-04  7.9354e-02  3.7798e-01
5.48843e+03  0.000e+00       1.220e+00       2.024e+17    3.783e+20  1.559e+14  9.930e-01 3.672e-06 4.896e-06 1.888e-05 4.510e-06 1.171e-05 1.047e-05  4.826e+12  9.587e-04  8.1320e-02  3.8073e-01
5.26216e+03  0.000e+00       1.280e+00       2.432e+17    4.477e+20  1.945e+14  1.093e+00 3.750e-06 5.000e-06 1.890e-05 4.574e-06 1.190e-05 1.069e-05  6.214e+12  1.234e-03  8.3335e-02  3.8345e-01
5.04422e+03  0.000e+00       1.340e+00       2.855e+17    5.176e+20  2.371e+14  1.198e+00 3.830e-06 5.107e-06 1.892e-05 4.640e-06 1.211e-05 1.092e-05  7.818e+12  1.553e-03  8.5395e-02  3.8613e-01
4.83481e+03  0.000e+00       1.400e+00       3.282e+17    5.861e+20  2.833e+14  1.308e+00 3.912e-06 5.216e-06 1.893e-05 4.708e-06 1.232e-05 1.115e-05  9.635e+12  1.914e-03  8.7496e-02  3.8875e-01
4.63400e+03  0.000e+00       1.460e+00       3.706e+17    6.514e+20  3.324e+14  1.422e+00 3.996e-06 5.328e-06 1.895e-05 4.778e-06 1.253e-05 1.139e-05  1.166e+13  2.316e-03  8.9634e-02  3.9132e-01
4.44178e+03  0.000e+00       1.520e+00       4.117e+17    7.123e+20  3.838e+14  1.541e+00 4.081e-06 5.442e-06 1.897e-05 4.850e-06 1.276e-05 1.163e-05  1.388e+13  2.756e-03  9.1806e-02  3.9382e-01
4.25804e+03  0.000e+00       1.580e+00       4.509e+17    7.677e+20  4.368e+14  1.666e+00 4.169e-06 5.559e-06 1.899e-05 4.923e-06 1.298e-05 1.188e-05  1.627e+13  3.233e-03  9.4008e-02  3.9625e-01
4.08262e+03  0.000e+00       1.640e+00       4.876e+17    8.169e+20  4.909e+14  1.794e+00 4.257e-06 5.677e-06 1.901e-05 4.999e-06 1.321e-05 1.213e-05  1.883e+13  3.741e-03  9.6238e-02  3.9862e-01
3.91531e+03  0.000e+00       1.700e+00       5.214e+17    8.593e+20  5.455e+14  1.928e+00 4.347e-06 5.797e-06 1.903e-05 5.076e-06 1.345e-05 1.238e-05  2.154e+13  4.279e-03  9.8493e-02  4.0092e-01
3.75586e+03  0.000e+00       1.760e+00       5.520e+17    8.948e+20  6.000e+14  2.067e+00 4.439e-06 5.918e-06 1.905e-05 5.154e-06 1.369e-05 1.264e-05  2.438e+13  4.842e-03  1.0077e-01  4.0315e-01
3.60399e+03  0.000e+00       1.820e+00       5.791e+17    9.235e+20  6.541e+14  2.210e+00 4.531e-06 6.042e-06 1.907e-05 5.234e-06 1.393e-05 1.291e-05  2.732e+13  5.428e-03  1.0307e-01  4.0531e-01
3.45943e+03  0.000e+00       1.880e+00       6.029e+17    9.455e+20  7.074e+14  2.358e+00 4.625e-06 6.167e-06 1.909e-05 5.315e-06 1.418e-05 1.317e-05  3.036e+13  6.031e-03  1.0537e-01  4.0733e-01
3.32186e+03  0.000e+00       1.940e+00       6.232e+17    9.612e+20  7.593e+14  2.511e+00 4.720e-06 6.293e-06 1.912e-05 5.398e-06 1.443e-05 1.344e-05  3.347e+13  6.650e-03  1.0770e-01  4.0934e-01
3.19097e+03  0.000e+00       2.000e+00       6.401e+17    9.710e+20  8.098e+14  2.669e+00 4.815e-06 6.421e-06 1.914e-05 5.482e-06 1.468e-05 1.371e-05  3.665e+13  7.280e-03  1.1004e-01  4.1128e-01
3.06648e+03  0.000e+00       2.060e+00       6.539e+17    9.754e+20  8.585e+14  2.831e+00 4.912e-06 6.550e-06 1.916e-05 5.567e-06 1.494e-05 1.399e-05  3.987e+13  7.919e-03  1.1239e-01  4.1315e-01
2.94805e+03  0.000e+00       2.120e+00       6.646e+17    9.751e+20  9.054e+14  2.999e+00 5.010e-06 6.680e-06 1.919e-05 5.653e-06 1.520e-05 1.427e-05  4.312e+13  8.565e-03  1.1476e-01  4.1496e-01
2.83541e+03  0.000e+00       2.180e+00       6.726e+17    9.704e+20  9.504e+14  3.171e+00 5.108e-06 6.812e-06 1.922e-05 5.741e-06 1.546e-05 1.455e-05  4.639e+13  9.214e-03  1.1713e-01  4.1670e-01
2.72826e+03  0.000e+00       2.240e+00       6.780e+17    9.620e+20  9.933e+14  3.348e+00 5.208e-06 6.944e-06 1.924e-05 5.830e-06 1.573e-05 1.483e-05  4.967e+13  9.866e-03  1.1951e-01  4.1837e-01
2.62632e+03  0.000e+00       2.300e+00       6.810e+17    9.503e+20  1.034e+15  3.529e+00 5.308e-06 7.078e-06 1.927e-05 5.919e-06 1.599e-05 1.511e-05  5.295e+13  1.052e-02  1.2189e-01  4.1998e-01
2.52931e+03  0.000e+00       2.360e+00       6.820e+17    9.359e+20  1.073e+15  3.716e+00 5.409e-06 7.212e-06 1.930e-05 6.010e-06 1.627e-05 1.540e-05  5.622e+13  1.117e-02  1.2428e-01  4.2153e-01
2.43697e+03  0.000e+00       2.420e+00       6.810e+17    9.192e+20  1.110e+15  3.907e+00 5.510e-06 7.348e-06 1.933e-05 6.101e-06 1.654e-05 1.569e-05  5.948e+13  1.182e-02  1.2667e-01  4.2303e-01
2.34907e+03  0.000e+00       2.480e+00       6.783e+17    9.006e+20  1.145e+15  4.103e+00 5.612e-06 7.484e-06 1.936e-05 6.194e-06 1.681e-05 1.598e-05  6.272e+13  1.246e-02  1.2906e-01  4.2446e-01
2.26535e+03  0.000e+00       2.540e+00       6.742e+17    8.805e+20  1.178e+15  4.304e+00 5.715e-06 7.621e-06 1.939e-05 6.287e-06 1.709e-05 1.627e-05  6.594e+13  1.310e-02  1.3145e-01  4.2584e-01
2.18560e+03  0.000e+00       2.600e+00       6.688e+17    8.592e+20  1.209e+15  4.510e+00 5.818e-06 7.759e-06 1.942e-05 6.381e-06 1.737e-05 1.656e-05  6.912e+13  1.373e-02  1.3385e-01  4.2717e-01
2.10960e+03  0.000e+00       2.660e+00       6.623e+17    8.370e+20  1.238e+15  4.721e+00 5.922e-06 7.897e-06 1.945e-05 6.476e-06 1.765e-05 1.686e-05  7.228e+13  1.436e-02  1.3624e-01  4.2845e-01
2.03714e+03  0.000e+00       2.720e+00       6.549e+17    8.142e+20  1.266e+15  4.936e+00 6.027e-06 8.036e-06 1.948e-05 6.571e-06 1.794e-05 1.715e-05  7.540e+13  1.498e-02  1.3863e-01  4.2968e-01
1.96804e+03  0.000e+00       2.780e+00       6.466e+17    7.910e+20  1.292e+15  5.156e+00 6.132e-06 8.176e-06 1.951e-05 6.668e-06 1.822e-05 1.745e-05  7.848e+13  1.559e-02  1.4100e-01  4.3081e-01
1.90211e+03  0.000e+00       2.840e+00       6.377e+17    7.676e+20  1.316e+15  5.381e+00 6.237e-06 8.317e-06 1.955e-05 6.765e-06 1.851e-05 1.775e-05  8.153e+13  1.620e-02  1.4338e-01  4.3194e-01
1.83918e+03  0.000e+00       2.900e+00       6.282e+17    7.441e+20  1.339e+15  5.611e+00 6.343e-06 8.458e-06 1.958e-05 6.862e-06 1.880e-05 1.805e-05  8.454e+13  1.679e-02  1.4576e-01  4.3303e-01
1.77909e+03  0.000e+00       2.960e+00       6.183e+17    7.207e+20  1.361e+15  5.845e+00 6.449e-06 8.599e-06 1.961e-05 6.961e-06 1.909e-05 1.835e-05  8.751e+13  1.738e-02  1.4813e-01  4.3408e-01
1.72169e+03  0.000e+00       3.020e+00       6.080e+17    6.976e+20  1.381e+15  6.085e+00 6.556e-06 8.742e-06 1.965e-05 7.060e-06 1.938e-05 1.866e-05  9.044e+13  1.796e-02  1.5050e-01  4.3509e-01
1.66683e+03  0.000e+00       3.080e+00       5.974e+17    6.747e+20  1.400e+15  6.329e+00 6.663e-06 8.884e-06 1.969e-05 7.159e-06 1.967e-05 1.896e-05  9.332e+13  1.854e-02  1.5286e-01  4.3606e-01
1.61438e+03  0.000e+00       3.140e+00       5.867e+17    6.522e+20  1.418e+15  6.578e+00 6.770e-06 9.027e-06 1.972e-05 7.259e-06 1.997e-05 1.927e-05  9.617e+13  1.910e-02  1.5521e-01  4.3700e-01
1.56420e+03  0.000e+00       3.200e+00       5.758e+17    6.302e+20  1.435e+15  6.832e+00 6.878e-06 9.171e-06 1.976e-05 7.360e-06 2.026e-05 1.957e-05  9.898e+13  1.966e-02  1.5756e-01  4.3790e-01
1.51619e+03  0.000e+00       3.260e+00       5.648e+17    6.086e+20  1.450e+15  7.090e+00 6.986e-06 9.315e-06 1.980e-05 7.461e-06 2.056e-05 1.988e-05  1.017e+14  2.021e-02  1.5989e-01  4.3877e-01
1.47022e+03  0.000e+00       3.320e+00       5.539e+17    5.876e+20  1.465e+15  7.354e+00 7.094e-06 9.460e-06 1.984e-05 7.562e-06 2.085e-05 2.019e-05  1.045e+14  2.075e-02  1.6222e-01  4.3961e-01
1.42620e+03  0.000e+00       3.380e+00       5.429e+17    5.672e+20  1.479e+15  7.622e+00 7.203e-06 9.605e-06 1.988e-05 7.664e-06 2.115e-05 2.049e-05  1.072e+14  2.129e-02  1.6454e-01  4.4041e-01
1.38401e+03  0.000e+00       3.440e+00       5.320e+17    5.474e+20  1.492e+15  7.895e+00 7.312e-06 9.750e-06 1.991e-05 7.767e-06 2.145e-05 2.080e-05  1.098e+14  2.181e-02  1.6685e-01  4.4119e-01
1.34357e+03  0.000e+00       3.500e+00       5.211e+17    5.281e+20  1.504e+15  8.173e+00 7.421e-06 9.895e-06 1.996e-05 7.870e-06 2.175e-05 2.111e-05  1.124e+14  2.233e-02  1.6916e-01  4.4193e-01
1.30478e+03  0.000e+00       3.560e+00       5.104e+17    5.095e+20  1.515e+15  8.455e+00 7.530e-06 1.004e-05 2.000e-05 7.973e-06 2.206e-05 2.143e-05  1.150e+14  2.285e-02  1.7145e-01  4.4265e-01
1.26757e+03  0.000e+00       3.620e+00       4.998e+17    4.915e+20  1.526e+15  8.743e+00 7.640e-06 1.019e-05 2.004e-05 8.077e-06 2.236e-05 2.174e-05  1.175e+14  2.335e-02  1.7371e-01  4.4330e-01
1.23185e+03  0.000e+00       3.680e+00       4.893e+17    4.740e+20  1.537e+15  9.035e+00 7.750e-06 1.033e-05 2.008e-05 8.181e-06 2.267e-05 2.205e-05  1.201e+14  2.385e-02  1.7598e-01  4.4397e-01
1.19754e+03  0.000e+00       3.740e+00       4.790e+17    4.572e+20  1.546e+15  9.332e+00 7.860e-06 1.048e-05 2.012e-05 8.285e-06 2.297e-05 2.236e-05  1.225e+14  2.434e-02  1.7824e-01  4.4462e-01
1.16459e+03  0.000e+00       3.800e+00       4.688e+17    4.410e+20  1.555e+15  9.634e+00 7.971e-06 1.063e-05 2.017e-05 8.390e-06 2.328e-05 2.268e-05  1.250e+14  2.482e-02  1.8049e-01  4.4524e-01
