     Energy         Kx              Ky       F.Density    GA.Brill.       Flux  Tot.Power  Nat.Size  Nat.Div.    Size.x    Size.y     Div.x     Div.y   Coh.Flux  Coh.Power   CohFrac.x   CohFrac.y
         eV          -               -  ph/s/mr^2/0.1%  F.Dens/mm^2  ph/s/0.1%         kW         m       rad         m         m       rad       rad  ph/s/0.1%          W           -           -
1.24549e+04  2.758e-01       2.758e-01       0.000e+00    0.000e+00  0.000e+00  1.015e-01 2.437e-06 3.250e-06 1.868e-05 3.578e-06 9.682e-06 8.141e-06  0.000e+00  0.000e+00  4.3794e-02  2.7193e-01
1.22670e+04  3.042e-01       3.042e-01       0.000e+00    0.000e+00  0.000e+00  1.235e-01 2.456e-06 3.275e-06 1.869e-05 3.591e-06 9.733e-06 8.203e-06  0.000e+00  0.000e+00  4.4222e-02  2.7306e-01
1.20670e+04  3.326e-01       3.326e-01       0.000e+00    0.000e+00  0.000e+00  1.476e-01 2.476e-06 3.302e-06 1.869e-05 3.605e-06 9.790e-06 8.270e-06  0.000e+00  0.000e+00  4.4689e-02  2.7427e-01
1.18565e+04  3.610e-01       3.610e-01       0.000e+00    0.000e+00  0.000e+00  1.739e-01 2.498e-06 3.331e-06 1.869e-05 3.620e-06 9.851e-06 8.342e-06  0.000e+00  0.000e+00  4.5192e-02  2.7556e-01
1.16369e+04  3.895e-01       3.895e-01       0.000e+00    0.000e+00  0.000e+00  2.024e-01 2.522e-06 3.362e-06 1.869e-05 3.636e-06 9.917e-06 8.420e-06  0.000e+00  0.000e+00  4.5731e-02  2.7693e-01
1.14095e+04  4.179e-01       4.179e-01       0.000e+00    0.000e+00  0.000e+00  2.330e-01 2.547e-06 3.396e-06 1.870e-05 3.653e-06 9.987e-06 8.503e-06  0.000e+00  0.000e+00  4.6306e-02  2.7837e-01
1.11758e+04  4.463e-01       4.463e-01       0.000e+00    0.000e+00  0.000e+00  2.658e-01 2.573e-06 3.431e-06 1.870e-05 3.672e-06 1.006e-05 8.591e-06  0.000e+00  0.000e+00  4.6914e-02  2.7987e-01
1.09370e+04  4.748e-01       4.748e-01       0.000e+00    0.000e+00  0.000e+00  3.007e-01 2.601e-06 3.468e-06 1.871e-05 3.692e-06 1.014e-05 8.683e-06  0.000e+00  0.000e+00  4.7554e-02  2.8143e-01
1.06944e+04  5.032e-01       5.032e-01       0.000e+00    0.000e+00  0.000e+00  3.378e-01 2.630e-06 3.507e-06 1.871e-05 3.712e-06 1.022e-05 8.780e-06  0.000e+00  0.000e+00  4.8226e-02  2.8304e-01
1.04491e+04  5.316e-01       5.316e-01       0.000e+00    0.000e+00  0.000e+00  3.771e-01 2.661e-06 3.548e-06 1.871e-05 3.734e-06 1.031e-05 8.882e-06  0.000e+00  0.000e+00  4.8928e-02  2.8469e-01
1.02023e+04  5.600e-01       5.600e-01       0.000e+00    0.000e+00  0.000e+00  4.185e-01 2.693e-06 3.591e-06 1.872e-05 3.757e-06 1.040e-05 8.988e-06  0.000e+00  0.000e+00  4.9659e-02  2.8639e-01
9.95492e+03  5.885e-01       5.885e-01       0.000e+00    0.000e+00  0.000e+00  4.620e-01 2.726e-06 3.635e-06 1.872e-05 3.781e-06 1.050e-05 9.098e-06  0.000e+00  0.000e+00  5.0418e-02  2.8812e-01
9.70786e+03  6.169e-01       6.169e-01       0.000e+00    0.000e+00  0.000e+00  5.078e-01 2.761e-06 3.681e-06 1.873e-05 3.806e-06 1.060e-05 9.212e-06  0.000e+00  0.000e+00  5.1204e-02  2.8988e-01
9.46195e+03  6.453e-01       6.453e-01       0.000e+00    0.000e+00  0.000e+00  5.556e-01 2.796e-06 3.729e-06 1.873e-05 3.832e-06 1.070e-05 9.330e-06  0.000e+00  0.000e+00  5.2015e-02  2.9166e-01
9.21794e+03  6.737e-01       6.737e-01       0.000e+00    0.000e+00  0.000e+00  6.057e-01 2.833e-06 3.778e-06 1.874e-05 3.859e-06 1.081e-05 9.454e-06  0.000e+00  0.000e+00  5.2844e-02  2.9341e-01
8.97647e+03  7.022e-01       7.022e-01       0.000e+00    0.000e+00  0.000e+00  6.579e-01 2.871e-06 3.828e-06 1.875e-05 3.887e-06 1.092e-05 9.579e-06  0.000e+00  0.000e+00  5.3703e-02  2.9522e-01
8.73811e+03  7.306e-01       7.306e-01       0.000e+00    0.000e+00  0.000e+00  7.122e-01 2.910e-06 3.880e-06 1.875e-05 3.915e-06 1.103e-05 9.708e-06  0.000e+00  0.000e+00  5.4584e-02  2.9705e-01
8.50336e+03  7.590e-01       7.590e-01       0.000e+00    0.000e+00  0.000e+00  7.687e-01 2.950e-06 3.933e-06 1.876e-05 3.945e-06 1.115e-05 9.840e-06  0.000e+00  0.000e+00  5.5486e-02  2.9887e-01
8.27263e+03  7.874e-01       7.874e-01       0.000e+00    0.000e+00  0.000e+00  8.274e-01 2.991e-06 3.988e-06 1.876e-05 3.976e-06 1.127e-05 9.976e-06  0.000e+00  0.000e+00  5.6408e-02  3.0070e-01
8.04627e+03  8.159e-01       8.159e-01       0.000e+00    0.000e+00  0.000e+00  8.882e-01 3.032e-06 4.044e-06 1.877e-05 4.007e-06 1.139e-05 1.011e-05  0.000e+00  0.000e+00  5.7349e-02  3.0253e-01
7.82459e+03  8.443e-01       8.443e-01       0.000e+00    0.000e+00  0.000e+00  9.511e-01 3.075e-06 4.100e-06 1.878e-05 4.040e-06 1.152e-05 1.026e-05  0.000e+00  0.000e+00  5.8308e-02  3.0435e-01
7.60780e+03  8.727e-01       8.727e-01       0.000e+00    0.000e+00  0.000e+00  1.016e+00 3.119e-06 4.158e-06 1.878e-05 4.073e-06 1.165e-05 1.040e-05  0.000e+00  0.000e+00  5.9284e-02  3.0616e-01
7.39610e+03  9.011e-01       9.011e-01       0.000e+00    0.000e+00  0.000e+00  1.084e+00 3.163e-06 4.218e-06 1.879e-05 4.107e-06 1.178e-05 1.055e-05  0.000e+00  0.000e+00  6.0277e-02  3.0796e-01
7.18963e+03  9.296e-01       9.296e-01       0.000e+00    0.000e+00  0.000e+00  1.153e+00 3.208e-06 4.278e-06 1.880e-05 4.142e-06 1.191e-05 1.070e-05  0.000e+00  0.000e+00  6.1285e-02  3.0975e-01
6.98848e+03  9.580e-01       9.580e-01       0.000e+00    0.000e+00  0.000e+00  1.225e+00 3.254e-06 4.339e-06 1.881e-05 4.177e-06 1.205e-05 1.085e-05  0.000e+00  0.000e+00  6.2307e-02  3.1152e-01
6.79271e+03  9.864e-01       9.864e-01       0.000e+00    0.000e+00  0.000e+00  1.298e+00 3.300e-06 4.401e-06 1.882e-05 4.214e-06 1.219e-05 1.100e-05  0.000e+00  0.000e+00  6.3343e-02  3.1327e-01
6.60234e+03  1.015e+00       1.015e+00       0.000e+00    0.000e+00  0.000e+00  1.374e+00 3.348e-06 4.464e-06 1.882e-05 4.251e-06 1.233e-05 1.116e-05  0.000e+00  0.000e+00  6.4392e-02  3.1501e-01
6.41739e+03  1.043e+00       1.043e+00       0.000e+00    0.000e+00  0.000e+00  1.452e+00 3.396e-06 4.528e-06 1.883e-05 4.289e-06 1.247e-05 1.132e-05  0.000e+00  0.000e+00  6.5453e-02  3.1672e-01
6.23782e+03  1.072e+00       1.072e+00       0.000e+00    0.000e+00  0.000e+00  1.533e+00 3.444e-06 4.593e-06 1.884e-05 4.327e-06 1.262e-05 1.148e-05  0.000e+00  0.000e+00  6.6525e-02  3.1841e-01
6.06359e+03  1.100e+00       1.100e+00       0.000e+00    0.000e+00  0.000e+00  1.615e+00 3.493e-06 4.658e-06 1.885e-05 4.366e-06 1.277e-05 1.164e-05  0.000e+00  0.000e+00  6.7609e-02  3.2007e-01
5.89464e+03  1.129e+00       1.129e+00       0.000e+00    0.000e+00  0.000e+00  1.699e+00 3.543e-06 4.724e-06 1.886e-05 4.406e-06 1.292e-05 1.181e-05  0.000e+00  0.000e+00  6.8702e-02  3.2171e-01
5.73088e+03  1.157e+00       1.157e+00       0.000e+00    0.000e+00  0.000e+00  1.786e+00 3.593e-06 4.791e-06 1.887e-05 4.447e-06 1.307e-05 1.197e-05  0.000e+00  0.000e+00  6.9804e-02  3.2332e-01
5.57223e+03  1.185e+00       1.185e+00       0.000e+00    0.000e+00  0.000e+00  1.875e+00 3.644e-06 4.859e-06 1.888e-05 4.488e-06 1.323e-05 1.214e-05  0.000e+00  0.000e+00  7.0916e-02  3.2490e-01
5.41858e+03  1.214e+00       1.214e+00       0.000e+00    0.000e+00  0.000e+00  1.966e+00 3.695e-06 4.927e-06 1.889e-05 4.530e-06 1.338e-05 1.231e-05  0.000e+00  0.000e+00  7.2036e-02  3.2646e-01
5.26983e+03  1.242e+00       1.242e+00       0.000e+00    0.000e+00  0.000e+00  2.059e+00 3.747e-06 4.997e-06 1.890e-05 4.572e-06 1.354e-05 1.249e-05  0.000e+00  0.000e+00  7.3164e-02  3.2799e-01
5.12586e+03  1.271e+00       1.271e+00       0.000e+00    0.000e+00  0.000e+00  2.154e+00 3.799e-06 5.066e-06 1.891e-05 4.615e-06 1.370e-05 1.266e-05  0.000e+00  0.000e+00  7.4299e-02  3.2948e-01
4.98654e+03  1.299e+00       1.299e+00       0.000e+00    0.000e+00  0.000e+00  2.252e+00 3.852e-06 5.136e-06 1.892e-05 4.658e-06 1.386e-05 1.283e-05  0.000e+00  0.000e+00  7.5441e-02  3.3095e-01
4.85176e+03  1.328e+00       1.328e+00       0.000e+00    0.000e+00  0.000e+00  2.352e+00 3.905e-06 5.207e-06 1.893e-05 4.702e-06 1.403e-05 1.301e-05  0.000e+00  0.000e+00  7.6589e-02  3.3240e-01
4.72138e+03  1.356e+00       1.356e+00       0.000e+00    0.000e+00  0.000e+00  2.453e+00 3.959e-06 5.279e-06 1.894e-05 4.747e-06 1.419e-05 1.319e-05  0.000e+00  0.000e+00  7.7743e-02  3.3381e-01
4.59528e+03  1.384e+00       1.384e+00       0.000e+00    0.000e+00  0.000e+00  2.557e+00 4.013e-06 5.351e-06 1.895e-05 4.792e-06 1.436e-05 1.337e-05  0.000e+00  0.000e+00  7.8903e-02  3.3519e-01
4.47333e+03  1.413e+00       1.413e+00       0.000e+00    0.000e+00  0.000e+00  2.663e+00 4.067e-06 5.423e-06 1.897e-05 4.838e-06 1.452e-05 1.355e-05  0.000e+00  0.000e+00  8.0067e-02  3.3654e-01
4.35539e+03  1.441e+00       1.441e+00       0.000e+00    0.000e+00  0.000e+00  2.772e+00 4.122e-06 5.496e-06 1.898e-05 4.884e-06 1.469e-05 1.373e-05  0.000e+00  0.000e+00  8.1236e-02  3.3787e-01
4.24134e+03  1.470e+00       1.470e+00       0.000e+00    0.000e+00  0.000e+00  2.882e+00 4.177e-06 5.569e-06 1.899e-05 4.930e-06 1.487e-05 1.391e-05  0.000e+00  0.000e+00  8.2410e-02  3.3916e-01
4.13105e+03  1.498e+00       1.498e+00       0.000e+00    0.000e+00  0.000e+00  2.995e+00 4.232e-06 5.643e-06 1.900e-05 4.977e-06 1.504e-05 1.410e-05  0.000e+00  0.000e+00  8.3578e-02  3.4039e-01
4.02440e+03  1.527e+00       1.527e+00       0.000e+00    0.000e+00  0.000e+00  3.109e+00 4.288e-06 5.718e-06 1.901e-05 5.025e-06 1.521e-05 1.428e-05  0.000e+00  0.000e+00  8.4758e-02  3.4163e-01
3.92126e+03  1.555e+00       1.555e+00       0.000e+00    0.000e+00  0.000e+00  3.226e+00 4.344e-06 5.792e-06 1.903e-05 5.073e-06 1.539e-05 1.447e-05  0.000e+00  0.000e+00  8.5942e-02  3.4284e-01
3.82152e+03  1.583e+00       1.583e+00       0.000e+00    0.000e+00  0.000e+00  3.345e+00 4.400e-06 5.867e-06 1.904e-05 5.121e-06 1.556e-05 1.465e-05  0.000e+00  0.000e+00  8.7129e-02  3.4402e-01
3.72505e+03  1.612e+00       1.612e+00       0.000e+00    0.000e+00  0.000e+00  3.466e+00 4.457e-06 5.943e-06 1.905e-05 5.170e-06 1.574e-05 1.484e-05  0.000e+00  0.000e+00  8.8318e-02  3.4517e-01
3.63174e+03  1.640e+00       1.640e+00       0.000e+00    0.000e+00  0.000e+00  3.590e+00 4.514e-06 6.019e-06 1.907e-05 5.219e-06 1.592e-05 1.503e-05  0.000e+00  0.000e+00  8.9510e-02  3.4630e-01
3.54147e+03  1.669e+00       1.669e+00       0.000e+00    0.000e+00  0.000e+00  3.715e+00 4.571e-06 6.095e-06 1.908e-05 5.268e-06 1.610e-05 1.522e-05  0.000e+00  0.000e+00  9.0704e-02  3.4740e-01
3.45415e+03  1.697e+00       1.697e+00       0.000e+00    0.000e+00  0.000e+00  3.843e+00 4.628e-06 6.172e-06 1.909e-05 5.318e-06 1.628e-05 1.541e-05  0.000e+00  0.000e+00  9.1900e-02  3.4848e-01
