     Energy         Kx              Ky       F.Density    GA.Brill.       Flux  Tot.Power  Nat.Size  Nat.Div.    Size.x    Size.y     Div.x     Div.y   Coh.Flux  Coh.Power   CohFrac.x   CohFrac.y
         eV          -               -  ph/s/mr^2/0.1%  F.Dens/mm^2  ph/s/0.1%         kW         m       rad         m         m       rad       rad  ph/s/0.1%          W           -           -
8.19459e+03  4.101e-01       4.101e-01       0.000e+00    0.000e+00  0.000e+00  2.244e-01 3.005e-06 4.007e-06 1.877e-05 3.986e-06 1.005e-05 8.577e-06  0.000e+00  0.000e+00  6.3836e-02  3.5214e-01
7.96083e+03  4.500e-01       4.500e-01       0.000e+00    0.000e+00  0.000e+00  2.702e-01 3.049e-06 4.065e-06 1.877e-05 4.020e-06 1.016e-05 8.702e-06  0.000e+00  0.000e+00  6.4991e-02  3.5430e-01
7.72019e+03  4.899e-01       4.899e-01       0.000e+00    0.000e+00  0.000e+00  3.202e-01 3.096e-06 4.128e-06 1.878e-05 4.055e-06 1.027e-05 8.836e-06  0.000e+00  0.000e+00  6.6242e-02  3.5664e-01
7.47505e+03  5.298e-01       5.298e-01       0.000e+00    0.000e+00  0.000e+00  3.745e-01 3.146e-06 4.195e-06 1.879e-05 4.094e-06 1.040e-05 8.979e-06  0.000e+00  0.000e+00  6.7575e-02  3.5907e-01
7.22760e+03  5.696e-01       5.696e-01       0.000e+00    0.000e+00  0.000e+00  4.330e-01 3.200e-06 4.266e-06 1.880e-05 4.135e-06 1.053e-05 9.130e-06  0.000e+00  0.000e+00  6.8986e-02  3.6157e-01
6.97978e+03  6.095e-01       6.095e-01       0.000e+00    0.000e+00  0.000e+00  4.957e-01 3.256e-06 4.342e-06 1.881e-05 4.179e-06 1.067e-05 9.289e-06  0.000e+00  0.000e+00  7.0470e-02  3.6413e-01
6.73330e+03  6.494e-01       6.494e-01       0.000e+00    0.000e+00  0.000e+00  5.627e-01 3.315e-06 4.420e-06 1.882e-05 4.225e-06 1.081e-05 9.457e-06  0.000e+00  0.000e+00  7.2024e-02  3.6673e-01
6.48960e+03  6.893e-01       6.893e-01       0.000e+00    0.000e+00  0.000e+00  6.340e-01 3.377e-06 4.503e-06 1.883e-05 4.274e-06 1.096e-05 9.632e-06  0.000e+00  0.000e+00  7.3641e-02  3.6935e-01
6.24992e+03  7.292e-01       7.292e-01       0.000e+00    0.000e+00  0.000e+00  7.094e-01 3.441e-06 4.588e-06 1.884e-05 4.325e-06 1.112e-05 9.813e-06  0.000e+00  0.000e+00  7.5319e-02  3.7198e-01
6.01527e+03  7.690e-01       7.690e-01       0.000e+00    0.000e+00  0.000e+00  7.892e-01 3.507e-06 4.677e-06 1.885e-05 4.378e-06 1.129e-05 1.000e-05  0.000e+00  0.000e+00  7.7053e-02  3.7462e-01
5.78645e+03  8.089e-01       8.089e-01       0.000e+00    0.000e+00  0.000e+00  8.731e-01 3.576e-06 4.768e-06 1.887e-05 4.433e-06 1.146e-05 1.020e-05  0.000e+00  0.000e+00  7.8838e-02  3.7724e-01
5.56410e+03  8.488e-01       8.488e-01       0.000e+00    0.000e+00  0.000e+00  9.614e-01 3.647e-06 4.863e-06 1.888e-05 4.490e-06 1.164e-05 1.040e-05  0.000e+00  0.000e+00  8.0672e-02  3.7984e-01
5.34868e+03  8.887e-01       8.887e-01       0.000e+00    0.000e+00  0.000e+00  1.054e+00 3.719e-06 4.960e-06 1.889e-05 4.549e-06 1.183e-05 1.060e-05  0.000e+00  0.000e+00  8.2550e-02  3.8241e-01
5.14052e+03  9.286e-01       9.286e-01       0.000e+00    0.000e+00  0.000e+00  1.151e+00 3.794e-06 5.059e-06 1.891e-05 4.610e-06 1.202e-05 1.081e-05  0.000e+00  0.000e+00  8.4469e-02  3.8494e-01
4.93984e+03  9.685e-01       9.685e-01       0.000e+00    0.000e+00  0.000e+00  1.251e+00 3.870e-06 5.161e-06 1.892e-05 4.673e-06 1.221e-05 1.103e-05  0.000e+00  0.000e+00  8.6426e-02  3.8743e-01
4.74674e+03  1.008e+00       1.008e+00       0.000e+00    0.000e+00  0.000e+00  1.357e+00 3.948e-06 5.265e-06 1.894e-05 4.738e-06 1.241e-05 1.125e-05  0.000e+00  0.000e+00  8.8418e-02  3.8987e-01
4.56124e+03  1.048e+00       1.048e+00       0.000e+00    0.000e+00  0.000e+00  1.466e+00 4.028e-06 5.371e-06 1.896e-05 4.805e-06 1.262e-05 1.148e-05  0.000e+00  0.000e+00  9.0441e-02  3.9226e-01
4.38330e+03  1.088e+00       1.088e+00       0.000e+00    0.000e+00  0.000e+00  1.580e+00 4.109e-06 5.479e-06 1.897e-05 4.873e-06 1.283e-05 1.171e-05  0.000e+00  0.000e+00  9.2493e-02  3.9459e-01
4.21282e+03  1.128e+00       1.128e+00       0.000e+00    0.000e+00  0.000e+00  1.698e+00 4.191e-06 5.588e-06 1.899e-05 4.942e-06 1.304e-05 1.194e-05  0.000e+00  0.000e+00  9.4571e-02  3.9686e-01
4.04965e+03  1.168e+00       1.168e+00       0.000e+00    0.000e+00  0.000e+00  1.820e+00 4.274e-06 5.700e-06 1.901e-05 5.013e-06 1.326e-05 1.218e-05  0.000e+00  0.000e+00  9.6672e-02  3.9907e-01
3.89360e+03  1.208e+00       1.208e+00       0.000e+00    0.000e+00  0.000e+00  1.946e+00 4.359e-06 5.813e-06 1.903e-05 5.086e-06 1.348e-05 1.242e-05  0.000e+00  0.000e+00  9.8796e-02  4.0122e-01
3.74446e+03  1.248e+00       1.248e+00       0.000e+00    0.000e+00  0.000e+00  2.077e+00 4.445e-06 5.927e-06 1.905e-05 5.160e-06 1.370e-05 1.266e-05  0.000e+00  0.000e+00  1.0094e-01  4.0331e-01
3.60202e+03  1.288e+00       1.288e+00       0.000e+00    0.000e+00  0.000e+00  2.212e+00 4.532e-06 6.044e-06 1.907e-05 5.235e-06 1.393e-05 1.291e-05  0.000e+00  0.000e+00  1.0310e-01  4.0533e-01
3.46601e+03  1.327e+00       1.327e+00       0.000e+00    0.000e+00  0.000e+00  2.351e+00 4.620e-06 6.161e-06 1.909e-05 5.311e-06 1.417e-05 1.316e-05  0.000e+00  0.000e+00  1.0526e-01  4.0723e-01
3.33621e+03  1.367e+00       1.367e+00       0.000e+00    0.000e+00  0.000e+00  2.494e+00 4.709e-06 6.280e-06 1.911e-05 5.389e-06 1.440e-05 1.341e-05  0.000e+00  0.000e+00  1.0745e-01  4.0913e-01
3.21234e+03  1.407e+00       1.407e+00       0.000e+00    0.000e+00  0.000e+00  2.642e+00 4.799e-06 6.400e-06 1.914e-05 5.468e-06 1.464e-05 1.367e-05  0.000e+00  0.000e+00  1.0965e-01  4.1096e-01
3.09415e+03  1.447e+00       1.447e+00       0.000e+00    0.000e+00  0.000e+00  2.794e+00 4.890e-06 6.521e-06 1.916e-05 5.548e-06 1.488e-05 1.393e-05  0.000e+00  0.000e+00  1.1186e-01  4.1274e-01
2.98140e+03  1.487e+00       1.487e+00       0.000e+00    0.000e+00  0.000e+00  2.950e+00 4.982e-06 6.643e-06 1.918e-05 5.629e-06 1.512e-05 1.419e-05  0.000e+00  0.000e+00  1.1408e-01  4.1445e-01
2.87383e+03  1.527e+00       1.527e+00       0.000e+00    0.000e+00  0.000e+00  3.110e+00 5.074e-06 6.766e-06 1.921e-05 5.710e-06 1.537e-05 1.445e-05  0.000e+00  0.000e+00  1.1631e-01  4.1610e-01
2.77119e+03  1.567e+00       1.567e+00       0.000e+00    0.000e+00  0.000e+00  3.275e+00 5.167e-06 6.890e-06 1.923e-05 5.793e-06 1.562e-05 1.471e-05  0.000e+00  0.000e+00  1.1854e-01  4.1770e-01
2.67326e+03  1.607e+00       1.607e+00       0.000e+00    0.000e+00  0.000e+00  3.444e+00 5.261e-06 7.015e-06 1.926e-05 5.877e-06 1.587e-05 1.498e-05  0.000e+00  0.000e+00  1.2078e-01  4.1924e-01
2.57980e+03  1.646e+00       1.646e+00       0.000e+00    0.000e+00  0.000e+00  3.617e+00 5.355e-06 7.141e-06 1.928e-05 5.962e-06 1.612e-05 1.525e-05  0.000e+00  0.000e+00  1.2302e-01  4.2072e-01
2.49059e+03  1.686e+00       1.686e+00       0.000e+00    0.000e+00  0.000e+00  3.794e+00 5.451e-06 7.268e-06 1.931e-05 6.047e-06 1.638e-05 1.552e-05  0.000e+00  0.000e+00  1.2527e-01  4.2216e-01
2.40542e+03  1.726e+00       1.726e+00       0.000e+00    0.000e+00  0.000e+00  3.976e+00 5.546e-06 7.396e-06 1.934e-05 6.134e-06 1.664e-05 1.579e-05  0.000e+00  0.000e+00  1.2751e-01  4.2354e-01
2.32409e+03  1.766e+00       1.766e+00       0.000e+00    0.000e+00  0.000e+00  4.162e+00 5.642e-06 7.524e-06 1.936e-05 6.221e-06 1.689e-05 1.606e-05  0.000e+00  0.000e+00  1.2976e-01  4.2487e-01
2.24640e+03  1.806e+00       1.806e+00       0.000e+00    0.000e+00  0.000e+00  4.352e+00 5.739e-06 7.653e-06 1.939e-05 6.309e-06 1.716e-05 1.634e-05  0.000e+00  0.000e+00  1.3201e-01  4.2616e-01
2.17216e+03  1.846e+00       1.846e+00       0.000e+00    0.000e+00  0.000e+00  4.546e+00 5.836e-06 7.783e-06 1.942e-05 6.397e-06 1.742e-05 1.661e-05  0.000e+00  0.000e+00  1.3426e-01  4.2740e-01
2.10121e+03  1.886e+00       1.886e+00       0.000e+00    0.000e+00  0.000e+00  4.745e+00 5.934e-06 7.913e-06 1.945e-05 6.487e-06 1.768e-05 1.689e-05  0.000e+00  0.000e+00  1.3651e-01  4.2859e-01
2.03337e+03  1.926e+00       1.926e+00       0.000e+00    0.000e+00  0.000e+00  4.948e+00 6.032e-06 8.044e-06 1.948e-05 6.577e-06 1.795e-05 1.717e-05  0.000e+00  0.000e+00  1.3876e-01  4.2974e-01
1.96849e+03  1.965e+00       1.965e+00       0.000e+00    0.000e+00  0.000e+00  5.155e+00 6.131e-06 8.175e-06 1.951e-05 6.667e-06 1.822e-05 1.745e-05  0.000e+00  0.000e+00  1.4098e-01  4.3080e-01
1.90641e+03  2.005e+00       2.005e+00       0.000e+00    0.000e+00  0.000e+00  5.366e+00 6.230e-06 8.307e-06 1.954e-05 6.758e-06 1.849e-05 1.773e-05  0.000e+00  0.000e+00  1.4322e-01  4.3187e-01
1.84699e+03  2.045e+00       2.045e+00       0.000e+00    0.000e+00  0.000e+00  5.581e+00 6.329e-06 8.440e-06 1.958e-05 6.850e-06 1.876e-05 1.801e-05  0.000e+00  0.000e+00  1.4546e-01  4.3290e-01
1.79010e+03  2.085e+00       2.085e+00       0.000e+00    0.000e+00  0.000e+00  5.801e+00 6.429e-06 8.573e-06 1.961e-05 6.942e-06 1.903e-05 1.830e-05  0.000e+00  0.000e+00  1.4769e-01  4.3389e-01
1.73560e+03  2.125e+00       2.125e+00       0.000e+00    0.000e+00  0.000e+00  6.025e+00 6.529e-06 8.706e-06 1.964e-05 7.035e-06 1.931e-05 1.858e-05  0.000e+00  0.000e+00  1.4991e-01  4.3485e-01
1.68339e+03  2.165e+00       2.165e+00       0.000e+00    0.000e+00  0.000e+00  6.254e+00 6.630e-06 8.840e-06 1.967e-05 7.129e-06 1.958e-05 1.887e-05  0.000e+00  0.000e+00  1.5213e-01  4.3577e-01
1.63334e+03  2.205e+00       2.205e+00       0.000e+00    0.000e+00  0.000e+00  6.486e+00 6.731e-06 8.975e-06 1.971e-05 7.222e-06 1.986e-05 1.915e-05  0.000e+00  0.000e+00  1.5435e-01  4.3666e-01
1.58534e+03  2.245e+00       2.245e+00       0.000e+00    0.000e+00  0.000e+00  6.723e+00 6.832e-06 9.110e-06 1.974e-05 7.317e-06 2.013e-05 1.944e-05  0.000e+00  0.000e+00  1.5656e-01  4.3752e-01
1.53929e+03  2.285e+00       2.285e+00       0.000e+00    0.000e+00  0.000e+00  6.964e+00 6.933e-06 9.245e-06 1.978e-05 7.412e-06 2.041e-05 1.973e-05  0.000e+00  0.000e+00  1.5876e-01  4.3835e-01
1.49511e+03  2.324e+00       2.324e+00       0.000e+00    0.000e+00  0.000e+00  7.209e+00 7.035e-06 9.381e-06 1.981e-05 7.507e-06 2.069e-05 2.002e-05  0.000e+00  0.000e+00  1.6095e-01  4.3915e-01
1.45268e+03  2.364e+00       2.364e+00       0.000e+00    0.000e+00  0.000e+00  7.459e+00 7.137e-06 9.517e-06 1.985e-05 7.602e-06 2.097e-05 2.031e-05  0.000e+00  0.000e+00  1.6314e-01  4.3993e-01
1.41194e+03  2.404e+00       2.404e+00       0.000e+00    0.000e+00  0.000e+00  7.712e+00 7.239e-06 9.653e-06 1.989e-05 7.699e-06 2.125e-05 2.060e-05  0.000e+00  0.000e+00  1.6531e-01  4.4067e-01
