     Energy         Kx              Ky       F.Density    GA.Brill.       Flux  Tot.Power  Nat.Size  Nat.Div.    Size.x    Size.y     Div.x     Div.y   Coh.Flux  Coh.Power   CohFrac.x   CohFrac.y
         eV          -               -  ph/s/mr^2/0.1%  F.Dens/mm^2  ph/s/0.1%         kW         m       rad         m         m       rad       rad  ph/s/0.1%          W           -           -
8.92830e+03  3.800e-01       2.327e-17       5.162e+13    1.126e+17  2.599e+10  9.634e-02 2.879e-06 3.839e-06 1.875e-05 3.892e-06 9.748e-06 8.220e-06  5.428e+08  1.078e-07  6.0474e-02  3.4539e-01
8.74062e+03  4.364e-01       2.672e-17       1.783e+14    3.865e+17  9.140e+10  1.271e-01 2.910e-06 3.880e-06 1.875e-05 3.915e-06 9.821e-06 8.307e-06  1.944e+09  3.862e-07  6.1295e-02  3.4708e-01
8.53638e+03  4.928e-01       3.018e-17       5.116e+14    1.102e+18  2.676e+11  1.620e-01 2.944e-06 3.926e-06 1.876e-05 3.941e-06 9.904e-06 8.405e-06  5.810e+09  1.154e-06  6.2218e-02  3.4895e-01
8.31842e+03  5.492e-01       3.363e-17       1.266e+15    2.706e+18  6.772e+11  2.012e-01 2.982e-06 3.977e-06 1.876e-05 3.970e-06 9.996e-06 8.513e-06  1.503e+10  2.986e-06  6.3239e-02  3.5097e-01
8.08950e+03  6.056e-01       3.708e-17       2.778e+15    5.888e+18  1.522e+12  2.447e-01 3.024e-06 4.033e-06 1.877e-05 4.001e-06 1.010e-05 8.632e-06  3.458e+10  6.869e-06  6.4354e-02  3.5314e-01
7.85231e+03  6.620e-01       4.054e-17       5.511e+15    1.158e+19  3.098e+12  2.924e-01 3.070e-06 4.093e-06 1.878e-05 4.036e-06 1.021e-05 8.762e-06  7.215e+10  1.433e-05  6.5549e-02  3.5535e-01
7.60934e+03  7.184e-01       4.399e-17       1.004e+16    2.089e+19  5.798e+12  3.443e-01 3.118e-06 4.158e-06 1.878e-05 4.073e-06 1.033e-05 8.900e-06  1.386e+11  2.754e-05  6.6837e-02  3.5773e-01
7.36290e+03  7.748e-01       4.744e-17       1.700e+16    3.501e+19  1.010e+13  4.005e-01 3.170e-06 4.227e-06 1.879e-05 4.112e-06 1.045e-05 9.046e-06  2.482e+11  4.930e-05  6.8206e-02  3.6020e-01
7.11505e+03  8.312e-01       5.090e-17       2.704e+16    5.508e+19  1.655e+13  4.609e-01 3.225e-06 4.300e-06 1.880e-05 4.155e-06 1.059e-05 9.201e-06  4.181e+11  8.306e-05  6.9651e-02  3.6273e-01
6.86764e+03  8.876e-01       5.435e-17       4.070e+16    8.198e+19  2.569e+13  5.256e-01 3.282e-06 4.377e-06 1.881e-05 4.200e-06 1.073e-05 9.364e-06  6.680e+11  1.327e-04  7.1167e-02  3.6531e-01
6.62226e+03  9.440e-01       5.780e-17       5.839e+16    1.162e+20  3.806e+13  5.945e-01 3.343e-06 4.457e-06 1.882e-05 4.247e-06 1.088e-05 9.535e-06  1.019e+12  2.024e-04  7.2750e-02  3.6791e-01
6.38025e+03  1.000e+00       6.126e-17       8.032e+16    1.580e+20  5.410e+13  6.677e-01 3.405e-06 4.541e-06 1.883e-05 4.296e-06 1.104e-05 9.713e-06  1.491e+12  2.962e-04  7.4395e-02  3.7055e-01
6.14274e+03  1.057e+00       6.471e-17       1.064e+17    2.067e+20  7.414e+13  7.451e-01 3.471e-06 4.628e-06 1.885e-05 4.348e-06 1.120e-05 9.898e-06  2.105e+12  4.182e-04  7.6099e-02  3.7318e-01
5.91065e+03  1.113e+00       6.816e-17       1.365e+17    2.617e+20  9.839e+13  8.268e-01 3.538e-06 4.718e-06 1.886e-05 4.402e-06 1.137e-05 1.009e-05  2.879e+12  5.719e-04  7.7857e-02  3.7581e-01
5.68469e+03  1.170e+00       7.162e-17       1.701e+17    3.217e+20  1.269e+14  9.127e-01 3.608e-06 4.811e-06 1.887e-05 4.459e-06 1.154e-05 1.029e-05  3.825e+12  7.599e-04  7.9665e-02  3.7842e-01
5.46544e+03  1.226e+00       7.507e-17       2.064e+17    3.851e+20  1.595e+14  1.003e+00 3.679e-06 4.906e-06 1.889e-05 4.517e-06 1.173e-05 1.049e-05  4.955e+12  9.843e-04  8.1519e-02  3.8101e-01
5.25328e+03  1.282e+00       7.852e-17       2.449e+17    4.505e+20  1.961e+14  1.097e+00 3.753e-06 5.004e-06 1.890e-05 4.577e-06 1.191e-05 1.070e-05  6.274e+12  1.246e-03  8.3416e-02  3.8356e-01
5.04850e+03  1.339e+00       8.198e-17       2.846e+17    5.162e+20  2.362e+14  1.196e+00 3.828e-06 5.105e-06 1.892e-05 4.639e-06 1.210e-05 1.091e-05  7.784e+12  1.546e-03  8.5353e-02  3.8608e-01
4.85125e+03  1.395e+00       8.543e-17       3.248e+17    5.807e+20  2.795e+14  1.299e+00 3.905e-06 5.208e-06 1.893e-05 4.703e-06 1.230e-05 1.113e-05  9.482e+12  1.884e-03  8.7326e-02  3.8854e-01
4.66160e+03  1.452e+00       8.888e-17       3.647e+17    6.425e+20  3.254e+14  1.406e+00 3.984e-06 5.312e-06 1.895e-05 4.768e-06 1.250e-05 1.135e-05  1.136e+13  2.257e-03  8.9332e-02  3.9096e-01
4.47954e+03  1.508e+00       9.234e-17       4.036e+17    7.006e+20  3.733e+14  1.517e+00 4.064e-06 5.419e-06 1.896e-05 4.835e-06 1.271e-05 1.158e-05  1.342e+13  2.665e-03  9.1369e-02  3.9332e-01
4.30500e+03  1.564e+00       9.579e-17       4.410e+17    7.539e+20  4.229e+14  1.633e+00 4.146e-06 5.528e-06 1.898e-05 4.904e-06 1.292e-05 1.181e-05  1.563e+13  3.105e-03  9.3433e-02  3.9563e-01
4.13786e+03  1.621e+00       9.925e-17       4.762e+17    8.019e+20  4.736e+14  1.753e+00 4.229e-06 5.639e-06 1.900e-05 4.974e-06 1.314e-05 1.205e-05  1.800e+13  3.575e-03  9.5522e-02  3.9787e-01
3.97794e+03  1.677e+00       1.027e-16       5.089e+17    8.440e+20  5.248e+14  1.877e+00 4.313e-06 5.751e-06 1.902e-05 5.046e-06 1.336e-05 1.229e-05  2.050e+13  4.072e-03  9.7634e-02  4.0006e-01
3.82506e+03  1.734e+00       1.062e-16       5.389e+17    8.800e+20  5.761e+14  2.005e+00 4.398e-06 5.865e-06 1.904e-05 5.119e-06 1.358e-05 1.253e-05  2.311e+13  4.592e-03  9.9766e-02  4.0218e-01
3.67899e+03  1.790e+00       1.096e-16       5.660e+17    9.100e+20  6.271e+14  2.138e+00 4.485e-06 5.980e-06 1.906e-05 5.194e-06 1.381e-05 1.277e-05  2.584e+13  5.132e-03  1.0192e-01  4.0424e-01
3.53950e+03  1.846e+00       1.131e-16       5.900e+17    9.340e+20  6.778e+14  2.274e+00 4.572e-06 6.097e-06 1.908e-05 5.269e-06 1.404e-05 1.302e-05  2.865e+13  5.691e-03  1.0407e-01  4.0617e-01
3.40634e+03  1.903e+00       1.165e-16       6.110e+17    9.522e+20  7.273e+14  2.416e+00 4.661e-06 6.215e-06 1.910e-05 5.346e-06 1.427e-05 1.327e-05  3.154e+13  6.264e-03  1.0625e-01  4.0810e-01
3.27926e+03  1.959e+00       1.200e-16       6.289e+17    9.649e+20  7.756e+14  2.561e+00 4.750e-06 6.334e-06 1.912e-05 5.425e-06 1.451e-05 1.353e-05  3.448e+13  6.850e-03  1.0845e-01  4.0997e-01
3.15800e+03  2.016e+00       1.234e-16       6.440e+17    9.726e+20  8.226e+14  2.710e+00 4.840e-06 6.454e-06 1.915e-05 5.504e-06 1.475e-05 1.379e-05  3.748e+13  7.445e-03  1.1065e-01  4.1178e-01
3.04231e+03  2.072e+00       1.269e-16       6.563e+17    9.757e+20  8.680e+14  2.864e+00 4.932e-06 6.576e-06 1.917e-05 5.584e-06 1.499e-05 1.404e-05  4.051e+13  8.048e-03  1.1287e-01  4.1352e-01
2.93194e+03  2.128e+00       1.303e-16       6.659e+17    9.746e+20  9.118e+14  3.022e+00 5.024e-06 6.699e-06 1.919e-05 5.666e-06 1.523e-05 1.431e-05  4.357e+13  8.655e-03  1.1509e-01  4.1521e-01
2.82664e+03  2.185e+00       1.338e-16       6.731e+17    9.698e+20  9.539e+14  3.185e+00 5.116e-06 6.822e-06 1.922e-05 5.748e-06 1.548e-05 1.457e-05  4.665e+13  9.266e-03  1.1732e-01  4.1683e-01
2.72617e+03  2.241e+00       1.372e-16       6.781e+17    9.618e+20  9.942e+14  3.351e+00 5.210e-06 6.947e-06 1.924e-05 5.831e-06 1.573e-05 1.483e-05  4.973e+13  9.879e-03  1.1955e-01  4.1840e-01
2.63030e+03  2.298e+00       1.407e-16       6.809e+17    9.508e+20  1.033e+15  3.522e+00 5.304e-06 7.072e-06 1.927e-05 5.916e-06 1.598e-05 1.510e-05  5.282e+13  1.049e-02  1.2180e-01  4.1992e-01
2.53879e+03  2.354e+00       1.441e-16       6.819e+17    9.374e+20  1.069e+15  3.697e+00 5.399e-06 7.199e-06 1.929e-05 6.001e-06 1.624e-05 1.537e-05  5.589e+13  1.110e-02  1.2404e-01  4.2138e-01
2.45144e+03  2.410e+00       1.476e-16       6.813e+17    9.220e+20  1.104e+15  3.876e+00 5.494e-06 7.326e-06 1.932e-05 6.087e-06 1.649e-05 1.564e-05  5.896e+13  1.171e-02  1.2629e-01  4.2279e-01
2.36804e+03  2.467e+00       1.510e-16       6.791e+17    9.048e+20  1.137e+15  4.060e+00 5.590e-06 7.454e-06 1.935e-05 6.173e-06 1.675e-05 1.591e-05  6.201e+13  1.232e-02  1.2854e-01  4.2415e-01
2.28838e+03  2.523e+00       1.545e-16       6.755e+17    8.862e+20  1.169e+15  4.248e+00 5.686e-06 7.582e-06 1.938e-05 6.261e-06 1.701e-05 1.619e-05  6.504e+13  1.292e-02  1.3078e-01  4.2546e-01
2.21228e+03  2.580e+00       1.580e-16       6.708e+17    8.665e+20  1.199e+15  4.440e+00 5.783e-06 7.712e-06 1.941e-05 6.349e-06 1.728e-05 1.646e-05  6.804e+13  1.352e-02  1.3303e-01  4.2672e-01
2.13956e+03  2.636e+00       1.614e-16       6.651e+17    8.460e+20  1.227e+15  4.636e+00 5.881e-06 7.842e-06 1.944e-05 6.438e-06 1.754e-05 1.674e-05  7.102e+13  1.411e-02  1.3528e-01  4.2794e-01
2.07004e+03  2.692e+00       1.649e-16       6.584e+17    8.248e+20  1.253e+15  4.836e+00 5.979e-06 7.972e-06 1.946e-05 6.527e-06 1.780e-05 1.702e-05  7.397e+13  1.469e-02  1.3753e-01  4.2912e-01
2.00356e+03  2.749e+00       1.683e-16       6.510e+17    8.031e+20  1.279e+15  5.041e+00 6.077e-06 8.103e-06 1.950e-05 6.618e-06 1.807e-05 1.730e-05  7.688e+13  1.527e-02  1.3976e-01  4.3020e-01
1.93997e+03  2.805e+00       1.718e-16       6.429e+17    7.812e+20  1.303e+15  5.250e+00 6.176e-06 8.235e-06 1.953e-05 6.708e-06 1.834e-05 1.758e-05  7.977e+13  1.585e-02  1.4200e-01  4.3129e-01
1.87912e+03  2.862e+00       1.752e-16       6.343e+17    7.591e+20  1.325e+15  5.463e+00 6.275e-06 8.367e-06 1.956e-05 6.800e-06 1.861e-05 1.786e-05  8.262e+13  1.641e-02  1.4424e-01  4.3234e-01
1.82086e+03  2.918e+00       1.787e-16       6.253e+17    7.371e+20  1.346e+15  5.681e+00 6.375e-06 8.500e-06 1.959e-05 6.892e-06 1.888e-05 1.814e-05  8.543e+13  1.697e-02  1.4647e-01  4.3335e-01
1.76507e+03  2.974e+00       1.821e-16       6.158e+17    7.151e+20  1.366e+15  5.902e+00 6.475e-06 8.633e-06 1.962e-05 6.984e-06 1.916e-05 1.843e-05  8.821e+13  1.752e-02  1.4870e-01  4.3433e-01
1.71163e+03  3.031e+00       1.856e-16       6.061e+17    6.934e+20  1.385e+15  6.128e+00 6.575e-06 8.767e-06 1.966e-05 7.078e-06 1.943e-05 1.871e-05  9.096e+13  1.807e-02  1.5092e-01  4.3527e-01
1.66041e+03  3.087e+00       1.890e-16       5.962e+17    6.720e+20  1.402e+15  6.359e+00 6.675e-06 8.901e-06 1.969e-05 7.171e-06 1.971e-05 1.900e-05  9.367e+13  1.861e-02  1.5314e-01  4.3618e-01
1.61130e+03  3.144e+00       1.925e-16       5.860e+17    6.509e+20  1.419e+15  6.593e+00 6.776e-06 9.036e-06 1.972e-05 7.265e-06 1.998e-05 1.928e-05  9.634e+13  1.914e-02  1.5535e-01  4.3706e-01
1.56420e+03  3.200e+00       1.959e-16       5.758e+17    6.302e+20  1.435e+15  6.832e+00 6.878e-06 9.171e-06 1.976e-05 7.360e-06 2.026e-05 1.957e-05  9.898e+13  1.966e-02  1.5756e-01  4.3790e-01
