     Energy         Kx              Ky       F.Density    GA.Brill.       Flux  Tot.Power  Nat.Size  Nat.Div.    Size.x    Size.y     Div.x     Div.y   Coh.Flux  Coh.Power   CohFrac.x   CohFrac.y
         eV          -               -  ph/s/mr^2/0.1%  F.Dens/mm^2  ph/s/0.1%         kW         m       rad         m         m       rad       rad  ph/s/0.1%          W           -           -
1.47503e+04  4.101e-01       4.101e-01       0.000e+00    0.000e+00  0.000e+00  2.244e-01 2.240e-06 2.987e-06 1.866e-05 3.447e-06 9.923e-06 8.427e-06  0.000e+00  0.000e+00  3.6126e-02  2.3029e-01
1.43295e+04  4.500e-01       4.500e-01       0.000e+00    0.000e+00  0.000e+00  2.702e-01 2.272e-06 3.030e-06 1.866e-05 3.468e-06 1.003e-05 8.549e-06  0.000e+00  0.000e+00  3.6795e-02  2.3224e-01
1.38963e+04  4.899e-01       4.899e-01       0.000e+00    0.000e+00  0.000e+00  3.202e-01 2.307e-06 3.077e-06 1.867e-05 3.491e-06 1.014e-05 8.680e-06  0.000e+00  0.000e+00  3.7514e-02  2.3430e-01
1.34551e+04  5.298e-01       5.298e-01       0.000e+00    0.000e+00  0.000e+00  3.745e-01 2.345e-06 3.127e-06 1.867e-05 3.516e-06 1.026e-05 8.820e-06  0.000e+00  0.000e+00  3.8280e-02  2.3645e-01
1.30097e+04  5.696e-01       5.696e-01       0.000e+00    0.000e+00  0.000e+00  4.330e-01 2.385e-06 3.180e-06 1.868e-05 3.543e-06 1.039e-05 8.969e-06  0.000e+00  0.000e+00  3.9092e-02  2.3869e-01
1.25636e+04  6.095e-01       6.095e-01       0.000e+00    0.000e+00  0.000e+00  4.957e-01 2.427e-06 3.236e-06 1.868e-05 3.571e-06 1.052e-05 9.126e-06  0.000e+00  0.000e+00  3.9947e-02  2.4099e-01
1.21199e+04  6.494e-01       6.494e-01       0.000e+00    0.000e+00  0.000e+00  5.627e-01 2.471e-06 3.295e-06 1.869e-05 3.601e-06 1.067e-05 9.290e-06  0.000e+00  0.000e+00  4.0842e-02  2.4334e-01
1.16813e+04  6.893e-01       6.893e-01       0.000e+00    0.000e+00  0.000e+00  6.340e-01 2.517e-06 3.356e-06 1.869e-05 3.633e-06 1.082e-05 9.462e-06  0.000e+00  0.000e+00  4.1775e-02  2.4574e-01
1.12499e+04  7.292e-01       7.292e-01       0.000e+00    0.000e+00  0.000e+00  7.094e-01 2.565e-06 3.420e-06 1.870e-05 3.666e-06 1.097e-05 9.640e-06  0.000e+00  0.000e+00  4.2744e-02  2.4816e-01
1.08275e+04  7.690e-01       7.690e-01       0.000e+00    0.000e+00  0.000e+00  7.892e-01 2.614e-06 3.486e-06 1.871e-05 3.701e-06 1.113e-05 9.825e-06  0.000e+00  0.000e+00  4.3745e-02  2.5061e-01
1.04156e+04  8.089e-01       8.089e-01       0.000e+00    0.000e+00  0.000e+00  8.731e-01 2.665e-06 3.554e-06 1.871e-05 3.737e-06 1.131e-05 1.002e-05  0.000e+00  0.000e+00  4.4773e-02  2.5302e-01
1.00154e+04  8.488e-01       8.488e-01       0.000e+00    0.000e+00  0.000e+00  9.614e-01 2.718e-06 3.624e-06 1.872e-05 3.775e-06 1.148e-05 1.021e-05  0.000e+00  0.000e+00  4.5834e-02  2.5547e-01
9.62762e+03  8.887e-01       8.887e-01       0.000e+00    0.000e+00  0.000e+00  1.054e+00 2.772e-06 3.697e-06 1.873e-05 3.814e-06 1.166e-05 1.042e-05  0.000e+00  0.000e+00  4.6921e-02  2.5792e-01
9.25294e+03  9.286e-01       9.286e-01       0.000e+00    0.000e+00  0.000e+00  1.151e+00 2.828e-06 3.771e-06 1.874e-05 3.855e-06 1.185e-05 1.062e-05  0.000e+00  0.000e+00  4.8034e-02  2.6035e-01
8.89171e+03  9.685e-01       9.685e-01       0.000e+00    0.000e+00  0.000e+00  1.251e+00 2.885e-06 3.847e-06 1.875e-05 3.897e-06 1.204e-05 1.084e-05  0.000e+00  0.000e+00  4.9169e-02  2.6275e-01
8.54413e+03  1.008e+00       1.008e+00       0.000e+00    0.000e+00  0.000e+00  1.357e+00 2.943e-06 3.924e-06 1.876e-05 3.940e-06 1.223e-05 1.105e-05  0.000e+00  0.000e+00  5.0326e-02  2.6513e-01
8.21023e+03  1.048e+00       1.048e+00       0.000e+00    0.000e+00  0.000e+00  1.466e+00 3.002e-06 4.003e-06 1.877e-05 3.984e-06 1.243e-05 1.128e-05  0.000e+00  0.000e+00  5.1503e-02  2.6748e-01
7.88994e+03  1.088e+00       1.088e+00       0.000e+00    0.000e+00  0.000e+00  1.580e+00 3.062e-06 4.083e-06 1.878e-05 4.030e-06 1.264e-05 1.150e-05  0.000e+00  0.000e+00  5.2697e-02  2.6979e-01
7.58308e+03  1.128e+00       1.128e+00       0.000e+00    0.000e+00  0.000e+00  1.698e+00 3.124e-06 4.165e-06 1.879e-05 4.077e-06 1.285e-05 1.173e-05  0.000e+00  0.000e+00  5.3908e-02  2.7205e-01
7.28936e+03  1.168e+00       1.168e+00       0.000e+00    0.000e+00  0.000e+00  1.820e+00 3.186e-06 4.248e-06 1.880e-05 4.125e-06 1.306e-05 1.196e-05  0.000e+00  0.000e+00  5.5135e-02  2.7428e-01
7.00848e+03  1.208e+00       1.208e+00       0.000e+00    0.000e+00  0.000e+00  1.946e+00 3.249e-06 4.333e-06 1.881e-05 4.174e-06 1.328e-05 1.220e-05  0.000e+00  0.000e+00  5.6375e-02  2.7646e-01
6.74004e+03  1.248e+00       1.248e+00       0.000e+00    0.000e+00  0.000e+00  2.077e+00 3.313e-06 4.418e-06 1.882e-05 4.224e-06 1.350e-05 1.244e-05  0.000e+00  0.000e+00  5.7629e-02  2.7859e-01
6.48363e+03  1.288e+00       1.288e+00       0.000e+00    0.000e+00  0.000e+00  2.212e+00 3.378e-06 4.505e-06 1.883e-05 4.275e-06 1.372e-05 1.268e-05  0.000e+00  0.000e+00  5.8894e-02  2.8067e-01
6.23883e+03  1.327e+00       1.327e+00       0.000e+00    0.000e+00  0.000e+00  2.351e+00 3.444e-06 4.592e-06 1.884e-05 4.327e-06 1.395e-05 1.293e-05  0.000e+00  0.000e+00  6.0170e-02  2.8270e-01
6.00517e+03  1.367e+00       1.367e+00       0.000e+00    0.000e+00  0.000e+00  2.494e+00 3.510e-06 4.681e-06 1.885e-05 4.380e-06 1.418e-05 1.318e-05  0.000e+00  0.000e+00  6.1456e-02  2.8469e-01
5.78221e+03  1.407e+00       1.407e+00       0.000e+00    0.000e+00  0.000e+00  2.642e+00 3.577e-06 4.770e-06 1.887e-05 4.434e-06 1.441e-05 1.343e-05  0.000e+00  0.000e+00  6.2751e-02  2.8661e-01
5.56947e+03  1.447e+00       1.447e+00       0.000e+00    0.000e+00  0.000e+00  2.794e+00 3.645e-06 4.860e-06 1.888e-05 4.489e-06 1.465e-05 1.368e-05  0.000e+00  0.000e+00  6.4054e-02  2.8849e-01
5.36652e+03  1.487e+00       1.487e+00       0.000e+00    0.000e+00  0.000e+00  2.950e+00 3.713e-06 4.951e-06 1.889e-05 4.544e-06 1.489e-05 1.394e-05  0.000e+00  0.000e+00  6.5364e-02  2.9032e-01
5.17289e+03  1.527e+00       1.527e+00       0.000e+00    0.000e+00  0.000e+00  3.110e+00 3.782e-06 5.043e-06 1.891e-05 4.601e-06 1.513e-05 1.419e-05  0.000e+00  0.000e+00  6.6681e-02  2.9209e-01
4.98815e+03  1.567e+00       1.567e+00       0.000e+00    0.000e+00  0.000e+00  3.275e+00 3.851e-06 5.136e-06 1.892e-05 4.658e-06 1.537e-05 1.445e-05  0.000e+00  0.000e+00  6.8003e-02  2.9382e-01
4.81187e+03  1.607e+00       1.607e+00       0.000e+00    0.000e+00  0.000e+00  3.444e+00 3.921e-06 5.229e-06 1.893e-05 4.716e-06 1.562e-05 1.471e-05  0.000e+00  0.000e+00  6.9331e-02  2.9549e-01
4.64364e+03  1.646e+00       1.646e+00       0.000e+00    0.000e+00  0.000e+00  3.617e+00 3.992e-06 5.323e-06 1.895e-05 4.775e-06 1.587e-05 1.498e-05  0.000e+00  0.000e+00  7.0656e-02  2.9708e-01
4.48306e+03  1.686e+00       1.686e+00       0.000e+00    0.000e+00  0.000e+00  3.794e+00 4.063e-06 5.417e-06 1.896e-05 4.834e-06 1.612e-05 1.524e-05  0.000e+00  0.000e+00  7.1992e-02  2.9865e-01
4.32976e+03  1.726e+00       1.726e+00       0.000e+00    0.000e+00  0.000e+00  3.976e+00 4.134e-06 5.512e-06 1.898e-05 4.894e-06 1.637e-05 1.551e-05  0.000e+00  0.000e+00  7.3332e-02  3.0017e-01
4.18336e+03  1.766e+00       1.766e+00       0.000e+00    0.000e+00  0.000e+00  4.162e+00 4.206e-06 5.608e-06 1.900e-05 4.955e-06 1.663e-05 1.578e-05  0.000e+00  0.000e+00  7.4675e-02  3.0165e-01
4.04351e+03  1.806e+00       1.806e+00       0.000e+00    0.000e+00  0.000e+00  4.352e+00 4.278e-06 5.704e-06 1.901e-05 5.016e-06 1.688e-05 1.605e-05  0.000e+00  0.000e+00  7.6020e-02  3.0308e-01
3.90989e+03  1.846e+00       1.846e+00       0.000e+00    0.000e+00  0.000e+00  4.546e+00 4.350e-06 5.801e-06 1.903e-05 5.078e-06 1.714e-05 1.632e-05  0.000e+00  0.000e+00  7.7368e-02  3.0447e-01
3.78218e+03  1.886e+00       1.886e+00       0.000e+00    0.000e+00  0.000e+00  4.745e+00 4.423e-06 5.898e-06 1.904e-05 5.141e-06 1.740e-05 1.659e-05  0.000e+00  0.000e+00  7.8717e-02  3.0582e-01
3.66007e+03  1.926e+00       1.926e+00       0.000e+00    0.000e+00  0.000e+00  4.948e+00 4.496e-06 5.995e-06 1.906e-05 5.204e-06 1.766e-05 1.687e-05  0.000e+00  0.000e+00  8.0067e-02  3.0712e-01
3.54328e+03  1.965e+00       1.965e+00       0.000e+00    0.000e+00  0.000e+00  5.155e+00 4.570e-06 6.093e-06 1.908e-05 5.267e-06 1.793e-05 1.714e-05  0.000e+00  0.000e+00  8.1419e-02  3.0838e-01
3.43153e+03  2.005e+00       2.005e+00       0.000e+00    0.000e+00  0.000e+00  5.366e+00 4.644e-06 6.192e-06 1.910e-05 5.332e-06 1.819e-05 1.742e-05  0.000e+00  0.000e+00  8.2771e-02  3.0960e-01
3.32458e+03  2.045e+00       2.045e+00       0.000e+00    0.000e+00  0.000e+00  5.581e+00 4.718e-06 6.291e-06 1.912e-05 5.396e-06 1.846e-05 1.770e-05  0.000e+00  0.000e+00  8.4123e-02  3.1078e-01
3.22218e+03  2.085e+00       2.085e+00       0.000e+00    0.000e+00  0.000e+00  5.801e+00 4.792e-06 6.390e-06 1.913e-05 5.461e-06 1.872e-05 1.797e-05  0.000e+00  0.000e+00  8.5476e-02  3.1193e-01
3.12409e+03  2.125e+00       2.125e+00       0.000e+00    0.000e+00  0.000e+00  6.025e+00 4.867e-06 6.489e-06 1.915e-05 5.527e-06 1.899e-05 1.825e-05  0.000e+00  0.000e+00  8.6828e-02  3.1304e-01
3.03010e+03  2.165e+00       2.165e+00       0.000e+00    0.000e+00  0.000e+00  6.254e+00 4.942e-06 6.589e-06 1.917e-05 5.593e-06 1.926e-05 1.853e-05  0.000e+00  0.000e+00  8.8180e-02  3.1411e-01
2.94001e+03  2.205e+00       2.205e+00       0.000e+00    0.000e+00  0.000e+00  6.486e+00 5.017e-06 6.689e-06 1.919e-05 5.659e-06 1.953e-05 1.882e-05  0.000e+00  0.000e+00  8.9531e-02  3.1515e-01
2.85361e+03  2.245e+00       2.245e+00       0.000e+00    0.000e+00  0.000e+00  6.723e+00 5.092e-06 6.790e-06 1.921e-05 5.726e-06 1.980e-05 1.910e-05  0.000e+00  0.000e+00  9.0881e-02  3.1616e-01
2.77073e+03  2.285e+00       2.285e+00       0.000e+00    0.000e+00  0.000e+00  6.964e+00 5.168e-06 6.891e-06 1.923e-05 5.794e-06 2.008e-05 1.938e-05  0.000e+00  0.000e+00  9.2230e-02  3.1713e-01
2.69119e+03  2.324e+00       2.324e+00       0.000e+00    0.000e+00  0.000e+00  7.209e+00 5.243e-06 6.992e-06 1.925e-05 5.861e-06 2.035e-05 1.966e-05  0.000e+00  0.000e+00  9.3577e-02  3.1807e-01
2.61483e+03  2.364e+00       2.364e+00       0.000e+00    0.000e+00  0.000e+00  7.459e+00 5.319e-06 7.093e-06 1.927e-05 5.930e-06 2.063e-05 1.995e-05  0.000e+00  0.000e+00  9.4915e-02  3.1896e-01
2.54148e+03  2.404e+00       2.404e+00       0.000e+00    0.000e+00  0.000e+00  7.712e+00 5.396e-06 7.195e-06 1.929e-05 5.998e-06 2.090e-05 2.024e-05  0.000e+00  0.000e+00  9.6258e-02  3.1984e-01
