     Energy         Kx              Ky       F.Density    GA.Brill.       Flux  Tot.Power  Nat.Size  Nat.Div.    Size.x    Size.y     Div.x     Div.y   Coh.Flux  Coh.Power   CohFrac.x   CohFrac.y
         eV          -               -  ph/s/mr^2/0.1%  F.Dens/mm^2  ph/s/0.1%         kW         m       rad         m         m       rad       rad  ph/s/0.1%          W           -           -
1.78566e+03  3.800e-01       2.327e-17       6.031e+17    7.042e+20  4.251e+14  9.634e-02 6.437e-06 8.584e-06 1.961e-05 6.950e-06 1.126e-05 9.964e-06  8.488e+13  1.686e-02  2.5027e-01  7.9788e-01
1.74812e+03  4.364e-01       2.672e-17       7.562e+17    8.740e+20  5.431e+14  1.271e-01 6.506e-06 8.675e-06 1.963e-05 7.013e-06 1.135e-05 1.007e-05  1.099e+14  2.183e-02  2.5324e-01  7.9912e-01
1.70728e+03  4.928e-01       3.018e-17       9.116e+17    1.042e+21  6.687e+14  1.620e-01 6.583e-06 8.778e-06 1.966e-05 7.085e-06 1.146e-05 1.019e-05  1.373e+14  2.728e-02  2.5657e-01  8.0049e-01
1.66368e+03  5.492e-01       3.363e-17       1.065e+18    1.201e+21  7.993e+14  2.012e-01 6.669e-06 8.893e-06 1.969e-05 7.165e-06 1.157e-05 1.032e-05  1.668e+14  3.314e-02  2.6024e-01  8.0195e-01
1.61790e+03  6.056e-01       3.708e-17       1.212e+18    1.349e+21  9.326e+14  2.447e-01 6.763e-06 9.018e-06 1.972e-05 7.252e-06 1.170e-05 1.047e-05  1.980e+14  3.933e-02  2.6423e-01  8.0350e-01
1.57046e+03  6.620e-01       4.054e-17       1.350e+18    1.480e+21  1.067e+15  2.924e-01 6.864e-06 9.153e-06 1.975e-05 7.347e-06 1.184e-05 1.062e-05  2.306e+14  4.581e-02  2.6853e-01  8.0511e-01
1.52187e+03  7.184e-01       4.399e-17       1.476e+18    1.593e+21  1.200e+15  3.443e-01 6.973e-06 9.298e-06 1.979e-05 7.449e-06 1.199e-05 1.079e-05  2.643e+14  5.251e-02  2.7311e-01  8.0677e-01
1.47258e+03  7.748e-01       4.744e-17       1.588e+18    1.686e+21  1.330e+15  4.005e-01 7.088e-06 9.452e-06 1.983e-05 7.557e-06 1.215e-05 1.097e-05  2.989e+14  5.937e-02  2.7795e-01  8.0847e-01
1.42301e+03  8.312e-01       5.090e-17       1.686e+18    1.760e+21  1.456e+15  4.609e-01 7.211e-06 9.615e-06 1.988e-05 7.672e-06 1.232e-05 1.115e-05  3.340e+14  6.634e-02  2.8303e-01  8.1018e-01
1.37353e+03  8.876e-01       5.435e-17       1.769e+18    1.813e+21  1.578e+15  5.256e-01 7.340e-06 9.787e-06 1.993e-05 7.793e-06 1.250e-05 1.135e-05  3.694e+14  7.338e-02  2.8833e-01  8.1191e-01
1.32445e+03  9.440e-01       5.780e-17       1.838e+18    1.849e+21  1.694e+15  5.945e-01 7.474e-06 9.967e-06 1.998e-05 7.920e-06 1.269e-05 1.156e-05  4.050e+14  8.045e-02  2.9384e-01  8.1363e-01
1.27605e+03  1.000e+00       6.126e-17       1.892e+18    1.867e+21  1.804e+15  6.677e-01 7.615e-06 1.015e-05 2.003e-05 8.053e-06 1.289e-05 1.178e-05  4.405e+14  8.751e-02  2.9952e-01  8.1534e-01
1.22855e+03  1.057e+00       6.471e-17       1.932e+18    1.869e+21  1.907e+15  7.451e-01 7.761e-06 1.035e-05 2.008e-05 8.191e-06 1.309e-05 1.200e-05  4.759e+14  9.454e-02  3.0537e-01  8.1703e-01
1.18213e+03  1.113e+00       6.816e-17       1.960e+18    1.858e+21  2.005e+15  8.268e-01 7.911e-06 1.055e-05 2.014e-05 8.334e-06 1.331e-05 1.223e-05  5.110e+14  1.015e-01  3.1137e-01  8.1869e-01
1.13694e+03  1.170e+00       7.162e-17       1.976e+18    1.835e+21  2.095e+15  9.127e-01 8.067e-06 1.076e-05 2.020e-05 8.482e-06 1.353e-05 1.247e-05  5.457e+14  1.084e-01  3.1750e-01  8.2032e-01
1.09309e+03  1.226e+00       7.507e-17       1.983e+18    1.803e+21  2.180e+15  1.003e+00 8.227e-06 1.097e-05 2.027e-05 8.634e-06 1.376e-05 1.272e-05  5.799e+14  1.152e-01  3.2367e-01  8.2173e-01
1.05066e+03  1.282e+00       7.852e-17       1.980e+18    1.762e+21  2.258e+15  1.097e+00 8.392e-06 1.119e-05 2.034e-05 8.791e-06 1.399e-05 1.297e-05  6.136e+14  1.219e-01  3.3001e-01  8.2327e-01
1.00970e+03  1.339e+00       8.198e-17       1.969e+18    1.715e+21  2.330e+15  1.196e+00 8.560e-06 1.141e-05 2.041e-05 8.952e-06 1.423e-05 1.323e-05  6.466e+14  1.285e-01  3.3642e-01  8.2476e-01
9.70249e+02  1.395e+00       8.543e-17       1.952e+18    1.664e+21  2.397e+15  1.299e+00 8.733e-06 1.164e-05 2.048e-05 9.117e-06 1.448e-05 1.350e-05  6.791e+14  1.349e-01  3.4290e-01  8.2621e-01
9.32320e+02  1.452e+00       8.888e-17       1.928e+18    1.608e+21  2.458e+15  1.406e+00 8.909e-06 1.188e-05 2.055e-05 9.286e-06 1.473e-05 1.377e-05  7.109e+14  1.412e-01  3.4944e-01  8.2761e-01
8.95908e+02  1.508e+00       9.234e-17       1.900e+18    1.550e+21  2.514e+15  1.517e+00 9.088e-06 1.212e-05 2.063e-05 9.458e-06 1.499e-05 1.405e-05  7.421e+14  1.474e-01  3.5602e-01  8.2897e-01
8.61001e+02  1.564e+00       9.579e-17       1.869e+18    1.490e+21  2.566e+15  1.633e+00 9.270e-06 1.236e-05 2.071e-05 9.633e-06 1.526e-05 1.433e-05  7.726e+14  1.535e-01  3.6264e-01  8.3027e-01
8.27572e+02  1.621e+00       9.925e-17       1.834e+18    1.430e+21  2.613e+15  1.753e+00 9.456e-06 1.261e-05 2.080e-05 9.812e-06 1.552e-05 1.461e-05  8.024e+14  1.594e-01  3.6927e-01  8.3153e-01
7.95589e+02  1.677e+00       1.027e-16       1.796e+18    1.370e+21  2.657e+15  1.877e+00 9.644e-06 1.286e-05 2.088e-05 9.993e-06 1.580e-05 1.490e-05  8.316e+14  1.652e-01  3.7592e-01  8.3273e-01
7.65012e+02  1.734e+00       1.062e-16       1.757e+18    1.310e+21  2.696e+15  2.005e+00 9.835e-06 1.311e-05 2.097e-05 1.018e-05 1.607e-05 1.520e-05  8.602e+14  1.709e-01  3.8257e-01  8.3389e-01
7.35799e+02  1.790e+00       1.096e-16       1.716e+18    1.251e+21  2.733e+15  2.138e+00 1.003e-05 1.337e-05 2.106e-05 1.036e-05 1.636e-05 1.549e-05  8.881e+14  1.764e-01  3.8921e-01  8.3501e-01
7.07900e+02  1.846e+00       1.131e-16       1.675e+18    1.194e+21  2.766e+15  2.274e+00 1.022e-05 1.363e-05 2.116e-05 1.055e-05 1.664e-05 1.580e-05  9.153e+14  1.818e-01  3.9584e-01  8.3608e-01
6.81268e+02  1.903e+00       1.165e-16       1.633e+18    1.138e+21  2.797e+15  2.416e+00 1.042e-05 1.390e-05 2.125e-05 1.075e-05 1.693e-05 1.610e-05  9.420e+14  1.871e-01  4.0238e-01  8.3694e-01
6.55852e+02  1.959e+00       1.200e-16       1.590e+18    1.084e+21  2.825e+15  2.561e+00 1.062e-05 1.416e-05 2.135e-05 1.094e-05 1.723e-05 1.641e-05  9.681e+14  1.923e-01  4.0896e-01  8.3792e-01
6.31601e+02  2.016e+00       1.234e-16       1.548e+18    1.031e+21  2.851e+15  2.710e+00 1.082e-05 1.443e-05 2.145e-05 1.114e-05 1.752e-05 1.672e-05  9.935e+14  1.974e-01  4.1550e-01  8.3886e-01
6.08463e+02  2.072e+00       1.269e-16       1.506e+18    9.811e+20  2.874e+15  2.864e+00 1.103e-05 1.470e-05 2.156e-05 1.133e-05 1.782e-05 1.704e-05  1.018e+15  2.023e-01  4.2200e-01  8.3975e-01
5.86389e+02  2.128e+00       1.303e-16       1.465e+18    9.330e+20  2.895e+15  3.022e+00 1.123e-05 1.498e-05 2.166e-05 1.153e-05 1.813e-05 1.735e-05  1.043e+15  2.071e-01  4.2847e-01  8.4061e-01
5.65329e+02  2.185e+00       1.338e-16       1.424e+18    8.870e+20  2.915e+15  3.185e+00 1.144e-05 1.526e-05 2.177e-05 1.174e-05 1.843e-05 1.767e-05  1.067e+15  2.119e-01  4.3488e-01  8.4144e-01
5.45234e+02  2.241e+00       1.372e-16       1.384e+18    8.431e+20  2.933e+15  3.351e+00 1.165e-05 1.553e-05 2.188e-05 1.194e-05 1.874e-05 1.799e-05  1.090e+15  2.165e-01  4.4124e-01  8.4223e-01
5.26060e+02  2.298e+00       1.407e-16       1.345e+18    8.012e+20  2.949e+15  3.522e+00 1.186e-05 1.581e-05 2.200e-05 1.215e-05 1.905e-05 1.832e-05  1.113e+15  2.210e-01  4.4754e-01  8.4298e-01
5.07759e+02  2.354e+00       1.441e-16       1.307e+18    7.614e+20  2.964e+15  3.697e+00 1.207e-05 1.610e-05 2.211e-05 1.235e-05 1.937e-05 1.864e-05  1.135e+15  2.254e-01  4.5379e-01  8.4371e-01
4.90289e+02  2.410e+00       1.476e-16       1.269e+18    7.235e+20  2.978e+15  3.876e+00 1.228e-05 1.638e-05 2.223e-05 1.256e-05 1.968e-05 1.897e-05  1.157e+15  2.298e-01  4.5997e-01  8.4440e-01
4.73608e+02  2.467e+00       1.510e-16       1.233e+18    6.876e+20  2.992e+15  4.060e+00 1.250e-05 1.667e-05 2.235e-05 1.277e-05 2.000e-05 1.931e-05  1.178e+15  2.340e-01  4.6601e-01  8.4493e-01
4.57677e+02  2.523e+00       1.545e-16       1.198e+18    6.535e+20  3.004e+15  4.248e+00 1.271e-05 1.695e-05 2.247e-05 1.298e-05 2.033e-05 1.964e-05  1.199e+15  2.382e-01  4.7205e-01  8.4556e-01
4.42457e+02  2.580e+00       1.580e-16       1.163e+18    6.211e+20  3.014e+15  4.440e+00 1.293e-05 1.724e-05 2.259e-05 1.319e-05 2.065e-05 1.997e-05  1.219e+15  2.422e-01  4.7803e-01  8.4617e-01
4.27912e+02  2.636e+00       1.614e-16       1.130e+18    5.905e+20  3.024e+15  4.636e+00 1.315e-05 1.753e-05 2.272e-05 1.341e-05 2.097e-05 2.031e-05  1.239e+15  2.462e-01  4.8393e-01  8.4675e-01
4.14008e+02  2.692e+00       1.649e-16       1.098e+18    5.615e+20  3.034e+15  4.836e+00 1.337e-05 1.783e-05 2.284e-05 1.362e-05 2.130e-05 2.065e-05  1.259e+15  2.501e-01  4.8976e-01  8.4731e-01
4.00713e+02  2.749e+00       1.683e-16       1.067e+18    5.340e+20  3.042e+15  5.041e+00 1.359e-05 1.812e-05 2.297e-05 1.384e-05 2.163e-05 2.098e-05  1.278e+15  2.539e-01  4.9551e-01  8.4784e-01
3.87994e+02  2.805e+00       1.718e-16       1.037e+18    5.080e+20  3.050e+15  5.250e+00 1.381e-05 1.841e-05 2.310e-05 1.406e-05 2.196e-05 2.133e-05  1.297e+15  2.576e-01  5.0119e-01  8.4836e-01
3.75823e+02  2.862e+00       1.752e-16       1.007e+18    4.833e+20  3.057e+15  5.463e+00 1.403e-05 1.871e-05 2.324e-05 1.427e-05 2.229e-05 2.167e-05  1.315e+15  2.612e-01  5.0679e-01  8.4885e-01
3.64172e+02  2.918e+00       1.787e-16       9.792e+17    4.600e+20  3.064e+15  5.681e+00 1.425e-05 1.901e-05 2.337e-05 1.449e-05 2.263e-05 2.201e-05  1.333e+15  2.648e-01  5.1232e-01  8.4933e-01
3.53015e+02  2.974e+00       1.821e-16       9.519e+17    4.380e+20  3.071e+15  5.902e+00 1.448e-05 1.930e-05 2.351e-05 1.471e-05 2.296e-05 2.236e-05  1.351e+15  2.683e-01  5.1769e-01  8.4966e-01
3.42326e+02  3.031e+00       1.856e-16       9.256e+17    4.171e+20  3.076e+15  6.128e+00 1.470e-05 1.960e-05 2.365e-05 1.493e-05 2.330e-05 2.270e-05  1.368e+15  2.717e-01  5.2305e-01  8.5010e-01
3.32082e+02  3.087e+00       1.890e-16       9.002e+17    3.974e+20  3.082e+15  6.359e+00 1.493e-05 1.990e-05 2.379e-05 1.515e-05 2.364e-05 2.305e-05  1.385e+15  2.751e-01  5.2834e-01  8.5052e-01
3.22260e+02  3.144e+00       1.925e-16       8.757e+17    3.787e+20  3.087e+15  6.593e+00 1.515e-05 2.021e-05 2.393e-05 1.538e-05 2.398e-05 2.340e-05  1.401e+15  2.784e-01  5.3354e-01  8.5092e-01
3.12841e+02  3.200e+00       1.959e-16       8.520e+17    3.610e+20  3.091e+15  6.832e+00 1.538e-05 2.051e-05 2.408e-05 1.560e-05 2.432e-05 2.375e-05  1.418e+15  2.816e-01  5.3867e-01  8.5131e-01
