     Energy         Kx              Ky       F.Density    GA.Brill.       Flux  Tot.Power  Nat.Size  Nat.Div.    Size.x    Size.y     Div.x     Div.y   Coh.Flux  Coh.Power   CohFrac.x   CohFrac.y
         eV          -               -  ph/s/mr^2/0.1%  F.Dens/mm^2  ph/s/0.1%         kW         m       rad         m         m       rad       rad  ph/s/0.1%          W           -           -
1.63892e+03  4.101e-01       4.101e-01       1.237e+18    1.385e+21  9.407e+14  2.244e-01 6.719e-06 8.960e-06 1.970e-05 7.212e-06 1.164e-05 1.040e-05  1.982e+14  3.936e-02  2.6238e-01  8.0279e-01
1.59217e+03  4.500e-01       4.500e-01       1.409e+18    1.556e+21  1.100e+15  2.702e-01 6.817e-06 9.090e-06 1.974e-05 7.303e-06 1.178e-05 1.055e-05  2.359e+14  4.686e-02  2.6654e-01  8.0437e-01
1.54404e+03  4.899e-01       4.899e-01       1.576e+18    1.713e+21  1.264e+15  3.202e-01 6.922e-06 9.231e-06 1.978e-05 7.402e-06 1.192e-05 1.071e-05  2.762e+14  5.486e-02  2.7100e-01  8.0601e-01
1.49501e+03  5.298e-01       5.298e-01       1.733e+18    1.854e+21  1.432e+15  3.745e-01 7.035e-06 9.381e-06 1.981e-05 7.507e-06 1.208e-05 1.088e-05  3.188e+14  6.333e-02  2.7572e-01  8.0770e-01
1.44552e+03  5.696e-01       5.696e-01       1.879e+18    1.977e+21  1.601e+15  4.330e-01 7.154e-06 9.540e-06 1.986e-05 7.619e-06 1.225e-05 1.107e-05  3.636e+14  7.223e-02  2.8069e-01  8.0940e-01
1.39596e+03  6.095e-01       6.095e-01       2.013e+18    2.081e+21  1.770e+15  4.957e-01 7.280e-06 9.708e-06 1.990e-05 7.737e-06 1.242e-05 1.126e-05  4.104e+14  8.152e-02  2.8590e-01  8.1113e-01
1.34666e+03  6.494e-01       6.494e-01       2.134e+18    2.165e+21  1.938e+15  5.627e-01 7.412e-06 9.884e-06 1.995e-05 7.862e-06 1.261e-05 1.146e-05  4.588e+14  9.115e-02  2.9131e-01  8.1285e-01
1.29792e+03  6.893e-01       6.893e-01       2.241e+18    2.231e+21  2.104e+15  6.340e-01 7.550e-06 1.007e-05 2.000e-05 7.992e-06 1.280e-05 1.168e-05  5.089e+14  1.011e-01  2.9692e-01  8.1457e-01
1.24998e+03  7.292e-01       7.292e-01       2.333e+18    2.278e+21  2.267e+15  7.094e-01 7.694e-06 1.026e-05 2.006e-05 8.128e-06 1.300e-05 1.190e-05  5.602e+14  1.113e-01  3.0270e-01  8.1627e-01
1.20305e+03  7.690e-01       7.690e-01       2.412e+18    2.308e+21  2.427e+15  7.892e-01 7.842e-06 1.046e-05 2.012e-05 8.268e-06 1.321e-05 1.213e-05  6.128e+14  1.217e-01  3.0863e-01  8.1794e-01
1.15729e+03  8.089e-01       8.089e-01       2.477e+18    2.322e+21  2.583e+15  8.731e-01 7.996e-06 1.066e-05 2.018e-05 8.414e-06 1.343e-05 1.236e-05  6.663e+14  1.324e-01  3.1470e-01  8.1958e-01
1.11282e+03  8.488e-01       8.488e-01       2.529e+18    2.322e+21  2.735e+15  9.614e-01 8.154e-06 1.087e-05 2.024e-05 8.565e-06 1.365e-05 1.261e-05  7.207e+14  1.432e-01  3.2089e-01  8.2119e-01
1.06974e+03  8.887e-01       8.887e-01       2.570e+18    2.310e+21  2.883e+15  1.054e+00 8.317e-06 1.109e-05 2.031e-05 8.720e-06 1.389e-05 1.286e-05  7.758e+14  1.541e-01  3.2712e-01  8.2257e-01
1.02810e+03  9.286e-01       9.286e-01       2.599e+18    2.287e+21  3.025e+15  1.151e+00 8.483e-06 1.131e-05 2.037e-05 8.879e-06 1.412e-05 1.312e-05  8.314e+14  1.652e-01  3.3350e-01  8.2409e-01
9.87968e+02  9.685e-01       9.685e-01       2.618e+18    2.254e+21  3.162e+15  1.251e+00 8.654e-06 1.154e-05 2.045e-05 9.042e-06 1.437e-05 1.338e-05  8.874e+14  1.763e-01  3.3995e-01  8.2556e-01
9.49347e+02  1.008e+00       1.008e+00       2.628e+18    2.213e+21  3.294e+15  1.357e+00 8.828e-06 1.177e-05 2.052e-05 9.209e-06 1.462e-05 1.365e-05  9.437e+14  1.875e-01  3.4647e-01  8.2698e-01
9.12248e+02  1.048e+00       1.048e+00       2.629e+18    2.166e+21  3.420e+15  1.466e+00 9.006e-06 1.201e-05 2.060e-05 9.379e-06 1.487e-05 1.392e-05  1.000e+15  1.987e-01  3.5303e-01  8.2836e-01
8.76660e+02  1.088e+00       1.088e+00       2.623e+18    2.113e+21  3.541e+15  1.580e+00 9.187e-06 1.225e-05 2.068e-05 9.553e-06 1.513e-05 1.420e-05  1.057e+15  2.099e-01  3.5963e-01  8.2968e-01
8.42564e+02  1.128e+00       1.128e+00       2.610e+18    2.056e+21  3.658e+15  1.698e+00 9.371e-06 1.250e-05 2.076e-05 9.730e-06 1.540e-05 1.448e-05  1.113e+15  2.211e-01  3.6626e-01  8.3096e-01
8.09929e+02  1.168e+00       1.168e+00       2.591e+18    1.996e+21  3.769e+15  1.820e+00 9.558e-06 1.275e-05 2.084e-05 9.911e-06 1.567e-05 1.477e-05  1.170e+15  2.323e-01  3.7290e-01  8.3219e-01
7.78719e+02  1.208e+00       1.208e+00       2.568e+18    1.934e+21  3.875e+15  1.946e+00 9.748e-06 1.300e-05 2.093e-05 1.009e-05 1.595e-05 1.506e-05  1.226e+15  2.435e-01  3.7955e-01  8.3337e-01
7.48893e+02  1.248e+00       1.248e+00       2.539e+18    1.870e+21  3.977e+15  2.077e+00 9.940e-06 1.325e-05 2.102e-05 1.028e-05 1.623e-05 1.536e-05  1.282e+15  2.546e-01  3.8620e-01  8.3451e-01
7.20403e+02  1.288e+00       1.288e+00       2.508e+18    1.806e+21  4.074e+15  2.212e+00 1.013e-05 1.351e-05 2.112e-05 1.047e-05 1.651e-05 1.566e-05  1.337e+15  2.656e-01  3.9283e-01  8.3560e-01
6.93203e+02  1.327e+00       1.327e+00       2.473e+18    1.741e+21  4.168e+15  2.351e+00 1.033e-05 1.378e-05 2.121e-05 1.066e-05 1.680e-05 1.596e-05  1.392e+15  2.766e-01  3.9938e-01  8.3648e-01
6.67241e+02  1.367e+00       1.367e+00       2.436e+18    1.676e+21  4.256e+15  2.494e+00 1.053e-05 1.404e-05 2.131e-05 1.085e-05 1.709e-05 1.627e-05  1.447e+15  2.875e-01  4.0597e-01  8.3748e-01
6.42467e+02  1.407e+00       1.407e+00       2.396e+18    1.613e+21  4.341e+15  2.642e+00 1.073e-05 1.431e-05 2.141e-05 1.105e-05 1.739e-05 1.658e-05  1.501e+15  2.982e-01  4.1253e-01  8.3843e-01
6.18830e+02  1.447e+00       1.447e+00       2.355e+18    1.550e+21  4.421e+15  2.794e+00 1.093e-05 1.458e-05 2.151e-05 1.124e-05 1.769e-05 1.689e-05  1.555e+15  3.089e-01  4.1906e-01  8.3935e-01
5.96280e+02  1.487e+00       1.487e+00       2.312e+18    1.488e+21  4.498e+15  2.950e+00 1.114e-05 1.485e-05 2.162e-05 1.144e-05 1.799e-05 1.721e-05  1.608e+15  3.195e-01  4.2554e-01  8.4023e-01
5.74765e+02  1.527e+00       1.527e+00       2.269e+18    1.428e+21  4.571e+15  3.110e+00 1.135e-05 1.513e-05 2.172e-05 1.164e-05 1.829e-05 1.753e-05  1.661e+15  3.299e-01  4.3197e-01  8.4107e-01
5.54239e+02  1.567e+00       1.567e+00       2.225e+18    1.369e+21  4.641e+15  3.275e+00 1.155e-05 1.541e-05 2.183e-05 1.185e-05 1.860e-05 1.785e-05  1.713e+15  3.402e-01  4.3836e-01  8.4187e-01
5.34652e+02  1.607e+00       1.607e+00       2.180e+18    1.312e+21  4.708e+15  3.444e+00 1.176e-05 1.569e-05 2.194e-05 1.205e-05 1.891e-05 1.817e-05  1.764e+15  3.504e-01  4.4469e-01  8.4264e-01
5.15960e+02  1.646e+00       1.646e+00       2.136e+18    1.257e+21  4.771e+15  3.617e+00 1.198e-05 1.597e-05 2.206e-05 1.226e-05 1.922e-05 1.850e-05  1.815e+15  3.605e-01  4.5096e-01  8.4338e-01
4.98118e+02  1.686e+00       1.686e+00       2.091e+18    1.204e+21  4.832e+15  3.794e+00 1.219e-05 1.625e-05 2.217e-05 1.247e-05 1.954e-05 1.882e-05  1.865e+15  3.704e-01  4.5717e-01  8.4409e-01
4.81084e+02  1.726e+00       1.726e+00       2.046e+18    1.153e+21  4.891e+15  3.976e+00 1.240e-05 1.654e-05 2.229e-05 1.268e-05 1.986e-05 1.916e-05  1.914e+15  3.802e-01  4.6324e-01  8.4463e-01
4.64818e+02  1.766e+00       1.766e+00       2.002e+18    1.103e+21  4.947e+15  4.162e+00 1.262e-05 1.682e-05 2.241e-05 1.289e-05 2.018e-05 1.949e-05  1.962e+15  3.898e-01  4.6932e-01  8.4528e-01
4.49279e+02  1.806e+00       1.806e+00       1.958e+18    1.056e+21  5.000e+15  4.352e+00 1.283e-05 1.711e-05 2.254e-05 1.310e-05 2.050e-05 1.982e-05  2.010e+15  3.993e-01  4.7532e-01  8.4589e-01
4.34432e+02  1.846e+00       1.846e+00       1.915e+18    1.010e+21  5.050e+15  4.546e+00 1.305e-05 1.740e-05 2.266e-05 1.331e-05 2.083e-05 2.016e-05  2.057e+15  4.087e-01  4.8126e-01  8.4649e-01
4.20242e+02  1.886e+00       1.886e+00       1.872e+18    9.667e+20  5.098e+15  4.745e+00 1.327e-05 1.769e-05 2.279e-05 1.353e-05 2.115e-05 2.049e-05  2.104e+15  4.179e-01  4.8712e-01  8.4706e-01
4.06674e+02  1.926e+00       1.926e+00       1.830e+18    9.250e+20  5.144e+15  4.948e+00 1.349e-05 1.799e-05 2.291e-05 1.374e-05 2.148e-05 2.083e-05  2.149e+15  4.269e-01  4.9291e-01  8.4760e-01
3.93697e+02  1.965e+00       1.965e+00       1.788e+18    8.850e+20  5.189e+15  5.155e+00 1.371e-05 1.828e-05 2.305e-05 1.396e-05 2.181e-05 2.117e-05  2.194e+15  4.359e-01  4.9862e-01  8.4813e-01
3.81281e+02  2.005e+00       2.005e+00       1.748e+18    8.467e+20  5.231e+15  5.366e+00 1.393e-05 1.858e-05 2.318e-05 1.417e-05 2.214e-05 2.151e-05  2.238e+15  4.446e-01  5.0426e-01  8.4863e-01
3.69398e+02  2.045e+00       2.045e+00       1.708e+18    8.102e+20  5.271e+15  5.581e+00 1.415e-05 1.887e-05 2.331e-05 1.439e-05 2.247e-05 2.185e-05  2.282e+15  4.533e-01  5.0982e-01  8.4912e-01
3.58019e+02  2.085e+00       2.085e+00       1.669e+18    7.753e+20  5.311e+15  5.801e+00 1.438e-05 1.917e-05 2.345e-05 1.461e-05 2.281e-05 2.220e-05  2.325e+15  4.618e-01  5.1523e-01  8.4946e-01
3.47121e+02  2.125e+00       2.125e+00       1.631e+18    7.420e+20  5.348e+15  6.025e+00 1.460e-05 1.947e-05 2.359e-05 1.483e-05 2.315e-05 2.255e-05  2.366e+15  4.701e-01  5.2063e-01  8.4990e-01
3.36678e+02  2.165e+00       2.165e+00       1.594e+18    7.102e+20  5.384e+15  6.254e+00 1.482e-05 1.977e-05 2.373e-05 1.505e-05 2.348e-05 2.289e-05  2.408e+15  4.783e-01  5.2595e-01  8.5033e-01
3.26667e+02  2.205e+00       2.205e+00       1.557e+18    6.798e+20  5.418e+15  6.486e+00 1.505e-05 2.007e-05 2.387e-05 1.528e-05 2.382e-05 2.324e-05  2.448e+15  4.863e-01  5.3119e-01  8.5074e-01
3.17068e+02  2.245e+00       2.245e+00       1.522e+18    6.509e+20  5.450e+15  6.723e+00 1.528e-05 2.037e-05 2.401e-05 1.550e-05 2.416e-05 2.359e-05  2.488e+15  4.942e-01  5.3635e-01  8.5113e-01
3.07859e+02  2.285e+00       2.285e+00       1.487e+18    6.233e+20  5.481e+15  6.964e+00 1.550e-05 2.067e-05 2.416e-05 1.572e-05 2.450e-05 2.394e-05  2.527e+15  5.020e-01  5.4143e-01  8.5151e-01
2.99021e+02  2.324e+00       2.324e+00       1.454e+18    5.969e+20  5.511e+15  7.209e+00 1.573e-05 2.098e-05 2.430e-05 1.595e-05 2.485e-05 2.429e-05  2.566e+15  5.096e-01  5.4644e-01  8.5188e-01
2.90536e+02  2.364e+00       2.364e+00       1.421e+18    5.718e+20  5.540e+15  7.459e+00 1.596e-05 2.128e-05 2.445e-05 1.617e-05 2.519e-05 2.464e-05  2.603e+15  5.171e-01  5.5136e-01  8.5223e-01
2.82387e+02  2.404e+00       2.404e+00       1.389e+18    5.479e+20  5.568e+15  7.712e+00 1.619e-05 2.158e-05 2.460e-05 1.640e-05 2.554e-05 2.499e-05  2.640e+15  5.245e-01  5.5621e-01  8.5257e-01
