-0.0002651131332145608
0.0002712596345194651
0.00025292558273256455
0.0003704444087809526
0.00037114717802765875
-0.0003760001219779242
-9.65340963327539e-05
0.00034451259603368296
0.00028017567141553983
-0.000394279548003598
-0.0002299156052005963
0.00032914684403655505
3.046773083001874e-05
8.862182271444539e-05
0.00035338037043460295
2.3781621916040972e-05
-0.0004413208796083922
-2.443508864767639e-05
0.0003400714648431048
-8.788872712934387e-06
6.029102147864121e-05
-0.0002453500828084214
5.696020657049096e-05
3.5709693516013693e-05
-0.00021961908693340936
-0.00024934658647600026
0.00034842904755958
3.400773572350725e-05
0.0004828021887765548
-0.00030733622387679326
-0.00037448620677387715
-0.00012018680505420764
-0.00026295672365767595
0.0004728578447908559
0.0004103461459869876
-0.0004553398578393172
0.00036262330712806144
-0.00030362636307242253
0.0004364316743430308
0.00020845967486922792
0.00013821957796405137
0.0001822347819611849
0.0002455916713133057
0.0003339541858836939
0.0003985794255874502
-0.00021236634069769745
0.00018320346766221836
0.00017812443938596976
-0.00010705117683177756
-0.0004259443852344722
8.737058626774477e-05
0.00018409631911471287
-0.00040675008019220747
-0.00039507908872412636
8.712354368854117e-05
-0.00039656833630086544
0.00010896161851798268
0.00045453678248594666
0.000364607974670589
-0.0001601502599967383
-0.00034938392199970714
0.00028249442361413313
0.00036999086545479285
0.0004396791488653311
3.075295561763894e-05
1.757718322258116e-05
-0.0004718188695616071
-4.303474795854965e-05
-0.0004112961436444492
-0.00017301694657494295
-0.0004452949626601839
-1.4519417409223126e-05
0.00029815780308155813
0.00044130721605040754
0.0004915150936258808
-0.00043812676642825376
-0.0002492940449395915
0.0003641255635046872
-0.00037217256863632817
0.00010834050923911481
-0.0004330479554236828
-0.00030633110472548975
-0.00030664729026872996
0.00031392143340316263
0.0004484801413564729
0.00020060862969819042
0.00017926693893317045
0.0002985848918736333
-4.786196157521914e-05
4.427514501408676e-05
0.0002984625658262966
-0.00031508766749145005
-0.00014218996366865
0.0004668800675037578
-1.1548474174639337e-05
0.0004900391137819299
8.6260633825205e-05
0.0002055442763706785
-0.000443317719224283
0.00038380818067525473
-0.0003379835921053983
0.00036506860429897053
0.0003524737213254971
0.0003768819152990822
0.0002879791784761135
0.00036432003649240633
0.0003600113731443412
0.0003197447979372166
1.3182384963084993e-05
0.0002684023050091608
-5.8879454607300606e-05
0.00016983592516370575
-0.00023741019448555778
0.0004112453961676681
-0.0003121028174590508
0.00023295248549661213
-0.000389483330781651
-0.00018687718526883012
-0.00011226592257292713
0.0002862090214980574
-0.0004298345249879795
0.00048515834990988586
-0.00045288359603802596
-0.0004640444606988874
0.0002845569427914423
7.77629797855874e-06
0.00017187539105598386
0.00024412090922218378
2.740391915471627e-05
-0.0003900392701530191
-0.0004738734257113909
3.3616385979169726e-05
-0.00019861108557995367
0.00032482115628713816
-0.000239813344525567
0.00016511141687754194
0.00024079465706583199
0.00015684800660097217
0.0004081677631170642
0.00032549878919589464
0.00022349841139392157
0.00015949873192514267
0.0004215928985307905
-0.0004345570523598409
-9.124549658387027e-05
0.00033167676818660486
0.00015085604147539755
0.00032439107684088895
-0.00012447232209019743
0.0003803745418045492
0.00043797302647145136
-0.00016484260179341692
-0.0001516073136056523
7.482673711225584e-05
0.0003084181141232232
-0.00025379689689192475
-0.00024922601840180505
0.00018937199244631634
-0.00024635439559053896
9.358292273324651e-05
-0.00022691439479238454
-7.927232695282004e-05
-3.2587287631195274e-06
4.132947391363739e-05
-0.0003710415596076365
0.00047380874199563154
8.739215185204086e-05
-0.00010819359186303766
0.00045684556902772565
0.00015394776058346175
-0.00029958371671653114
-0.00043273167821584346
0.0004890274759335733
-0.0004726088707762488
-0.00033673756369337305
0.0004915746822482467
-0.0004922343174098879
0.00046430766322087043
0.0002489612511224207
0.0002773479886474721
0.0003484922492372627
0.00017318848738286476
0.00046633515676009873
-6.31238717518794e-05
-9.120216465492947e-05
-0.0003924627282120462
0.00045780962426439907
0.0004561587881987296
-0.0004219297009587168
0.0003396420663278792
0.00032066868227434366
-0.0003139502830076669
-0.0002638689509148343
0.0004916779682792385
8.335533817115451e-05
0.00025170359899589145
0.00022316278844547346
-0.00037007480838482676
0.0002527938707435844
-0.0003831025804236645
-0.00019875623896330484
0.0004611587601572601
-0.0004021310131792448
0.0004547984186975086
0.0004692417645071929
2.1112001385679762e-05
-0.0001740196129354792
0.00043708325180827345
-0.0002901735045582332
0.0001491886897502545
-1.3754178320140708e-07
0.00020599504373422777
0.00040784906683882967
0.0003626310206250767
0.000494433982788431
-0.0003005433732626992
-0.0002413047880067973
0.00011221443887971287
0.000231992277083917
-0.0002295006033933844
0.0003173999354600524
0.00023123515218781312
-0.00018000823592917247
0.00043639931515355806
8.65088877528105e-05
0.0003449717835898588
0.0003598924144461408
4.260391464423264e-05
-0.00047479535537948715
0.0002501036267793078
-0.0001032492726264831
0.0001173912420450279
0.0004179490129085112
0.00026299324626771596
-0.00027773687017251434
0.0003631927766952523
0.00013186986395682552
-0.00020119086988371038
-0.0002348352597756974
0.0002878678777648309
3.5563632941034394e-05
-0.00027554990006301385
-0.00015585566830283526
-0.00026870557818389654
-0.00016848818973058688
-0.00021446651712282738
-0.00016730417682935894
0.0002067874193771897
-0.00016911654423332987
-0.0003018231660206496
0.00015286108141524912
9.229751256320637e-05
-0.0002348713629260443
0.0003305653387211719
1.5279937176140824e-05
-0.00019298324294164936
0.00029198480693736926
-0.00016948599652205377
-0.00011358811164250906
0.00011158820344761144
-0.0002140052960957032
0.00017712210388795503
-0.000433103987117927
0.00030604582813951217
-0.0004112363276597503
-0.0004694301215879524
0.000190882878291484
-0.00025162568819307816
-0.00032677823591782944
-0.00045444160595452357
0.0004294959319081303
0.0001137332685865629
-0.00017364286571893442
-0.0003565281144553647
-0.00013476830743320558
0.00037938715718905866
0.0002476297365788503
-0.0004625300751973455
9.675962395218416e-05
0.0001299443478301901
-0.00045771571490419794
0.00014393524786343505
0.0003662786266810153
0.00039376862083601505
-0.0001690196765949389
0.00033271409294658404
0.0001286007861613323
-0.0004800688818496435
0.0003635583037502058
0.0004838934021150702
0.00034175820729893426
-0.00016298105260978982
0.00013867550356727923
0.00015765451800505846
-0.00028267619662775324
-0.0001770272688870764
-0.00044053498729090357
-9.311690355603866e-05
0.0001425298366128703
1.537713093863679e-05
0.00022681108744483007
-0.00036211362402129455
-0.00038217139680507073
5.038447999581631e-05
-0.00016770103677556634
-0.00014079555165190703
-0.00027494455528568283
0.0002909487173358969
-0.0002145493851511613
0.00021867447240413727
-0.0003000485907643602
0.0003449778802137141
-0.00035560747078609536
0.0001924087669676589
0.00012798989136124242
-0.0004888968036384139
-0.00020350730947621686
0.00023553344016462492
-0.0002095468936359426
0.0002412425911115445
1.561373111067714e-05
0.00016896181866347232
0.00019485212206477227
-0.00013897664751888217
0.00028975348025803485
0.00019245093032832592
2.637465439497388e-05
-0.00018685394865286374
-0.00038686877194577717
-0.00016542102544258555
-7.692511195407946e-05
-0.00034219119333335946
-7.699184637034083e-05
8.556430433218326e-05
-0.00043886198056992856
9.521727071505257e-05
4.7605987167168365e-05
-0.00035184792725096456
-0.00017778341852714766
-0.0003393962160670775
2.73489715513775e-05
-4.576114283407352e-05
-0.0003459918248236573
3.966279289995076e-05
-0.00033945630732728994
0.0004743847699011438
0.0004825535807059544
-0.0004655720053338497
0.00037231070281065217
0.00039939831355283444
0.0003971584159813132
0.000420862015660001
-4.244134990158909e-05
0.00048772650262703674
0.00043947602560279533
-0.00012811686005062848
0.00017183549506158045
-0.0001640334517137059
-0.00030022337495356913
-0.00011657462465535331
5.2964912267980304e-05
-0.00030559177914075264
0.0004489018989874005
-0.00024186894823968643
-0.00032707885272965887
-0.0004398895185559101
7.353478498969162e-06
-0.0004681236276114577
0.00019372963127509276
0.00040317368606694517
0.0002201528990097185
-0.000198350393375352
6.772446664089662e-06
2.6646694272979454e-05
0.0002699042536615329
8.429734362627814e-05
-0.00016167207937389252
0.00033172181571195186
0.00013536677001681663
-0.00018692397051803678
-0.00023224982928668838
-0.0002333285144132603
3.984494740050465e-05
-0.00010322211717270522
-0.0001029665790476466
0.0002081287793166051
0.00025914074100368814
-0.00043160019563019604
3.7182028262581156e-05
0.00024986409728128083
-0.00014370466114866666
-0.0004192295812894187
-0.00047310875148185653
0.0003526476283441409
-0.0004209288029884246
-0.0001270118908732344
0.00044749357713734104
0.0001426252847689267
0.0002677253826351717
0.000253000331038249
-0.00018385649871576458
-0.00014374911497592237
0.0003624403018301568
9.375992644369325e-05
0.00011417906144951427
0.00026038531501772265
0.00046736360396300856
-0.00014853850484157163
0.00023091130179485493
8.173629024782556e-06
0.0002846368426783985
-0.0001828994268820212
-0.00010655381185098358
9.084737107853684e-05
-0.0002477238795356398
0.0004826207466267574
-7.437652962108507e-05
0.00011792207718884279
-3.0875993702470384e-05
-3.594186658158438e-05
0.0002160599163378654
0.0002801327863077188
0.0004899462017752796
0.00028758692596318584
-6.540350476019817e-06
-0.00014493478060461165
-0.00019486842255432948
0.0003666506505191797
0.00040882820539260643
0.00013268618649085317
0.00014635764632095374
0.00011563663070280521
-1.3001762080988599e-05
-9.57498788258082e-05
0.00035064676398650386
-3.1170652895081384e-06
0.0002513946418263506
-0.00040547895503343745
-5.100433850886997e-05
0.0001341454425666615
0.00028801209861000984
0.00027524750312616037
0.00035399026756695567
-0.00043276935945188867
0.0002791096858556373
0.0004752055392638235
0.00039771977438619204
0.000310613162878192
0.00013557469914095765
-0.00015814945271098578
-0.0002229705619963599
-0.0002448934456191222
0.00037684160912531393
-0.00017544688525331862
0.0003437719014056374
0.00021935901010225424
-0.0002026729888205261
-0.00016092101717281483
0.0002931115574788645
-0.00021750397182690028
-0.00012060974083294651
-0.0003808070521165066
-6.659854714255589e-05
0.0003647070788114964
0.00017977676118339375
4.753246489876443e-05
-5.6146035172383046e-05
-0.00010652899527753123
-0.00012146199909725632
0.00015689985184841988
-1.4942618968114333e-05
-0.0004036186686868887
0.00032407707889502027
0.00037984852024987553
-0.00011244215521886812
-0.00014170510310726947
-0.00020880373854750232
0.00037851501436024265
-0.00044469488038412507
-0.00011177429024817888
-0.00036747260318827237
-0.00021373077985991338
0.0004681127695345185
-0.0001848381120137622
0.00028537397590550756
-0.0004316256823299538
-0.00015389301109462316
0.00016655988003185017
0.0003084982546671585
-0.00033284674806235103
0.00046078924427487514
-0.00031718615938897707
0.0004974186899390374
6.402099973759612e-05
-0.00040334951696169996
0.00044862278686180616
3.997315614446954e-05
-0.0002807191844826976
-3.7535799428370506e-05
0.00015937984611346094
0.0003251839183107388
0.0004533136271732141
0.0001966448575590427
-0.0001521058829626466
0.00024490162319832406
-0.00032645531192230604
-0.0004866116485607608
-0.0002999189928683208
-0.00047471139866310866
-6.1001316058586835e-06
-0.0002900663604084145
0.00028345196560647476
-0.0002775342147916306
0.0004657396314161679
-0.00030255934426706515
0.0003119136268894846
0.0002009427157380274
-0.0004875976104183337
-0.00016227629338190844
4.749220247831298e-05
0.00020281938545330645
4.179339320056167e-05
0.00032085009373526534
0.00025459752011091946
0.0004507990384847268
-1.5142078366847894e-05
-0.00015473671849122462
-0.0004913519207757983
0.0001986541124480352
-2.6764297503774955e-05
-0.00042583259691811125
-0.000287173080709907
0.0004623817649478185
-0.00046925644765926847
0.0001661703239756138
-1.2397165191826076e-05
-0.0003121034146992643
0.0001445071379437145
0.00040221119459292324
0.0003466388304545852
5.199181707194074e-05
0.00026889707316991266
0.0004447014217749555
-0.0003845156929475234
0.0002749064971471381
-0.00045028968023304896
1.8401607375352841e-06
0.00028902943291011975
-0.00015494855631041084
-0.0004398436546348767
-4.807804706272444e-05
-0.0004481360028600008
0.00023699901733778648
-0.0004228951498621869
-0.0002827117893389865
0.000494777439376234
0.00041333706552219753
-2.9577812515473446e-05
0.00023889858666642733
6.282930187323391e-05
-0.0004215574862860334
0.0002958464655506497
0.00042040435842750315
-7.814808560976049e-05
-0.00014255417427522086
-0.00011489017979886729
-0.0004251961838855266
-0.00017428415901456906
0.0003263823618744002
-7.430364320691732e-05
-5.162051978296298e-05
-0.00012777943083291487
-0.0002638945954184142
-0.0001880436426659621
0.0002101193055553661
-0.00038689687333637237
0.0004953975063480987
0.00044412551844395744
-0.0003711994541735702
-2.37733524561651e-05
0.00011443489663033525
-0.0003293588459637238
0.0004466148469711755
8.463987526313569e-05
0.0001477771546687422
-7.051062254289595e-05
-0.0001972590509893658
-9.815524792091437e-05
-0.000450795551861614
3.9113693183704355e-05
0.00029534207723447
0.0001320610834984442
0.000265635300306043
-9.800223494827067e-05
0.00032687143166330857
2.841289143587977e-05
-7.305491006189257e-05
0.0004769681952484339
-0.00022025051981739032
-0.00021267947294052015
-0.0004588739850682225
5.926439759477943e-05
0.00013082702644442046
-0.00022924846335245697
0.0003293430329321874
-0.00018089347079467533
2.852390267879567e-05
-8.712330868510063e-05
-0.000349204186998106
0.0002596150938579602
0.00047565902934225944
0.00044098429723001486
7.238799534436697e-05
-0.0002017008320354641
0.00031426904700499023
-0.0003057489816376862
9.139820203781554e-05
0.00013378789346087886
-0.00024906269414064864
0.00022457062335254395
-0.00021174570965164084
-0.0002567432465310738
0.0003491988545511974
0.0001278462345597768
-0.00011856942913150568
0.00024212338910426531
-0.00028833373009711015
-0.0001935053077876978
-0.0003791151204606309
-3.9058970576695854e-05
0.00011155011285928721
-0.00016839448246759494
0.000279359400403766
-0.00042869519934460586
0.00025848975626201773
0.0003263535337737674
-7.956345719896396e-05
-6.645130042482849e-05
-0.00042088757730558127
-5.569712487786294e-05
0.00039490398145342997
-0.0004884245834040075
0.00022632009154083656
0.00032817593475242335
0.00020517906493541446
0.00040203521750663035
-1.6615906445969e-05
-0.00032582045627223977
0.0003507797004245985
0.00041017511983193163
0.0002764506388775637
0.0003667767697024184
0.000368999072401053
-0.00033866660483640676
-1.2639233232395364e-05
-4.961792053457425e-05
-0.00025558667358944407
-0.0002210806372352533
0.00011321860023581439
-0.00016023480496771324
-0.00021497664692997944
-0.0003598496621882815
-6.278947768105801e-05
-0.0004606205938955501
3.975811711763686e-05
0.0001610770043212142
0.0002944985028465149
-0.0004878606282081668
0.0002684453180262041
-0.00018790608561785683
0.0004260533478250832
0.0003203734690430222
0.00036784845748253964
0.00016034851906674243
0.00017999869712079426
-0.0003788231078426816
-8.508595300219521e-05
-6.098016573642472e-05
-0.0003126644809471992
0.0002104302488010252
1.0908521299554858e-05
0.00020241596654499265
4.462370228125836e-05
0.00026503915529792015
-0.0002579290994680302
0.0003162714625954937
-0.00033376265176511186
-4.5917806696523574e-05
-0.0002920372740755991
-3.19968155732049e-05
-0.00016233063902222833
-0.0003871843033665554
-0.00029788319926595756
0.00031944692321493997
0.00016828800158497125
0.0003291913596172564
-1.5803404584990833e-05
0.0003075550891550261
-0.0003520642430936164
0.00035470020395188164
-6.630432907319328e-05
0.00038330618636544156
0.00027887037838780424
-9.321621401271643e-05
0.00016074859281833408
0.00024117903799072548
0.00047932382364319513
-0.0004869844455055595
-0.00038773362636656216
-8.254475316674527e-05
0.0002846337477172651
-0.00046159493612807703
0.00011070180633808728
-0.0004812449581799535
0.00046299979040956675
0.00047021319893861334
-0.0003902851076292897
-7.136599768627685e-05
6.239414832135152e-05
4.13936381988549e-05
-0.0004012083032929139
-0.00044249731860463993
-2.8341731212909048e-05
6.172381148233886e-06
-0.00038365380317182985
-0.0004054391804830363
0.00029432861344912543
0.00022767721293650428
0.0003664633442024039
0.0004506181185126326
0.0004922219921705186
-0.00045627459537452963
0.0003133860048222455
0.00020843301771348677
-1.6428508124435512e-06
-0.00027045704752772003
0.00014828124294375528
-9.759323284032475e-05
-0.0004185400330540581
0.0002139559086679094
-0.00047609368452406685
-0.00012276661735044747
-5.155037075218262e-05
-0.0002252674235859414
5.7776228516637305e-05
-0.00033488969071002964
-6.879239404686624e-05
-0.00012762489265707343
-0.0002850193355234094
-0.000358080883222639
-0.000262637272688493
-0.0003326519328681612
9.405957627838012e-05
-0.00013374762825314182
-0.0003638111174506689
0.0004078103758664599
0.0001725467288825228
-0.00043872770105471003
0.000334172018804077
-0.00020613887197184886
-0.0003743093353515864
-0.00034645080800117724
-0.00016644703885870083
-7.782856373315792e-05
0.00034036694299101854
0.0002986095693993992
0.00029097629686071654
-0.0002929501333722344
-0.00039682072371455436
0.00027686766826378326
4.3782646667234215e-05
0.0004918059792135088
0.00036735447274834575
0.00024840325495030925
0.0002465741295529318
0.00034896685829393563
-0.00016066666071688296
-9.123314061261587e-05
8.846300846433676e-05
-8.436294256264468e-05
-0.0004489386383112143
5.487993930481305e-07
-6.332393600580097e-05
0.0004948847937842969
-0.0003857463794382825
0.00034502774175159854
-0.00039491896560867
-0.0002574686471076161
0.00019035974416152816
0.0003414704798822088
-0.00040074287941001496
-0.00020474051815854913
0.0001581152917639586
0.0004399321410993351
-0.00023140686266208822
0.00042892673705118554
-9.90144867875228e-05
-0.00014250013955292715
-0.0003026332188925741
-0.00035579929004966816
-0.00038850527894751595
3.180118071466733e-05
0.0002573847990992432
0.00022308340089269134
0.0002179907431199853
0.0003743949084135756
-0.00042137673261500674
0.00024307543937484753
0.00047818975658547695
-0.00020625746706747308
-2.9225578705838315e-05
-0.0001789113723319047
0.00018015781020189344
-4.644878399704864e-05
0.00045817322970611283
-0.0003559952389216637
-0.00024932724041023326
0.00042459827054437465
-0.0003076056778084646
-0.00043329517556687136
0.0004887967690439901
0.0003781297291494722
3.887456798699299e-05
6.009518119093327e-05
-0.0003093182893326183
-0.00011879937609674863
9.14585482744008e-05
8.470541354301171e-05
0.00019476872305405468
0.0003657753385031083
-0.0001842415930558067
-1.7925764436107366e-05
0.00016747033155620195
0.00031916745903918045
9.213604366315928e-05
0.0004043587660832594
0.0001991301247888734
-5.794989154375664e-05
-7.563389877424185e-05
-7.180334724077309e-05
0.00019301452410658553
9.937756107878857e-05
0.0002330908234199874
-0.00022736086721041938
-0.00036454336091924636
0.0003091160505661533
0.0004973041584323381
-0.00042969790510663655
-0.0004893561720612831
0.0004898519616094708
-0.00013512207952937516
0.00024643189800917253
-0.0001669835953386285
0.00023145192087086516
0.00042026258270216107
0.00045737079431144433
0.00018801343498791364
0.00011023458882084523
-0.00019247333391476338
-0.00039891198711975774
0.0002559068823213556
0.00028316521925382727
0.00035331386952979274
0.0001955939576895237
0.00011524766944174267
-3.218020074582549e-05
0.0004143786809418671
0.00022903981238439446
-6.73301710160834e-05
0.0003351117472109145
0.00013896332245118249
-2.8052006302290214e-05
-0.00035115735415629923
0.00031078833105133564
0.00025346788516516984
-0.00010276726922097345
0.00018314520009004057
0.00012573221950695247
-0.00020584759151415612
0.00022343219674007136
0.0003904941126767252
0.00024197204841923858
0.0003984615227817876
0.00017675479196849924
-0.00024713217292571124
0.0001914626623214944
0.00049473946831147
8.939280090205799e-05
-0.00018486197913486344
-0.00014893835394363632
-0.00035465066343097495
-0.00041250276042386415
7.052559584555312e-05
-0.00010231886673928083
-0.0002538236257167469
-0.0003032349973632671
0.00038744316107544303
0.00015006227420892614
-0.00027960328286012563
-0.00042515428908644225
0.0003492420544239337
-0.00012864970770009042
-0.00026778924040351485
-0.00032619453022337446
-0.0004185908183401833
0.00021837281489704968
-0.0003342058654216613
-0.0004386465073808175
-0.00040029810381750786
-0.0002554330888745091
-0.00022183036090794004
-0.0001122381215180921
-0.0002505873459444503
-0.0004859799375399865
-1.404901917134683e-05
0.0001590224588986876
-0.00019479682411642707
-0.00022505417317351918
-0.0003954486521878301
-0.0003565729404862211
0.00046625277058377236
-0.0002945257533608675
-0.000494911826145923
0.00028487660151302785
5.882448045164436e-05
-0.0003992534004591497
-0.00031933232515226186
8.772852167451969e-05
0.00013256769982667599
0.0004884278228771699
0.0002188565991233704
0.00018213704240477584
-1.7829250831999616e-05
0.00024464280846526966
0.0004821744264708089
-0.00013472601067102954
-0.00020739848549467324
-0.00021369050521982533
-0.00027454372539139813
-0.0004497987879568718
0.00017797038109011547
0.00032918443977229047
6.066788792277733e-05
0.0004734559665790501
-0.0003318608370555333
0.00030575399086939334
-0.00017919713077497958
3.9303367126190315e-05
9.689942264365717e-06
-3.5909922563621456e-05
-0.0003613896370634836
0.0002678562287383747
-0.000498868951444995
0.0003127736978872415
0.00023956338958716606
-0.00030678695338420717
0.00024029942624653148
0.0004051589467590472
0.0002153958267108859
-0.0004574500440071547
-2.1222364351291536e-05
0.0003044976764909324
5.4557774435155e-05
0.00010225321878008765
0.0002394481440928755
0.0002111238692227898
3.505864310433858e-05
-0.00033405054706130176
-0.0004479048373902551
-0.00011525403713087402
-0.0003860955572205884
0.00028520738249375845
0.00013199961806135887
-5.374638673100347e-06
-0.0004033074533348261
0.00018425741179133102
-0.0003366554454512626
-0.00026926111288925125
0.000290901401593468
0.00033522138321837817
-0.0004412107148022091
0.00031309213527591466
-2.6582178589356286e-05
-0.0002142921313728381
-0.0003608367156599882
-0.0001542446449613469
0.00013140089642863992
0.0003406734176253862
0.00015186377724899479
0.0002962934752686465
0.00013330634001900723
-0.00016814889166551293
0.0004394338025964365
-0.00029906474121755026
0.00040717613680663534
-0.00019224827044393033
-0.00016777870250590343
-6.51559568423179e-05
-2.9714418764433686e-05
-0.00038698641572110985
