0.0003773111183284629
0.0003167439247025066
0.0001591564059833003
-0.0002806844165830351
9.940046566042529e-05
5.04867183237556e-05
-0.00011924884280239555
0.00037076495269887063
-0.00023263534280542367
0.0001705790393067159
-0.0001518070941979821
0.0003400872459566526
0.0001481048383432695
0.00017735080501825112
-0.0003621303180901665
-0.00011076156835324746
-0.00025962175420067405
-8.270581016452783e-05
-0.0003639942342188591
0.00029208002102040656
-6.0929334073708135e-05
-0.00023785335278426111
-0.0001319249309413739
-0.0003128716195396155
0.00017936627887976935
8.374640791245056e-06
-0.0002878797611136338
-5.9250876256613713e-05
0.00028719024807124095
0.00014469726613554465
-0.00032525033357784706
-0.0004054352440231362
0.000130643154002345
0.00016497088408050223
0.00034411309235217815
0.00024810340455951225
-0.00034407135689137414
0.0002805898643010909
0.00038383631914132744
0.00041188924375928535
-0.0003013409103357398
-0.0001502756519808718
9.258348688178752e-05
-0.00023338973168588904
-0.00033254519386940784
-0.00016666343748876912
-0.00021536774578401175
-0.0001446196225023716
-0.0003668239295048822
-0.00010601559070920729
-0.00038218749891932456
0.0004621038730168894
-0.00015168174597129778
1.4118373877042311e-05
-0.0003239727747999142
-0.000336526460214216
-9.513763074148798e-05
0.0004858821130942924
-0.0003938230999569348
-5.140797376767213e-05
0.00025143413860500066
0.00014427825738842943
-0.000334771639477346
0.0002903445416667582
4.26552572133762e-05
-1.599372594963044e-06
0.0002904962004607667
0.00019925804793401657
0.0002605209434307225
0.00013824550433358775
5.7375931357668856e-05
-0.0003920534264095878
-9.633501892951444e-05
-0.0003966911247343648
7.630316776831823e-05
-0.0004468967734738425
0.00010431828386166394
0.00029686723925878035
-0.00048518134028070504
0.0003576664935962008
-3.4172745587027296e-06
0.0003821157689042333
-0.00026155522868429645
0.0003609349909707984
0.0002349557322713214
0.0002458907006406399
0.00017539622816117113
9.546637271684024e-06
8.727309100924627e-05
2.838289653686924e-05
7.165767225009753e-05
-7.689218111673989e-05
-0.00012972451141611676
0.00010682554430286868
0.00018562858843805497
-0.00011643569611675719
-0.00040923999310940373
-4.3312050832742144e-05
-0.0004783990623034856
-0.00019700386469986278
0.00043859951275574
-0.00010754719382397417
-7.000636593346653e-05
-0.00035340006469170926
-5.471029420106333e-05
-0.00019381412203851135
0.0003570281073516884
0.00020738051694812023
-0.0002942545432342758
-9.266392658560901e-06
0.0002985261622125362
-0.00031684619672010946
0.0003408555212433778
0.00013974778763586903
-0.00016235945972430766
-0.00032946294146802657
0.00040009353221538875
0.0004770925116688229
7.896516081548654e-05
-0.0004432215049433239
-0.00011590115207733289
0.0003646870983048488
-0.00024428717610623375
0.000259002698453134
-0.0003129146695449867
-0.00016856350111042317
0.0002434932242524943
0.00048640806720669466
3.6362501510996104e-05
-6.456365699017397e-05
0.0002941407236881128
-0.0004930799168150487
-0.0004860044386611676
-0.00017323920990790855
0.0002949047200243405
0.00030991750256677156
0.0004206432042845698
8.148057081875846e-05
5.620264778566494e-07
0.0003464157611667998
-0.00048126919737551187
-0.0001931019316619429
0.0004054727239124529
-0.0004073922159571235
-0.0004821873239267208
-0.00026285007959708393
0.00039813020006942675
0.0004503707825079219
0.00042321435652682563
-0.0004529690685398191
-0.000486728088183935
-1.6108608674318713e-05
3.144617251697507e-05
0.00020988252691236508
-0.00043503105306597734
-0.00023952161921630657
-1.266300308324633e-06
0.00028567862679363645
-0.0004393685894384515
-0.0001608034736474875
0.00041753571971071054
-0.00016119662324661632
0.0003396997685783422
-0.00011800927793815716
-9.46640983023155e-05
-0.00012542509817514371
-0.0004605178943149145
-0.0003275015281406073
-0.0002529294921360905
0.0001796836225372077
-1.3614598796387808e-05
0.00048543946210247786
0.00043056609420404556
0.00043607428843918166
0.0003181830951420343
-0.0004441504420793855
-0.00025637641958656054
-0.00017403477562928437
-0.0004882707285276994
-0.0004688475895661806
2.6524201430592684e-05
-0.00021564109329068684
0.0002273848932392486
-0.00036733583884633256
0.00038291460410799967
-0.00031620166539789385
-0.0001688963007381986
-0.0004435971968588448
-0.0004604371275462806
0.00022012074788368226
-0.0004278215571331132
0.0002345626385673161
-0.00014049499152566822
-7.94387565834551e-05
3.4482767403287576e-05
0.00042241414686633753
0.00029730391724684115
0.00037378032280691986
0.0003829989411737989
-0.00028105059781732134
-0.00026552688571982656
-8.473360263645574e-06
-0.00038898985686680756
-0.0003369191380308879
0.0002243409480127685
0.0001391196813432371
-0.0003936398795945866
0.0004800481290116194
-0.00046925373123799695
0.00029908195950593475
0.00013025517988169766
-0.00017049972864360152
-0.00021065921143803844
-0.0003956350377565842
-5.2615461307672234e-05
-0.00032114813624475457
-0.00021331578261765395
0.00035203438545335867
0.00025649987284439245
-0.00046430015040903506
0.0003670712880264568
0.00040188941634879485
0.00040961389319970796
-0.0004465233075161331
-0.0004568081740689712
0.0002826346038155964
0.0004915466325677892
-0.00040899837307389734
0.0003693438403875542
-0.0004096029861002423
-0.00015408909905847425
-0.00011726070362267683
0.0003661552603269097
0.0004488660562533425
-0.00048645075743883494
0.00041980949397109335
-0.0004932696789232445
-0.00037331663901443956
0.0001799009798693869
-8.42394993556115e-05
-0.0001755958070465051
0.00026716321977331506
-3.017641008343561e-05
7.118351725679778e-05
-0.00029863375561973895
0.00023794078697860887
7.869650266741871e-05
6.132740410701967e-05
7.73956410944275e-05
0.00014562591342881796
0.0001964674199039935
0.0003229499689319281
3.6837693578076224e-05
-9.017224251075797e-05
-0.0003749614535870188
-0.00010343115934221024
0.0001736588759750409
-7.723218931048937e-05
-0.00047394803057228084
-0.0001930111731698272
-0.00038063508981063944
-0.00025912056978660977
-0.00019257128612274333
0.00043750948728056593
0.0004395279737997239
-0.0004105310529768355
-6.911083380386216e-05
-0.00013230341194141383
-0.00034125415249525805
0.00011735224500748504
-0.0004769837493993575
-1.5806525367430214e-05
0.0004246939035370737
0.0002580693971363607
0.0004544831662119331
0.00026077313062452883
-2.109359918212294e-05
0.000387563696713858
0.0004538866093279024
0.00042132091004314597
-0.0004285685649378904
-0.0003474706543463123
-1.0690722587639078e-05
0.00036365551574002897
-8.691006017264735e-05
-5.441502583083832e-05
0.0004788908881752669
-0.00029061036296203723
-0.00045977821286141896
0.0001752394953669392
0.00019511127869965828
-0.00037630340435898405
-0.0002713919425908947
0.0001835535767308646
0.00022659964697270443
-0.0004137840702003635
-0.00043519685694146906
-0.0004946972388618718
-0.00034896628293899236
-0.00044417553182539036
-6.082431389600539e-05
0.00018182642722954358
0.0002270368825042536
-0.00044071886079382906
-0.0004401999773785301
0.0002451933164855835
0.00020989003097177377
-6.954125847350812e-05
0.0004972678221658315
-0.0001361691028663675
0.000468651783872233
0.00012427618191005938
0.000322053743475795
0.0003599359199873731
0.0003398198578861381
0.00042230666210530256
-0.0003266906866090754
-0.0001405515634048731
-0.0001085482931912718
-0.0002763043164976663
-0.0004956765479208344
-5.6002023615429636e-05
-7.186046548238943e-05
-0.00046123355310488944
0.00031872763663444935
-0.00034853622392622575
-0.00011490323870858276
-3.055693289362151e-05
-0.0004065893454519667
-0.0003718975712043471
0.0002902549890166817
-0.0004244179509117867
-0.00019737039083050347
-0.000391875364526985
3.385125637839258e-05
4.204934061442832e-06
2.026282355639111e-05
0.000360468163443054
-0.00039680132402773526
0.0002758790062712548
-0.000342857287544054
-0.0004574788851399211
-0.00022496982798731981
-0.0001868531610231904
-0.00023956611068072064
-0.00014087385418850776
0.0003184634253321526
-0.0004938812923503359
0.0002143035008908414
0.00021547422657075923
0.00017299406127468963
0.0003232826639904575
8.472750277650092e-05
7.443295452092317e-05
-0.0003540752263451176
4.667179034287174e-05
0.0004428789636693899
-2.5757568534153787e-05
0.00040132351621084965
0.000476468374510315
0.000404127901723764
0.000292954756294567
0.0004491054389036184
7.959654292537732e-05
0.00011487121103337318
-0.0001272566548778533
0.00037377690039957275
0.0002818639969623362
0.00039177701870493804
-0.0004224860799111121
-0.00011672903501749188
-0.0002817417830929546
-0.0001922093450295126
0.00018582781836415092
5.176141645473755e-05
0.0003710599088127412
-0.00019562148771949553
-0.00034946906233343825
7.638048162294478e-05
-0.0002850140841162567
0.0001284390531155464
-0.00037836728494254314
0.0002129148750471939
0.0003153179973431361
0.00036317964460403046
0.000497106148789974
0.0004943037225245122
6.156374261962556e-05
0.0001287221236384641
-0.0004656662010993855
-8.49723583146129e-05
0.00019423282144032735
0.00024028776211426368
0.00041132978715743395
-0.00010045980516628451
2.682844126880937e-05
3.8688469463298795e-07
0.0002218220001539863
-0.0002596734300132627
0.000343213096694023
0.0004223239800114002
-0.0002476314956654874
-0.0002527264548380227
0.000299979185068776
-0.0002999859811661014
0.000395848559866627
0.00022915570788639564
0.0003911901437002348
-0.00039654061818699315
-0.00010585391896679084
0.00023749132856594696
-0.0001789287597502032
-2.7818087157410992e-05
-0.00014598473946198534
-0.0003252180482273511
-0.0001280056195422511
0.0002178544246216581
0.0004984612809692723
-0.00010943863972209036
-0.0001598043514848904
0.0002866816411248935
0.00014892973886208426
0.00042351745832445585
0.0001712419037150039
-0.0004419258746763639
0.00030787541296062304
5.795977557394752e-05
0.00044133770080760767
-3.9545135383261664e-05
-0.0002804275378153186
9.019486191999863e-05
0.00035826008452565156
0.00020496858157202094
-0.000304390318359758
0.0003543732010290614
-0.000458390445467724
0.00031807896400141067
-0.0002871421755628197
-0.0001479623902630315
-8.462567057479752e-05
-0.00035501654428957775
-9.238166491349633e-05
7.552021030254852e-05
0.00012296180830216022
2.4201673007485307e-05
-9.656005886057249e-05
-0.00030655036073072616
0.000241700131554652
-0.00012367062124352802
0.00021661618552104914
-0.00022492725564517314
-0.00026075907052239435
-0.000405080898747485
-0.00042433203687912657
0.00034587909533679423
-0.00038281262735447133
-0.00037369814010045055
-0.00025460044200864063
-8.693868097141522e-05
0.00038184676050849985
-3.685397594376216e-05
-0.00019104461469928168
8.61663699397012e-05
-2.3100653077409933e-05
-0.0003178273454499947
-1.8842826036174283e-05
-0.00013794491685708134
-9.987195937005743e-05
4.689255650608317e-05
0.00019780630621063185
-5.87699625504119e-05
-0.0004552906603858881
-0.0004458930928459629
-0.0004614092937591973
7.802871638566103e-05
-0.0004581519396723993
-0.0004318882699842649
-0.0004755777518167924
-0.0004958776253767039
0.000438116911767116
-0.0003958881924695259
-0.00017786565636868768
-0.00033885676912469396
0.0003742622966838935
2.380889584195124e-05
0.00018006319361500592
-0.00015076769690881197
0.0004763224955623654
0.00036161499305423293
5.1325451932795834e-05
-0.00012813999235837748
-0.0001280349261409052
-0.00010146620557810926
-0.0003911671668773875
9.90761363649428e-05
0.00024794183885654456
-0.00017873033262575457
0.00012953659509394133
-0.000200664644973128
-0.0003388440378414359
-2.9448177277687545e-05
-0.0003960194127950798
-0.0003285126151217378
-0.0004466033428951921
0.0004516160962024099
0.00047397976678594856
-0.00026255210889749984
-0.00019509960396485373
0.0003058376016172046
-0.00027488493245575864
0.0002910788521211842
0.00012376178329809458
-0.00027928584290211626
0.00032744492030585375
0.00028228545604370547
-0.00010071730777081735
-0.0004211389234955314
0.00035310062276778023
0.00024537019666726935
-0.0002931362551760397
-6.112282307959351e-05
-0.0004837842690748292
-0.0002994190950666981
-0.0002928780905172947
2.6116188880536176e-05
0.0004949933972518857
-4.5544353966336395e-05
-9.508605290124407e-05
-0.00047412368163720275
-2.2395995442711257e-06
0.000464102575647327
3.1114396989736386e-05
0.00037562187787907166
0.00042068611905290824
0.00019815278406423915
0.0003097967180469589
0.00047317998570945373
0.0002419551704284286
0.0001571681942462873
-5.809257454019736e-05
0.0002474907270548981
0.0003014300159327163
0.0001017926065664111
-0.00013754508875284734
0.00042681467220182596
8.938685460235416e-05
0.00024281753129756106
-0.00013861013328577885
-0.0003457750428634865
-0.0003620465907191889
0.00035684323041870357
0.0002776178923942634
-0.0003071868569573625
-0.00032354501518933
-0.00011692057476825579
0.0002366971300497427
-0.00024559416104416544
-0.0003698852023810552
0.00032108640688075245
2.9773374222067696e-05
-0.0001572385764601367
-0.0003647903933899881
-0.00034495552634550465
-0.00025185439840668154
-2.670441743243303e-06
0.00031478317168829955
-0.00048564645026727784
0.00036221067710956337
0.00046867887253019104
3.514508056821149e-06
-0.000311240339655096
1.7714123993596152e-05
-0.0003785198276727886
-0.0001650518576302956
0.0004188061777309007
-0.0002324012332381761
7.476831762307358e-05
0.0001895244457691868
-0.00023589388534704057
-0.00020258092610949064
-0.00016778541533047362
0.0003475129956162136
-3.6674370185536733e-06
-0.00022942172575724472
-0.00047699599805771777
-0.0003729349918360212
-0.00020376490049313567
0.00048269008652874644
-0.00034542145599747155
2.9306036097517113e-05
-0.0004612422064274226
-0.0002794288039400984
-0.0003032398907192233
-0.00026376130503028374
-0.00014397294078366242
-0.00047189103027674416
0.00045261179320584867
0.00012626546350446774
-0.00016954982858511172
0.00027670865653509665
-0.000292158925382056
-0.00019161315431555592
0.0001894126863657595
0.00045816338586824863
-0.0003713733577129729
0.0002194175209294573
0.00016171478682045805
-0.00010749277104677736
0.00015458766624232843
0.00031498768436228654
-0.00033225691767972037
-9.725593122455724e-05
-0.0004875393409846055
0.0003766528915477072
0.00041763943195743947
8.279433476966497e-05
-0.0001857871805464191
2.4164938786173495e-05
0.00016612159766511833
0.00015401532837495274
0.00031212899480262434
0.000357564256234686
0.00019552448309273311
-0.00018641416766860056
0.00035600359263171944
-8.116870184203919e-05
0.0003321733223202734
0.0004381247718019701
0.0004514799285180206
0.0004744838397466604
-0.0003876874332869461
-0.00033537951888688644
0.0004916583026854718
-0.00033281969111136246
3.7852957814222036e-05
0.0003274991576205881
0.0004366015707656395
-0.00035635726805527315
-2.884048102519708e-05
0.00043744019475886137
-5.797821681121252e-05
0.0003017868395073488
-0.00041736693967000605
0.0003449387090192214
3.300715156693288e-05
0.0002615649547761214
-0.00026046002054152216
-0.0003218198898978021
-0.00045466477744544377
-0.0004348275303129688
-0.00030134496044400313
0.00012758825994742685
0.0002180671805102612
-0.00016850611240989776
-0.00022808553647606447
9.199098012880572e-06
0.00017594387428946452
0.0003147427708498126
-0.0001996924197769129
-0.00012402321916053208
-1.4491429017818877e-05
5.979805782889891e-05
-1.340390806069678e-05
0.00045678852538577077
-0.000339631910398839
-0.00019502094843681705
0.00044689537240602236
0.00045188976603923966
6.27323906516713e-05
-9.093089580679628e-06
6.836188012394255e-05
0.00015813689107129077
-0.00021573590889306394
0.00023964903308391179
0.0004581611250360243
-0.00014432768188796317
0.0004697704635166761
9.315269972111741e-05
-0.0002475856500510789
0.0003617196649405446
0.00016936105661426051
4.817010984610633e-07
0.00019998800770764887
0.00027725375949481934
0.0004175376308046551
0.0003530396582279795
0.00035622993833615976
2.3426969387470905e-05
-3.387572305716378e-05
-4.585433747439794e-05
0.00010403088191841955
-0.00043832450061488616
1.9670928699008056e-05
-0.0003120784473152909
0.0003090733602473171
0.0003588453208995952
-0.00038923563118285656
-0.00018668664054010618
0.00016552593534250226
0.00012106609331841243
-6.379972310663562e-05
-0.00014208104726592485
0.00011158672290110085
0.0004397195477016995
3.51855051872169e-05
0.00010910389804511618
0.0004963445126957545
-0.0003059339215241198
0.00037245754786068724
-0.0002445067994563147
-0.00019370377403651472
-0.00020487209395928505
-0.0002608036191411187
-0.0004962990907796999
-0.00022630202002810553
-0.00042475575394874943
0.00029993504305645454
-0.0003357789579363858
-0.0003871669799740224
-0.00014846407996981073
0.00026599763359481975
0.00020961313597022422
-3.904370356011186e-05
-5.855647187807332e-05
0.0003492457129197277
-0.0001599170128684527
-0.00047165450302182657
-0.0002137421904770186
0.00041822059834371655
-0.00022862079969222739
0.0002692824912145556
5.15270457386416e-05
7.010815431079595e-05
-0.000418019849527852
7.738502719167775e-05
1.2070343347584506e-05
-0.000471045689295325
0.0004987689862914284
2.704416542963434e-05
-1.4251370497418562e-05
-6.0475978244680566e-05
-0.0002624794777772248
0.0004718149451874138
-0.00039453587985913195
9.36014446040785e-05
0.00029281240547560756
0.00026896937875757617
0.00011158144953229412
-0.0002352984030641483
-0.00012513097569355578
0.00039723653478051406
-0.00043190182505926223
0.00035402486587670875
-3.125663689968573e-05
-7.683529996206905e-05
-6.724415515170902e-05
-0.00039872653739452836
-0.00032041729754497166
0.0002514060512577203
-9.348742565424466e-07
-0.000495936954002619
-0.00032547454457007276
0.0003900824350634083
-0.000160857279870272
0.0003700352495205158
0.00048406802022972505
-3.8543157302241586e-05
0.00018741632549072284
0.0001427109135252679
-0.0004960742791818641
0.00011158333491664884
-0.0004350261086212981
0.00026721656444091916
-0.0002999138727060327
0.00045038508219855805
-0.00023310197190030046
-0.00013791171518325507
0.0002731730015426285
0.00037968456858777553
0.0004252371622426906
-0.000381238337844793
0.0003511840558211843
-0.00018014186579469015
-0.0001971725122549267
-0.0001301038778190361
-0.0002065409188576728
-0.00018816956826222544
-7.681755101423117e-05
0.0002956411199085072
-0.000159271370438259
-0.000421701448129967
0.0003358659160988145
-0.0003229692242663874
-0.00026636104504287796
-0.0004707585305765693
0.0001111252288070523
0.0001842872291874224
-0.00034913870092206304
7.689903449549583e-05
-7.355083831499275e-05
-0.0004433137508932498
-0.00039460827294442093
0.00024701705518705033
0.00032443738743179857
1.1429956791451706e-05
-0.00023714402265497637
0.00043354144464538417
-0.00023389820872513214
0.00029608299354329996
2.679877100907036e-05
8.556666176325089e-05
-0.00045187134709583223
0.0004966403690915232
-0.00011117520806400692
0.00024269194184684342
-0.0003555216746579377
-0.00011688555988325933
0.0003221527287630377
0.0001523358996303268
0.0004618285992451049
0.00045655464506546466
0.00017456670257869295
-0.00027709246111226073
-0.00017820783532711374
-4.914877387294294e-05
-0.00022950772820570553
0.0004033891863844006
0.00012798552935702073
0.0003300138752432779
0.0003067407932044685
-0.00018566121499711397
0.00024307191737478711
0.0001640787361299463
0.00013151541644933185
-0.0004835647346834654
-0.00041261413810790283
0.0004941276122795324
0.00044263652377104904
-0.00037086894459595896
0.0002886195912861647
-6.018244998207589e-06
1.540524156360681e-05
0.0001139548680523366
0.00015877390282794724
0.0004022130811554795
-0.00013836559921454506
7.424854523819125e-05
0.00040127692447905114
-0.00032893640738425957
0.00015266698390966693
-0.00017946445430370317
-0.0002044540135882822
-8.955757915339211e-05
0.00037285899523103344
-4.348281772119378e-05
0.0004966685627574693
-7.060535313055172e-05
0.0002247065483779242
0.0003130891656553393
0.00029441596214914044
0.0004599706672583164
-4.708606248632287e-05
6.271706342981316e-05
0.0002781729802654652
-0.00020140109362877068
-0.0002832731832793408
-6.181734358381454e-05
2.681835005447007e-05
0.0004744112664305236
-3.4989125731131046e-06
1.8458054525378196e-05
-0.0003056480816261409
-7.245385912345759e-05
-0.00012927888061989014
-0.0004843594292589174
0.0004691116867017108
1.648840930155548e-05
-0.000261333852151895
-0.00047217376752321674
-0.0001575501698523569
-4.407174348902937e-06
-0.0004603745760119498
-0.00042240033286918655
-0.00037822416498432566
0.0003941218570298156
-0.00040212892892107577
0.0001332410809757234
9.858121046189209e-05
4.80253644160641e-05
-0.0003356938953429879
-8.042172553507566e-05
-3.496106055911563e-05
0.00011304945714495454
-8.797312534155612e-05
7.223979768312266e-05
0.0003275150735757809
0.00042543564796565384
0.00029934305159671863
-0.00026175689406040815
-0.00015389361465010555
-0.00028518274671251195
0.0002882686009439032
3.998289755424906e-06
-6.870624617842338e-05
-0.0004827616475181118
-0.00021200202792030456
-0.0004725852420102987
1.0523656859628885e-05
-0.0003238775520039782
-0.0001432054789953855
0.00033905273373220136
0.00035606169170314416
-0.00019839605973978136
-0.0003609662657308822
0.00030129527583850485
-0.0003209092139115547
0.0002763293056478011
-7.636733944077012e-05
0.0004981052204700064
-3.0808766467374765e-05
0.00020067809763968294
0.00024678389603515437
-4.977672004418201e-05
-0.00029885896163925005
-0.000475932881836886
-0.0003885265400496303
-0.00023086777123224435
0.00024471909462169493
-0.0004581832934568214
-0.00028572284960741087
-7.933452294346834e-05
0.00020671246273269847
0.0003683187274627725
0.0002956408978038715
1.5724766979986087e-05
0.00010970502799913337
-0.0002564524401554832
0.00019568366843424252
0.00013732372904294652
-0.00013214009102382443
0.0004612430043385769
-7.981102967734397e-05
-3.1095023491015366e-05
0.00037691649253791316
6.253729212472685e-05
-5.921585532065962e-06
-9.41021882587527e-05
2.5211265676127175e-05
-0.00013510729723814418
0.00014875276202046825
0.00017789926232013547
0.000271791341589582
0.00021887342145855161
1.1807912308150646e-05
5.582887089130651e-05
-0.0004005051724356741
3.862839756746763e-06
0.00019246241734781203
-0.0003108755512282433
0.00033882450805771866
-0.0004298844763312308
-0.00019015187688756587
2.632186768523404e-05
0.00030675310996872043
-0.00047761116855442245
6.951244097947709e-05
7.569777473853754e-05
0.0004382316900586619
3.0124227146802532e-05
0.00016944873884339857
6.0794765742664346e-05
0.0004635374401567474
-0.0002634970501589937
0.00010447682726313944
1.190848878106362e-05
0.00029973206044509753
0.000310852346899762
-0.0004871039915053389
-0.0001097133206707238
0.00012501737926763807
-0.0002854358015736619
-0.0002069199105994607
-0.00015767709839603194
0.00040814327111588845
-0.00023760616127753068
-0.00020041696258533894
-0.00040173906705256155
-0.00030652851925086337
0.00042726638464982505
-0.00020439256103665162
0.0004383338620401073
-0.00027477618110316183
-0.00037358995274841653
-0.00015456208145805906
0.00022911680684633662
0.00019876706771035293
0.00017111128740768462
0.000259013359144524
-0.0003184452677118713
-0.0001653202705613002
