-2.9511278996227843e-05
2.3908870291563244e-05
-3.2683310077455586e-05
-2.864178224577392e-05
-2.2122358023022527e-05
1.62154797021649e-05
-4.428165334141736e-05
-4.375067839070653e-05
2.2806679540949734e-05
-3.7858071248047564e-05
2.032882048442421e-05
-4.100576902044153e-06
7.428735547952947e-06
1.6177502195435395e-05
-3.8717774461096025e-05
4.8615161827672086e-05
-1.2611921701466701e-05
1.8489019141302528e-05
-3.764982252402265e-05
3.567370727030907e-05
-4.758702260956912e-05
4.137304011731875e-05
1.5082424359981835e-06
-4.291824789950546e-05
9.040033001079139e-06
2.941234104388511e-05
-1.6738402830956846e-05
2.212834864350014e-06
-4.9448907803968084e-05
-9.795290193977853e-07
4.184330777969506e-05
3.4869785137356863e-05
3.321090625934396e-05
-4.560184030243587e-05
2.2965807555161564e-05
4.280725185967191e-06
-1.807338251783145e-05
3.8154531778255295e-05
-3.351702325085366e-05
-1.6494716416277798e-05
4.729382536527893e-05
-1.9343593561975227e-05
-1.7877884108519527e-05
-2.228687858715718e-05
1.9410291487763125e-05
5.310694169731044e-07
-1.4594953622902354e-05
-1.945473476117784e-05
-3.3235142658528344e-05
-4.7322387660486155e-05
-3.8319006080507114e-05
-6.55073487733172e-06
-2.3215384212883772e-05
3.9017956476433256e-05
-2.1842858792606224e-05
-1.987558277528976e-05
2.987890145365579e-05
-1.9305182312714505e-06
3.627823612096214e-05
1.1393272052914238e-05
-3.0306010649381012e-05
-2.7599994814823395e-05
2.627026418022755e-05
3.434571284086275e-06
-3.872385668632115e-05
-4.694241303118129e-05
-6.296361490055123e-06
-3.380969412416809e-05
2.281640223889459e-05
2.437435731323793e-05
4.6919043065823906e-05
-4.238792070128892e-05
-2.0264020332911405e-05
-2.9828292556399506e-05
-1.0782382496592924e-05
4.0459890641160154e-05
4.667784898503422e-05
4.836665644342354e-05
7.393769539947758e-06
-2.979007101610205e-05
-2.694780305904082e-05
-6.213716191628907e-06
1.4463611296678079e-05
9.606523677267399e-06
4.348426583981525e-05
3.2649560476161506e-05
-3.845977604736435e-05
-2.8140801648396755e-05
-2.1382658222672703e-05
1.9204317297492176e-05
-9.159284270227453e-06
7.030891493074456e-06
3.323040354322019e-05
2.007231322952908e-05
-7.238682721834471e-07
-2.4726889960260936e-05
3.690971356800814e-05
4.664392276721725e-05
-3.359145650993587e-05
-4.4532016492093295e-05
3.2606260969245995e-05
1.1890522896959852e-05
9.229252113350415e-06
3.153289800873847e-05
4.8224452145375364e-05
3.1664839828643756e-05
1.3441147820029778e-05
-1.4430584904379639e-05
1.6177326137658205e-05
3.3794741842982486e-05
-2.1383768966867736e-05
-2.1370024848684424e-05
4.788920044620458e-05
3.687676904020086e-05
-3.500580280685033e-05
-3.915428687567875e-05
-3.841177324558775e-05
-4.040664703394982e-05
-4.165583263136921e-05
1.0345014123801965e-05
-3.8405945588715844e-05
-2.0202015727303714e-05
1.124820080163057e-06
-2.0015826766711276e-05
-4.1153013148923455e-05
2.29202204081014e-06
2.9838960632010205e-05
-1.1713090133964699e-05
-2.880660111432876e-05
1.902564939665412e-05
-7.050755247486948e-06
-2.773655236613292e-05
-9.583643404865281e-06
4.555666590806731e-05
3.425760965200786e-05
1.0683643702087312e-05
-1.1657976541780667e-06
1.1430193687670947e-05
4.17695349521618e-05
-1.4311296320640679e-05
3.2643229970179915e-05
1.6195149142854462e-05
4.1231053118646274e-05
-1.0890436574070974e-05
-4.265433147729373e-05
4.9759322333080355e-05
3.205014155673492e-05
-2.5148879929502255e-05
-1.699774381541572e-05
2.2681707039503458e-05
1.6858030960919497e-05
7.395151723426208e-06
4.1265053744002615e-05
6.4283289711431055e-06
1.0875064103951361e-06
-3.099999225425835e-05
2.861282628890627e-05
4.159144615501801e-05
4.329786692563883e-05
-3.081407329101e-05
1.0724486827504823e-05
-1.657836773299253e-05
3.5358349275279817e-05
-1.2263479355157138e-05
-3.2813221890577505e-05
-6.167538809019954e-06
3.8378449374753294e-05
-1.915376021852602e-05
-2.6772288048590196e-06
1.2073702847888693e-05
6.761696356363812e-06
-2.032200591182668e-05
-2.372528619462703e-05
-3.3993026379070353e-05
-2.5105784926303087e-05
4.273381181444189e-05
-6.346188762259163e-06
4.7449022955644146e-05
-4.242444319483081e-05
-2.409139354471256e-05
-1.6957890436343536e-05
-3.376059593366436e-05
2.7564993761139597e-05
9.043700487294717e-06
-3.440137733901271e-06
3.464858042471315e-05
-2.1056775203490697e-06
-4.1209268057874195e-05
-4.609977798207341e-05
-2.653121548344354e-05
-2.6241246566661292e-05
4.249729614634375e-05
-2.4378495657262856e-05
2.7580521039926398e-05
-1.950341365188616e-05
-3.876468354131677e-06
-3.358183458840931e-05
3.19506033705225e-05
2.381554224533206e-05
2.6252675580231188e-05
1.5186672479478943e-05
4.4681362842294006e-05
4.7849982536611725e-05
7.775475479551808e-07
4.4922999276403236e-05
-2.2225958703752403e-05
3.100490546349075e-05
-2.902757159410775e-05
2.558476543480683e-05
4.888239994177462e-05
-1.108430570862743e-05
2.0092556610302652e-05
-6.820937881130674e-06
-2.299675615298969e-06
-3.263324199322216e-05
4.030849077932823e-05
9.18946881254368e-06
3.0441288290652048e-05
1.596104861126133e-06
3.884629842588488e-05
-3.6147139830167076e-06
-3.122021100871927e-05
-5.587117515186227e-06
-4.6260686742925094e-07
2.875458331105279e-05
2.75010666417108e-05
-3.903955621393437e-05
1.965512806153646e-06
2.6011098140373255e-05
1.3825542686921406e-05
-3.2684817526250487e-05
3.099963790597998e-05
2.4868409971416244e-05
1.75938087074398e-05
7.133677642852734e-06
4.094771256096006e-05
4.817626560631635e-05
1.1986557021895646e-05
-4.897101429468134e-06
-6.085181233683815e-06
-3.3720897159851905e-05
-1.2201439561123496e-05
-3.605578180152858e-05
-2.364763373880895e-05
1.0862974997726102e-05
1.8698935101431545e-05
3.32218170771102e-05
4.5879647858756285e-05
4.36012109137514e-05
-9.372483206198664e-07
4.676877101735359e-05
2.427760158360035e-05
1.5027898758226381e-05
-1.5270823253288126e-06
-3.6683252328161235e-05
4.667474573243925e-05
1.2660733684614972e-05
-3.424664061200754e-05
-5.396093969713203e-06
2.443660673799188e-05
-8.24267936137869e-06
2.7409525551749148e-05
-3.11803116052795e-05
-4.497875971722276e-05
2.9549819297087656e-05
3.9218184724089184e-05
-2.6574975463416595e-05
-1.0447323295963998e-05
1.1354490444097721e-05
-3.3220870418531153e-06
3.0192689818840766e-05
1.7269955370309116e-05
-2.4166131575196493e-05
-4.762373795073916e-05
-2.3115408967090056e-05
-4.8404298882557856e-05
-2.77597275190401e-05
-1.1843188608672139e-05
2.861035438580875e-05
-1.6828375491963012e-05
3.339377035521609e-05
-4.9085527326002934e-05
-2.2081625912140203e-05
1.3339107378940614e-05
-6.63616777579631e-06
2.2062572966191067e-05
3.001884031532989e-06
3.5944358365754444e-05
-1.2666268003238725e-05
2.1324498763966388e-05
3.523955033997151e-05
2.7670794364141337e-05
1.607769682081368e-05
2.298701999596476e-05
4.1417648721543016e-05
-2.9687015409733536e-06
-1.4608642572294737e-05
-2.0490581456546698e-05
-3.1506655223214816e-05
-2.9964394041419553e-05
-9.111117160502127e-06
2.3872305563317946e-05
-3.314888925518959e-05
1.8949388073354895e-05
4.945284063271064e-05
-3.9400578475649634e-05
-6.501234444992321e-06
-2.38114778923237e-05
8.426701129817463e-06
4.700112611300546e-06
3.0153431147568738e-05
2.265826495605271e-05
-4.9200139960250336e-05
8.685776415888466e-06
2.8610216608697313e-06
1.9666664722519762e-05
-4.90297201771923e-05
-3.3167792365367434e-05
1.6153977685857186e-05
4.605207209914033e-05
-1.6481036764446854e-05
4.409627935178567e-05
1.1323602454911824e-05
1.7657813982047107e-05
1.1596845669079626e-05
-3.749552678484759e-05
4.119025205157694e-05
2.710792914596899e-05
7.695898510921671e-06
-1.8692968002431375e-05
1.2651908773244487e-05
3.5700050680757206e-05
1.3410919158440876e-05
1.9596805261806373e-05
3.546278063473871e-05
2.5790788924260517e-05
-9.523589110702667e-06
4.510322630480885e-05
3.7657300633027304e-05
-5.240592392954905e-06
3.218860610839319e-05
-1.5286980382697356e-05
-2.652298279776725e-05
-2.285424485226958e-05
4.159720186857921e-05
-3.616837346696428e-05
-4.0730620491000504e-05
3.796486359343389e-05
-2.3045584580076475e-05
-1.2624954978466375e-05
7.69187978356063e-06
4.640602205299559e-05
-4.19696249965381e-05
4.251870900568104e-05
1.4691886227318899e-05
-4.735599876904373e-05
2.5088800115108074e-05
-2.0379612970475338e-05
4.174544053437919e-05
2.3841157841605554e-06
-1.373551182063392e-05
1.7022189131410573e-05
1.1598859400210026e-05
3.149804440468053e-05
2.0111341420747568e-05
-8.814985701633672e-06
1.0740911928967367e-05
3.0241198002036537e-05
3.74570674455578e-05
5.393774193461788e-07
2.3568619375251495e-05
-3.0192568547972077e-05
4.3694666158698406e-05
-2.2791938067348252e-05
2.3896010640304782e-05
-1.1094548343486746e-05
-4.221265871935526e-05
1.9109461135437848e-05
-1.4532910016875632e-05
-2.9087071177863846e-05
3.396691727353343e-05
-3.588222552302077e-05
-2.5088919436673963e-05
-1.716015873150749e-05
-1.0942612952792883e-05
-3.4003202078321883e-06
1.8393640449520164e-05
-3.945783191942027e-05
4.484920075772113e-05
4.6819502624359e-05
-2.4325748255120338e-05
-4.4964787132919884e-05
1.0608862479479563e-05
7.76979708251385e-06
5.029423289349856e-06
-2.798041467447927e-05
1.424271277732105e-05
-3.449635858984055e-05
-1.1263817842934289e-05
-3.8770466163457977e-05
-1.650864031590559e-05
-5.610703232266109e-06
2.8212114403666784e-05
-2.5483272522487612e-05
-4.562919900800207e-05
3.755181190338656e-05
-4.662416115192673e-05
8.009174901263019e-06
5.664756404246488e-06
-4.411709681696472e-05
8.429664554206664e-06
2.681640873356292e-05
-1.283772922966372e-05
2.537410503341687e-05
8.533499543723533e-06
2.906492238281957e-06
-1.9144169517669255e-05
2.8801390919839025e-05
-2.867016527074527e-06
4.3107359424580104e-05
4.171875886734999e-06
-2.5443796492842408e-05
2.6396267342759288e-05
-1.897445044490922e-05
2.4734582842093752e-05
-3.888510719608727e-05
2.7047206245095614e-06
8.027077106030365e-06
-8.74975209029184e-06
1.081875827262939e-05
4.565329369142658e-05
8.672809099418413e-06
2.5151221257997177e-05
-4.949494822331188e-05
-2.818399832329095e-05
-9.862855070261973e-07
2.3251539995773646e-05
4.965134763517798e-05
-4.4695628446090535e-05
3.322748707123998e-05
-2.273541925518381e-05
-2.284508560281665e-05
3.6135214036950814e-05
1.2198345587647292e-06
1.866477444093353e-05
-2.4717178452891076e-05
2.7033958354794113e-05
-2.6428812044022192e-08
-1.8960028383226516e-05
-4.5827539431671796e-05
-3.221754977000282e-05
-1.5672066792420622e-05
3.308419110985422e-05
-1.1359494085703379e-07
-8.035865727025441e-06
-4.8552656097330096e-05
4.009993507084478e-06
1.6757549969835022e-05
-1.1081484812588273e-05
-8.08718307384728e-06
-3.2146865340997494e-05
-7.798867088606918e-06
1.0199030994510386e-05
4.004224509384534e-05
8.819188265432484e-06
1.8121795918582755e-05
3.528664117315203e-05
3.400925247641399e-05
4.1064895719303964e-05
-3.636307813683556e-06
5.260669535153773e-06
9.827549410734429e-06
3.516665053860087e-05
2.3019409080776928e-05
-2.9699898030183814e-06
2.2650690662412598e-05
3.585546520661738e-05
-2.7780681472411452e-05
-2.5864474670550632e-05
-2.7165897012932928e-05
-2.0549112886174383e-05
6.4159787298715405e-06
-4.173624045880342e-06
3.5532415571210356e-05
3.0984086667443486e-06
-2.3695443951766905e-05
-2.027561387236292e-05
-4.696772767836703e-05
2.0471838948067966e-05
-9.694121525873192e-06
3.878461266519873e-05
-2.9163897335227206e-06
-4.457020841621746e-05
-1.3073915569008956e-06
-8.723796810519805e-06
1.7665840992740577e-06
-1.7694250110764595e-05
-2.260071446319122e-05
4.078783433501825e-05
-2.0885765289805638e-05
-8.944996659045822e-06
9.051513829900793e-06
-1.074156063772215e-05
-2.576807450471833e-05
-3.81129923036789e-05
2.1244169199249252e-05
1.100493150327733e-05
1.6748693975208302e-05
1.59026840782283e-05
-3.848689332352908e-05
-3.530438209799196e-05
-3.056310400742237e-05
2.0339014500693035e-05
4.888566368603599e-05
-1.0219841461353285e-05
-1.260697842057753e-05
3.090953034092342e-05
3.302084944154953e-05
-6.20897841935303e-06
3.565397047951405e-05
2.5977776356083295e-05
3.288845441152568e-05
-2.0103189945508216e-05
-1.4535329811053646e-05
-2.784659657585469e-05
6.8161293551084225e-06
-1.4751459714705507e-05
-2.6606570694347356e-05
1.800900324806557e-05
1.1454886640735721e-05
-1.2486412726332096e-05
-2.4313546884517224e-05
-2.7233522531555122e-05
4.8014909021510054e-05
4.242540981906175e-05
1.9412389999406172e-05
2.971391913230805e-05
4.193627050193019e-05
-3.1898855080690484e-05
3.17215048239178e-05
-2.2902004912663743e-05
-1.6914546167839912e-07
2.6621158779099902e-05
4.915914994460361e-05
-1.4400193916001235e-05
-3.144603232908886e-05
-3.6678131146819204e-05
-3.367801242932462e-05
-2.291318838463371e-05
9.867438238389194e-06
4.649587410439755e-05
-1.198487159293966e-05
2.2941393736696577e-06
-1.4969355356066152e-05
-2.4704777687172932e-05
-5.963478037617375e-06
2.896971951940427e-05
2.8208077475156897e-05
-1.1172699786928417e-05
2.115413953447382e-05
-2.3087700840874217e-05
-1.47706850107585e-05
-5.490218377805656e-06
-2.5804350140580113e-05
4.5624719721129505e-06
1.9435409792537305e-05
1.1842169108368279e-05
-4.1874637532202566e-05
3.843713112370452e-05
1.1054220676173664e-05
-3.3625950537266835e-06
5.955057639472703e-06
-3.277078224439967e-05
-3.838547655571638e-05
-1.7968390795988785e-05
4.8515882265385856e-05
4.65773406485467e-05
-2.3027833964208456e-05
1.3176339911642999e-05
4.13870422417153e-05
-4.075635046757832e-05
4.856006847102581e-05
1.106986856035718e-07
-9.992540333278854e-06
-2.3944418561797943e-05
-3.7114746604327702e-06
1.1992776347525352e-05
-4.946944286165155e-05
-3.190497851971176e-05
-3.264393184450741e-05
-2.548014133048237e-06
-2.9646616348366818e-05
-2.1996605439520825e-05
1.3716797540637179e-05
-3.127945038065718e-05
4.835196841778592e-06
-2.343797686245879e-05
2.7291950364241066e-05
-4.906624220936154e-06
3.840656039260364e-05
3.468927203903732e-05
-3.8424616726907455e-05
-4.796289829385289e-05
9.52244271995558e-06
-4.0619188928196714e-05
1.1019597600012523e-05
-4.41202988143102e-05
-2.5454231241642422e-05
3.6188286569198215e-05
-1.5275874022105862e-05
-6.494805801925344e-06
-1.4288214977892688e-06
3.669444162414477e-05
7.337277748759499e-06
-4.493464693605357e-05
-2.797063643923984e-05
2.785481851422984e-05
-2.918627350431946e-05
-6.1096288649065925e-06
1.9057821698258342e-05
3.678565821164663e-05
-3.969207048455975e-05
1.0022192484389545e-05
1.2718638044941943e-05
-4.7458562626150115e-05
-1.3567080262331545e-06
-1.1382316961791991e-05
-1.0997295386914083e-05
-1.1779233901549513e-05
9.952082329597101e-06
6.385893846651278e-06
-3.207123251654433e-05
-3.7193571492248e-05
-1.8755653327690673e-06
-2.155815073341324e-05
-3.406138688473112e-05
3.2092836569738176e-05
-1.4397588773908023e-05
2.133746381114926e-05
4.992631528238146e-05
-2.0644607404464996e-08
3.3425727601783056e-05
-2.3053401317474733e-05
-3.399893958978108e-05
6.9230897885476784e-06
-2.563157255884745e-05
4.429970674562856e-05
1.7055957371449002e-05
-2.2690552236146434e-05
-2.3751854125213834e-05
-6.639182975624658e-06
3.174025979361465e-05
3.652375068600291e-05
1.5743279164064933e-05
-1.451745486688302e-05
-3.460342362017021e-05
8.359082909057216e-06
-2.042752038314718e-05
1.6700810903666148e-05
-2.293059914532767e-05
-4.753341189304601e-05
-4.826999729828792e-05
-3.6561974073235806e-05
4.6535697503473186e-05
8.851196891239078e-06
-2.9575907826772385e-05
-2.2061436757498523e-05
3.609205028933925e-05
3.51484217336518e-05
1.4875146331947565e-05
1.6063173186570118e-06
4.570570393245882e-05
-2.6596134779882155e-05
3.381683880452762e-05
1.4118121634776683e-05
-1.03967070369032e-05
-1.2395441675000615e-05
-3.6391229393179796e-05
-2.3416665512168568e-05
1.0804411120513426e-05
2.06494707259068e-05
3.0151207653788434e-05
-3.662156667812284e-05
-3.476349079513775e-05
3.582950874386815e-05
-1.968452219199579e-06
4.194854890556989e-05
-3.5135513329072935e-05
4.8933661201020836e-05
3.473613700075674e-06
4.341402876844712e-05
-9.552798968760271e-06
8.615834531595499e-06
2.2087627521820653e-05
2.156744937601139e-05
-4.9233060305515845e-05
-2.314297384319578e-05
-3.6399203813303686e-05
-3.123541218488069e-05
-1.1224232181179203e-05
-4.90083563701922e-05
-2.055491354587811e-05
-3.2837222570775284e-05
8.455579625526944e-06
3.0329107990772385e-06
4.945171001330376e-05
-5.758015881125836e-06
3.840215871074417e-05
-5.843869728064678e-06
-4.220677912539147e-05
3.4120151338984786e-05
-2.5480565252007696e-06
-2.4066090994339718e-05
-1.967061713344117e-05
4.3295614786288614e-05
-3.165590563587618e-05
-2.920125411989951e-05
2.3001486083141117e-05
-1.9133598019324505e-05
2.132617205410241e-05
2.6038196334276477e-05
-8.90897005094268e-06
2.3710951090545345e-05
-2.384903132743489e-05
-1.8238301931941726e-05
-3.6051369694773625e-05
4.471316423850577e-05
-1.5021770386265832e-05
-3.558983335239937e-05
4.023359775173599e-05
7.408772869092808e-06
-1.4230785500569121e-05
4.679817644297452e-05
2.3167836247697022e-05
-7.121287570420264e-06
4.160172617982121e-05
-2.431360687451718e-05
2.5216569969828676e-05
-2.479768661970474e-05
7.99504896476776e-06
4.268476257339147e-05
-5.1291117537495965e-06
-1.4759037276164664e-05
-4.583900420315942e-05
3.583349111524079e-05
-4.5785598987350743e-05
2.3692183248972958e-05
1.5768604919365144e-06
-1.8413547318169154e-05
-8.147614389255754e-06
3.887466425679356e-05
3.793646758877296e-05
2.4745831512656907e-05
-3.0277391240861264e-05
-3.0073964537719678e-05
-2.0597063892313118e-05
4.966475064445089e-05
-4.4342518948136155e-05
-1.6342996540590195e-05
-2.353006045256456e-05
-6.4364611734143005e-06
7.407225574172526e-06
-1.355094128643556e-05
-1.7955551054178098e-05
4.3838028371039976e-05
3.264833133264979e-05
2.8554888219671836e-05
1.2017172918415416e-06
2.7592264128487273e-06
2.1731516252847457e-05
-2.204541384567208e-05
4.2200612258485545e-05
-2.844180973423418e-05
-1.3046488177112358e-05
-2.9164410169493928e-05
-1.4278745516048873e-05
1.861468887314249e-05
1.4999597454597504e-05
3.433539871696397e-05
-3.491419324487841e-05
3.2128838168718027e-06
1.9503281542710226e-06
-4.330597125256564e-05
-4.3935949190427374e-05
1.7526962793839772e-05
-4.837752551984757e-05
1.0848295586579107e-05
-3.818164628160754e-05
3.252340556119786e-05
4.906751679361863e-05
-1.756965824878446e-05
-3.0159059658636457e-05
4.978970656016547e-06
1.5748198628032837e-05
2.9135939422265162e-05
-9.709026170511502e-06
4.8423238604675515e-05
9.783696844969e-06
4.3515334670781755e-05
-3.071261764888321e-06
2.4084875769100213e-05
-2.6712315778510932e-05
-2.638768139219838e-06
1.0759563970203793e-05
3.163823091676579e-05
2.2321489826771102e-05
1.669291190152543e-05
1.1234714295188334e-05
7.3921329367015906e-06
-3.830762840494555e-05
-4.374539646971318e-05
-1.719385866352501e-05
3.253469085306596e-05
-5.652527787101125e-07
1.495753761322551e-05
-2.6390019394316065e-06
3.182805563650743e-05
4.380009047051297e-05
-4.478197408234487e-06
1.2904529649017452e-05
4.794221748499915e-06
-4.454298103346893e-05
1.0947340448293162e-05
-2.1539278282388196e-05
-2.0950795526413513e-05
-8.942621398898019e-06
-1.4147889447437081e-05
-2.898837122799274e-05
-3.0519548219993704e-05
-2.358539074676831e-05
-2.917707091536537e-05
4.250242927492255e-05
3.7831774145142526e-05
2.889300713190391e-06
4.766710063676937e-05
3.345743899786039e-06
1.55384300596752e-05
-4.2353724495853575e-05
3.6246626670471834e-05
-1.081745078813634e-05
-1.2428447968798094e-05
-2.2491493814843233e-05
-8.74334461466163e-06
5.004462517923139e-06
1.5918979464821138e-05
4.14823370951901e-05
8.91275384417749e-06
4.7217501895862665e-05
3.323409025808365e-05
-2.5182647906400592e-05
-4.310467914450829e-05
-3.4937772234753175e-05
-4.390919702194136e-05
-2.721656959036851e-05
1.991894618821933e-05
2.7058802227612496e-05
-2.97502928119925e-05
2.6165478705964298e-05
2.125270686174371e-05
-3.371740561626349e-05
-1.7716247421739697e-05
-4.572447724620485e-05
2.6542560932113127e-06
-8.235684564755175e-07
6.696981633546474e-06
-1.5347242488044124e-05
-2.2614655329319467e-05
4.978036655086919e-05
1.2486782276433486e-05
-3.7978145173641664e-05
4.728995551075074e-05
2.893990640438404e-05
4.445514654881337e-05
-2.6740796066302177e-05
1.809640867482612e-05
-3.5892192314917525e-05
2.0511288371310718e-05
4.5511674521068623e-05
1.487189056960071e-05
2.075529196723951e-05
-3.513350178792706e-05
1.4880420631400655e-05
5.624065037622869e-06
3.988943809621239e-05
2.9907423034788884e-05
-2.061538421098056e-05
2.6565113471842844e-06
-3.4726154230687174e-06
9.475261061994721e-06
-2.192681368989489e-05
-3.2710166061347904e-05
8.906378887230705e-06
6.875158835627205e-06
-5.098626541873529e-07
3.897363396404711e-05
2.225727358148488e-05
6.58921702224661e-06
4.7526773903250686e-05
-3.001569415174891e-05
1.3241246987540362e-05
-3.2672712033835994e-05
1.4663526619267703e-06
7.087803491270461e-06
-1.7478742894041257e-05
5.912136446744122e-06
1.6796721046642234e-05
-4.920680777990847e-05
-2.430800000646578e-05
-2.5748829283747644e-05
-1.0126501364109318e-05
-4.275366323713962e-05
-4.218391030106227e-05
2.157110368906327e-05
2.881289791623998e-05
-3.444999249705432e-05
-1.2990759874942451e-05
-3.863265597877524e-05
-2.2593467659881173e-05
-9.922883284650822e-06
-3.7562942421392156e-05
3.68744769923659e-05
-1.261601244896222e-05
4.202466019159654e-05
-2.713016438353989e-05
3.3316692558420264e-05
2.1772891867329908e-05
-2.1231927327569656e-05
-4.157386317691406e-05
-2.9137294747260374e-06
-1.280539990999402e-05
-2.104727887246177e-05
-1.5855511362767184e-05
-3.384499045222544e-05
3.327220449995252e-05
-3.753579235453457e-05
2.5946089900742387e-05
4.912780877829194e-05
-4.884842332553063e-06
-8.397099016072632e-06
-3.405694370980942e-05
1.649255056588727e-05
-1.547249956770001e-06
1.9961158013886143e-05
-4.2049400021303296e-05
5.603398313176225e-06
3.215707628561699e-05
8.740661140505977e-06
2.2733972807600595e-05
4.4335492372827875e-05
8.151517620799098e-06
7.560212931459454e-06
-1.3346514932024521e-05
4.525903939383082e-05
-9.847321246492748e-06
-2.209454500683592e-05
-4.475641039182179e-05
2.870267984827329e-05
-4.6117482789327944e-06
2.3821432434090497e-05
-1.551753873687678e-05
-4.5172813066297395e-05
-4.189309944341571e-05
3.640201041591032e-05
4.488256684422079e-05
2.4206631378597826e-05
3.120667773165563e-05
3.9876836382361144e-05
4.164378163803578e-05
7.243128778294863e-06
-2.7061627921497937e-06
-3.3274406870916306e-05
-1.9455945638935493e-05
3.154085630729591e-05
4.8947160983902245e-05
3.673523887991257e-05
-1.8083500147470656e-05
4.704912054017217e-05
-2.812444997836976e-05
-4.65122206256676e-05
-2.008274198610668e-05
1.976326203119572e-05
4.087375706759741e-05
-3.153647903435448e-05
-2.26722879999263e-05
1.2171468815287517e-05
-3.336809029804189e-05
4.837655755322296e-05
-4.415090087729071e-05
-4.0700774346420135e-05
-2.4581882033336635e-05
-1.1706881289850693e-05
-3.496400872811263e-05
3.401894517666017e-05
-4.6428484293174936e-05
2.1914670862906243e-05
-2.367010725681485e-06
-2.1545376004814677e-05
3.213342357036397e-05
1.76552902489626e-05
1.3671108514891373e-05
