2.414724437850752e-05
-1.226809037894038e-05
1.787895156425773e-05
-5.297143319077621e-06
2.9302324863802937e-05
-2.1266664091115028e-05
-1.2562044914051529e-05
2.301663707453358e-05
3.7819750236110546e-05
2.9050043029832594e-05
1.2248835180430336e-05
2.94444226486275e-05
-4.1488286156473124e-05
-4.018210235791104e-05
2.3985194707702735e-05
-4.0574555600766574e-05
-3.6518883509566714e-05
-3.535587432042605e-05
-1.973668452283119e-06
-7.033373554436026e-06
-1.3707752766384873e-05
-4.535219559026418e-05
-5.642145955315404e-07
-9.158581680367172e-06
1.3474196663015022e-05
-1.2044946849500506e-06
1.845395705607272e-07
-2.050072661005259e-05
2.1448359527811245e-05
-8.216020043474635e-06
-4.355329166865375e-05
1.672740793837643e-06
3.727204227899633e-05
4.8211026374130496e-05
-1.4310560236043554e-05
2.2419283239862537e-05
3.368325262872602e-05
-1.371965630242298e-05
2.5501714126814885e-05
-2.1553594576358084e-05
-1.2745083116562184e-05
-4.2246330912688203e-05
-4.5307722561375226e-07
-2.182258901933277e-05
2.2392378171672483e-06
-5.323356056278614e-06
6.143610532237253e-06
4.547498812800292e-05
-4.780992280186193e-05
-4.013467261037022e-05
4.56857825665796e-05
5.969403702473689e-06
5.280507542625539e-07
3.092154716903266e-05
3.5714769815595314e-05
-4.946540849320824e-06
-1.3233086996650823e-05
-1.0551366842434238e-05
9.02473764600921e-06
-7.2170539179615555e-06
4.888170473515217e-05
1.297043079672216e-05
3.337226555229021e-05
2.8986062505537777e-05
2.073502093506601e-05
-1.6528360066875148e-05
1.2211173530328916e-05
4.16993689395524e-05
-2.3038561611868026e-05
-1.0273557114964297e-05
3.637028016146571e-05
-3.486103957787148e-05
1.0407546132119939e-05
-4.490949453389149e-05
7.779815371094266e-06
4.661277540179743e-05
3.670384977837085e-05
4.3334565117870185e-06
-4.259473056234142e-05
-2.484061368910061e-05
7.190102413747503e-06
2.8458159236908338e-05
-2.22320237468844e-05
-4.756080397784034e-05
1.475499464941663e-05
3.806426046081852e-05
-1.0077944891488876e-05
2.7907180995844393e-05
3.35391585979703e-05
2.872340363768661e-05
-2.679678125373921e-06
1.0391056683069279e-05
-2.0521046056954073e-05
2.199276178819162e-05
3.564509656794335e-05
-4.3009624452251085e-05
1.5687179649099593e-06
2.991872965415765e-05
-1.997399053468507e-06
-3.727379860108692e-05
-1.558692996120011e-05
1.690078122940247e-05
-2.238924974009754e-05
-6.668847684523457e-06
-4.119551660048533e-05
-2.952450604015551e-05
-4.432397383694514e-05
2.367139376454692e-05
-4.0703163916270334e-05
-2.844695122619191e-05
4.225333307647115e-06
2.573367241025718e-05
-7.739812306580468e-07
-3.6490944675010876e-06
2.0532433812634028e-05
4.4484702412451835e-05
-1.283271327539366e-05
-2.5065749203891053e-05
-3.8170189675146936e-05
3.630032214138442e-05
-3.452077608192503e-06
2.7551157846637183e-05
-3.751043521095257e-05
-3.745571637919509e-05
-1.6285639891980275e-06
-2.371524653983448e-05
3.219098642337931e-05
1.0684204477565286e-05
4.7033742315306e-05
-2.493937290828051e-05
-3.417762509285459e-05
-3.333990678602173e-05
-1.2735100159566295e-05
2.846827753164188e-05
-4.585833274797401e-05
2.5141532800858366e-05
-1.6723603999309378e-05
-2.8473946420865316e-05
-3.91357788621609e-05
1.64272145190725e-05
6.748835352724714e-06
4.2513438699321456e-05
8.504056905015651e-07
6.708175550565198e-06
2.7078945115685374e-05
2.1096363128973257e-05
-1.1359667547063488e-05
3.8367050252562826e-05
2.8450795901881775e-05
7.674019225709296e-06
8.90700569909073e-06
5.6930591779809304e-06
5.9986499930666395e-06
2.7888411888521372e-05
-4.280713287259983e-05
-3.513769896805947e-05
4.702077143366246e-05
-1.107745897092709e-05
4.3782143412484256e-05
1.515382056036176e-06
-4.514565346471116e-05
3.396115679078743e-05
4.378412775093863e-05
-7.329632099960438e-06
3.4011575480203886e-05
3.449024710562421e-05
-7.985144970128931e-07
-4.2878250276700994e-05
4.03731022795179e-05
-5.956988782309138e-06
-3.600334061472352e-06
3.0062634834557066e-05
3.1322137903501473e-05
5.247389666403791e-06
4.855647141302791e-05
-4.108657029684533e-05
-8.37172710323929e-06
2.2987953450039104e-05
5.449184581953002e-06
-3.085757662332628e-05
-8.581155027509443e-06
-2.117819723692851e-05
1.2016746460249469e-05
4.2155231192168286e-05
-3.6872049033644016e-05
-2.1010692963534984e-05
4.863593791467353e-05
-2.25546515456885e-05
9.767738866478027e-06
1.0076809777672424e-05
2.1847066522581947e-05
-3.5760000817371984e-05
-1.9744292791234863e-05
-2.1799240365397446e-05
3.7798122934177133e-05
-3.6032432333708564e-05
3.21921114004903e-05
1.2837636084782691e-06
-2.6865822954066e-05
-1.4797887810483767e-05
-4.302067716852715e-08
3.4687262839963243e-06
2.68711475777549e-06
-1.938785521558918e-05
-1.5461346359152683e-05
2.935601100710498e-05
1.0739813127064392e-05
-1.0119914884093942e-06
4.257203035045863e-05
2.6196010804462046e-05
-1.0789276034503104e-05
1.3655879628255906e-05
2.721093188490148e-05
-3.714891361664426e-05
2.280211936137298e-05
2.559958596209394e-05
1.2696640748693953e-05
-4.218291951784452e-05
-1.2069830512087768e-06
-3.5856796325694747e-06
-2.929787903076647e-05
-1.5393223166414818e-05
4.674869674594386e-05
3.0407597419485046e-05
3.5593889222124146e-05
-1.6852077287749477e-05
-4.337327210944016e-05
3.2327132313928494e-06
2.4107244051155558e-05
-2.4168070128720688e-05
3.248427763628236e-05
4.0489302313012546e-05
3.900861918766118e-05
4.853928284201734e-05
2.570669112156946e-05
-2.7805660982812353e-05
4.1694472217795293e-05
4.0610095054236765e-05
-6.432567719045544e-07
3.435872889474669e-05
-3.2385592789171004e-05
1.827812455410505e-05
-2.7524652247720006e-05
-3.1547804215392334e-05
1.332860127829492e-05
-1.7876312202462345e-05
4.753317233678445e-05
4.155771324928308e-05
-1.6185691575589772e-06
-3.0051544975532876e-05
1.365565178370414e-05
1.5248954418267909e-05
1.4109744597841396e-05
4.1120788584867e-06
1.1210937068052835e-05
-5.073571787201534e-06
4.814866933359672e-05
-2.2002932289099765e-05
2.3849480922445085e-05
1.3069440377801357e-06
1.6491973363745055e-05
-3.9935347299949734e-05
4.2053073388113856e-05
7.3266263559020785e-06
-1.6798226312282707e-05
-3.5506096571666335e-05
-3.669029683697359e-05
-1.70422811685103e-05
1.5310749243942517e-05
2.43287608015362e-05
3.6049828165425316e-05
-1.5020354378840172e-05
-7.074485096246084e-06
4.552238957940301e-05
3.112098274724119e-05
1.2449132222184775e-05
3.216447784128556e-05
-2.2445380703251096e-05
-3.6086612139566324e-05
3.5330605619583436e-05
3.183034403839267e-05
-3.379055204828374e-05
2.636725646355531e-06
2.8318171818955482e-05
2.7162217630857673e-05
2.7723798653592464e-05
-4.754393707823057e-05
-2.2670072687647105e-05
-1.85130478600302e-05
-1.1578886277705336e-05
-2.2445759975135173e-05
-3.4027513027099675e-05
2.334636976851363e-05
-4.43341535538482e-05
-2.3746061305031075e-05
8.354650311467038e-06
4.3951537788438503e-05
1.7204808028371982e-05
2.825793964060231e-05
4.8041584756884966e-05
4.179821133039966e-05
2.9131859596854888e-05
-2.8306061872804836e-05
-3.1050515887338662e-06
1.4537515365577166e-05
3.462140154059029e-05
-3.5598679485594744e-05
4.502631980209742e-05
3.9640376548906313e-05
-1.7217320800444932e-06
-4.61940058240549e-05
4.595691464155172e-05
3.753838616113109e-05
-2.6281812885245516e-05
2.923149206701084e-06
2.1378856528896628e-05
2.5857188620339698e-05
2.7118884320252686e-05
-2.8783798924260375e-05
2.322436547161963e-05
1.7497156253761102e-05
2.5454610828072527e-05
-2.467662855600407e-07
-3.27396256459062e-05
-1.682439405234513e-05
-9.264249309131409e-06
3.951525636854148e-05
2.2329245205049695e-05
-4.8374998973960805e-05
-3.82568895556775e-05
1.2863486311556504e-05
9.148257360317412e-07
-1.4313717291348073e-05
-3.130544890194425e-05
4.954695841551139e-05
2.3672807169835277e-05
2.8644970669363354e-05
-3.485371678933348e-05
-1.586730779894556e-05
-3.2234668774367296e-05
2.654975808122407e-05
-8.873501183933975e-06
-2.9178694712687294e-05
-1.6279912949235766e-05
4.396020107339986e-05
-3.2786764151976106e-05
-3.470080331539491e-05
-2.491126200756948e-05
1.1857675105956081e-05
2.240158525757176e-05
1.5445430961134338e-05
-3.489982290341497e-05
1.5344432030159126e-05
5.680744350296298e-06
-4.27061323052103e-05
3.1674369702059875e-05
-3.9220470461495574e-05
1.426166000231596e-06
-4.188730982379851e-05
3.297434931301889e-05
-4.4286761999588756e-05
-2.8633926998606574e-05
-2.0497081102867044e-05
-8.7840803381207e-06
7.222513216794969e-06
2.70105654753452e-05
5.023863701555686e-06
-2.3150045637983976e-05
9.858267752499073e-06
-2.38240598370829e-05
2.5871944818003826e-05
-8.07890815685408e-06
-2.6726982451977832e-05
4.1492991509568996e-05
-2.9486580024240774e-05
-1.767888578098633e-05
2.665241362336214e-06
1.903120116742131e-05
-2.9234757814206804e-05
-4.30013862900214e-05
4.46947135511478e-05
-4.452311563028934e-06
-3.5366005693403336e-06
-3.2420555170891766e-05
4.3302736859394715e-05
-1.3653185907512325e-05
-3.723080448536254e-05
-2.6176078518291137e-05
-2.6443187269013208e-06
-4.209770775328266e-05
1.552188098378379e-05
-1.1667717812054725e-05
4.519968373785643e-05
-4.105823943024637e-06
-3.429624885699965e-05
3.1392936334658564e-05
-2.5370920340653527e-05
-3.281862718145428e-05
-2.080526040332328e-05
-2.9077404018861043e-05
2.3564311288447086e-05
-4.328411702242227e-06
-4.285713366036388e-05
4.7305548402717194e-06
-4.053272157737694e-05
2.8218422002800976e-05
5.0879265011589495e-06
-1.8847423759282165e-05
-2.3139885348912882e-05
3.9147848496864475e-05
2.5863281820846336e-05
2.5407431006542267e-05
-4.467810317145882e-05
3.402419036306836e-05
3.7529105714632624e-05
4.529468330061598e-05
3.065912835415535e-05
-1.5092842360380597e-05
-1.7648232648578954e-05
1.938180595239124e-05
1.5710933961306287e-05
3.4817362195322585e-05
-3.958888643223424e-06
1.539260520293197e-05
2.3123104094017608e-05
-4.4264055581430986e-05
2.879686251733641e-05
1.7718993355385418e-05
-4.417446740233543e-05
-1.7765267109186945e-05
2.7948971890119318e-05
-4.145090053612217e-05
3.942373010778053e-05
9.680392466755203e-06
-1.4248546293401666e-05
-3.4415424015626153e-05
1.2546003895072028e-05
2.092259310588904e-06
-2.0098091739492186e-05
-2.8523834282857253e-05
4.280348653519623e-05
1.745260097215419e-05
-1.7594498435144735e-05
1.5231854150413603e-05
-3.597563572732077e-05
2.1876135715004798e-05
9.388721311889794e-06
2.627301746361598e-05
2.407868325418465e-05
-4.629924042377106e-05
2.8520883103292043e-05
1.278524922195583e-05
3.3042207215128906e-05
-3.50991174597881e-05
-3.927396225321718e-05
-2.2388008518040683e-05
-2.2450450954753967e-05
-1.7868485858075925e-08
4.924499678382967e-05
4.987136074267071e-05
1.9951981466754405e-05
4.202409118266226e-05
3.7981215398975574e-05
-3.701984611606693e-05
-4.0919939530794546e-07
3.249955128350231e-05
3.3483618066163554e-05
3.4019777913485534e-05
-4.464474734614669e-05
-2.2154574436330668e-05
4.766764165561003e-05
4.9582831706088e-05
-4.725976740989134e-05
4.29347698797484e-05
-2.2929048886689154e-05
2.3682153362732576e-05
3.436339494472576e-05
-4.552153873083599e-05
-2.7314528932487015e-05
3.8550909740646444e-05
-7.128727023984082e-06
-3.164777092543946e-05
2.806903986062958e-05
-3.052451339938393e-05
1.0392937807695858e-05
6.391227902696776e-06
-1.4722646635333684e-05
-1.0187299546363451e-05
1.6912310598937625e-05
-4.5758697705818865e-05
1.4642859913355955e-05
-3.968356128822457e-05
2.6533022078146648e-05
-1.2664830162048458e-05
1.7189404230547412e-05
-4.4024634567999334e-05
-8.081208493673653e-06
4.9385928204177916e-05
5.492463188405607e-06
-2.6087281366104267e-06
-1.9393900220259023e-06
-1.80105484894143e-05
4.937732562621075e-06
2.7834028892557778e-05
6.544332193418678e-06
4.911710912031491e-05
4.988535147056223e-05
-1.0650025916552685e-05
9.945360550597035e-06
-1.4191082362157662e-05
-2.132849495827578e-05
2.1414658975292725e-05
-2.4262529571216807e-05
-4.243698917388854e-05
-3.150830296370474e-05
8.803125715556716e-06
3.997250163328109e-05
-2.6848308948603694e-05
-8.632162675530884e-06
4.709839826384402e-05
-2.980757786320422e-05
1.2517097749077965e-05
1.117427755750723e-05
-3.4519439374060856e-05
4.97439124355788e-05
4.242680967896361e-07
-4.463045850927547e-05
-1.525911982310223e-05
2.6055296759121156e-05
3.124900284747801e-05
4.974445991529451e-05
-1.8612757239739674e-05
1.5605355208499255e-05
2.894617512264208e-05
-4.106355413036508e-05
-2.1896201508214444e-05
1.1689492882633534e-05
3.278411549381007e-05
4.92723995043779e-06
-3.931607595480177e-05
4.389680716784734e-05
-2.6232690739810695e-05
7.715422012698648e-06
-3.263516392798058e-05
-3.206336288019889e-05
-5.239618793260754e-07
8.682427786806625e-07
4.371946202293411e-05
4.508285908428154e-05
2.9793848252585886e-05
1.0122875196313996e-05
-7.1955002955462235e-06
-4.792973169226458e-05
1.2595561271015562e-05
1.4801155576689704e-05
-4.906516177337514e-05
-1.4758289653720073e-05
-2.8830832746921855e-05
-3.168714139743171e-05
-2.5688078361121383e-05
-3.875786461068549e-05
2.6034764596117297e-06
3.961897970786818e-05
-1.3080645422742219e-05
-4.590632314312502e-05
-4.894843950088362e-05
-8.888869070955283e-06
-1.2310279802862543e-05
3.6157327124026956e-05
-1.3110656666498889e-05
1.765536806611979e-05
3.524914477607441e-05
-4.34831705684537e-05
3.791447127857271e-05
3.063184141283664e-05
9.326263947330869e-06
3.9162627227402905e-05
-3.722885491942219e-05
-3.5894086055642476e-05
-4.3257795947931957e-05
-1.5909445970397438e-06
4.90725976433866e-06
4.4015091942809944e-05
-2.054777707950417e-05
8.895255514406639e-06
-3.296444995311503e-05
-2.0864613886417827e-05
-8.491737172280247e-06
3.986001842491714e-06
3.50016965186385e-06
-1.1364220251086075e-05
3.456258316949362e-05
4.073748986196469e-05
-5.584918047497343e-06
-7.5343507829277355e-06
9.793199209478719e-06
2.5831648561097213e-05
9.377722540576017e-06
2.123506177128251e-05
-2.4858954834261162e-05
6.536558843365518e-06
5.930456015105071e-06
-2.135862651713218e-06
-7.4349620953452085e-06
3.614341996814477e-06
-2.1882470762767816e-05
-1.8596942168794388e-05
-4.725880721575871e-05
-6.503018066311361e-06
-3.952124053823896e-05
-1.3939337228625907e-05
-3.276015952722042e-05
-1.9555648830035365e-05
3.795602178664532e-05
4.783638533584639e-05
2.5103632846367297e-05
1.1502624983591212e-05
2.6938597016412353e-05
3.919875715010221e-05
-2.860012726658302e-05
-1.0944222551395744e-05
2.6592202675990993e-05
8.943392308965016e-07
-3.3060181682545e-05
4.487059582798229e-05
-4.4820766312357457e-05
-1.562155057911834e-05
2.885647774491446e-05
-2.2684663579556475e-05
4.600259090050937e-05
-2.3363017694985833e-05
-4.1567224166663154e-07
-1.3293663117146794e-05
-2.2901415190684326e-05
-3.211079460176557e-05
1.0576865800998226e-05
-3.746969949190946e-05
-2.414776785640982e-05
3.0321643028110756e-05
-3.435374756315104e-05
-5.353333885569401e-06
-4.4531879473137096e-05
-2.9428776020026105e-05
-2.7394129259687252e-05
1.1897788748772802e-05
-2.545656297403234e-05
-2.8091752569492614e-05
-1.7601198219756984e-05
-1.6746301986684864e-05
1.5313869709376078e-05
5.60265831012392e-06
-4.387425246256015e-05
-6.412884924732334e-08
-2.8450731298386868e-05
2.5348412516203307e-05
2.8383705914213988e-05
2.6353087803413442e-05
-1.993555448494897e-05
-5.266505675750459e-07
-1.0540872547895831e-05
1.9134271391085484e-05
-4.175041360645408e-05
-3.401225811929719e-06
4.732768986881008e-05
1.8890669258580233e-05
2.9321554566722045e-05
-2.8921751417043584e-05
-1.5250815866201697e-05
3.864361884143504e-05
2.974536635409268e-05
4.546444033837201e-05
-2.618281814344552e-05
9.621705453396005e-06
3.57841982083506e-05
-4.459577021694692e-05
2.010418296794032e-05
2.475219738211291e-05
3.949644519989955e-05
-2.5112366289768163e-05
2.1566002467114766e-05
-3.203029303497498e-05
3.611230702297759e-05
-3.392181208726514e-05
4.6935245335085896e-05
1.5936767605307365e-06
3.0451631551530206e-05
3.4438237455607116e-05
-2.028013226790365e-05
-4.793510838858829e-05
4.450193856658292e-06
3.686104724342711e-05
-2.830428503096818e-05
1.0005462720053507e-05
-1.0894754480139125e-05
1.4112320199380963e-05
-4.7509176076846675e-05
2.2698089816752802e-05
1.0756830628610412e-05
5.757609322068e-06
-1.4365621187679266e-05
-4.972387774148771e-05
-3.268892496167409e-05
-1.5730835649696284e-05
1.386327657566365e-05
-3.310579113010895e-05
-3.825456408975121e-05
9.924344453802993e-06
1.619231072709194e-05
-1.532606044949311e-05
-1.68374740519031e-05
-4.132466233163267e-05
-2.0906079194036775e-05
3.639691305931007e-05
3.515138445262079e-05
-3.002039081141559e-05
-2.3730299051343034e-06
2.6617277598263406e-06
-2.6853957777190032e-05
-1.1120314777940979e-06
-2.2102732888740584e-05
-2.3775044910432353e-05
-3.359498425571509e-05
1.891996707254698e-05
2.306739474058872e-05
2.9515418738096163e-06
-1.5726430947310997e-05
-1.1527820805316571e-05
3.860583481086652e-05
-3.3868118930765567e-06
-2.61074828294114e-05
-2.2532371283965768e-05
-1.462334638124635e-05
-8.039030825766116e-06
4.980055748271595e-05
-1.0501450358391618e-05
-3.978254557049841e-05
2.693857921499165e-06
-3.300866391759859e-05
-2.470327057212023e-05
2.7497185150284892e-05
1.924459083558939e-06
-2.5162413014470498e-05
3.0057943176433947e-05
-2.938472698768533e-06
1.3799494930121912e-05
2.6201616410865732e-05
-4.55996245101856e-05
-4.196350629158817e-06
4.887024497467525e-05
1.5652647741346548e-05
2.7395086298607283e-05
2.428013011428332e-05
-2.7632852989753743e-05
3.0226963324807712e-05
-8.99464115519426e-06
-9.5325327147438e-06
4.207219262121163e-05
-2.451132439161052e-06
1.6554185432856256e-05
-4.082599420076714e-05
-3.093108211686053e-05
-7.293379367266658e-06
-2.65854511594686e-05
2.1476724165054368e-05
-2.6502779940747157e-05
4.819080442160304e-05
6.856390181148184e-06
-4.4048543036753133e-05
-9.383246529782287e-06
1.4107380348438399e-05
4.5097806262683135e-05
2.2809143467482494e-05
1.9184727193252288e-05
-1.8421178826696498e-06
-4.4188184450716566e-05
1.1823596027054316e-06
-3.87995700649023e-06
-3.8224092896876185e-05
1.4919601074102116e-05
-3.774188706425277e-05
3.2046502374776034e-05
-4.455722887359296e-05
-2.454462146150531e-05
-3.528589081740709e-05
4.7276644281294866e-05
-1.5755401526328463e-05
-2.941589149905688e-05
3.270367419443221e-05
-1.0007906967956847e-05
-3.359149412666687e-05
-3.949665637337296e-05
4.0134175448601894e-05
3.3071019197565977e-06
4.583007401380692e-05
3.850251079293201e-05
-1.3206900696363869e-05
4.637757682397895e-05
4.9875983212113084e-05
1.1716186882487852e-05
-1.8555536592218637e-05
-4.371673521696806e-05
5.045547126637029e-06
-3.4542543265668226e-05
4.918227400027119e-05
1.8922882185381487e-06
4.805659337094614e-05
-3.195815827523614e-05
3.6705889184125895e-05
-1.5489676471275772e-05
3.166839594640346e-05
3.139040706998502e-05
-1.4914887112412812e-05
2.5157919531696944e-05
-3.2853619897597425e-05
-9.190611800186946e-06
-3.432693745321419e-05
-4.453463186180198e-05
6.160251730755221e-06
2.2183411804282847e-05
3.889868112324572e-05
1.783173532383728e-05
3.9782946468663656e-05
-1.2434097941848252e-05
2.0109008341007125e-05
3.5207368416831775e-05
-2.670414053457868e-06
2.9802203965850683e-05
2.2613316525001903e-05
-2.9053836503555352e-05
-2.6744903419930106e-06
-3.5848205855007146e-05
-3.7055247381463936e-06
-2.857852898208971e-07
4.680898784378099e-05
-4.087668932694113e-05
-2.7998960304952893e-06
1.011303089571245e-05
4.6483064419919474e-05
4.800661734064427e-05
4.471720703141364e-05
3.327458806873631e-05
3.8231580873819734e-05
4.2542152347019664e-05
1.4054906543002468e-05
-8.961593062312426e-06
9.183916907699374e-06
-4.964454912754069e-05
4.0869582150586646e-05
1.1055814796667618e-06
-2.9913907973673505e-05
-2.5655684719563154e-05
-4.202554685617007e-05
-1.521945355216334e-05
2.1955147724696004e-06
1.4190201524570189e-05
1.0555203410158308e-05
9.439748483426824e-06
-2.374900196369866e-05
-6.41920615154561e-06
-4.534275653327368e-05
-1.8647590520067916e-05
8.17406215301458e-06
7.7673618172893e-06
-3.9909755641838076e-05
-2.3842757628984675e-06
4.563299202224452e-05
-2.332022341029596e-05
-3.072833089707838e-05
2.7558149518405316e-06
4.5105972618053224e-05
-2.984596427588746e-05
9.974419286959925e-06
-1.73536496305447e-05
-3.492000176518898e-05
7.296718227092078e-06
2.532674896943888e-05
3.0037929669588224e-05
2.46414861759509e-05
-3.414045166475701e-05
-3.0736867757060616e-05
1.397547625008709e-05
2.232195488985455e-05
2.1771992859776462e-05
-3.941123058058217e-05
-1.925282547752058e-05
-1.2761817017226777e-05
-4.916374421427015e-05
2.496313904868407e-05
1.9055002144236523e-05
2.2524071545055453e-05
-4.4133205113834994e-05
-3.385423143973333e-05
1.3611165082707875e-05
-4.662972021341673e-05
5.407808215549185e-06
-1.4548591978257596e-05
-3.6274053091342377e-05
1.835793523880634e-05
4.178092839115409e-05
-2.8721456428035055e-05
6.562824406756128e-08
4.565208945564619e-05
-2.7823186189806727e-05
-2.23450600509591e-05
-4.968717542988533e-05
4.301510026656075e-05
-4.103889967493718e-05
-4.889580499547145e-05
2.1249189926227624e-05
2.7028075060662837e-05
3.555079718084952e-05
3.718174241269464e-05
4.485121633961266e-05
-6.778076103858575e-06
-2.2280119827788514e-05
1.6325783345029722e-05
8.528786420539472e-06
5.855130069800407e-06
-7.5687307105164265e-06
3.323430927580692e-05
-3.4957368306187046e-05
2.0444866616170477e-07
3.693538597169627e-05
-4.012265809762387e-05
-1.6216542363448093e-05
-3.4933939746269326e-05
-7.349682862420127e-06
4.9701419481728674e-05
-1.2303252906406084e-05
4.7594181008968785e-05
1.9876064312393563e-05
2.522168345281195e-05
-1.3225157265529195e-05
-2.0589924960536013e-05
1.0529436558459582e-06
2.4147197108164295e-05
1.4010500526905489e-05
1.2725747790890168e-05
-1.7100118761642978e-05
-4.2449026112923496e-05
-3.0505956148015655e-06
4.355641704816592e-05
-1.7704652513326302e-05
4.2857028514727356e-05
1.9363769698764242e-05
3.592768857312337e-05
2.8585929744428803e-05
1.2379108662613878e-05
2.2366307737448902e-05
4.176484304386301e-05
2.7097031187438755e-06
1.0382704975735235e-05
1.5871988063628058e-05
-3.790225387940203e-05
1.9088164535746977e-05
2.9345845191345545e-05
3.291812565979178e-05
3.957483049036184e-05
4.124599315624732e-06
3.073710026020626e-05
-1.899753075952038e-06
-3.0478129368586927e-05
9.79933743313015e-06
4.6768425624017256e-06
1.95169667688937e-05
-9.129498324275074e-08
-3.223494056337892e-05
-2.562878180431344e-05
2.8928795035862975e-05
4.480439642796484e-05
3.394050979273766e-05
-2.9608770816183284e-05
-2.623518952788736e-05
-1.6684262022976143e-06
3.740428109512651e-05
-1.5885563140882932e-05
-5.411483724887206e-07
2.6188234501517075e-05
-3.6042629140819396e-05
2.1662723612348037e-05
4.616877554185108e-05
-2.148517488211662e-05
-3.6765151170531555e-06
-3.57703015478372e-05
-2.5369697341850406e-05
-4.9576152264378516e-05
1.0928720520363765e-05
-1.040684923954286e-05
4.1975364494861855e-06
-3.1559908646137675e-06
1.7258292931684168e-05
-3.5712279805961725e-05
-3.205105151301685e-05
-4.288078140095208e-06
3.377557322793104e-05
-8.839790583216935e-06
2.1191411561650104e-05
2.5041610845575463e-06
-2.9264954921048095e-05
-3.6790191129804005e-06
