-0.0001712486435626338
-0.00016583260300572286
4.0417468285310597e-05
0.0002995826686541957
-0.0002877296546737371
7.333531388771725e-05
-0.00021138316626782375
4.4241395759562585e-06
0.00013364640598171316
-0.00016065328060066022
-0.0002522854658774938
-0.00010740255766819113
-0.00010505435765789434
-0.00012434656767043519
-0.00011321415291914549
0.0001216597838678692
0.00012620526147442057
-0.0002415798018483546
7.406993178834436e-05
9.277547480710104e-05
-3.321985336552529e-05
0.00015692339411414182
-2.386903236757253e-06
-0.00010715665772170299
0.00019825603913357703
0.00028874987442411665
-0.00022947660513781697
-8.799775895439819e-05
0.00023014049454903577
-8.235679500713549e-05
-0.0001752906245483481
-0.00018757944477648902
0.00015284730992272334
-0.0002677333086548835
-7.0780913283807734e-06
-0.0002648676747648293
0.00011397899252704583
7.730635205191282e-05
0.00025003568211311183
0.0001488122698305603
2.6728175628480623e-05
-0.00019209157450448546
-7.389834274005178e-05
8.889183215634656e-06
0.00017699600972416002
0.0002240443864833732
0.00012485924665987667
0.0002351831847364891
0.00025676621922290265
8.673582308921842e-05
7.547850452294612e-05
0.0002397708313853836
4.051897135072123e-05
-0.00017797971995201064
0.0002162530711605065
0.00029637798395955236
-8.13768795259408e-05
-0.00012913406912599978
0.00026572053030662766
0.00027588321235929696
-8.616725568745542e-05
6.832882072441496e-05
0.000218098723589886
-0.0002782611505278684
7.583965080384773e-05
0.00021123941271267355
-4.650299004422577e-05
-2.4246626897482938e-05
0.0002760385873892554
-0.00029475639346864
-8.475884763517688e-06
-5.227694757685045e-05
0.0001472135751694573
0.00015891677021248948
7.527219315801089e-05
-0.0001092738378339212
-8.840199598751484e-05
0.0001950649432833163
-0.00022057954622052374
-5.2370586143867914e-05
-0.00025158569075969567
-0.00027119260538538566
0.0002549115773888019
-0.00014693622918346538
2.8066860159163824e-05
-0.00023711539385304098
8.658361767295846e-05
0.00013450153834617426
-0.00018240181677793338
-1.1274281939508877e-05
0.0002748228526280692
-0.00015950413276596067
-0.00017233114814850205
-0.00023059244322124581
9.261692747460299e-05
-0.00028562458809245077
0.00010114853966290715
-3.102871595133896e-05
0.00015715977777423096
0.00018688948804488183
-0.00029483021197160254
-0.00016803328445763073
0.00020322780467106545
-0.00012377728047855324
-7.702372826517848e-05
-0.00018464614306246515
0.00022687870476819147
-0.00021752504038970627
-0.00010648716214574521
-0.0002690119036789652
-1.5209649986702451e-05
-0.0002724619051731589
5.252257827341244e-05
-0.00010434862691016366
0.00010653499601205672
-0.00023392686905068083
0.00013424880900117378
-0.00026556219616749024
-0.000179187330466732
3.303904570203423e-05
-5.415098660803305e-05
0.00017124150043928293
0.000179049064666473
-6.745657397716327e-05
0.0002072116867675679
-0.00017709912995089844
0.00018320129458497807
0.00011413513715688483
0.00023570884966300348
-0.00018849661087990972
-0.0002645102813916454
0.00025441748051031676
0.00013384391047167258
2.1839914242615483e-05
-0.00019470738811679154
-3.6760815677651176e-05
0.0002989955145817125
-0.00029710934647520144
-0.00019399066940067422
-0.00016733652550912246
0.000250763885428352
0.00021656931390178646
-0.00015670841475420874
0.0001515215150691342
9.12110637556002e-05
-0.00014484049899207528
0.0001752920295664106
-0.00029821962651991224
-0.00028533419461963295
-0.00011532520148143925
-0.00020342025202288572
-0.0002198725843205057
-0.0002069221530664214
-7.955994230528083e-05
-5.5461402492018857e-05
0.00011916146639591929
-2.0125310192217576e-05
-4.1496413128223766e-05
0.00014911808436897416
-1.416087587137265e-05
-0.00025415175211258525
0.00010689109258970691
-0.00017982348696725663
0.0002743097754036653
-6.710148042004028e-05
0.0002029623667357769
-0.0001758084851997356
-0.00015767320835088057
4.2292564477029336e-05
-7.872425042796638e-05
-0.00014305978102562586
4.782763189276713e-05
-0.00015630414398875298
-0.0002692628748504637
-0.00016386074153744784
0.00014952565698747963
2.7890562899102634e-05
-4.8141863287746436e-05
-0.00024901500736011447
9.651206153315589e-05
0.00018188692278551605
-0.00026417307992015354
1.693361801074182e-05
-9.380549891444039e-05
-4.7225484554977275e-05
3.896488790137249e-07
0.0002887908583645359
2.8186436219876875e-05
-5.606642535388085e-05
-9.653068001180354e-06
-0.00018587957442794625
-5.3505799376269466e-05
-0.00029244597773855484
8.45383186192042e-05
-0.00023134999538213045
-0.0002729678825116836
-0.00029235804218580123
0.00022136986733408234
0.00025110262927795847
0.0002977055831284964
-7.018264237651053e-05
7.830168558140493e-05
-0.000189736149417587
0.00026186248346465353
0.0002217644272442182
0.00028641405485859333
-0.00010727165192809835
7.708095768996985e-05
-0.00017582131948461736
0.0001633431488396969
0.00020583040999300916
0.0002535609419884261
3.152234011580919e-06
6.730619080704545e-06
0.0001067971662896987
-2.3059569846332797e-05
0.00020353417107543968
0.00017214733683658167
0.00028737204135839293
-0.00020477679777171928
0.00021200054261503548
-0.00023405232565683955
-4.97832662694541e-05
-0.00010385480675527956
6.616241447928177e-05
-5.697862469281325e-05
-0.00017905871419969128
0.0002693893185190982
0.0002752606313005292
0.00022881153561916267
0.00016907396160835512
0.00011250014770997877
0.0002756544609119472
7.00711934271204e-05
-9.652749366775853e-05
-0.00023351490744212582
-0.00014524441190108206
-0.0002383319651734634
0.00016058350519113264
0.000255255335336529
0.00010502335063677877
4.25723991212128e-05
0.00017039560945607333
0.00028778566456790297
0.0002119072526936447
1.8063332550133935e-05
-1.8448185182735367e-05
-0.000140917566847618
0.00027896368678138325
-0.00023766380511133875
-0.00025631975775831575
6.471831041049674e-05
0.00020342780174289994
0.00018308052554929182
6.86356920742628e-05
-0.00013375401095575232
-2.5287345002838395e-05
-0.0002396610693305269
0.00010115174280761734
1.7535514443009948e-05
-0.00016195497173693708
-0.00012270732049547107
-8.495048742559411e-05
-0.00015837931473927823
-8.797852106306138e-05
0.0002567043403306299
0.00015726704616065554
-0.00010965995339060961
-0.00014370858536690215
0.00018807336678684615
0.0002035304979374596
-0.00018793562226973105
-6.171086218266253e-05
6.130890118689436e-05
-0.00012261505716805067
3.199525809778397e-05
-2.511299284052251e-05
4.540808034542089e-05
-0.00016976371038510636
-0.00023730470820358684
0.00016226786939908366
0.0001502757265288565
0.00019211370798766935
0.0002638625282160966
0.00011384392611806231
0.00023981410104204878
-0.00021062296277737008
-0.00019313056990880273
0.00012642524924265359
-0.0002557735778462559
7.029060577272791e-05
-0.00015062130074579852
0.00027423627537109867
-5.380800451483715e-05
7.075306588886967e-05
0.00022103282034220798
0.00012996527943506456
-9.384826239363026e-05
-3.08458515921367e-05
0.0001919875346849768
-0.0002924194137790975
-0.0001350021842838846
-0.00027350205502176374
-9.919262772215793e-05
-0.00023227777934306258
-9.738807691245211e-05
0.00021709659959904686
1.5247564141409231e-05
-0.00021907709352730952
0.00011905374111539029
-0.00026106361971717164
-0.00018841468224491343
2.3112713963896784e-05
-0.00020664966220627136
0.00021792754877718133
0.00024319135073610918
-0.0002464722579319555
5.9799031169803854e-05
-0.00018296838163368195
-0.00019468875194441493
-0.00015727274478838715
-0.00017967118008133028
0.0002129756952131833
-4.4559887837471515e-06
-1.3887417494759546e-05
-0.00018452034227941225
8.366319094105457e-05
-6.804923867983126e-05
-0.0002583154609004568
4.2986791152714045e-05
0.00027315029262777254
-9.476630500880593e-05
0.00023567757811521125
0.00017280258089089295
-0.00016856618793331682
-0.0001794526998055138
-0.00019219654119847327
4.056414339941982e-05
-0.00023943252486575392
0.0002378493376678314
6.232706044879922e-05
-2.232610604213864e-05
-0.00022943530129309732
0.00018030329336738105
-0.00026789465064761914
-0.00017864681550710897
0.00014435321792456517
-0.00026809121977394295
7.918297204022448e-05
-0.00023326242909894513
3.5992268329119277e-05
0.00016484919688376825
-0.00010050150401023786
-0.00025796342705818867
0.0001680126818747506
-0.0002721522982769538
7.02958961406857e-05
-0.0002139055694637947
-5.42673259908916e-05
0.0001668716295257722
8.269481979882802e-06
0.0001085388959012927
-0.0001421351299487122
0.00025763589799807784
0.0001344543702444389
-0.00018571981006623793
-0.00011762397198602126
0.0001829111477720503
-0.00023090498492165333
-9.3113210602047e-05
0.00023041377462604734
-3.8961590691378306e-05
-0.00010637912327317227
-7.878237043472256e-05
-2.736850409759922e-05
0.0001245718401426395
-0.0001282550037274681
3.698622957072406e-05
-1.8744819478512564e-05
6.832818092549365e-05
-0.0002372924083808959
-6.72672199066178e-05
-2.698467067411447e-05
-1.5155620107298125e-05
0.00016470432219066618
-0.00026978098788357324
0.0002898750898571169
3.559588505497335e-05
-6.503347689827837e-05
0.0001937504916264548
0.0002969485901420654
-0.00016064016630615839
3.3180156470226157e-06
8.149728459667255e-05
-0.0001722337115407909
-0.00011014439990764566
0.0001865803725777672
-0.00019626233213942165
-0.0002522091231350448
0.0001350866047746213
-0.00016944650280858577
0.00014581960227975438
4.791776678531528e-05
0.00022819012122925734
-2.444419192933271e-05
-0.0001697923923459035
-1.754960368782055e-05
0.00019819360906403965
-0.00013053951101707004
0.000287102844836863
0.00013081318750119678
-6.925042195972964e-05
-0.00019795053492991288
0.0002285489978658865
0.00015252708681410502
-5.3999586633875966e-05
-0.0001066444291767001
-0.00020528246660901585
-8.056427897461076e-05
8.100876145968093e-05
6.001447076662815e-05
-5.352188816965664e-05
1.652334107328442e-05
0.00025023945127197587
-0.0002070857272560269
-0.00017550653356077878
-5.973252083375888e-05
0.00017653066007721375
-0.00020103856866842144
-0.00011704412959171267
-5.5202865675236536e-05
-7.677512423140192e-05
-0.0001419557559628804
-0.00024926903214304765
0.0002903820875922913
4.010783034662615e-05
0.0002822783756160963
4.464679990837084e-05
-7.197285074071234e-05
0.00023314867354252245
-0.00015660037576749192
-0.00021977373708751172
2.2372628228773306e-05
-0.00017634877914891653
1.5397106608289472e-05
3.850933631842639e-05
-9.182731857491531e-05
0.00025968809922954195
0.00020922039499745904
3.398223639671481e-05
-0.00023897300650017685
0.0001826384585444922
-0.00025468169760522785
3.391600152455017e-05
-0.00014903243106921104
-0.00012150369997336683
0.00016524401867433188
2.4006664460917088e-05
-8.023800168063317e-05
-0.00012176291740723883
-0.00015221967157623143
-0.00028250587995643693
-0.00029308425821558985
0.00013756826300126532
-9.514173951958988e-05
0.0002319537402423833
-0.0001449210493517663
-0.0002904965369017698
0.0001085944355822963
-0.0001796724033471414
-0.0001205739198821621
2.0616425938189172e-05
-7.225802097714329e-05
0.0001176962930806442
-4.679046560901863e-05
-0.00020248014576837632
8.676064940867908e-05
0.0002772539137616253
0.0002703277414764002
5.187035624279446e-05
-0.0001934698865201089
8.938943260615131e-05
-0.00022445190119067278
-0.00022509569540822474
-9.831091919640307e-05
-2.209603938200112e-05
0.000266781369421816
0.0001820593984096166
0.0001427732183319646
0.0002749345016403556
0.00023006595613875395
0.00022532889799360998
-9.450437437736012e-05
-3.082334969556393e-05
-0.00025319062357510565
4.318240490470488e-05
5.77772472688836e-06
0.00015055349646475304
7.976544085867707e-05
0.00026653232494815946
-9.06973694398303e-05
0.00011275109350238679
0.0001620527026304813
-0.000247554705092921
9.057557109824261e-05
0.000126346909502252
-0.00018904584389733574
6.678131536059188e-05
-0.00016024143931229993
-0.00011772467439128618
1.3150794103648203e-05
-0.00010180554262082382
2.825569379192428e-05
0.0002769240801384849
-0.00021437404627509062
2.456093709635751e-05
0.0001413102962553696
0.0001887913088812569
0.00014636954599228283
-8.07781711626782e-06
-7.787077902084331e-05
-0.00012602630581620803
-0.00014115130819251202
3.697387502417707e-05
7.584991088658367e-05
-0.00028372670608791637
0.00010676108835604338
-5.2303051986055506e-05
-0.0001962927151391586
-0.0002098043512340319
-0.00021768074363474004
0.0001931234607571286
-0.00021784080160150508
-0.00024713156314463416
0.0002681108814592246
0.00019064948360948214
-7.7016270223312e-05
9.095760456546032e-05
0.00015588252892534556
0.0002687171857311466
-0.00010530417680027483
0.0002741993652095232
-5.9545581012824915e-06
-0.0002632836958393044
0.00015013696932715304
7.427925273317934e-06
-8.25364472188774e-05
0.00010505364096336341
0.00011754515994043805
-0.0001822170686632926
0.00021273386436189895
6.057895762207142e-05
0.0002749022613035944
0.0002508760807859906
-4.6122500329246786e-07
0.00012352970177426515
-0.00022603731993988058
-0.0001575918940090415
0.0001793723864077988
-0.00018209497450494402
0.00020136248247186044
0.00024075677103712066
3.098153321177407e-05
-6.502686335949044e-05
-0.00017408002388642643
-7.8263342439828e-05
-0.00012965507559805029
-7.548210091210596e-05
9.106822364298177e-06
-0.0002337462462967552
-8.81883270960599e-05
6.368205166274815e-05
-0.0001838129813487093
1.308077827996332e-05
-0.00022159246103438797
-0.0002960581408494381
0.0002803215724174036
7.507824394329407e-05
-0.00022753248861560004
0.00022536203636481963
-0.0002907131815161841
-0.00017319093758794623
-7.976966630193343e-05
-0.00017387836264864397
-9.865551332557845e-05
-4.7234617410932115e-06
-0.00028046392195135874
9.067031353872092e-05
6.383052926609315e-05
-0.00028727662201268565
6.019020142269721e-05
-1.4293027524227059e-05
2.671731739516581e-05
-0.00015811004830411758
0.0001273325225298393
0.00012589735243483986
0.0002649437932427412
-0.0001900390070903638
5.796230249890597e-05
0.00020037202661199975
-0.00013767753176600404
-0.00015020451393888751
0.00021306884264507667
5.357550946651096e-05
0.00023694980581405385
9.841147349662647e-05
0.00015131650396405302
-0.00018866622462398829
-0.00029675921853544935
-3.0518090363673516e-05
-0.00029414425881434196
-1.0326432861418485e-05
-8.651379988795175e-05
-9.960643134827442e-05
0.00016044516186983042
-0.00012373972016212228
0.0002810800310769697
-0.0002703338677663211
0.00027040802592807363
-0.00022536195628595406
-0.00011018697188124431
-0.00014005792318634604
0.00011491349268395691
-3.691918818188734e-05
-0.0001842464990851621
-0.0001422670696887151
-0.00018010773403042367
0.0002075409640399951
0.00011932003179140562
0.000250068360317954
-0.00022932253920245288
0.00010917307724432
0.00019681201335893455
-5.772460493953799e-05
0.0002741169931004703
7.36812176620593e-05
6.639270959038799e-05
0.00019538899476711076
-7.70750582378947e-05
-0.00019863515382780755
0.00011641066637277814
-0.00028567741138583596
-0.0002112864796043779
0.00013260073807289997
-0.00027357187626787967
-0.00011207493686575556
-0.0001029460205609443
-0.0002574262832395909
0.0002214113208066823
-0.00026611251028006136
-6.134547498181275e-05
-0.00016668796180256226
-7.007674198618088e-05
8.751106188951247e-05
-2.4932800810705533e-05
4.866115532927166e-05
-0.00023787506820509578
-0.00020496217133349732
3.305222801254753e-05
0.0002569511776874571
5.446006075582419e-05
-0.00025359469787772794
-0.0002128859654211132
6.055610033289994e-05
0.0001504929019581635
-0.0001477277482077741
0.00014915004449318428
-0.0002564606913729066
0.0002898195037412538
4.015514460033718e-05
-0.0001696859696594177
0.0001262872841252165
-3.256828114582577e-05
-0.0001882458979450908
5.6740605387610324e-05
0.0002476229071500681
0.00028392996945100665
-9.95429159688266e-06
-3.6887873386695635e-05
-0.00016362812151648288
0.00024063367937497514
0.00010812333037508407
-0.00021402285756427487
-5.567203133132956e-05
9.215965419542838e-06
0.00022218155525620826
-0.0001357577667766697
5.2782942266904826e-05
-9.613831029401079e-05
0.00021587880768733544
-0.0002334365484303116
0.00013114220575890427
1.3404637603082158e-05
-9.849187147937288e-05
0.00019802051659419947
-1.8844345639306467e-05
0.00025170038969925924
-0.00023360390360167513
-3.5545396889010697e-05
0.00023245510741141284
1.4609976576742442e-05
-0.0002271228930384824
-0.0002700032364367307
6.178671471198559e-05
0.00013009310763181662
0.000160676675858105
-0.00026547132257305993
-5.46238088742734e-05
-0.00012074944849633075
-0.00025745006848712244
8.749895128910677e-05
0.00029950644151897535
3.0407648744644846e-05
-9.264703612770845e-05
-9.900855920526663e-05
0.0002739815458862263
-5.5207610150223194e-05
-0.0001901332125738345
7.85607651914737e-05
0.00017445738705304975
0.0002524619362620579
-3.266140076207605e-05
0.00015626208850670267
6.341109099388764e-05
-0.00018782256641289248
-8.587507674685606e-06
0.0001822855905918041
-0.000233150141833958
0.0002565088468480811
0.00013832391418661599
1.1641437342252046e-05
3.0163303595841977e-05
0.0002548374386975063
0.00013921640757283004
6.003545267034842e-06
0.0002168869915790262
-0.00017936529007063888
4.8670581216830855e-05
0.00023195887464486548
0.0002568097203642392
0.0002835692842277411
-0.00011331652475669477
-0.00010242511662105682
4.259375151201674e-05
0.00020075499605680234
0.00025335920711353047
0.00011611353227697325
0.00024733508379938047
-2.938345170889296e-05
-0.00020669760548012794
0.00023271944315406856
0.0002876791284303378
-0.00011036300423413576
-4.5981512516405786e-05
0.00010487042851943442
4.475782508451756e-05
6.48613997049183e-05
0.00021736565730677337
0.00022575186605490412
0.00023641668960403163
3.072709070007319e-05
-2.002819602470472e-05
-0.0001898719318187561
-0.0002701895827206011
0.00029957399778854
-4.589778620515516e-05
0.00023744458001868977
0.00011034751566245756
7.413047635215206e-05
0.00012598874749015278
-0.0002959995036665805
9.111797395174373e-05
0.00010341218617729167
1.5813072240776233e-06
9.135088687375333e-05
-0.0002581295303906692
0.0001603460432568895
-8.089755115730864e-05
0.00010437813744474853
-0.0001008227815487161
0.0002368378711929292
-5.579029327954622e-05
0.00016115767108099122
9.910539341964451e-05
-5.200159288624957e-05
0.00010338116470799409
-0.00015425558377457735
9.674710320198347e-05
0.0002188835963579208
0.000261705880321997
-0.00021416253308078915
-0.000140418955934414
-0.00015477654111439127
-0.00021571931270067087
0.00022550576162965532
-6.156183430530918e-05
4.679112218182848e-05
0.0002851526079876647
0.00011005875584153949
-0.00011542123952969156
4.0166209251456286e-05
0.0002956781548726042
-0.00019654608591031274
0.0002275995576415507
-0.0002426936301393579
-0.0002627804661539933
-9.26850308240011e-05
-0.0002847453352567749
-2.8506724847122565e-05
0.0001604052489413746
0.00027189188772723804
6.603479204937262e-05
-9.90885747017571e-05
-0.00023279397232373554
-9.14033408514586e-05
5.276142551654292e-05
-8.989087497995917e-05
9.558085058890357e-05
-0.00015144477637297937
-5.388881765830552e-05
0.00021692518707610648
0.00022294491524273483
8.917046424915357e-05
0.0002494165849326033
6.970071175961713e-05
-0.00017299246088556657
0.00023334236817410973
0.00015012335109063454
-0.00028638387703821427
0.00026301526420779503
-0.00022077808000779887
2.6527474395460617e-05
0.00011214198943592269
1.4193030462241363e-05
-2.952618195625284e-05
-8.00355825794253e-05
-0.0002302228383295749
-0.000287921780874574
-0.00021770040868489537
0.0001838865502895493
-2.9831354980745827e-05
7.028324316482473e-05
0.00014252519542328764
-0.00027307337571372503
-0.0001729766286247955
0.00011640271688018693
0.00021295421838680783
1.2224204001752852e-05
0.0002019314216013365
0.00020206714370363477
3.5063549095641026e-05
0.0002458222626117264
-3.527621865730596e-05
-0.00019461452278539165
-0.0001829895140513439
0.0001956070733070972
8.939550219772978e-05
-6.269554304519966e-05
0.0002213790507752899
-1.998224073219187e-05
0.0002380942209760332
-0.0002894639338172691
-0.00020904049604837712
-0.00013390775990543258
-0.00010590271139573486
0.0002070401277966093
-0.00027656019643967217
2.2122110673500654e-05
0.0001732376867398511
0.00022310615010126463
-0.00024601184646538154
-0.00010305968526448824
0.00015568734585213258
-3.259898452743511e-05
0.00025837001156358983
-0.0002838219344764623
2.6816653510008514e-05
6.482319830635326e-05
-8.57306361751024e-05
-0.00019140705001835094
-0.00017140935874943258
-4.203274612460227e-05
9.983862725581965e-05
0.00016989474418013356
-0.00011502077553630889
-0.00024665388181588724
-8.854333838084373e-05
-1.4906558882284116e-05
-6.515246271147055e-05
-0.00013610584208707596
-4.191757605991194e-06
7.240782143939754e-05
-0.0001554257586189566
-0.0002777209582859406
0.00017573126797573865
-0.00028140227521237545
0.00021413946355740401
-0.00012380129369899233
0.00029488714092975433
7.854957343858462e-05
0.00028898648972281615
-0.0001958573633353557
-0.00012387438731736115
-0.0001915864163518767
3.295445428722505e-05
0.00024178688736094847
-0.00010075114069407228
0.00014974354587626588
-0.00015276913091255461
0.00014893119330604667
-4.585853326667476e-05
7.330379474074049e-05
0.0002948556187446376
8.108360597728812e-06
0.0002168160883823527
0.00025860568987477256
-5.724680850675292e-06
0.0001084366730505336
0.00016714371271720223
0.00016855856972676205
-8.259613121359071e-05
-0.00013814160407618677
0.00012792451294680143
-5.613902708381753e-05
0.0002475085985737193
0.00020507691202998577
-0.0001077245778716837
6.106884647608145e-05
4.0175785024520745e-05
9.285258414359893e-05
0.00029608005001534066
0.0002534464533996197
0.00017440124835906484
0.00011902258145724562
-0.00019129920413393792
0.0002277251633739504
-3.922970299983299e-05
-7.124776310738414e-05
0.0002820778317487079
-2.977477360338631e-06
1.0258278672080606e-05
-4.678314768818742e-06
-1.053297413375413e-05
-0.00018636019719618402
0.00023037503098549418
-0.00017425290773264885
-0.00011731682138092265
9.09860630568186e-05
9.325479848598152e-05
3.866200210284331e-05
-0.00028794238722037335
9.656225686357941e-05
9.2623232896301e-05
0.00025739268295387857
0.0001708651872105199
-6.798296688899019e-05
-3.893763141586383e-05
-0.0002646905071841108
0.00020984376466839065
0.00023252677493710514
0.00014047504167693327
-0.0001454751068112189
-0.00015647350004619387
-2.0352487763310926e-05
3.2287691756368046e-05
-0.00012098124411011132
-0.00027112989592167544
-0.00021202421594155048
-0.00013705797262792712
-0.00025265672435912013
0.00017245839596338725
-0.00012505560500688796
6.053645181304572e-05
-0.00013049171363782683
0.00029122616399289083
0.0001495196954573036
0.00020520716226602847
0.0002598149881031583
0.00014464890646558075
6.229063853777393e-05
8.442772056742906e-05
0.00015281612928678398
-8.817325114175115e-05
-0.0002703029905242307
3.3727766825445804e-06
-3.768650873363968e-05
-0.0002262577881438219
-0.00023629459456779437
8.480640103622017e-05
-4.82817291350097e-06
-0.0001190097199156012
2.457952432284008e-05
0.0002976941989533821
-0.0002101237209982117
0.00018171812939590917
3.672472663895682e-06
-5.5754584447834294e-05
0.00021963027955716833
-0.00015993967405796393
-2.250005278419347e-05
