0.00029220233330508484
0.00014393267713861844
1.4597073645101826e-05
-0.00015807402749700447
-0.00014502367956817456
-3.51673580769031e-05
0.0001604956057032356
-0.00025607955879907135
-0.0001146083250649765
0.0001722849520089712
0.00017609398760265937
0.00027800871351189724
-0.00022608982837827164
0.0001488936663821486
0.0002708522431290159
-0.00025042802322926337
0.0002500569066304778
0.00017957836202741516
-0.0002788007196188335
0.00024825770675879064
-0.00029016613768287136
5.5353788929226916e-05
3.126052637513003e-05
-0.00022564838737166502
6.413397636081134e-05
0.00025931166028488403
-4.310563615971631e-05
0.00013417995105997508
-0.00029591242189882426
-0.00018034074999755259
6.606292937855218e-06
-6.418447365389706e-05
-0.00010315333030955603
7.000596682280724e-05
-0.00015175666242217794
0.00012109142446145983
-0.0001291607934161083
2.9443511686283225e-05
-0.00017502859364043483
8.066269252618511e-05
0.000291851736790225
-0.0002690975072661991
5.493674281531019e-05
0.0002400930125825991
0.00019623661482029425
-0.00025533373201051547
-7.65055233242594e-06
0.0001006682182469305
0.0001178717506200464
-0.00028606677604341407
0.00015509296558273872
-7.00878206717726e-05
0.000274835619767246
-0.00020107725549662166
-0.00028298021976314714
-0.00014045590075500487
0.00024338477618854386
-0.00023105559204201782
-4.933642659703854e-05
0.0002161187818898709
0.0002653331472931571
-9.275482113318284e-05
-0.00019229781364147225
0.0002408916043835538
0.00011297835050226986
-0.00026805841225721724
-0.00011034943248164572
-2.0925407134633387e-05
-6.790734696796144e-05
-0.00023211061564629875
-0.00023677871230919103
-8.055159829236703e-05
-0.0001547407720524799
-0.00012930352263384863
0.0002741430376264588
5.191394500820667e-06
-0.00015805213915347745
-2.583599603820085e-05
-0.0001958399218575152
-0.00027688191679835927
-0.00022723980073562734
-0.00012752538593976105
-4.2433603232335535e-05
-0.00024566779204183374
0.00027114185862946145
-0.00018390824101974132
0.0002276534860488169
-5.394715140715265e-05
8.142917554224783e-05
0.00027112142980420816
0.00017444200449091927
-0.00011167327809075546
2.8221131004566827e-05
-5.50652531684739e-05
0.00020820614167293055
-0.0002937984493072934
-4.258493207433359e-05
6.12287841427854e-05
-0.0001014177973484667
0.0001533052362966127
0.0002803955539260541
1.552199414991311e-05
0.00010217645873062878
-0.0002967512061216594
-0.00015160349849060369
-0.00025152367320836603
0.0002374377651194525
3.299372437810745e-06
0.0002124127804098654
-0.00010874960063947435
0.0001779666618481223
0.00010143492132880222
-1.0788062972080749e-05
0.0001987846658126412
-7.087466944237308e-05
-0.00010873407618576194
-0.00029440137732771314
-0.0002746404808658199
0.00015098300889653123
-6.544895764119517e-05
5.962756547591981e-05
-0.0001758857397336298
-3.2689930317338274e-05
-0.000259743356692382
0.0002965504748647881
0.00022479256768428833
-0.00016570974811113488
-0.00011962044051014775
0.00010296573025341492
0.0002524806512732266
-0.00022444439380964743
0.00023501512345554476
1.2650004114725985e-05
-6.307600337575084e-05
5.0682707609289984e-05
0.00013983542184158314
5.2239410999449954e-05
0.00018922196466923045
-0.00021495522130663688
0.00022477542549904044
6.660153189404986e-05
-0.00025605786324853664
-4.9350072442461894e-05
0.00013297804102311097
7.65424758611141e-05
0.00011716040513690064
-8.941480230793207e-05
0.00014431571023574067
-0.00021089196444200932
0.00018900643479018202
0.00022832853931262323
3.9745023074749515e-05
0.0001543929567423287
-9.145596853532003e-05
0.0002720280050834191
-0.00013503148161020755
-0.0002915675463529514
-0.00018553100846898532
-0.0002266580595239445
-0.00017019853485455473
-4.6108156638969915e-06
0.0001695954845305927
0.0002362505317482215
0.00018227251727507854
0.00014206247616081307
0.00014563177090011042
0.000297450014350675
0.00022621007814960838
-0.00014868816782952354
-5.422268043997036e-05
-0.00016523470421017644
-0.0002835853315061334
0.00021594838464829036
-0.00018168778691933404
5.831794431056627e-05
2.8502113476420175e-05
-4.7969115696785514e-05
8.631968657760495e-05
6.663157988471289e-05
-0.00016689418337210857
4.6372424482282965e-05
-5.050968590942714e-05
-0.0002588483760865901
8.801389300463786e-06
-0.00021253412599241575
-0.00024908417722462983
0.00025716635081325813
-0.00017516920997915866
-3.1669161841157295e-05
0.00014325490850064645
9.024299151702732e-05
0.0002679550620792222
-0.00027528387717647997
-0.0002739867023969731
-0.00010282548442286152
-0.0002375068033730769
-0.0001862204137647099
-0.0002778005454066118
-0.0002916500307653902
-0.0001930952203344535
0.00012353480356921747
0.00011185457608474674
3.9386687292717075e-06
-0.00011518002609170875
0.0001620953239402312
-0.00020025621813842735
-9.275967474385268e-06
-9.271389721046111e-06
-2.7455738676599015e-05
0.0002517084916665904
0.0002785926355422736
-6.350154264183887e-05
0.00010350511150467398
0.0001877436590329262
-0.000175626602255489
0.00025007322125619795
0.0002618657480401982
-0.0002803075530583812
-0.00013514724466540308
0.00014358710459673072
-0.000295091158659807
-0.0002467342495577627
-1.750619057731904e-06
-0.00010780612694068071
0.00015065151216716872
-0.00017276976135392785
-0.00012593391681402683
-0.00020955227226263502
0.0002296164788667783
-0.00015747746374304112
-0.0002917618062877274
-0.0001531826245892527
-0.0002693853975331478
0.0002831960785931958
0.00023762600859683131
-0.00018568338737536905
-0.00021504537398562277
0.00016464168396746766
-9.599297565855624e-05
-7.691995111747295e-05
1.890040816031178e-05
-0.0001854055963398772
-4.4101280195966096e-05
-0.00013857267809964862
-0.00017164903789831476
-5.209053975486827e-05
0.00022258095260005434
-6.090697331362512e-06
-0.00023361912708297241
0.00015720440880713618
0.00028335925156740103
0.00024309971198733263
-0.0002848502541077469
-2.218576313821075e-05
2.7212936000049423e-05
-1.2130488301853658e-05
4.509405907423587e-05
9.255293300867171e-05
-1.332420562674718e-05
0.00021831472295099084
4.431240504088063e-05
2.1848564752239804e-05
-0.00016044245894637096
-5.0228778735811005e-05
1.679028720784836e-05
3.857785690844593e-05
0.0002470095130022365
-5.348960418216891e-05
0.0002529864525236015
-0.00024834867529883607
0.000245443316377679
0.0002668638952651971
-0.00015861892698446655
0.0002055797491890366
0.00017539878073471576
-0.0002445982851312236
0.00010923365611078964
-0.00021673265675726928
-0.00025749192231929526
8.94354921398334e-05
-0.00029582519942790344
0.0002576059792993971
-0.00018350181504248213
0.00019390081953241876
-3.3115720079475604e-05
0.00016247564551540912
-4.56436458184785e-05
-2.1801914352397023e-05
-0.00017271262541844652
0.00026287264882594337
0.000233585496278577
-0.00022956410487335422
-0.00029758080651627887
0.0002330445633977242
-5.8449329723818584e-05
-1.80648478689378e-05
-0.00014524294156680498
8.572332665447463e-05
0.00028208007372774357
0.00022382948389793733
0.0001872603404059965
0.00026359679505821425
-0.0002821895857674908
-0.00010995665097254399
-4.679596912108967e-05
0.00012673442379287756
-0.00029327029811907304
0.00012032960096015275
0.00021741081864623193
-8.801310022230117e-05
-6.867464772378765e-05
0.00011564844706768245
0.00019543668443081785
9.080337356417138e-05
0.0001578912101595374
-0.00026165739760189595
0.00021244987871977828
-0.00015267725793243828
-4.1522434228021595e-05
0.0001468073518301588
-0.00014702098183748923
0.0002639397878145808
-0.0002869599136541301
-0.00016031174744980564
-0.00019759140165841302
1.782449117094945e-06
-4.5545385731984736e-05
-7.495527076606281e-05
-6.698290871830022e-05
-2.7009482769371068e-05
0.0002541402336396989
0.0002709776504416209
0.0001791803464896316
0.00016728890512667318
-0.00029678877589796527
0.0002038054996239518
-0.0002679398725426868
-0.00016354938763576583
2.0473645974745773e-05
-6.643958455114117e-05
-0.0002271103940080482
-0.0002557122531133913
0.00011545022656972296
-0.0002721902232075573
-4.008064782207654e-06
0.0002912319874276178
0.0001151352273842715
-3.0449640041306785e-05
-0.0002981084417314999
-0.000270090718821366
0.00013382691474017892
-9.145016729213186e-05
0.00023978365933704696
0.0002558819038483864
3.480227356377933e-05
-0.00024483228440275997
-0.00020742977830959808
-0.00029295932270725065
-0.00013027707746562993
6.197715722308325e-05
0.00019735261977179755
-5.617779050170907e-05
-0.00013126339349330262
-0.0002032519957681392
0.00013110054995265784
-0.00012076407303473737
3.7678035856721862e-06
6.188525001025043e-05
7.178152178587274e-05
-0.00028546506064531445
-0.00028492539349002344
-0.00028755541272302047
0.00017276709835696926
3.166460603323525e-05
3.0771233497433486e-05
0.00020639280043161916
3.2009486401138494e-05
-0.00011268758314292337
9.62269097304092e-05
-0.00013403807839570213
-0.0002879406313184992
5.6613341801393566e-05
0.0002631388201918186
3.45276171514761e-05
5.8725560807830815e-05
-0.00016165271773453658
6.26706319286004e-05
0.0002849713395506607
-0.0002048342785538
0.00027459323596403456
-7.869380503726034e-05
-2.918778553997049e-05
-1.6067029693715945e-06
-2.4041060771484777e-05
-8.947608153134386e-06
0.00019648297278102928
-0.0001629376002920149
0.00023223878901000935
-9.780651405148549e-05
0.000278044418089513
0.00022969824778024513
-1.938632087484382e-05
-7.035690115369002e-07
-0.00028714263354472183
-0.0001587377505816248
0.00026111410723699734
0.00021240800922674017
-2.239896193776764e-05
-1.0559126500707253e-05
3.3252702117752934e-05
-0.0001551256542669538
-8.899397624479694e-05
-0.0001821834289485867
0.0002358634079275412
-0.00016910293133801327
3.3792447795157987e-06
-8.135813593666033e-05
-0.00019992461816529226
-2.3621730212833867e-05
-0.00022970331045982066
-8.739401619023367e-05
-0.00021923525280944723
-0.00020882272611029114
6.800304933155557e-05
5.953955102386705e-05
-9.889618198218598e-05
-0.00024272403139450233
-0.00023896667978408177
-0.0001353904331603113
9.163130558263288e-05
-0.0002658648269795921
0.00021171887941336527
0.0001223922499335886
-0.00014487265412304449
8.66410436252958e-05
1.002893605322932e-06
0.00025418224791866367
-6.401697366832115e-05
0.0002212914125387546
0.0002953230971562486
-0.0001533295896332559
0.00021665304709365122
-2.7272775046418326e-05
-0.0002784236204036349
-7.867660327786751e-06
-6.914194093155605e-05
0.00023928760935640667
7.936237375623877e-05
0.00023556670767003362
6.95797425094528e-05
-5.171611064821362e-05
-0.00028054155577659796
-0.00021933603879238035
9.624393415580326e-05
3.661780698234804e-05
-0.0001419707517418449
0.0001555023682823428
0.0002593271259683278
-0.00017842039371015474
0.00013440495125747082
9.085020259832165e-05
6.735060825358062e-05
4.35552936947021e-05
0.00010746946490145307
-4.149569628458436e-05
0.00025290573854494443
3.6981242661377704e-05
-4.4468225488974316e-05
-0.00028948090819701607
0.00017299443235950106
0.00020831521435798578
0.00014050971590697322
-1.4142299585120954e-05
0.0001284041102691348
0.0002318787738014078
0.0001112344918429284
0.00028942719458323194
0.0002731679907059076
0.00027789347690229395
1.6163654926863583e-05
-0.0001797934889296711
0.00022325071071740364
-0.0002508029097115962
-0.00020259011629303078
2.501185223189532e-05
-0.0002984254694016346
0.0001123948393458497
2.1839758234462256e-05
9.870446589298014e-05
-0.00018457567313845684
0.00023608520221420727
-5.7421154153334565e-05
2.6692921430314463e-05
0.0002380369258276731
-0.00016723154501976508
-0.00010526146989388226
0.00010497977083765244
-0.00021038675247025187
-0.00012611251041430978
-0.00023786513285922135
0.00014267500613739814
-0.00010431730684153819
-0.0001261636388914252
0.0002918870034802412
-0.0002616428796339462
0.00011819772779123576
-0.0002900780473484413
-7.382426293509937e-06
4.0474213232369566e-06
-0.0001703539907289922
0.00020401738512895842
-0.00015429108445911188
-0.00013432122886065795
-0.0002466073951031098
8.310366202784417e-05
-5.0818216308469075e-05
-0.0001601976995745019
-0.00018204736107011284
-0.00024578188965538987
-0.00026408483609465454
-0.00027389490970401606
4.303441666251353e-05
-2.5451996929880673e-05
-3.769745946786431e-05
5.1481395066981764e-05
-4.841030344030601e-05
0.0001722790830090931
-0.00024042402214172524
0.00021064160594446221
-7.016426365856007e-05
-5.213103123111022e-05
0.0002480285701703648
-9.033288174431495e-05
0.00024494946830529927
0.00021604771429798673
0.00012753901342299684
-0.00013703714908469845
-7.047712396575994e-05
2.326057317434603e-05
-0.0002757706215340605
0.00021184328991796152
-0.00013727706624846556
7.692114314640405e-05
0.0002002981165189713
0.00012170147310962737
-0.00025302930730426785
0.00028610228556356796
0.00016772244661840435
0.00029458245664786296
7.384603210202793e-05
0.00020607874578033842
0.00018547930984394304
0.0001684924670225966
0.0002435239597427681
-8.188433932135409e-05
-0.00018669461310641682
-0.00010441816932150097
-0.000190887939566845
-0.00022245452812223629
0.00018139600457314092
-0.00016638351508303502
4.2607549490463826e-07
-3.56564424636315e-05
0.00019696278347462102
4.383139048758062e-05
-0.00027764885808785915
-5.7294517958409206e-05
-0.00027459501300211293
0.00021201388522538712
-0.00015570803496233856
-0.0001652285849721604
-0.00025709740689982446
9.997416124010304e-05
-0.0002464345255153194
0.00010862000703031212
0.0002673573097598465
0.00025545516159979027
-0.00016064673978662334
-6.607697836831411e-05
-0.00023417104665355085
0.00021821211321772872
-0.0002608765608601263
0.00015739944912599623
9.738657069631191e-05
0.00022205505417770944
0.0002633596689868112
0.00014389400855870186
0.00024116795273775282
-0.00012126076448522143
1.789441064206648e-05
0.000181331197020262
-4.844069168005521e-05
-0.0001454146867849431
-0.0002628233994655068
0.00020125408559998895
-0.0001229311321597549
-3.1053562215998924e-05
-0.00029492120420486685
-0.00012023888956198174
0.00010254462683526207
-0.00023969984561184515
-1.8376291866109638e-05
-0.0001008796204420544
3.425074769714307e-05
-9.724030011186197e-05
0.00016360749055917783
-9.781265861514944e-05
-0.00013104807731004477
-0.0002548496166933532
7.300756646556086e-05
-9.399771971412623e-05
-4.6485426145843303e-05
7.272313426918834e-05
0.00010987208123030369
8.659395909262031e-05
-0.00018735728493696807
-0.00012199740417491667
2.662911324893271e-06
2.0548620783059025e-05
-0.00012632403396691558
0.00019237621677138894
-4.08066565262e-05
-0.00015858665308204718
0.00019889585956478468
0.00015941285523317047
-0.00011103167603989349
0.0002354853101834146
-0.00010387624983412665
0.0002737215494030215
-3.5724414265317524e-05
0.00026882582398982997
0.00024557206764605656
0.00025606686795187774
2.2671283809775743e-05
-0.0002237564773301224
1.057388018376002e-05
0.00015168333137756748
-0.00016434214532499305
-0.00025678681058953674
-0.00013952343901448914
0.00019544596262174445
0.0002038283003340311
-0.00012639355820137212
0.00020631346184390363
0.00013703936674645204
-3.538084859626959e-05
-0.0002447867165352971
-1.47731506017175e-05
5.3299976824640305e-06
6.452296619769923e-05
-0.00017364541873657297
8.159971163162149e-05
3.460672340092338e-05
-3.846464233040213e-05
0.00022923435859788065
0.0002800531971688493
-0.00017023673136179333
0.00018411532965178845
-0.00019477409373421846
0.000298959968695665
0.00023408158500123384
0.00018735437392482338
-0.0002936935528990172
-0.0002927770166610383
2.0183369040602446e-05
-3.667208261438096e-05
-0.00025827262344960144
-0.000297302857628388
0.00025067269371251345
-9.03802964265885e-05
3.774437852702481e-05
4.8138255392254144e-05
0.00024707571674903824
-0.00014280411664817247
9.264996622790957e-05
-5.448200120611795e-05
0.0002916821330723988
0.00013922435715902373
-0.00010784937734616921
-0.00014954519760638287
5.3733086360925446e-05
-0.00016287588035632285
0.00014236476201224716
-0.00018475864920326594
0.00012302710200058137
0.00020245183464947738
-7.302644656252515e-05
-0.00019090202277427182
5.2206126845100566e-05
-0.00017497338247359797
0.0001615791826964339
0.00021678411200882483
-0.0001165975008031767
-0.00011708104412142055
-0.00011481559027859097
-0.00023826630009564663
0.00021416189338541305
3.185074548064221e-05
5.4527832107405835e-05
0.00010498471772500136
-0.00012528012901878125
-1.0800988855151237e-05
0.0001700714050135772
-3.185082050997218e-05
5.817553933035706e-05
-7.894116541209566e-05
0.00023069582025662922
2.2023737078088698e-06
0.0002601215601106313
-0.0002748566366784048
-1.5669813671296846e-05
-2.6829042780512446e-05
-0.0001587358892048115
0.0002531080616666039
0.0002344860419390738
9.44971353333156e-05
-5.674546404346617e-05
-7.66312550775854e-05
-6.706456183954251e-05
1.4750786150359335e-05
-0.0002724663168303241
-0.00024344447725131052
-0.0001471375611806403
4.014350580450432e-05
-2.0057982296862965e-05
-0.00012038980435452129
-0.0002591267742500873
-0.00022013428957086696
-0.00024131573931320666
0.0002661403187991851
7.159071073889624e-05
0.00023079436266089224
-0.0002551685534093258
7.901897355466737e-05
-0.00012591039875306506
-2.2482786134819398e-05
0.0001646010901607651
2.5204970231892357e-05
-3.695241807800389e-05
0.00023572393204338108
-0.00017688123697528988
-0.00019477085262522447
0.00010319770284622688
-8.725852756495862e-05
8.857558955278953e-05
-0.00025666073757164273
-7.565977673962374e-05
6.501705583709363e-06
-6.832624341674166e-05
-9.91634334639993e-05
-0.00017175362582097937
-7.921023698346304e-05
-0.00012143885470010182
4.750930385566594e-05
-8.292488398150936e-06
5.192231420939606e-05
-0.00014378890302486628
-0.00011682332685982415
-0.00020446413697784447
0.00022543693481529985
0.0002540888243760927
0.0002799178036098408
-0.00022659510803741507
-0.00026810287351934083
-0.0002261978253308315
0.0002054864118128734
-6.279549863619265e-05
9.987852965610312e-05
-9.475726725638228e-05
3.412329401157767e-05
-0.00016034215268624803
8.697254944029106e-06
-0.0002801435186050563
-4.5048645457701616e-05
-0.00013103262228449724
0.0001608717325891368
0.000235776821531255
-0.00020234478392466035
8.463817840015099e-05
9.359953309678431e-05
-0.000133131799143526
-0.0002658059228908695
8.387810809652241e-05
-0.00012193829815868688
-0.00021016665190447313
8.295846746091129e-05
-7.237503441027702e-05
-5.969539937850519e-05
-2.8252848018201545e-05
0.00028958759074688517
-1.6667402090467904e-05
6.891022706840216e-05
3.443290565299106e-05
-6.448972789111713e-05
0.0001934569819795606
0.000239170368286993
0.0001311132864282291
-0.00011714542098112027
0.00017893217231086878
0.00011956619034964863
-7.571579165488392e-05
-0.00021402287726882298
-0.00019928734758481326
0.0001881510793872746
0.0002141999134532945
-0.00011573385065057491
0.0002288794150681007
-0.00019738915278088128
0.00019941535575330446
-9.619093038817689e-06
3.593094974026255e-05
0.0002648059949755226
0.0001871795227970698
7.627003655065158e-05
-0.00022811334175001317
4.152849997276093e-05
0.00015565652609796402
2.1048650691851982e-05
-0.00029988901203581144
0.00019024750122410692
0.0002749482661540898
5.114415566246332e-05
-0.00017046618186247658
-0.00010560144864462959
2.810518807629624e-06
0.00010716290352912202
-0.00011109102994122006
-0.00013964162555415568
6.256577328315956e-05
7.467133845983238e-05
0.0002633405174048224
-0.0002526190640534125
-5.627166977629304e-05
0.00027328191731880463
0.00025438183148407753
-0.00019794091897596376
-0.00016936729247960262
0.00016810343339148065
0.00023029058985591066
0.00012486801162092182
-4.907355407340506e-06
0.00019680241501380218
-9.501343069957501e-05
-3.712237819495116e-05
-0.000251612712110418
0.00022030654164595522
0.0001355372709792341
0.00024647927093206576
-0.00017006706640179447
-0.00022192707241874382
-2.718150851958504e-05
-0.00015555460238704692
7.896207952035332e-05
6.250964579397085e-05
-7.726875878058569e-05
0.00027954982954935616
4.980455959401986e-07
1.1770671183070416e-05
7.1322793844327695e-06
0.0002013415037455688
-0.0002479666585257298
-0.0002510664797637216
0.0001835533999305579
0.00028395860428244386
7.769967558124202e-05
-8.527493392007562e-05
-0.0001810885795630397
0.00026298414310679054
0.00015767428111068248
0.00015745628604715687
-0.00025627270289263476
0.00026044653241977825
-5.9053616610376384e-05
-0.00016755279544889069
-0.00011916232276387348
0.0001335299776118185
0.00018426605695926384
-0.00022566273212741187
0.00021055364990041277
-0.0002500004209414047
0.00018030906180152519
-5.441154558064466e-05
0.00016336863742045924
-0.00027297355743495977
-0.0002340693775079171
-0.00016447041120107553
4.318149664364764e-05
-0.00018287897284362673
-1.0640417635545579e-05
-0.0002841399691866883
-0.00016977686272081282
0.0001929767446279224
-0.0002883694942699171
1.2242088354310341e-05
0.00023199250958365558
-1.1289330320690552e-05
-0.0002692412933099676
6.334898671605746e-05
-0.0002415362702526065
-0.00025426549369307307
0.00026437779413378244
-0.000248612556245752
0.0001126446922614706
-9.403910080080951e-05
0.000283554850709696
2.8007130391590677e-05
4.4740649477132864e-05
0.0002619802740619199
0.00013924306301654044
0.00011862830286544623
0.00028029932594543565
0.00023796683002390344
-0.0002995227649866469
-2.1074150965907522e-05
0.0002730157822448379
0.00026346415417196153
-9.351194708773165e-05
0.00012513810339958014
0.00022810742112140502
-0.0001906627349746685
0.00028151164298230983
6.962408042569113e-05
0.00024002936588696607
-0.00010906732063410181
0.0002197960443882352
0.00010474219815531069
-0.0002883436020198895
-0.000268423812084908
-0.00025742755623710164
-0.00023680124517943597
-6.420532013762988e-05
-0.00012750091704326466
-3.8176015645081105e-05
-0.000268286208348171
1.066051396341356e-05
-9.742163845656966e-05
2.022811415302965e-05
7.568890105155945e-05
-9.399613417874846e-05
-0.00028337992406917355
0.00028092059044755455
9.433660704853924e-05
0.0002997326892618366
-3.876887123833772e-05
7.565607332614822e-05
0.0002636874499226775
-4.8014956159793626e-05
-0.00012033363846352248
6.893469106079386e-05
0.00018838185202864837
4.212349686441027e-05
0.0001626909112551565
7.05244342699423e-05
-0.00016176396126575698
-0.00024985370519428504
2.1817041663015958e-05
-0.0002815119915988931
0.00014971084492339828
0.000277727742920437
-0.00015443453884683215
-0.000166798831024579
-0.00027185441726283564
1.638003791685919e-06
-3.607230145979615e-05
2.560815434956475e-05
0.00012199759441324599
-0.00024041464316773984
0.00016053521885614112
8.965678797190281e-05
4.348845090295728e-05
-0.00010037368042533669
-0.0002661133887757356
-5.531698654287595e-05
0.0001226719835231467
-4.221681776288305e-05
0.00026645409689766644
0.00017133043609608814
-0.0002788017399403872
4.2486265029376645e-05
-6.737466487447455e-05
-0.00028825897405976124
0.00025894818462072344
-0.00026546313070843866
0.00017659848714282877
2.5474719922001835e-05
0.0002991784060955507
9.165763772354832e-05
8.826099067111106e-05
-9.004151087980481e-05
2.130272079501987e-05
3.531461170859317e-05
0.0002203060627112246
5.028508568867595e-06
-0.00010667565386574348
-3.7197079553417554e-05
-0.00014063863201757714
-0.00026022722701926463
-0.00017048254864455168
0.00027036073624002254
0.0002725863061402213
