0.00020539405334283977
0.00018993712114733543
-0.00021664728171291595
0.00025031935711557126
-6.747047123030033e-05
-0.0002900711190542211
0.00010394938080696115
-0.0001089931746789461
0.00022434088319765977
0.00026170224350030835
2.2528395305524817e-05
-7.006055182809276e-05
0.00011253191553104878
-0.00024313932405164816
0.00012342612697936267
-0.00022630149153263576
-0.0002890327042336892
-5.799770777813808e-05
-0.00024113314201688549
9.73939569124361e-05
0.00020305875233854015
-8.650760414271463e-05
0.00018934112336981733
-6.213863477656998e-05
-0.0002374279635619349
-2.565998077543372e-05
-7.05232293459321e-05
0.00012085276030090493
0.0002689954709286099
-0.00024847961008307896
7.377202298222414e-05
-3.182993973022477e-05
-6.231350694710556e-05
0.00017402449077841785
-2.304922155881386e-05
0.00024313776226433573
0.00018736511165666383
-4.751865777698151e-05
0.00019661326693363237
0.00010562837201243927
0.00023211697842799296
-0.00010718570477732684
-0.00014292104063126765
0.00010494564662959986
-0.0001509564492533813
-0.00019913043988292484
-0.0001224897540029345
0.00028302885703812493
0.0002294728530692403
-0.0002820179207141751
-2.9636853825378495e-05
-7.496324431612042e-05
0.00016819033778497504
-0.00028312984680909086
0.000201451650555871
-1.3018280216639067e-05
-0.0002577794667055055
-0.00014266654119857712
0.00023756136699920968
-0.00010414682335167666
0.00018781367214987
7.173134321940012e-05
0.0002743640391538685
-0.0002971699579290766
-7.845377276476909e-06
0.0001122889536985671
-0.0001668051095321815
0.00010133543784315201
7.313004203154852e-05
-4.3274653587875166e-05
1.3406171836465074e-05
-0.0001689201693200053
0.0002238094148408471
-0.0002613340036420307
-5.1897879803063595e-05
0.0002698760657733683
0.00019859220875268483
-0.00012921019981428794
1.9473126263416275e-05
-0.0002087778569085478
0.00021603222130650888
0.00019404658340511607
-0.00022183429819558776
-0.00018264147269802193
0.00016719593602791628
0.00015201878269458907
-0.00013206457733742154
1.6874830787380894e-06
0.00011121690904655589
-0.00028482870009410204
-0.0002616402408589958
0.00017680361137350028
-5.0475043620945906e-05
-0.0001858298041401531
4.1066762806607514e-05
0.00021062833027362743
-0.0001335655290994299
0.00010463343226869884
0.0002008771362995802
-1.0927035252948007e-05
-0.00024475676567337355
-9.220923456155906e-05
0.0001764787689591231
0.0002684239734599778
3.663488281638842e-05
0.0002068053831929644
-0.000291905540508064
0.00029572991804719333
0.0001553439239869836
-0.00023506515318340993
-9.798728894559728e-05
-2.5470384333929196e-05
-1.4409398059170048e-05
-0.00028374302272748936
7.309442414485672e-05
-9.211198509953067e-06
-0.0002984231747781491
0.0001600234164605526
-1.6995783506341738e-06
4.562752813967849e-05
0.00011836873594450633
0.0002438155387640203
0.00016513182659171663
5.973828708626317e-05
-0.00016545020638947407
-0.00010329127532190474
0.00015627048712031383
0.0002076934237514035
-0.00021062072155847374
4.372465308647561e-05
-0.0001613844165026394
-0.00026286567077384097
-0.00024602442492353864
-0.00017741424478828058
-0.00016640856672384428
-0.000185996655393961
3.611639295640509e-05
0.0002893858594496854
0.0001302706704036313
-0.00016182436709466744
-7.713757211830647e-05
9.386537669819927e-05
-0.00011331195627252468
-0.00027308013419065
-0.00023238365871034366
-7.964967957721283e-05
1.7411564412204636e-05
-0.00015986299316701546
0.00011319654675989537
-0.0001983037428821526
0.00019430641790593928
0.00020173617054476705
0.00020368730598100776
-0.00014765787074147408
0.0001695446491165276
-0.0002650903686587677
8.95107874831212e-05
0.0002241583007646638
0.0001246561547178624
0.0002811047798117301
0.00018104238822513581
7.959241574706234e-05
0.00017715859405788352
0.00013254772190601045
9.764377460693487e-05
2.6511401890826503e-05
-3.278134210345961e-05
-0.00013027575711922006
0.0002557447450032548
-0.00010823268534689684
-3.822739752604019e-05
0.00023201602402927974
-0.0001103398821631191
-1.4227851804087454e-05
-0.00020554593303591888
9.609326353827042e-05
0.00025856878541922714
0.0002823870643583744
0.00013745444874469599
0.0002744860711320932
-0.0002694475247502688
0.0001416522893706355
-0.00027254735728156413
0.00012666247357165172
-0.00017441732413884723
0.0002513868078484914
-0.0002796826604230647
-0.00022101574320084532
-0.0002983790795273337
-8.766829608526162e-05
-0.00016696055156662735
-0.00021334917296761201
-0.00027419232348171546
0.0002958492704638838
9.11029832195105e-05
-3.162298865843683e-05
0.00016274435214000236
-8.585239170422088e-05
0.00010121685904252917
0.00017540511719080557
0.00028398368984305136
0.00027934796863235894
-0.00023874266515986432
0.00023104299654600234
-5.257487153751561e-05
-0.0002994416535961841
3.798137312187354e-05
0.0002600790913586676
0.00021614766088088325
-0.0002612952520934465
0.00027895557757645384
-0.00013885127214640158
-3.111274433194067e-05
9.064184553243614e-05
-6.268349307200419e-05
-2.0491070838279718e-05
-0.00012637855936059462
0.00012693449161286564
0.0002488522341729154
-6.978954952923994e-05
-0.0002499632471998936
-0.00026240856111303163
8.031139424432378e-05
0.0002800596569759618
-0.0002561240229374714
-0.0001413903591639731
-4.172032551649947e-06
-0.00028353433847035336
0.00012875285009738614
0.00026705046716568565
0.00023174775349484592
0.00010053560962487512
0.00018121292976687605
0.00020511671891462123
-0.00021851223572257376
0.0001684480839817613
-5.8788410787742466e-05
-0.00016353640131113747
-0.00013293900254434147
6.948376044521175e-05
-0.00015066990538466348
-6.043579481474e-05
9.149253009153527e-05
-0.0002552645994474718
-0.0002571970341309529
0.00011346463383724611
-0.00019257034062051455
5.5465299741376886e-05
-0.0002910282683399946
-0.000266451074674325
6.041212360700959e-05
-0.00012455867837672996
-0.0001725272751056079
-0.00023424537337144761
4.500106698534812e-05
-0.00012545642388388586
-0.00019477686117197322
-0.0001696385309563012
-2.3015585381236305e-05
0.00015986196961264768
-2.5925892976986402e-05
-8.83581904398455e-06
-4.399587043258041e-05
0.0002724084980369322
-2.6465884557307865e-05
-0.00021821811943945345
4.045803331909547e-05
0.000264508901108972
-9.785985870463992e-05
-0.00019863527338191762
-0.0001638768763527181
0.0002448814443904534
0.00020923454984824076
-9.332631825491596e-05
0.00015564605430358762
-5.0474029721398795e-05
0.00028075301778503426
0.00010688873564874729
-0.00029092034145461747
0.00023082221397196031
0.0001430444349641407
-0.000210438631612702
-7.448936602553826e-05
-0.00015177208945603445
5.858661228445259e-05
0.00010215246842521831
0.0001053790590875253
-0.00029382924379546814
0.0002900169007821435
0.0002257050673095359
-0.0002017538136788851
0.0002579554230760736
-0.0002889255855853562
-6.132483112482155e-05
-1.5235846035980747e-05
-6.037559410081432e-06
0.0002486223882388994
0.0002450808241896127
-0.00029314550420677494
-0.0001789677576598921
9.074538190918075e-06
-0.00023117682922916047
-6.986672592126204e-06
-0.00024482190138824377
-0.00012140999462416417
3.572810208769177e-05
-5.697330200052234e-07
-2.599428792989661e-05
-1.0532855128393389e-05
-0.0002370881525396339
-0.0001988211164097383
-2.91967752399767e-06
0.00014469275196288175
-0.00021275990911013215
-1.3297473213139523e-05
0.00016197999179160737
-6.055899927349533e-05
8.942877938562354e-06
0.00025709471644086863
-0.0001584239968599119
-0.0002884378803724642
0.00018699011818658904
0.00015267878056735604
8.648636988652564e-05
-6.495069877953153e-05
-0.0001402345388009131
6.886034931879157e-05
-0.00019794120988031038
0.00026289470369327467
0.00017233947046224146
-0.0002376313981123787
-0.0002576092091995871
-7.884886683244205e-05
8.676403762538206e-05
-0.00023949605201713096
0.0002674725590602753
0.0002958512225683594
-2.4039178307794153e-05
0.00026861513771446027
-4.7506289296432786e-05
-0.0002313632682953838
0.0002652745971378529
1.3064358736461512e-05
2.2031387188955586e-05
0.0002461235027776824
-0.00023752540091397984
0.00021289559664449585
-0.00016990837211035105
-0.00023974568714206339
-0.0002625806662937977
4.1749242735140035e-05
-0.0002820105318063244
8.787102415365428e-05
-5.4109027418779046e-05
-0.00022535240755189984
7.258193589353075e-05
0.00011659856858937728
-3.76088863866878e-05
0.00016387049096813967
8.265852383545564e-05
5.881683151646533e-06
0.0002010104548403272
-4.4102217297685995e-05
0.00010546324979218724
-0.00027078775077321615
-4.742491203268078e-05
-6.712864094413076e-05
-0.00024741659764800436
-0.00014460685205313733
0.00024326839264870575
0.00027967214879952843
1.7486716937166035e-05
0.00026364831459360925
0.0002243520277972829
0.00022093354196373337
-3.592383954674949e-05
0.00026650252551090346
-7.418647266290129e-05
-0.00013699943963059295
7.085372623781382e-05
5.999649677345813e-05
8.885145335305983e-05
0.0002984077935544418
-0.00019215319144230656
0.00029000149218167754
-0.00023955614872726313
-8.995850995867995e-05
-0.00014658111182443316
-8.585158922696896e-05
0.0002674934039448679
0.00021544822467734354
-0.0002887224445458671
-5.8728392258771035e-05
0.00023454124132185134
8.525115883206832e-05
0.00018034047822944956
0.00013112068026403724
5.8492271397198004e-05
-0.00028630215478802837
0.0002604166603213109
-9.99949015970171e-05
-0.00025081461481950615
-0.00024325702736328452
0.00020883585244259117
0.00011838719316197222
-2.5370582840820348e-05
-0.00018843541793902218
0.00025399910743734486
0.00018786208796659198
0.00013026180230944718
-0.000126938318873061
-0.0001622760574557944
-4.95417602616387e-05
-0.00018800529650590364
-0.0002852882454074638
4.2492784488799644e-05
-0.0002032992585384762
0.00012110738928361475
0.00014871148895541884
0.0001151560285484512
-0.0002651420424935942
-0.0002667463847565802
0.0002661947233326897
1.4695642354841689e-05
3.789930191296743e-05
-1.3317855386178279e-05
0.00015112157516118397
-0.0001841139075108966
-0.00024332607086928059
0.00020143827388981178
-4.808226160078809e-06
0.000211617755505433
-0.00013694049930460756
-5.827004665988152e-05
-0.00021624221160715843
3.8272743163345264e-05
-0.00016482030115248284
-4.94057030429647e-05
2.9748841535224006e-05
0.00020143297153973617
-0.00021209247754268393
-4.655200795348135e-05
4.506125224473773e-05
0.00012274681011883965
-2.7007066714688957e-05
8.854546291997599e-05
-0.0002653812640378939
-5.0926281801190584e-05
0.00015763041475276395
0.00018055143770039208
0.00016188374429443948
-0.00011074404371442823
0.00017393753949139544
-0.00012034456988454392
8.634091205592359e-05
0.00028496393849140156
-0.00026674968778694924
-0.0001409780858109119
2.227875522316957e-05
0.00010831963981960214
0.00019939972264362854
0.00027242611568035216
9.57813932260455e-05
9.805271845315651e-05
-0.00028660081790589235
0.00010075925680809103
0.00013425469752561126
0.00016264839108952355
0.0001471239710612121
0.0002765310621033365
-2.9779006253874386e-05
4.17784528575219e-05
-4.7485146823445e-05
-6.527670838424857e-05
6.212419942675949e-05
-4.8346039363930736e-05
-0.00023939427882636955
0.00012423223418734345
6.852772687812456e-05
-0.00021420662029040432
-0.00015595358080486128
-0.000197845902616503
-0.0002427016217340305
9.034866967122437e-06
-7.829098972459998e-05
-0.0002938946517627195
-0.00021239535431738038
-1.843630555406245e-07
-0.0002835512237769548
0.0002338635759884452
0.0001298451736605812
-0.00021192588732004916
-0.0002561171173159035
0.00025208661880807493
0.00013324661988876386
-0.000265516215267325
-0.0002126896810199613
0.00015416117445223813
0.00010245870215550831
0.00019918598848627298
0.00017697480979936693
-0.000164480907357588
7.615774882711103e-05
0.00022624114965470282
7.1147556930874e-05
0.00026288291890005146
0.00010201096104534647
5.591470582926895e-06
-3.778896560244411e-07
0.0002853551003016038
5.2163034386713835e-05
-0.00020397970138467622
2.7073110331391934e-05
-1.8936068922788263e-06
-9.832611930053398e-05
-0.0002627227740978969
1.975685342036433e-05
0.00016834740176263337
-0.00015809841559250655
-0.00011403911512369852
7.696101358834319e-06
-0.00024377183166210398
-0.0001936867774535857
-0.00010148108971657838
-0.00017127065113276894
0.00013293015577777047
-0.00029055342566291896
-0.00012495637021468715
3.894103827209238e-05
-0.00015090566998053983
-0.0002872878839995267
-9.596687358120383e-05
-0.00018639023942264708
0.00013643526968939193
-0.00017263921543661076
0.0002872064366642427
-9.535348827900553e-05
0.0002612460594734412
-8.333458320787163e-05
-8.060618525854212e-05
-0.00016110090501197726
-0.00028604347071640166
-3.784942515119979e-05
-0.0002991719221278077
-0.00021149103715863385
-0.00027802816398493613
0.000168168410591954
0.00018203809863760132
-0.0001390472402137895
0.0002868643896049411
-1.2913018222280757e-05
9.91570136503551e-05
8.71911287655287e-05
-0.00012585330243927617
0.00025261826641746033
-8.423511209834623e-05
0.00012895376969615936
-7.095992919246453e-05
-0.00025099145895122186
-0.00017585425356950722
-0.00011436503856831795
0.000214046736615109
-0.00011875986070397911
0.00025673954895712826
-0.00016097673187590343
0.00022131266288377536
0.00027117538489178605
0.00016058640947738245
-0.000209376462709965
-0.00022061258469500503
-0.00014426282719970024
-0.00019180949133339685
0.00016900406445056625
2.793226247312688e-05
-7.018992523420077e-05
-5.3689241517749803e-05
7.59169447013351e-05
-1.2624495257364612e-05
-0.0002483292849416851
0.0002831052656691626
-0.00028339250665199877
0.00029022552491502336
0.00021688972389359383
9.394484373384797e-06
0.00010173584274215339
-6.148188227801438e-06
0.0001130950036001502
-0.00017427706985376467
0.00023198761309532046
0.00014339382731545368
8.292541827711468e-05
-0.00015802307264899348
0.0002497405497755274
-7.775230267140218e-05
-0.00029023180627947803
-0.0002880175316690264
0.00012128370111774456
-7.349485269573302e-05
5.742823092807364e-05
-0.00016580760551868754
-0.00025858209259391207
6.538253840045275e-05
-3.793041139495384e-05
-0.00013224310379507444
-0.00010927163708252303
5.07870432223524e-05
0.00015082171981479987
-0.00027188286714038465
0.0002985180920796405
0.00021555727025868128
3.23364088864496e-05
0.00016114647763006362
-6.419178907536517e-05
-0.00017602849828047073
-0.00028280142893444656
-0.00021436427676855673
9.177270926679552e-05
0.00012228558595785686
-8.24323583902223e-05
-0.00021868955922833884
0.00026314214834937034
0.00012812887767416547
5.48381214030181e-05
8.30673708779742e-05
0.0001602835837427359
-0.00028681034659943603
1.784885977667292e-05
0.00019900649807988864
0.00023663574021415122
-5.980591263316201e-05
0.00016004018562553764
2.186076163752335e-05
0.0002407848266195055
0.0002559223544737052
0.00013426913817075182
8.991914384904535e-05
-0.00017533023698161152
-0.0001277140339594835
-0.0002818876175721758
-0.0002073818893801416
0.0002486297386437572
7.46556157795071e-05
0.00027062774529962584
-0.00012204134256733605
0.0002643372798990232
0.00010887759978078153
0.0002110810449535029
0.00018747696364671207
-4.185802755142862e-05
9.26327275878663e-05
0.00017464271827931577
0.0001988526857151425
0.00016502567883104705
0.00025875301095102835
3.1326183881143145e-05
0.00020549927171622872
3.258130164290142e-05
0.0001691013400339036
6.440785820071903e-05
3.890770912967753e-05
-0.0002776940553012122
-5.185443820189772e-05
5.759977744291747e-05
0.00021936731774924043
-0.00028743579374810517
-0.0001980748381049862
0.00012276459061730022
0.00018232509886061268
0.0002527046568687915
-0.0002756773934661551
-0.00018250334168332845
0.00021354258962327186
-0.00013177445269469448
0.0002935273855762292
-0.00011693416239088155
0.0002720175722381435
-0.00014677881053623738
-0.0002002663580355874
-0.0002885342986000377
-0.0002598074777667754
-0.00027208835472503274
9.753462804786012e-05
-0.0001007281937518381
0.00018265600809102514
0.0002185999102826683
-0.00016416892363500495
-0.00019144083258111833
-1.545526967876331e-06
0.00028172665696520445
-0.00017054840808388853
-8.693814763674652e-06
0.00018177213422109146
-0.000208953286351494
-9.253355811194748e-05
0.00027242313171322463
6.132907763621326e-06
0.00021800084832951562
0.00020350963715387783
-0.0002052199312636533
-0.00014879634785918807
-3.837973328780077e-05
1.2837558159584713e-05
-9.850471969029652e-05
-4.307087201989074e-05
-0.00017331299012685633
7.791276092378684e-05
-2.0397280634049922e-05
0.00017447280544680838
0.0002961913281297219
0.00011953327302469103
0.00022394507472442389
0.00011739163692432752
-0.00019797114036794483
0.0002690328090304705
0.00025553769778665405
-0.00021513927843142198
0.00015906138204212417
-0.0002745295266745212
-0.0002369150104530867
-0.0002493691986704215
0.00015563880183806853
0.00018046197381334206
0.00025267349981653687
5.650763869225069e-05
-0.0001981688158261918
0.00024205537892355863
0.00011662348068897696
-4.263280573031891e-05
1.2390392464200442e-05
-9.770043053812963e-05
-0.0002614579688422306
-0.00012775526818494253
0.00015393203765385618
-0.00020467159846541998
-0.00015029151107902712
-0.0002226679690966397
-0.00017295077831048152
6.618112941865977e-05
-4.157081067313956e-05
0.00017353157466001585
-9.777367625255946e-05
-5.95324112839502e-05
-8.083327703411008e-05
1.1732036209150345e-05
-0.000109729147356715
0.00023934852454105074
-1.821914810094154e-06
0.00018087660642110643
-0.00010781557833876068
-0.0002673056231447751
0.00018375330597234825
-0.0002740871513827186
0.00010720751063907785
6.42957311193851e-05
-0.00013658627716416058
-0.0002936150005935918
-0.00022295680480355798
0.00026059441462684664
9.244228342189178e-05
-0.00011394800234670798
-0.00016867399875352383
-9.425156685965704e-05
-0.0001745981707621432
0.0001365602695436955
-3.835086208331417e-05
0.0001428452723968297
0.00020913420946780235
0.0002384412516260803
0.00019563985826738924
-0.000294678856231709
-8.293278997771497e-05
0.00011853977675521551
8.951936176732148e-05
0.00019636420614748963
-0.00011739378824485066
-0.00013010768076519716
0.00017175386107796725
0.0001876446720537019
0.00010437961291548625
0.00010679063820025826
9.943806608588273e-05
-0.00026151415474166877
-0.00024507680507565533
1.7095239367391696e-05
4.665758760076196e-05
-0.0002544611927001551
-0.00012875793262463078
9.735406106742154e-05
0.0002356081017614382
-0.00012764402556961598
0.00012554895962822482
-6.805553437666119e-05
9.076250727281944e-05
-0.0001812743479321663
0.000273916999803323
-2.595628482086166e-05
-4.521223588067972e-05
-2.6616154814895526e-06
-4.9837310475662545e-05
-8.719844062435197e-05
-0.00024781908557651867
5.240866767284083e-05
-9.876335438550974e-05
-0.00024032314102347761
-0.0002210009926658476
0.0001317520215756509
0.00024776952151672505
6.870698092922855e-05
-0.00027795413134579136
-0.0001076378504642091
-7.200533761485164e-06
-9.225795422189323e-05
0.00029453982665686294
-0.0002659396026928334
-3.463744540568587e-05
4.12172499789565e-05
8.292729049319254e-06
0.00016865015029273372
0.00016752313304722324
0.0002837000090059726
-0.00010269831020972065
0.0002144568526807283
6.9257636771902e-05
-2.4468667705987326e-06
-0.00025554907708257723
0.000194222317391068
1.0362296326349885e-05
0.00016423266877214508
-0.00013036606892063198
0.00014234160637289985
-3.906335674260577e-05
5.883629412297618e-05
-6.180447377693803e-05
0.00018808856938390905
-0.00012891956996059884
0.00021127653432162307
0.00011923525211935196
-0.00019541233087723713
-1.7531194652265056e-05
0.00020177461066235109
-0.00018057819981987324
-8.344650974076104e-06
-0.00015984961080021056
0.00024780437665045785
0.00027718170263678045
-1.6547661466672888e-07
0.00014843009387268346
1.0061141691469983e-05
-0.00027228472240620937
-0.00011304987341526163
0.0001735308280474805
-0.0002971086273750041
0.000284573869547761
-8.039802142035109e-05
0.0001488490339515622
7.726261001186511e-05
0.00020036979932051938
9.373491920243286e-05
-5.884637267257161e-05
6.579809064778712e-05
8.666711628121915e-05
0.0001929742760677893
0.00011978126117516056
-2.3831110513002703e-06
0.0002553995707113504
-6.295147137650055e-05
-9.753456986956948e-05
-9.53786207917181e-05
-0.0002496683087884116
0.00021969938894849636
-5.9820405482770495e-05
0.0001908032247825891
-0.0002831666706302964
-0.00023782974214166383
0.00011925019959953856
0.00025838813181647415
-0.00020935330744411055
-0.00018917233351214624
4.067143702682585e-05
0.00016227395060441284
0.00017658464987981877
0.0001899920117793662
0.000157913097591286
-0.0001898847470253993
0.0002201913166834868
-9.652733666808369e-05
0.0002919645696302529
0.00010656796407094071
4.7811820445084246e-05
-0.0002329756274055081
-0.00012116182700122041
-0.00011413613450625824
0.00017591624097398174
0.00012592143473812942
-0.00029517931303335793
-8.680692940906559e-05
-3.081484722251013e-05
8.362298002259681e-05
-5.0855138007057646e-05
0.0002276313676596653
-0.00020379728839223758
3.74577523756143e-05
-0.00025494138035404325
0.0002386040086275793
0.00019486528129184156
0.00018528308125456672
3.081416015412444e-05
-0.0001303235276334986
0.00010645072800012455
0.00019860266259741035
-0.00029218084870711675
4.463299239916026e-05
-0.0001587230685435321
-0.0002857239159405907
-0.00017119582286636073
0.0001503290079194368
0.0002875933514894519
-0.000178014042258756
8.093158456728988e-05
-0.000262500533698743
-0.0002176451747455713
0.000182649953276706
-0.00017662360184224959
-4.124722148498433e-05
-0.00013719372424486696
-0.0002531419983444808
0.0001733402387612667
-0.0001539269683175831
-0.0002331548086574912
-0.0002722221977390247
0.00020840176758329297
-1.7273689330863165e-07
2.0025985068143062e-05
0.00016480784704516382
-9.379906542960226e-05
-0.00015026274340003158
0.00029768385747611163
-0.0002745567769235883
-0.00024409991852521748
-0.00018160369631517432
-0.00016712471992299982
-0.00026253571643134854
0.00029902088934504806
-0.00029691352760788907
0.00018619471963420632
-0.00022614553411049758
-0.00022470461392799367
7.726165448676455e-05
9.229406619294455e-05
-9.274941320660689e-05
-0.00025670019652731645
-0.00028801826448592857
-5.251618205733737e-05
0.0001464284728066231
-8.229151061857841e-05
0.0002695443003932501
0.00014844662975266966
0.00019566303958257436
-5.347863726872556e-05
0.0001690980420611753
-3.6548661224986565e-05
-5.10129364347652e-05
0.00028467470425672564
-0.0002398633393334471
0.00025021717923885944
8.660761688859104e-05
4.4516843555734466e-07
-2.6664406925770723e-05
0.00027680918686209414
0.0001270326046562907
-8.049761889543174e-05
3.1309387191077846e-05
-0.00023024817923568034
-0.00011181625156927373
0.00011771750523988046
3.8984603563193393e-05
6.016164188687561e-05
-0.0002856486914246725
-0.00021305309591170788
-0.0001579012419926782
9.432043858322698e-05
-0.0002800058176259721
-0.00014115542946711659
0.00014540447849211672
-0.00022902947092460097
-0.0002503744466339645
-0.00010884857183094857
2.8798575392811323e-05
1.5755416195532466e-05
-2.408684280745619e-05
-0.00014682714289739016
9.971449493563549e-05
-0.00011531158664881047
-0.0002103806033921948
-3.0614633640027806e-05
0.00025893500517126165
0.0002512878222774118
4.4840682419580084e-05
-0.00010334232510037704
6.838592989147048e-07
