-3.831343620571468e-05
-3.662858065144256e-05
4.3590072309469435e-05
1.8062407532172177e-05
-1.4739275939423155e-05
1.924902385687173e-05
1.6972437198277912e-05
1.8919675872063102e-05
-1.1877374767026787e-06
-6.677506264293546e-06
4.4522880254200705e-05
-4.101624246099155e-05
-3.50711029350954e-05
2.4549416790526278e-05
2.6035291939942636e-05
-5.3976378753663266e-06
2.5301826987280712e-05
-1.5112894244269624e-05
2.5136528622145722e-05
-3.1467026733385906e-05
-2.6766633276733334e-06
-3.6473296401790225e-05
9.896122342858061e-06
-1.290508835751728e-06
-2.2691603005643804e-05
-3.981603434719519e-06
8.700544345409915e-08
-2.0296600062105674e-05
3.497985113324347e-05
1.7051908192271235e-06
3.879924669844943e-05
1.4605404816988599e-05
1.7221141004784858e-05
-3.308643443828557e-05
1.83123881992972e-05
-2.767502079066795e-05
5.1317806561601806e-06
-1.4858448822015881e-05
3.699933011112921e-05
1.7861542065602946e-06
-1.618773805366968e-05
4.5876668694524245e-05
-4.9730734964122575e-05
-2.47875026903142e-05
-1.0552296471716605e-05
8.187357763950919e-06
-4.703919587522733e-06
3.946350732936032e-05
4.363752924843924e-06
3.0376406420610587e-05
-4.20554305127415e-05
-2.7380258130722515e-05
4.7925932572522494e-05
-3.431784106473254e-06
-8.204593103298433e-06
-3.81450805329766e-05
2.7125457379635524e-05
-6.846162787872668e-06
4.629833197976752e-05
-3.659139317173511e-05
-3.440420937624943e-05
-3.0903124153996883e-06
2.5995356500218524e-05
1.3114635571560676e-05
-1.3265798786919248e-05
-2.970350494881389e-06
-2.9574067589169208e-05
-7.811261014686546e-06
-1.679404419206879e-06
-2.24118494276328e-05
4.310368793241728e-05
-2.3810089137440627e-05
-6.100228030762722e-06
3.6577112251109496e-05
-2.035538736606114e-05
-4.110685874538379e-05
2.2559026953857574e-06
2.0723834558881913e-05
-5.637241558395045e-06
3.509100404499161e-05
-1.4420315927210127e-05
-1.7823608555306403e-05
-4.3210502671503314e-05
-3.370297417692613e-05
2.4789878314701625e-05
-4.038939576408773e-05
-2.0141962739543288e-06
-1.2273660677146891e-05
-1.6033980639002355e-05
-3.802518291164445e-05
3.1971831861170404e-05
1.1655085552804617e-05
3.8832894854938146e-05
1.4144274737167978e-05
-3.160207599426717e-05
-3.6381564529859304e-06
4.889778063639141e-05
2.5767146848163125e-05
-2.558105367059036e-05
-1.0200858274810811e-05
-9.014966841920935e-06
-8.936431122456112e-06
1.3427184729557428e-05
-8.38270658734731e-06
-1.4153517690031724e-05
1.1972024329142657e-05
-2.6134126920672435e-07
3.5787996787152217e-05
-1.1894020851845653e-05
3.188174771200277e-05
3.284007616285526e-05
-1.7438509323578347e-05
2.404292341033564e-05
4.073921946014438e-06
-1.1265829152461562e-05
-1.7574494524020032e-06
4.385648089408725e-05
-2.2981255031185266e-05
-2.3732063505997393e-05
-3.2304104008378354e-05
3.604028610472412e-05
4.590541197556569e-05
-1.7161147596259298e-05
3.069747974393513e-05
-3.5247360145868894e-05
-3.62201673453903e-05
-2.4586229516998283e-05
-6.049798005799532e-06
-4.047710345702212e-05
-1.723364666853584e-05
3.0490091529155438e-05
-1.1346781986572571e-05
-1.1878837430218293e-05
3.4455129532760916e-05
3.0056065163841206e-05
-3.3561623702875885e-05
3.716936546221354e-05
2.2350572378774783e-05
1.0648466086528405e-05
4.678097374558993e-05
-3.395385332136502e-05
3.866542677924035e-06
-4.6446507476194024e-05
3.4643257425608133e-06
3.221371440764819e-06
-2.5761382802208724e-05
8.396015168435612e-06
7.945971330930469e-06
-4.831867059498989e-05
3.554491256549412e-05
4.336081315206731e-05
3.3585134979861135e-06
2.740779444712935e-05
-1.2628121260651302e-05
3.7509910412586766e-05
4.4231723515016125e-05
-2.0594529896150094e-05
-3.704409995238005e-05
-3.2950033634514676e-05
-2.436376077302792e-06
3.120432187030709e-05
-4.5118143358733586e-05
-3.165898411142051e-05
3.7745509702457546e-05
-1.9088034432963517e-05
-1.0885512971834235e-05
-1.564099991667508e-05
-1.9483299284527255e-05
-8.501612212831122e-06
4.6895676401232954e-05
4.966698334997133e-05
-1.4839790759819127e-05
-2.6785444696801676e-06
-4.074593458314052e-05
4.254621617223878e-06
-1.3850056896656282e-05
-2.6005019447973877e-06
-1.1577883139883781e-05
-1.9026594827283116e-05
-2.46527988543482e-05
1.31091161716799e-06
-6.189810490019199e-06
-3.0434774295949166e-05
4.164546992189711e-05
1.7821279062208547e-05
4.293271169015678e-05
3.1591685400987013e-06
-3.592710768741631e-05
2.9737872551100624e-05
9.078876053925756e-06
-2.2399720329880803e-05
4.6272153518639777e-05
3.4692777490264254e-06
3.913178667356376e-06
4.355221067958673e-05
4.50763064487219e-05
-1.953681026935714e-05
7.389531235702075e-06
-1.750802291001105e-05
-1.1416823859546523e-05
1.1781312684663489e-05
3.539748655021587e-05
-2.8725877257410117e-05
2.3840248294284488e-05
-2.2659187614255262e-05
-1.528745981463036e-05
3.059309300932694e-05
-3.508219151074459e-05
-1.91678504243487e-05
2.9892900170376022e-05
-1.5998456336420134e-05
4.5504716510433515e-05
2.333512993007058e-05
-3.3747121094066714e-05
-3.113469725901771e-05
-2.088593178193754e-05
-3.664758083383013e-05
-3.200010909125535e-05
-3.726625797503963e-05
2.0401348005024933e-05
8.547279132151195e-06
-4.7264234708296615e-05
4.106397352511613e-05
4.1586531782308345e-05
-3.727150356672424e-05
-3.801212697560449e-05
-3.14683910643448e-05
1.4492262631452518e-05
1.581180750868753e-05
-9.313731684883441e-06
-8.362306748620976e-06
3.782878403965697e-05
-2.0464003702460555e-05
-4.3047225893218454e-05
-1.5531825641961908e-05
6.692041226441948e-06
-3.2291207375409514e-05
3.7002639686827396e-05
6.690372221204534e-06
-4.90039404530059e-05
1.9987860737822397e-05
1.263274359157585e-05
3.95096186231911e-06
-2.780773256867778e-05
4.939249857713296e-05
1.1143390471233748e-05
-1.0515421680294615e-05
-1.3006446765258784e-05
-3.0319807132647538e-05
2.683649854349321e-05
-2.5568913363909065e-06
-6.933426336895837e-07
3.090481343450975e-05
-3.333850915470399e-05
-3.286884274250765e-05
-4.766477103714552e-05
-3.491940303058091e-05
1.8609916422322133e-05
1.2231823256615655e-07
-4.316503523440326e-05
2.7103656227294328e-05
3.5005150967992e-05
2.7693168795683073e-06
-4.489243568577154e-05
1.7495303643213967e-05
-4.5120511954915664e-05
3.464705262730558e-05
-1.6746499465897927e-05
-1.927579784723991e-05
-3.925372232600704e-05
2.5010791694226872e-05
-3.733984087088248e-05
-4.34296408280155e-05
-1.6773638167034987e-05
2.769780142685501e-05
2.6901500387161135e-05
-2.3186093313410572e-05
-2.9087904358459828e-05
1.3296428218720421e-05
-1.341250783874086e-05
2.8100514940769372e-05
1.0003782795207573e-05
2.3377870055965896e-05
4.376080974976263e-06
-9.44250323400666e-06
2.8291140579453647e-05
3.228271359093959e-05
-2.675241173753248e-05
-3.495761387756258e-05
-8.397374270693648e-06
1.4642944860598189e-05
1.415172521272516e-05
3.847084082659135e-06
2.5273872445006383e-05
-2.7778469229398742e-05
2.9393501713987753e-05
3.955467446848955e-05
-3.8833768714525586e-05
-4.023436030031836e-05
-1.5392270020763355e-05
2.941652433613866e-05
-3.245107813808486e-05
1.304103020767121e-05
-3.371447525063764e-05
-4.667469681172232e-06
2.0810981267539533e-05
1.3791044989920193e-05
-7.116589826880484e-06
-1.0670148619600497e-05
2.947354287342655e-05
-4.8058161702977546e-05
5.176056254313374e-07
1.1149427203156088e-05
1.0283304571122632e-05
1.0751358798804055e-06
-2.979886475710899e-05
-3.4607928799237623e-05
2.0596446769803184e-05
3.7211660824043774e-05
9.380429924068942e-06
-1.6430982630616568e-05
-1.967295193145582e-05
3.853490514592574e-05
2.052857674936727e-05
-2.4397292476443777e-05
-5.978322196298744e-06
-3.636615229528337e-06
-3.0929285331779283e-06
-1.318179855902012e-07
-4.828838590779497e-05
1.76361520958958e-05
2.4390848755603162e-05
-3.364382062939604e-05
2.5061114914034617e-05
-4.7005500382650525e-05
4.000570138131956e-05
-1.705036194761858e-05
-3.608526435632049e-05
-1.9683126965193345e-05
8.305240218438995e-06
-3.1648957963860573e-05
4.10916904798382e-06
3.801716858859413e-05
-1.998337083828996e-05
-2.6988700183344982e-05
1.5289877999404438e-05
4.078393324963329e-06
4.931501296405697e-05
3.616834820097729e-05
-1.869546609380345e-05
4.7039914626499254e-05
-4.9718741152758375e-05
2.896358260089684e-05
-5.022313971318271e-06
1.6405804304679237e-05
4.702137830017633e-05
-2.1293112208613187e-05
3.3972196403045424e-05
4.8718642327360826e-05
3.0087957648634727e-05
-6.969266553490049e-06
2.165402434627375e-05
4.3671988811221626e-05
1.6919055738722813e-05
4.02805232265507e-05
-7.442206734527915e-06
-1.1187882803256535e-05
-8.209409707651373e-06
-4.833384439066014e-05
2.0537544231536807e-05
4.992349185809444e-05
-5.811014562842545e-06
-7.007144144195409e-06
-1.4314588747605815e-05
4.9280745504977205e-05
1.6901184868893122e-06
4.7079519524578286e-05
4.827226956203989e-05
-1.7914209844690457e-05
-4.813165649927676e-05
4.945948088982217e-05
-4.427259073779605e-05
-9.593803481575538e-06
1.2913269119901138e-05
-4.1897799426267285e-05
-2.878313359601852e-05
-9.22469237413065e-06
-2.9219447535445754e-05
-3.3847335874799805e-05
-3.6704979683491727e-05
-4.66262731423745e-05
3.750488897652735e-05
-2.695232864194125e-05
-4.004687993278522e-06
-6.083950963950878e-06
-3.592266475816289e-05
6.2626586100158715e-06
-2.0151612713064815e-05
1.835990287770123e-05
-3.82753586723352e-05
2.2486202257050946e-05
4.205963122991451e-05
3.4253630321473665e-05
-3.996259143991299e-05
-9.562598481153559e-06
4.602899431685588e-05
-4.984362986988253e-05
-2.8487492072467337e-05
-7.639299088573074e-06
3.831420193441733e-05
-1.622456962002833e-05
-3.9868090250289025e-05
-1.5485175921939063e-05
8.955943442156319e-07
-3.7917036928144946e-05
-1.1606995152805136e-05
-2.5075962813166288e-05
2.0144181204363616e-05
1.3221263504293019e-05
-1.5521106576973398e-05
8.848400203480734e-06
-9.008584684436025e-06
9.989178757043038e-06
-2.7461959457706454e-05
2.0047612658653952e-05
-9.247932346798319e-06
6.9995036817624344e-06
-3.925303135581071e-05
-2.50985760815875e-06
1.1437159268558363e-06
-1.1154846098624664e-05
-4.270367184310231e-06
-1.129995694797512e-05
-9.625366489281377e-07
1.3445043178119023e-05
-4.706832891673828e-06
-3.0019736434927815e-05
-1.0559062671089101e-05
1.2358991648597302e-05
-3.588157383968544e-05
1.8639065907409063e-05
4.5350051726654086e-05
4.171025744627521e-05
1.4225454450160792e-06
-3.5510192956148906e-06
-1.4064488136699694e-05
-3.175441100923905e-05
4.6854253930866476e-05
-1.1680694518936519e-05
-4.706498000325227e-05
-8.462290660022697e-06
9.729343115444424e-06
3.1556509338520403e-05
-4.153773680278825e-06
3.8195189185029556e-05
-2.3997669786050804e-05
2.2785493931293042e-05
4.914116175253112e-05
7.538444798326468e-06
-4.424133592744652e-06
4.5248715537202316e-05
3.088172587621325e-05
4.686925633646313e-05
1.0520741073055698e-05
-2.0095399988486783e-05
2.811293415097207e-05
1.796343493741845e-05
-1.532726550251953e-07
3.1228910394389575e-06
2.6313516445489174e-06
3.528172011785971e-05
2.0124287756240296e-05
-4.6227671312137366e-05
-2.8581112635136552e-05
-2.294586327266024e-05
-4.788625311723767e-05
-2.2235373610046085e-05
2.8538713664079137e-05
1.725632343942171e-05
-2.433828607936405e-05
4.9151141571793525e-05
-1.8366143100617713e-05
-1.0839445143208748e-05
1.109119219116206e-05
-4.9690466473183153e-05
-1.0578638743603975e-05
6.604223330678339e-07
6.1533275488454215e-06
-1.4293285698292694e-05
3.690922159703047e-05
4.4927254056206227e-05
-4.939918320769276e-06
1.2226246008074109e-05
-4.481188811413628e-05
9.485104673887621e-06
-4.8080053321845075e-05
-2.413087901923884e-06
-5.530582049640442e-06
2.810500852577859e-05
-2.938186954358939e-05
-1.0222390299021744e-05
2.786714160935509e-05
9.890328383918414e-06
-9.732306902131876e-07
4.4656320698022575e-05
3.734142037518635e-05
-4.7798644699874864e-05
1.8492384907622206e-05
4.799408430566996e-05
4.113727723597968e-06
-1.1048561939427512e-05
2.412791314841936e-05
-1.79068855706531e-05
4.107339901785859e-05
4.407751694433334e-05
-2.3958061021077084e-05
-2.2041662162726273e-05
3.2466177172507795e-07
1.6763775132927844e-06
1.010023166947822e-05
-2.6477949350709486e-05
2.6746546960297784e-05
-1.2794971150569379e-05
-4.755987534518962e-05
-2.1220570098212277e-05
6.675265337146121e-06
6.376972417442428e-06
2.415518374878036e-05
3.835618388583782e-05
-4.979822994199565e-05
-3.09990113302115e-05
-3.1058852600796286e-05
1.358936198522092e-05
4.310340854394232e-05
1.8554051339547745e-05
2.574759662787705e-06
-4.051957389949299e-05
3.220937071011229e-05
1.8737761622141697e-05
2.032270569053004e-05
-3.535880634941926e-05
-4.570134572869242e-05
1.0723322193850652e-05
-1.9344679585443234e-05
2.9167695238485875e-05
-1.2441279585538354e-05
-3.336855357411924e-05
-2.286215707303986e-05
1.0256862263443011e-05
-2.989020028899423e-05
-3.5442524967484255e-05
2.3449774989397057e-05
9.795546240777962e-06
4.7474018148472627e-05
-3.364189344581199e-05
1.522630477117546e-05
4.501957143184385e-05
-8.08296429701267e-06
1.3819705368586854e-05
-4.528789094017914e-05
3.3116475725631854e-05
-3.29950127442211e-05
4.8010114947283547e-05
4.028269479175733e-05
3.4664897997170614e-05
1.1589527576256736e-05
-6.702927222799007e-06
2.0204517430620477e-05
-4.635940404660771e-05
-1.0562103715849458e-05
-3.770657637858734e-05
-2.9305980165229327e-06
8.347664576656842e-06
-4.8538146675705065e-05
-2.536098691630112e-05
-2.2938546306912922e-05
3.6208008223869214e-05
-4.9348224966564904e-05
4.991086029414839e-05
-3.4905312479077714e-05
-1.3644548974092808e-05
3.096368183831512e-06
-1.6354472097757676e-05
3.825447574516288e-05
-2.9865826075187007e-05
-5.015229806170084e-06
4.785090239565442e-05
-4.6888661595841854e-05
-3.790278640507377e-05
2.907441603492555e-05
-2.593249698590784e-05
-6.764140880643399e-06
-2.7229305575787923e-05
-2.3345051131403718e-05
4.7359776728311266e-05
9.729380380498598e-06
5.630351796112002e-06
-3.159215974530168e-05
-1.2204780539011937e-05
2.6810064443975237e-05
-3.0482339430259145e-05
-2.9802731746821933e-05
1.0611481244561763e-05
-2.6866353564267944e-05
2.038945908433136e-05
-2.8618897245541566e-05
-2.5251678972849223e-06
-2.677605226391964e-05
3.0749814311241016e-05
2.083176675616198e-05
1.2244748947985491e-05
4.869839102837794e-05
-2.1743468255675135e-05
2.5958721267368454e-05
1.5042454787939624e-05
3.611506309734516e-05
2.7854254064248048e-05
-6.756509510008316e-06
-4.949336172506377e-05
3.755565501902076e-05
-2.521237647292316e-05
2.5681532544748283e-05
-5.075593423487793e-06
-4.358844984586334e-05
4.925979059780193e-06
1.960427900676633e-05
-1.0639000067583117e-05
3.38056074464348e-05
-4.377273117304954e-05
3.9717463496300184e-05
-2.9403622555966627e-05
-3.054167417818659e-05
-3.6939814744921e-05
1.916803425639824e-05
-2.503301576146301e-05
3.958018040573723e-05
4.2232003079043915e-05
-4.598686478008481e-05
-3.0632405152790034e-05
-3.700026681273508e-05
2.205215868392889e-05
4.845926129417827e-05
4.0429252796426704e-05
4.199126231966808e-05
-2.1556153868131735e-05
-3.752457483897427e-05
-4.46886661486414e-05
-4.124154178701499e-05
4.573423867836262e-05
1.653292617364844e-05
4.7145447347217555e-05
3.9381250074636035e-05
1.2653414131806778e-05
-1.0898475213014545e-05
-4.7896465681147476e-05
2.3052335635653428e-05
3.643800429848065e-05
1.295949774932696e-05
-5.465700206633705e-06
-1.9910197345041158e-05
4.676406908438065e-05
5.414796246541018e-06
-4.6512755892781166e-05
4.176688377553041e-06
-2.962994468419932e-05
1.3360710591259378e-05
-3.194200323841126e-05
-9.525042154814532e-06
2.826900572424952e-06
-1.849157742118555e-05
-3.648141006064466e-05
-4.526873251613419e-05
-4.3436936074872714e-05
-4.8959620918908856e-05
-2.178942399505767e-05
-4.696305357051044e-05
-5.538927905621636e-06
1.4794729519721908e-05
1.3796882334665693e-05
-2.2341433033870042e-05
-3.636890657176971e-05
2.5182501408523585e-05
2.288521590067466e-05
-2.9991314366154532e-05
2.1538212409826262e-05
-4.144925308257853e-05
7.124337487124464e-06
-4.713965793941382e-05
-1.2913711355213554e-05
-1.6532435727372874e-05
4.014965842736252e-05
-1.4614435168429983e-05
2.6147464160286133e-05
3.3818976097481976e-05
-4.358648573819296e-05
-3.3308217597548074e-05
1.4352367168546537e-05
-4.9749513320115134e-05
2.9030112697716832e-05
4.897927805493319e-05
-2.0951204052845784e-07
-4.031328617383151e-05
-8.412042611013405e-06
-4.396988232360754e-05
3.3630741755836815e-05
-1.147712838052866e-05
-3.233273430169183e-05
-4.366982770569452e-05
9.778406744155291e-06
1.2837719305362932e-05
-2.804170023054722e-05
1.1360995411224848e-05
3.1623260687016494e-06
3.957530727273291e-05
1.8215447088288586e-05
2.2945479363325684e-05
3.0339624016075102e-05
4.1136719422450514e-05
-1.2842696680541988e-05
1.2895180627896427e-05
-2.059368331773398e-05
4.419318184990118e-05
2.3495506986890835e-05
3.417148571358291e-05
-3.125879713709131e-05
-2.2696455348808543e-05
-9.670125438725027e-06
-2.5713004978306578e-05
-2.241920477167333e-05
-1.859275953102068e-07
-4.675408985191194e-05
-3.770851302097892e-05
-1.4603558173038757e-05
-4.360057055061677e-05
1.15545189301705e-07
-1.686145152098234e-05
4.357165718775529e-05
2.510487240309001e-05
7.145123125557086e-06
1.1918283736137541e-05
3.49327988336345e-05
2.4914634156748956e-05
-1.3699980299185298e-05
2.127397436510184e-06
4.503426231613359e-05
3.0070782217923906e-05
6.950975465899902e-06
1.1087154350272612e-05
2.628422176399428e-05
-7.531317048429387e-07
4.078303518346995e-06
-3.736144606594376e-05
2.2464496859554978e-05
-2.187894785015311e-05
-1.2875738952348084e-05
3.1746044249073166e-05
-2.7838589322856655e-06
4.353090428155166e-05
5.105504233904792e-06
-1.3253234406253092e-05
-4.210254150184655e-05
2.7648806704621815e-05
6.102999548736684e-06
-2.8089349477467908e-05
2.5860773944740794e-05
8.412675502656375e-06
-3.642187038269311e-05
3.531447847612652e-05
3.7090995568912695e-06
-3.8629843539692265e-05
3.456796149896933e-05
-2.7708675039228047e-06
-2.366582241986357e-05
9.064518709646206e-06
2.7175744287381716e-05
-2.9054819760624176e-05
3.7422345945698685e-05
-2.916952043749168e-05
-8.176235469115781e-06
-2.670976486464748e-05
5.98783681943337e-06
-3.433903950356715e-05
4.851368092566428e-05
-1.5741114819093792e-06
4.3423912430311645e-05
-3.996902603579137e-05
3.372376573674553e-05
4.348393274388172e-05
1.0239159784797083e-05
-2.1774561022650156e-06
-3.469143183847021e-05
-4.0682031220593874e-05
-2.6828645673489228e-05
2.971100615603901e-05
-3.5938778575152266e-05
-3.047710556114577e-05
3.368113811666146e-05
-3.9906518968028464e-05
-2.0362271997540572e-05
4.5433536382718085e-05
3.7865794137213926e-05
3.484442940292789e-05
4.587086347981365e-05
-2.3437152441121967e-05
-4.0182298825502506e-05
2.735575946529845e-05
4.504811763843751e-05
3.349469849625905e-05
-4.6322896442671594e-05
1.4176264394874973e-05
3.163953912166599e-05
3.756156052874413e-05
4.541084735790301e-05
1.8499178866022776e-05
3.395022945370794e-05
3.0516622527655697e-05
1.9467702651050478e-05
-6.821164534687051e-06
1.3293300601106821e-05
4.1130708636576936e-05
2.2330953593523865e-05
2.434283562257409e-05
3.0256807292553495e-05
-1.8171934333220065e-05
1.8203276859555323e-05
-4.859171947950999e-05
3.7721098954597744e-06
-2.3340550955396167e-05
-2.607056337158963e-05
1.851322310095348e-05
-3.1343180361506954e-05
3.486818437111134e-05
-4.307181909029392e-05
8.436527153726973e-06
-3.516160130994289e-05
-1.0323862480391775e-05
-2.2975976117010144e-05
2.3846184659582867e-05
1.7200006238506962e-05
2.601384281857176e-05
-3.970010607097293e-05
3.217678860728797e-05
-1.0993259767747766e-05
-2.0954367054777767e-05
-2.8591184919748592e-05
-4.142341913195177e-05
2.4024122518983544e-05
2.4221485231288137e-05
-4.0164387570160187e-05
-4.8358375452934523e-05
2.493784766515394e-08
4.037942680594671e-05
-2.737820512461138e-05
-2.138269820956954e-05
-2.6272829502420265e-06
-8.470242036715789e-06
-4.414526643204785e-05
2.5171940033694725e-05
1.1721358633612226e-05
2.316453603217213e-05
4.795684131757563e-05
4.583786348070467e-05
2.2042036701404282e-05
-3.5803198055820885e-05
-6.664012026121048e-06
2.8141168721863975e-05
6.581132144601133e-06
-1.277795176753435e-05
-1.1479066442334365e-05
3.069959522283995e-05
8.644064569228416e-06
7.018500366415557e-06
2.8567860941122396e-05
6.958970366080718e-06
3.458813158396597e-05
1.4057823203147214e-06
-3.620470389835783e-05
-4.3279108747386296e-05
-3.203002169726188e-05
-3.889899630114069e-05
1.1946777236411601e-05
-4.295449270781297e-05
-1.1136815092342034e-05
-2.1764208102581175e-05
3.2779842009053504e-05
-3.995959400535343e-05
3.2875316254442935e-06
3.2529392548755484e-05
3.567821158540749e-05
1.2375405865976369e-07
3.030583893675887e-05
-4.0714313725515886e-05
3.232293583659782e-05
4.080396624245272e-05
8.802668995334554e-06
3.437888079690714e-05
-6.791162925832551e-06
-6.73780760891014e-06
1.1811587065600687e-05
3.79480513088903e-05
-2.959300149814408e-05
3.855822538158213e-05
3.4477857380537527e-06
-4.451045333373903e-05
3.3342122194543126e-05
-5.064531192357615e-06
-2.130246997708295e-05
-1.5878087722011512e-06
2.016173446525491e-05
-3.080632321153421e-05
1.9345832382060297e-05
2.1028277693288702e-05
-1.5166248373406013e-05
2.3235830260876377e-05
3.907795601078972e-05
1.314606885286817e-05
3.3598545383895007e-05
4.427104727263644e-05
-4.099806820983768e-05
-1.3823284574015658e-05
-3.116600455846716e-05
7.1312990620022845e-06
4.015187312653973e-05
-2.0987159771768384e-05
3.930652063225604e-05
-4.751753716659203e-05
3.2607269202471128e-06
4.951709761250471e-05
3.369186337444787e-05
4.225456727589195e-05
-4.890494056581959e-05
4.182149963653013e-05
1.8448894943531443e-06
3.0217707881831147e-05
-2.5971158425270812e-05
2.5086709263910573e-05
3.981948548592875e-05
-3.573622803184331e-05
-2.9210006826456328e-05
1.3022142594852665e-05
-7.975789374818566e-06
4.800587582497085e-05
-3.728256184610308e-05
3.525958551198503e-06
2.7189383698724574e-05
-5.27748602292477e-07
-1.4482666694867662e-05
1.3564506368723686e-05
2.654682355385168e-05
7.817009664764408e-06
-2.5569954034462608e-06
-1.4530820510413612e-05
4.049177009861958e-05
4.6691463779748164e-05
4.0391870688414955e-05
4.536392549067781e-06
-3.7377258638533e-05
-2.6619065950510797e-06
3.9146696544817634e-05
-2.8046794811177278e-05
-5.380784939514604e-06
-1.4558018997618086e-05
1.0059291660963318e-05
4.299529855914228e-05
-2.0916851680032757e-05
4.4323861946437045e-05
2.279133159374399e-06
-2.348097708207171e-05
-4.29151368640913e-05
-1.453797162534454e-05
2.3282601205764106e-05
-7.030350329445119e-07
-1.3499086734169638e-05
-1.1683933423947778e-05
4.928378771351017e-05
1.1757763690909972e-05
1.4540907147905885e-06
3.969332356594439e-05
-4.7925306428672576e-05
4.480020536878193e-05
2.4073173568065212e-05
-3.804239165371566e-05
-2.1059989019575465e-05
-4.8264883223430425e-05
-1.9805436211510043e-05
-3.762789426336184e-05
2.3253877993731547e-05
-4.66510947796725e-05
6.91467301503084e-06
-2.8466850563960767e-05
-4.718935858657708e-05
2.6509085803808455e-05
-3.747424443404077e-05
3.275885645483059e-05
-8.760172108690558e-06
2.7336854236118166e-05
4.5806549101276284e-05
3.758246588721067e-05
-2.2956184511741208e-05
-3.939354545968227e-05
