-1.3779892807327144e-05
-3.6989226633446284e-05
1.5207978879535642e-05
-3.6209560971159585e-05
4.8269362964236956e-05
-1.948343244014278e-05
2.6711996148004147e-05
-2.486855633400933e-06
-3.2758817402069364e-05
-3.9978096530179855e-05
-2.880889244501391e-05
-4.0963257123118384e-05
-8.37387715012804e-07
3.635787336563365e-05
-1.4456050274290378e-05
1.730127007448698e-05
1.0964239955197366e-05
-3.640888188516663e-05
1.0895368912728535e-05
4.485575760050857e-05
-3.4546376083577235e-05
3.6302583726093556e-05
4.2628044071818534e-05
1.993274371846739e-05
-2.2748122362663116e-05
3.6562397035624606e-05
1.884545417378794e-05
-4.067861777051124e-05
-1.0905419133251602e-05
-3.076796696242674e-05
-2.7177826830517926e-05
-3.265367051846856e-05
8.063036425412864e-06
-4.083922788616633e-05
-3.345538433345185e-05
5.163064835838946e-06
2.782233292300962e-05
3.7762535712747155e-05
4.830638888057717e-05
-4.153337575723312e-05
2.151393247468918e-05
5.309912581315413e-06
1.5065896460318696e-05
4.3123054518369074e-05
-3.2124851331731056e-05
-4.488854225365082e-05
9.996197110495613e-07
3.0450601332746823e-05
4.680351886229399e-05
9.951899259178285e-06
2.5018954339296204e-05
3.23812871571899e-06
-4.694569537546927e-05
1.9025168534937655e-05
-8.86366185169697e-06
4.1882129503980276e-05
-2.6005346507066186e-05
-4.032726642949722e-05
-2.185673777672397e-05
1.8919173237103434e-05
2.325321702034948e-05
4.997775915338409e-06
-2.9067721577417363e-05
-2.3176616565311715e-05
4.97556148690698e-05
-1.81312931085592e-05
-4.2623580214473955e-05
-8.34546248843543e-06
-3.1598408043596163e-06
2.4519489139211347e-05
1.4533316676435344e-05
-1.8768335902850633e-05
-3.956574521017884e-05
-3.266908720234816e-05
1.9441582010893716e-05
-2.3051784165379596e-05
-9.03113872371506e-06
-4.247817523308316e-05
-4.271505814445414e-05
1.0451564948213711e-05
-1.376864064881577e-06
1.8638451839362244e-05
1.0388200165978156e-05
4.818006236674349e-05
-4.828614346874577e-05
4.7581852279229406e-05
1.8456641695825878e-05
2.6941397985206712e-05
-3.8303112683974994e-05
3.471641572177442e-05
8.4172368232838e-06
-4.072644978193551e-05
1.680106929122381e-05
9.771596064175318e-06
1.969900667983314e-05
-1.3361784383184784e-06
-3.6953444231374156e-05
-2.3505542387888945e-05
-7.151072061726581e-06
-2.8243450624546762e-05
1.6076656456068086e-05
5.050248256470334e-06
-3.8330249881740897e-05
1.4422067865116994e-05
1.1189035488044873e-05
-4.606759162337626e-05
-2.599624512680191e-05
-4.872164266682137e-05
1.2551221902238482e-06
9.394053649409485e-06
4.6764965599729265e-05
1.5470087491451373e-05
5.488681026903815e-07
3.923251202325715e-06
-9.730845772321987e-06
3.739362844021869e-05
4.4477009526473185e-06
4.940596718119727e-05
3.49505946894281e-05
-2.8265407122581888e-05
8.119031207473591e-06
-4.745823093736735e-05
4.5716108429158136e-05
-1.6573013354463862e-05
-4.690319341633842e-05
2.9040104282984205e-06
3.9051294601487325e-05
-2.4358606229785463e-05
2.8083204159819803e-05
1.6256427027207697e-05
4.884987495821456e-05
1.7079953855987262e-05
-3.803828593630584e-05
1.7726685807825452e-05
-1.873901489969616e-05
-1.9193324357941443e-05
-4.3623377180303326e-05
1.7176406892805303e-05
-4.7382546858232005e-05
2.0482948568624152e-05
-1.6833328127235174e-06
2.2937161810004666e-05
3.593386803254996e-05
-9.754557546658827e-06
4.558470184273566e-05
5.576685013385834e-07
-2.156912078663583e-08
-3.236982497823917e-05
-2.9540695857063843e-06
4.0744044777213724e-05
-3.077846172355728e-05
-3.997811083856358e-05
-3.914377561899129e-05
-1.2303188796648326e-05
-8.85224558660066e-06
3.09159818838133e-05
-1.2663028157481139e-05
-1.819542404565565e-05
4.840257531128396e-05
-4.105109385248305e-06
8.77466129421004e-06
3.5812516764648876e-05
-3.872257568193822e-05
-3.0206162181331355e-05
4.823975851978059e-06
-3.120906000115027e-05
-1.0985130147931133e-05
1.9131614892090272e-05
-3.159486590302513e-05
4.524217317287571e-06
2.9106813765955604e-05
1.6724933405736212e-05
2.3316954375958604e-05
3.541801362956194e-05
-3.211184076342331e-05
1.4639796248461195e-05
2.7593210935993605e-05
-2.4806758542597718e-05
2.840996310676735e-05
-2.128503825700917e-05
-4.956260572400655e-05
2.15000003412472e-05
8.394081845970676e-07
4.993797763206512e-05
-2.458774408121861e-05
2.7463023860504296e-05
-4.461604521161122e-05
-2.438341821222758e-05
2.9113668885727856e-06
-2.2866365389296217e-05
4.951760569567954e-05
-4.282942945872454e-05
1.2472411389230128e-05
-3.05878915028062e-05
3.476820422840408e-05
-9.884864767559897e-06
-3.0467478322523545e-05
-1.0241549938483409e-05
1.4841745185003597e-05
-3.5498911017800794e-05
2.2288241061139387e-05
-1.0968427426807673e-05
-1.871061955988186e-05
-1.758448251153535e-05
-4.973895194387458e-05
4.333583774068005e-05
2.5669163825202245e-05
-3.6090940141970975e-05
3.261461943784893e-05
7.799121019761348e-06
2.4132221486265863e-05
2.1629414368523285e-05
-1.3698679947899718e-05
4.515068658091203e-05
-2.2379031182134346e-05
-3.702131909767325e-05
-1.5646575218762927e-05
-7.629619080131347e-06
-2.422243252247486e-05
-3.780354863407225e-05
4.531282883202439e-06
-4.028593765778901e-05
2.7661036139633913e-05
-4.731048074143705e-05
-3.44235352773394e-05
-4.5951179767864705e-05
-4.701894103906024e-05
-1.0589868305235916e-05
2.3275006917801174e-05
-3.3842035944926044e-05
1.5110150285425166e-05
-1.2082034133428198e-05
1.1797214855085494e-05
-2.996920845675998e-05
4.291733390377448e-05
2.394919161518519e-05
5.416737075752657e-06
-1.629776950197935e-05
-3.7572574147741935e-06
2.6562317354067525e-07
-6.592925403731164e-06
-3.454268869075591e-05
-3.8645894738528974e-05
2.3584190517799687e-05
1.9456861757012136e-05
-8.482249406186327e-06
-4.1306331514724906e-05
-3.575556792127015e-05
2.1484054782164664e-05
-4.22526985818215e-05
2.201046220749921e-05
-2.9433379467402634e-05
-3.240027053002948e-05
-2.2563406289412325e-05
3.748322966456594e-05
-2.8057908354937247e-05
1.7403815369464257e-07
1.416996535302534e-05
-3.024484298358723e-05
2.117202535913111e-05
-4.082032112753762e-05
2.1695915303731024e-05
-2.9361035124633873e-05
2.995624303136439e-05
-1.1340312219856289e-06
4.538237641721144e-06
3.174154585812474e-06
3.9822773318771695e-05
-1.4535620811973737e-05
1.5540161270501805e-05
-2.0884512302685932e-05
2.2968802570353472e-05
9.062489997818812e-06
1.1360118092493527e-05
-7.833022176680249e-06
-1.7661005012846657e-05
2.029598892837387e-05
3.3456676150098536e-05
4.026764419834421e-05
3.7125334888622504e-05
3.808536521922131e-05
1.3444561185713007e-05
-1.1044155164431811e-05
-2.2831636920763888e-05
2.213285557365056e-05
2.6515914133750107e-05
4.2698495498215114e-05
2.598565464571983e-05
-1.4512285836214018e-06
-3.3614232558250334e-05
-4.329569033658519e-05
3.4577181647326085e-05
3.501570064190011e-05
1.9863060066800983e-05
-1.0740200209452114e-05
-1.9446839975851627e-05
1.0959845686158412e-05
-3.40259394700342e-05
3.516596048087055e-05
-1.826589271766379e-05
-3.672348314277532e-05
1.6962253299835667e-05
-1.0246894305617838e-05
-2.8480878723555954e-06
-2.1455489980629984e-05
-9.624416046847874e-06
4.448372113231557e-05
-2.648674906119172e-05
-2.2546427648647584e-05
-4.8728738880931535e-05
-3.820094471346098e-05
-2.8553027723582625e-05
3.439540652201989e-06
-4.2423874980233914e-05
2.3470247524914205e-05
5.409741048121184e-06
4.4466166109656924e-05
-9.627891636293886e-06
4.175184317168179e-05
2.15422697681848e-05
2.4426350415141544e-05
-4.512933151034167e-05
4.2850724385037974e-05
-1.0535710878160645e-05
2.638806291787703e-05
2.3222701484758446e-05
-1.7585167944554885e-06
1.2667173073215386e-05
3.546356813586293e-05
2.711916644413323e-05
4.849979707883977e-05
-1.41879237043026e-05
1.4375483420418906e-05
-4.896921314881523e-05
-1.3039400427907475e-05
-3.1826619035048566e-06
3.497248609307051e-05
-2.2211646365857242e-05
-1.6107704529287327e-05
1.200176691628928e-05
1.2809823553786065e-05
-9.345621072948786e-06
1.478825259794314e-06
9.155570222291785e-06
2.7733137967296693e-05
1.4674263991575001e-05
-3.1135716998172768e-06
1.6678611807949366e-05
-4.843372328298984e-05
9.629400315170795e-07
-3.1248455685855934e-05
-4.849305277980026e-05
-9.165954176592926e-06
-3.11194213051471e-05
-4.386935814818754e-05
4.279740102506202e-05
-1.847926641549511e-05
-5.797798077506742e-06
-2.454380495115819e-05
3.808840022182862e-05
1.830948569024205e-05
-3.31239473300569e-05
-3.7479701651909125e-05
4.596449848644258e-06
1.0123832354655514e-05
-1.7091552206849192e-05
3.928289588141533e-05
1.8311019866566225e-05
-9.459378976956037e-06
1.319916564435167e-05
-1.2055606524865806e-06
-2.294732257736314e-05
2.68507377621966e-05
1.8209961147180814e-05
4.004851658427777e-05
-1.508143593083984e-05
3.730835171978644e-05
-3.408614678347416e-05
3.79557575440211e-05
-4.638751877056392e-05
-1.531699438456928e-05
-2.580966589126105e-05
6.0300314843826685e-06
-6.879519828445039e-06
1.7355005204918804e-05
9.709477862697334e-06
6.200778354296355e-06
2.3966300547295344e-05
-3.2474288190500965e-05
2.5938367445976208e-05
3.5051287798472425e-05
-2.7974777264187248e-05
-3.395224013196605e-05
1.3462323749858567e-05
-4.311298218404819e-05
1.7887103962805487e-06
-3.4534154721863636e-05
2.9111979530971206e-05
2.386846347420704e-05
-8.634424146688236e-06
-4.31820207426787e-05
2.1250050342844458e-05
1.986325545085836e-05
-1.3300857016923084e-05
4.407902635806637e-05
-1.083533051452148e-05
-1.1367580450783123e-05
5.4050967092787754e-06
1.1953454989700503e-05
-1.9954403675354783e-05
-2.3123620499759242e-06
6.169668586997365e-06
-2.340117320802221e-05
-3.4121001378717406e-05
4.005927730596973e-05
5.3435614160010425e-06
-1.6839417105202773e-05
-1.9832639901605065e-05
3.685855565830113e-06
-1.988785318672629e-05
-3.869430389866336e-05
-3.2468310554875125e-05
3.716313038344314e-05
-3.41882591031932e-05
2.4445430813695313e-05
3.994242320143249e-06
-4.498142125173799e-05
1.3906180942897823e-05
3.077625562669739e-05
3.698967650926805e-05
-4.986267094937462e-05
-6.791752139113737e-06
-1.5718586612791363e-05
-2.804737044495784e-07
2.5270476588042563e-05
4.047211764189732e-05
-4.019455801874908e-05
-1.7465504989614554e-05
2.769369168571802e-05
3.5330315917812962e-06
-2.6201595629518315e-05
3.877696752027301e-05
-2.9674384634541808e-05
-1.6584009378994234e-05
2.8420985973447875e-05
-5.793708856360813e-06
-1.355722711372919e-05
-3.7908169527130496e-05
2.70380500961504e-05
2.1689796626956128e-05
1.9870795489532052e-05
3.846936072115212e-05
2.3796915272475493e-05
-3.593927148294891e-05
-5.32921097845384e-07
1.8607540208884624e-05
4.582715481184158e-05
4.458283267100842e-05
6.460247958973621e-06
-3.6990146522350856e-05
3.716767061476636e-06
-4.362207767148632e-05
4.629806343867012e-05
-3.56889594392402e-05
3.0706983172716797e-06
-8.979134592256763e-06
-2.7083300635481968e-05
-3.7727843682525575e-05
-2.644208722059589e-05
-8.935731126619962e-07
4.727404277277024e-06
1.644258544172912e-05
2.2340083646063613e-05
4.403842130263837e-05
3.527069673021769e-06
2.433920308703187e-05
-3.821265423670305e-05
2.112599045575156e-05
-2.067397451655969e-05
1.5223328726308455e-05
3.5753793130519514e-05
4.278679163751994e-05
-7.743918776688028e-06
-3.3960359862817856e-05
-2.647721759226278e-05
7.505972494387079e-06
3.551960934195796e-05
-3.45574995812763e-05
3.851694740818038e-05
-3.1013094061188616e-05
-2.635180162298404e-05
4.17727379438371e-05
2.3255357506570904e-06
2.686116123781267e-05
-1.2640268355093376e-05
2.6171158777836755e-05
-2.132658105171933e-05
-2.779627422708394e-06
-1.2410741767038056e-05
1.3866173475128806e-05
-3.463116585344083e-05
6.817675473183435e-06
-2.5476211383651317e-05
-1.5488533502228687e-05
2.5922041665078445e-05
-4.7703587544333736e-05
-1.1873941615785675e-05
3.817194131302712e-05
-4.015392052423094e-05
-6.157233562427857e-06
-4.908274955424067e-05
-2.922716700561523e-05
-1.4888685578569396e-05
-5.867540494376154e-06
-1.1148749398522914e-05
4.168595086208826e-05
-3.794263049634942e-05
-4.994786937475697e-05
-8.003758213771429e-06
-1.4601396189440085e-05
2.4931565042967076e-05
7.843571521826012e-06
-3.566424009809564e-05
-3.1923595553621324e-05
1.5765916759270157e-05
3.780933698869675e-05
-1.434293060284311e-05
3.265350980917202e-05
1.6736550862541905e-05
-1.5536607113804415e-05
4.31891904137542e-05
-2.0975856199128572e-06
1.7651226353713365e-05
-2.47847423353901e-05
-4.049351177787173e-05
-1.719011480977403e-05
-1.53315969716317e-05
-1.3873153842746289e-05
-4.0180637511812625e-05
-2.0649334219920513e-05
-4.21735840497705e-05
1.9661077149458568e-05
4.1190069654292165e-05
4.009860823479184e-05
6.782324253585229e-06
-3.201264162343565e-05
-1.858234998691796e-05
2.2670813381539088e-05
-4.195071993201578e-05
2.4867610875725327e-05
-3.27930395314506e-05
-4.481823820848947e-05
-2.1563222029977025e-05
3.271078075271774e-05
2.1970764253950504e-05
1.5987095990776798e-05
6.130725169883978e-06
-3.072359508881073e-05
3.174770137922824e-05
4.2285839690104516e-05
-3.43724398691926e-05
-3.9861083373377006e-05
3.298449982303866e-05
-4.8759290071186314e-05
4.3526476099232354e-05
1.921650945954702e-06
2.1181581842598874e-05
4.379052463179595e-05
1.244790242616612e-05
2.425823276235246e-05
-2.015808154748331e-05
-7.492123379673857e-06
2.1251516741766317e-05
-4.7658352146502717e-05
2.4643197145565424e-05
4.2258705072135924e-05
4.326636530963306e-05
4.948008551997939e-05
3.541030629352007e-05
1.6868058682665506e-05
-9.277912995617523e-06
-2.5842107045498355e-05
1.4334589848050173e-05
2.88402335479691e-05
-8.931749817402266e-06
1.4360933122082327e-05
9.186579801081729e-06
4.393139656576345e-05
3.707026250454316e-05
2.3166683126546942e-05
-4.8874506519404694e-05
4.219655276890932e-05
2.972414783704329e-05
2.4692178076895068e-06
-2.8889449521555888e-05
3.343955928332604e-05
-2.7818807088590503e-05
2.4382033755079045e-05
5.597732136485282e-06
5.562079735489111e-06
4.5762919355040264e-05
8.440646521473748e-06
1.7065759462151974e-05
-5.0738818906514784e-06
1.358509989698537e-05
4.239099504166668e-05
-2.7757887262709537e-06
-6.242076811338505e-06
4.292937276950267e-05
3.1386997773395164e-05
2.249933723157602e-05
4.883953293135323e-05
2.2126890853063563e-05
2.6642062811267594e-05
1.1835687573962288e-05
3.1683131341204495e-05
2.2127249752538563e-05
-2.821569276804219e-05
-1.7413230482958576e-05
-4.7283770231656485e-05
2.527602696402746e-05
-4.54004462378932e-05
-7.082816433730732e-06
-4.21078043387931e-05
3.8352143255280164e-05
4.5634094592735646e-05
-2.0280239054555796e-05
-1.9310718808425654e-05
2.3284752402224776e-05
1.2123804801048164e-05
3.584068889025395e-05
1.6778406332109996e-05
2.4201877601517283e-05
3.890400810954579e-05
4.2261290936883404e-05
1.980597204133265e-05
-1.4246817017066569e-05
-2.038366432070552e-05
2.3860145888889645e-05
-1.1972907152744714e-05
3.8233349698593045e-05
4.4690934859737746e-05
-3.848475632800508e-05
4.746096489044634e-05
3.554513136815768e-05
1.5202940535905819e-05
3.0173779666041293e-06
2.032024246396491e-05
-2.9753607270417537e-05
-4.4540550800269276e-05
-3.568952828136221e-05
2.9304894675352638e-05
-4.224018644156478e-05
2.737616511918804e-05
-3.941125577056059e-05
4.7959644791163875e-05
3.2819290897103205e-05
-2.540427490882895e-05
2.348603748438971e-06
-2.72486125184082e-05
8.763537112542977e-06
7.2441414472703805e-06
-4.414059664131043e-05
-1.1282959851522325e-05
3.685014757445222e-05
7.071518693003256e-06
-2.3523532042576067e-05
4.572307859143447e-05
4.920597249003259e-05
1.7702400794754218e-05
-1.3825884918453128e-05
-3.872089998725771e-05
-2.50200589900625e-05
7.225858059513077e-06
-4.256617520662294e-05
4.9024600555804824e-05
1.927413230526337e-05
4.9461897919186554e-05
4.2675271054628856e-05
2.2391589117490647e-05
4.0972480421240286e-05
2.541801202172045e-05
4.1107722505546634e-05
-2.2543892956149738e-05
-4.954538469822234e-05
4.041078794647557e-05
4.246360649090407e-05
2.392195847062807e-05
3.3472303043705e-05
-3.7705923066845215e-05
2.9220831649839762e-05
-3.424986520810464e-05
-1.441927755392445e-05
-8.794326665443486e-06
-1.5070338111400697e-06
-1.6910697358750517e-05
-4.597463707351677e-05
-9.429077414444146e-06
-1.5865301002415428e-07
3.7358883718536686e-05
-2.9698405063642675e-05
-1.641479335320346e-05
2.7187146398161337e-05
3.9945198822223826e-05
3.2135495459490434e-05
-1.0633326386916312e-05
5.708012101022387e-06
-2.0066221720995358e-05
8.122303307427867e-06
-2.6782084676272845e-05
3.725740441981787e-05
-2.6906041086046562e-05
4.151442702946721e-05
-2.432928788756835e-05
-2.6810328481263226e-05
2.977119391715004e-05
-2.675027198467329e-05
-3.0403580394829633e-05
-5.4206731886876546e-06
-4.4745271828726655e-05
-4.764315041035142e-05
-4.091299419687048e-05
5.808395361622919e-06
2.5799782562816138e-05
-3.437283414977229e-05
3.4081266392607444e-05
2.3471430023212947e-05
2.3974777317416236e-05
-4.3123045101501615e-05
3.219960605008788e-05
3.810334796548133e-05
4.433589754781077e-05
4.079510317919432e-06
3.4935610514279407e-06
3.6947296815229015e-05
1.7462400088685404e-05
4.9957574100291316e-05
1.2266207882816857e-06
3.141451575163316e-05
4.502676717714368e-06
4.20271863032743e-05
-3.3726384518710785e-05
-4.9130561094216146e-05
-4.4687163615120165e-05
-1.1364287685882205e-05
4.6312673974810606e-05
-4.978913414689302e-05
-2.1785021816555184e-05
3.7678673729941825e-05
-3.7896114375712946e-05
-2.0650458040868926e-05
-2.9091943502344954e-05
-4.1652841723913884e-05
1.0915127530578342e-05
-2.509876645220669e-05
3.1456233358556015e-05
4.661212985118537e-06
3.23912695571159e-05
-3.855891644658929e-05
-1.7057802944077007e-05
3.821757188079409e-05
4.400490590552227e-05
3.922362172917091e-05
-6.953450129192308e-06
1.0940468955335922e-05
1.0697414933752894e-05
1.027897148304738e-06
5.040314294758743e-06
1.91705092526472e-05
4.555090032234634e-05
-3.0730872493248865e-05
-1.7185679385195344e-05
-4.0197457708928574e-05
1.6269572487803755e-05
-3.7689868172374985e-05
-4.249763191852514e-05
-4.4734967028429185e-05
2.0629675981396362e-05
-1.7240252912821786e-05
-1.812284734222913e-05
5.784765755012857e-06
-2.5709279619698222e-05
5.202318195726883e-06
2.9587136815033782e-05
-2.9558358553629838e-05
6.364949405088348e-06
-2.9393983321886422e-05
-2.238132787377941e-05
4.1520237778452136e-05
-3.691299249540986e-05
5.57158401170139e-06
-3.785476401710657e-05
-1.8499586707238362e-05
5.139991356750996e-06
1.2351590827089785e-06
9.395173225561405e-06
-4.281629790378373e-05
2.317141376419796e-05
1.0667876804557153e-05
4.865791354051709e-05
-1.018947317866813e-06
-4.039963707645447e-05
6.481300759956986e-06
4.331426341931965e-05
-4.979790589181019e-05
9.440122974880927e-06
-4.261202569690781e-05
8.651143839388373e-06
-1.672552159297103e-05
7.746930959554343e-06
2.4852946856814192e-05
4.3925438954995565e-05
2.952805496044357e-05
-1.245650895596625e-05
-8.731304764653348e-06
1.360090122754791e-05
2.3093405878576005e-06
-4.138729843447139e-05
-9.943154718222869e-06
-2.9749664684739953e-05
4.05882076065875e-05
-9.9220650172798e-06
1.0586761976478208e-05
-3.670376411544122e-05
4.1156626033062226e-05
2.7314191192045875e-05
1.7762042957099158e-05
-1.9834871164492897e-05
4.1196241029615696e-05
4.832903009225477e-06
4.607844475606289e-05
-3.582954059243526e-05
-1.928261192488323e-05
5.105845160906496e-06
-7.80724898586351e-06
1.3230820623973682e-05
3.640780215535772e-05
-2.08127895720602e-05
-2.0020363114313067e-05
-1.0325216739116258e-05
-4.4158638050506086e-05
-3.5326107597645976e-05
-2.7193588133416146e-05
-3.7521889554249565e-07
3.966634559748675e-05
-4.561508793671395e-05
-3.2266403304789514e-05
3.652299095641532e-05
-1.322245052839192e-05
-1.1455101166630443e-05
-2.1920680988415056e-05
-3.6039849133170555e-05
3.621497268325051e-05
6.637045204411006e-06
-1.8179469664003615e-05
-2.512645226980039e-06
3.6550016793637065e-05
-4.621055938939663e-05
-1.0457514124434145e-05
-2.595105113767068e-05
-2.7469478574833897e-05
-4.748211160707432e-05
-1.3709725754191547e-05
7.088526451595612e-06
3.52233036017968e-05
2.214292255826076e-06
-2.511029003749553e-05
-3.415537418927204e-05
-3.979099900233606e-05
-7.82291346321221e-06
2.6818199026436993e-05
1.7485556863758718e-06
-2.487974189294916e-05
2.5460093957068007e-05
2.9884612915777695e-05
-1.461914771862427e-05
-3.518933377653788e-05
-1.6583138737192193e-05
-2.042421347897643e-05
4.298302561754289e-05
8.171399650400766e-06
-4.753003855296846e-06
4.2264288920845114e-05
-3.971063440992474e-05
-1.0999098235031465e-05
-4.675912637549945e-05
3.885186480553236e-06
-2.315548095005011e-05
-2.1263652208574402e-05
1.066313100211328e-05
-1.55299175998315e-05
-2.4218695877963127e-05
-2.5746391743348718e-05
-2.124585395703166e-05
-4.8794067605531125e-05
5.401011202570838e-07
4.4103680194886704e-05
-1.773913036272877e-05
-2.2012414760555333e-05
1.3753035586069812e-05
-4.3934717522353615e-05
1.2506158097535286e-06
-1.6964836598108716e-05
4.605299603068472e-05
2.6326445988508634e-06
4.075490993215978e-06
1.063587889837132e-05
4.396647972339264e-05
-3.740385555552265e-05
-3.0233986453259267e-05
1.7118379686841173e-05
5.387349767818008e-06
-2.5007556165152367e-05
4.601989117957515e-05
-6.030326588513477e-06
-3.9579833822908555e-05
1.8840469819468678e-07
-3.891965186423635e-05
4.920258447516122e-05
3.339914749359327e-05
-3.837362116336686e-05
4.1124637757931455e-05
2.6649877378607716e-05
4.2775639357631924e-06
-3.3559790456255066e-05
-3.7158360503789614e-05
-1.7232903797571967e-05
4.6474206555197516e-05
-3.9946557282397156e-05
3.435047974056077e-05
-3.847276531233147e-05
3.0215264774024674e-05
-1.2304647422501544e-05
-4.5957763836073995e-05
-3.85592015817111e-06
-1.3241984815085327e-05
7.1787114035946954e-06
-1.3987148873806613e-05
-3.064030094824998e-05
-1.436290767540048e-05
3.360922599803351e-05
-9.831070347111425e-06
-4.712938524614989e-05
-2.2827167559589024e-05
-1.0083048341056545e-05
-7.1507573181822025e-06
2.0979093299001185e-05
1.2563843096834888e-05
4.4921474300413295e-05
-7.086332820463239e-07
-2.176079000548725e-06
2.2822348113814507e-05
-4.9760061831884385e-05
1.4722521703467067e-05
2.8273731695419083e-05
-4.221818604910972e-05
-5.890165939480438e-06
3.771425669242172e-05
-3.385380440948397e-05
-3.729888082125517e-05
5.482939683652572e-07
-3.669496585153592e-05
4.6261162961947264e-07
-3.8333753367914006e-06
7.062818093995204e-06
4.696923335365492e-05
3.8023008831903435e-05
-1.3932254817652704e-05
2.4889786925554997e-05
-4.776373399651568e-06
1.6509827231720496e-05
4.277293466474618e-06
3.874038925011041e-05
4.002117935640467e-05
-3.5043781479372516e-06
-3.356520179582576e-05
3.663051005926479e-05
-1.350847107014274e-06
2.6804160816601954e-05
-3.0826579064352586e-05
-2.0653997426520355e-05
5.355878568353104e-06
1.5526264268003673e-05
-1.1948486833732163e-05
2.704177218811603e-05
-4.773206010945782e-05
-2.2515497040059363e-05
1.216007491401008e-05
7.786058337323256e-06
1.264359526715275e-05
4.31359000056209e-05
-7.090775965260554e-06
-1.3593557708834989e-05
2.557993112980649e-05
-3.683761957907366e-05
-3.230466117548614e-05
-2.3820813695952803e-05
-6.570723258334231e-08
1.3626665041795696e-05
3.194657280272104e-05
