     Energy         Kx              Ky       F.Density    GA.Brill.       Flux  Tot.Power  Nat.Size  Nat.Div.    Size.x    Size.y     Div.x     Div.y   Coh.Flux  Coh.Power   CohFrac.x   CohFrac.y
         eV          -               -  ph/s/mr^2/0.1%  F.Dens/mm^2  ph/s/0.1%         kW         m       rad         m         m       rad       rad  ph/s/0.1%          W           -           -
4.16872e+03  0.000e+00       1.000e-01       1.868e+12    3.164e+15  9.794e+08  3.522e-03 4.196e-06 5.640e-06 1.899e-05 4.947e-06 9.915e-06 8.417e-06  6.997e+07  1.390e-08  1.2568e-01  5.6838e-01
4.11061e+03  0.000e+00       1.960e-01       9.926e+13    1.672e+17  5.267e+10  1.353e-02 4.226e-06 5.680e-06 1.900e-05 4.972e-06 9.965e-06 8.476e-06  3.803e+09  7.555e-07  1.2678e-01  5.6953e-01
4.01826e+03  0.000e+00       2.920e-01       9.770e+14    1.632e+18  5.289e+11  3.003e-02 4.274e-06 5.745e-06 1.901e-05 5.013e-06 1.005e-05 8.574e-06  3.883e+10  7.714e-06  1.2853e-01  5.7122e-01
3.89628e+03  0.000e+00       3.880e-01       4.661e+15    7.690e+18  2.591e+12  5.302e-02 4.341e-06 5.834e-06 1.903e-05 5.070e-06 1.016e-05 8.707e-06  1.947e+11  3.867e-05  1.3098e-01  5.7367e-01
3.75030e+03  0.000e+00       4.840e-01       1.470e+16    2.389e+19  8.443e+12  8.250e-02 4.424e-06 5.946e-06 1.904e-05 5.142e-06 1.030e-05 8.873e-06  6.527e+11  1.297e-04  1.3406e-01  5.7664e-01
3.58634e+03  0.000e+00       5.800e-01       3.531e+16    5.636e+19  2.108e+13  1.185e-01 4.524e-06 6.081e-06 1.907e-05 5.228e-06 1.048e-05 9.072e-06  1.684e+12  3.345e-04  1.3771e-01  5.8004e-01
3.41034e+03  0.000e+00       6.760e-01       6.986e+16    1.093e+20  4.359e+13  1.609e-01 4.640e-06 6.236e-06 1.910e-05 5.328e-06 1.068e-05 9.302e-06  3.611e+12  7.173e-04  1.4191e-01  5.8375e-01
3.22773e+03  0.000e+00       7.720e-01       1.196e+17    1.828e+20  7.828e+13  2.099e-01 4.769e-06 6.410e-06 1.913e-05 5.441e-06 1.090e-05 9.559e-06  6.744e+12  1.340e-03  1.4660e-01  5.8768e-01
3.04316e+03  0.000e+00       8.680e-01       1.829e+17    2.728e+20  1.261e+14  2.653e-01 4.912e-06 6.601e-06 1.916e-05 5.566e-06 1.115e-05 9.843e-06  1.132e+13  2.249e-03  1.5172e-01  5.9173e-01
2.86046e+03  0.000e+00       9.640e-01       2.560e+17    3.720e+20  1.865e+14  3.273e-01 5.066e-06 6.809e-06 1.920e-05 5.703e-06 1.142e-05 1.015e-05  1.747e+13  3.471e-03  1.5723e-01  5.9581e-01
2.68252e+03  0.000e+00       1.060e+00       3.338e+17    4.718e+20  2.575e+14  3.957e-01 5.231e-06 7.031e-06 1.925e-05 5.851e-06 1.172e-05 1.048e-05  2.520e+13  5.005e-03  1.6309e-01  5.9988e-01
2.51147e+03  0.000e+00       1.156e+00       4.111e+17    5.644e+20  3.365e+14  4.706e-01 5.406e-06 7.266e-06 1.930e-05 6.008e-06 1.203e-05 1.083e-05  3.439e+13  6.831e-03  1.6923e-01  6.0386e-01
2.34874e+03  0.000e+00       1.252e+00       4.834e+17    6.441e+20  4.204e+14  5.520e-01 5.591e-06 7.514e-06 1.935e-05 6.174e-06 1.236e-05 1.120e-05  4.487e+13  8.913e-03  1.7563e-01  6.0772e-01
2.19515e+03  0.000e+00       1.348e+00       5.474e+17    7.072e+20  5.061e+14  6.399e-01 5.783e-06 7.772e-06 1.941e-05 6.349e-06 1.271e-05 1.158e-05  5.640e+13  1.120e-02  1.8224e-01  6.1144e-01
2.05112e+03  0.000e+00       1.444e+00       6.011e+17    7.525e+20  5.913e+14  7.343e-01 5.983e-06 8.040e-06 1.947e-05 6.531e-06 1.307e-05 1.198e-05  6.874e+13  1.365e-02  1.8903e-01  6.1498e-01
1.91672e+03  0.000e+00       1.540e+00       6.437e+17    7.805e+20  6.738e+14  8.352e-01 6.189e-06 8.318e-06 1.953e-05 6.720e-06 1.345e-05 1.239e-05  8.164e+13  1.622e-02  1.9596e-01  6.1835e-01
1.79175e+03  0.000e+00       1.636e+00       6.752e+17    7.928e+20  7.525e+14  9.426e-01 6.401e-06 8.603e-06 1.960e-05 6.916e-06 1.384e-05 1.281e-05  9.491e+13  1.885e-02  2.0297e-01  6.2140e-01
1.67588e+03  0.000e+00       1.732e+00       6.965e+17    7.917e+20  8.258e+14  1.056e+00 6.618e-06 8.895e-06 1.967e-05 7.118e-06 1.425e-05 1.325e-05  1.083e+14  2.152e-02  2.1010e-01  6.2438e-01
1.56866e+03  0.000e+00       1.828e+00       7.087e+17    7.798e+20  8.936e+14  1.177e+00 6.841e-06 9.194e-06 1.975e-05 7.325e-06 1.466e-05 1.369e-05  1.218e+14  2.419e-02  2.1729e-01  6.2718e-01
1.46956e+03  0.000e+00       1.924e+00       7.130e+17    7.593e+20  9.556e+14  1.304e+00 7.068e-06 9.499e-06 1.983e-05 7.538e-06 1.508e-05 1.414e-05  1.351e+14  2.684e-02  2.2453e-01  6.2980e-01
1.37805e+03  0.000e+00       2.020e+00       7.108e+17    7.327e+20  1.012e+15  1.437e+00 7.299e-06 9.809e-06 1.991e-05 7.755e-06 1.551e-05 1.460e-05  1.483e+14  2.945e-02  2.3178e-01  6.3225e-01
1.29358e+03  0.000e+00       2.116e+00       7.033e+17    7.018e+20  1.063e+15  1.577e+00 7.533e-06 1.012e-05 2.000e-05 7.976e-06 1.596e-05 1.507e-05  1.612e+14  3.202e-02  2.3905e-01  6.3454e-01
1.21561e+03  0.000e+00       2.212e+00       6.916e+17    6.682e+20  1.108e+15  1.723e+00 7.771e-06 1.044e-05 2.009e-05 8.201e-06 1.640e-05 1.554e-05  1.738e+14  3.452e-02  2.4630e-01  6.3668e-01
1.14362e+03  0.000e+00       2.308e+00       6.768e+17    6.331e+20  1.149e+15  1.876e+00 8.012e-06 1.077e-05 2.018e-05 8.429e-06 1.686e-05 1.603e-05  1.860e+14  3.696e-02  2.5354e-01  6.3867e-01
1.07712e+03  0.000e+00       2.404e+00       6.596e+17    5.976e+20  1.185e+15  2.035e+00 8.256e-06 1.110e-05 2.028e-05 8.661e-06 1.732e-05 1.651e-05  1.980e+14  3.932e-02  2.6074e-01  6.4053e-01
1.01565e+03  0.000e+00       2.500e+00       6.408e+17    5.624e+20  1.218e+15  2.201e+00 8.502e-06 1.143e-05 2.038e-05 8.896e-06 1.779e-05 1.700e-05  2.095e+14  4.162e-02  2.6786e-01  6.4215e-01
9.58796e+02  0.000e+00       2.596e+00       6.208e+17    5.281e+20  1.247e+15  2.373e+00 8.750e-06 1.176e-05 2.049e-05 9.134e-06 1.827e-05 1.750e-05  2.207e+14  4.385e-02  2.7496e-01  6.4376e-01
9.06158e+02  0.000e+00       2.692e+00       6.003e+17    4.949e+20  1.273e+15  2.552e+00 9.001e-06 1.210e-05 2.059e-05 9.374e-06 1.875e-05 1.800e-05  2.316e+14  4.601e-02  2.8200e-01  6.4526e-01
8.57380e+02  0.000e+00       2.788e+00       5.795e+17    4.632e+20  1.296e+15  2.737e+00 9.253e-06 1.244e-05 2.071e-05 9.617e-06 1.923e-05 1.850e-05  2.421e+14  4.810e-02  2.8898e-01  6.4667e-01
8.12131e+02  0.000e+00       2.884e+00       5.587e+17    4.331e+20  1.316e+15  2.929e+00 9.507e-06 1.278e-05 2.082e-05 9.862e-06 1.972e-05 1.901e-05  2.523e+14  5.013e-02  2.9588e-01  6.4798e-01
7.70112e+02  0.000e+00       2.980e+00       5.382e+17    4.047e+20  1.334e+15  3.127e+00 9.763e-06 1.312e-05 2.094e-05 1.011e-05 2.021e-05 1.952e-05  2.622e+14  5.209e-02  3.0270e-01  6.4920e-01
7.31049e+02  0.000e+00       3.076e+00       5.180e+17    3.779e+20  1.350e+15  3.332e+00 1.002e-05 1.347e-05 2.106e-05 1.036e-05 2.071e-05 2.004e-05  2.718e+14  5.399e-02  3.0944e-01  6.5035e-01
6.94695e+02  0.000e+00       3.172e+00       4.984e+17    3.529e+20  1.365e+15  3.543e+00 1.028e-05 1.382e-05 2.119e-05 1.061e-05 2.121e-05 2.055e-05  2.810e+14  5.583e-02  3.1609e-01  6.5143e-01
6.60823e+02  0.000e+00       3.268e+00       4.793e+17    3.296e+20  1.378e+15  3.761e+00 1.054e-05 1.417e-05 2.131e-05 1.086e-05 2.171e-05 2.107e-05  2.900e+14  5.761e-02  3.2265e-01  6.5243e-01
6.29229e+02  0.000e+00       3.364e+00       4.609e+17    3.078e+20  1.390e+15  3.985e+00 1.080e-05 1.452e-05 2.144e-05 1.111e-05 2.222e-05 2.160e-05  2.988e+14  5.935e-02  3.2906e-01  6.5328e-01
5.99725e+02  0.000e+00       3.460e+00       4.432e+17    2.875e+20  1.400e+15  4.216e+00 1.106e-05 1.487e-05 2.158e-05 1.137e-05 2.273e-05 2.212e-05  3.072e+14  6.103e-02  3.3543e-01  6.5416e-01
5.72144e+02  0.000e+00       3.556e+00       4.262e+17    2.687e+20  1.409e+15  4.453e+00 1.133e-05 1.522e-05 2.171e-05 1.163e-05 2.324e-05 2.265e-05  3.154e+14  6.266e-02  3.4169e-01  6.5499e-01
5.46330e+02  0.000e+00       3.652e+00       4.098e+17    2.512e+20  1.418e+15  4.697e+00 1.159e-05 1.558e-05 2.185e-05 1.188e-05 2.376e-05 2.317e-05  3.234e+14  6.424e-02  3.4786e-01  6.5577e-01
5.22145e+02  0.000e+00       3.748e+00       3.942e+17    2.349e+20  1.425e+15  4.947e+00 1.186e-05 1.594e-05 2.199e-05 1.214e-05 2.427e-05 2.370e-05  3.311e+14  6.578e-02  3.5392e-01  6.5650e-01
4.99461e+02  0.000e+00       3.844e+00       3.793e+17    2.198e+20  1.432e+15  5.204e+00 1.212e-05 1.629e-05 2.214e-05 1.240e-05 2.479e-05 2.423e-05  3.387e+14  6.727e-02  3.5988e-01  6.5719e-01
4.78162e+02  0.000e+00       3.940e+00       3.650e+17    2.058e+20  1.438e+15  5.467e+00 1.239e-05 1.665e-05 2.229e-05 1.266e-05 2.531e-05 2.477e-05  3.460e+14  6.873e-02  3.6574e-01  6.5785e-01
4.58144e+02  0.000e+00       4.036e+00       3.514e+17    1.928e+20  1.443e+15  5.737e+00 1.266e-05 1.701e-05 2.244e-05 1.293e-05 2.584e-05 2.530e-05  3.531e+14  7.014e-02  3.7149e-01  6.5846e-01
4.39309e+02  0.000e+00       4.132e+00       3.384e+17    1.808e+20  1.449e+15  6.013e+00 1.293e-05 1.737e-05 2.259e-05 1.319e-05 2.637e-05 2.584e-05  3.600e+14  7.151e-02  3.7710e-01  6.5896e-01
4.21570e+02  0.000e+00       4.228e+00       3.261e+17    1.696e+20  1.453e+15  6.295e+00 1.320e-05 1.774e-05 2.274e-05 1.345e-05 2.689e-05 2.638e-05  3.667e+14  7.285e-02  3.8264e-01  6.5950e-01
4.04848e+02  0.000e+00       4.324e+00       3.143e+17    1.592e+20  1.457e+15  6.585e+00 1.347e-05 1.810e-05 2.290e-05 1.372e-05 2.742e-05 2.692e-05  3.733e+14  7.415e-02  3.8808e-01  6.6002e-01
3.89068e+02  0.000e+00       4.420e+00       3.030e+17    1.495e+20  1.461e+15  6.880e+00 1.374e-05 1.846e-05 2.306e-05 1.398e-05 2.795e-05 2.746e-05  3.797e+14  7.542e-02  3.9342e-01  6.6051e-01
3.74164e+02  0.000e+00       4.516e+00       2.923e+17    1.406e+20  1.464e+15  7.182e+00 1.401e-05 1.883e-05 2.322e-05 1.425e-05 2.848e-05 2.800e-05  3.859e+14  7.665e-02  3.9865e-01  6.6098e-01
3.60074e+02  0.000e+00       4.612e+00       2.821e+17    1.322e+20  1.467e+15  7.491e+00 1.428e-05 1.919e-05 2.339e-05 1.452e-05 2.901e-05 2.854e-05  3.919e+14  7.785e-02  4.0378e-01  6.6142e-01
3.46742e+02  0.000e+00       4.708e+00       2.723e+17    1.245e+20  1.470e+15  7.806e+00 1.455e-05 1.956e-05 2.356e-05 1.478e-05 2.955e-05 2.908e-05  3.978e+14  7.902e-02  4.0882e-01  6.6183e-01
3.34117e+02  0.000e+00       4.804e+00       2.630e+17    1.172e+20  1.473e+15  8.128e+00 1.482e-05 1.992e-05 2.372e-05 1.505e-05 3.009e-05 2.963e-05  4.035e+14  8.016e-02  4.1370e-01  6.6216e-01
3.22150e+02  0.000e+00       4.900e+00       2.542e+17    1.105e+20  1.475e+15  8.456e+00 1.510e-05 2.029e-05 2.390e-05 1.532e-05 3.062e-05 3.017e-05  4.091e+14  8.127e-02  4.1853e-01  6.6253e-01
