     Energy         Kx              Ky       F.Density    GA.Brill.       Flux  Tot.Power  Nat.Size  Nat.Div.    Size.x    Size.y     Div.x     Div.y   Coh.Flux  Coh.Power   CohFrac.x   CohFrac.y
         eV          -               -  ph/s/mr^2/0.1%  F.Dens/mm^2  ph/s/0.1%         kW         m       rad         m         m       rad       rad  ph/s/0.1%          W           -           -
6.94786e+03  1.000e-01       6.123e-18       8.956e+07    1.815e+11  4.385e+04  3.522e-03 3.251e-06 4.369e-06 1.881e-05 4.175e-06 9.636e-06 8.087e-06  1.445e+03  2.871e-13  7.8361e-02  4.2062e-01
6.86387e+03  1.860e-01       1.139e-17       4.092e+10    8.262e+13  2.024e+07  1.218e-02 3.270e-06 4.395e-06 1.881e-05 4.190e-06 9.677e-06 8.136e-06  6.739e+05  1.339e-10  7.8969e-02  4.2165e-01
6.73352e+03  2.720e-01       1.666e-17       1.609e+12    3.228e+15  8.088e+08  2.606e-02 3.302e-06 4.438e-06 1.882e-05 4.215e-06 9.742e-06 8.213e-06  2.736e+07  5.436e-09  7.9934e-02  4.2326e-01
6.56209e+03  3.580e-01       2.192e-17       2.108e+13    4.196e+16  1.084e+10  4.514e-02 3.345e-06 4.495e-06 1.882e-05 4.249e-06 9.831e-06 8.319e-06  3.745e+08  7.439e-08  8.1245e-02  4.2541e-01
6.35610e+03  4.440e-01       2.719e-17       1.462e+14    2.879e+17  7.718e+10  6.943e-02 3.398e-06 4.568e-06 1.883e-05 4.291e-06 9.944e-06 8.452e-06  2.738e+09  5.439e-07  8.2887e-02  4.2803e-01
6.12267e+03  5.300e-01       3.245e-17       6.648e+14    1.293e+18  3.624e+11  9.893e-02 3.463e-06 4.654e-06 1.884e-05 4.342e-06 1.008e-05 8.610e-06  1.326e+10  2.633e-06  8.4843e-02  4.3105e-01
5.86908e+03  6.160e-01       3.772e-17       2.235e+15    4.286e+18  1.264e+12  1.336e-01 3.537e-06 4.753e-06 1.886e-05 4.401e-06 1.024e-05 8.792e-06  4.782e+10  9.499e-06  8.7093e-02  4.3441e-01
5.60221e+03  7.020e-01       4.299e-17       5.984e+15    1.129e+19  3.522e+12  1.736e-01 3.620e-06 4.865e-06 1.887e-05 4.468e-06 1.041e-05 8.998e-06  1.383e+11  2.747e-05  8.9616e-02  4.3803e-01
5.32831e+03  7.880e-01       4.825e-17       1.341e+16    2.487e+19  8.245e+12  2.187e-01 3.712e-06 4.989e-06 1.889e-05 4.543e-06 1.061e-05 9.224e-06  3.366e+11  6.686e-05  9.2391e-02  4.4185e-01
5.05276e+03  8.740e-01       5.352e-17       2.607e+16    4.744e+19  1.680e+13  2.690e-01 3.812e-06 5.123e-06 1.891e-05 4.625e-06 1.083e-05 9.473e-06  7.140e+11  1.418e-04  9.5379e-02  4.4568e-01
4.77999e+03  9.600e-01       5.878e-17       4.516e+16    8.052e+19  3.055e+13  3.246e-01 3.919e-06 5.267e-06 1.893e-05 4.714e-06 1.106e-05 9.738e-06  1.354e+12  2.690e-04  9.8588e-02  4.4967e-01
4.51347e+03  1.046e+00       6.405e-17       7.114e+16    1.242e+20  5.064e+13  3.853e-01 4.033e-06 5.420e-06 1.896e-05 4.809e-06 1.131e-05 1.002e-05  2.343e+12  4.654e-04  1.0198e-01  4.5368e-01
4.25584e+03  1.132e+00       6.932e-17       1.036e+17    1.769e+20  7.773e+13  4.513e-01 4.153e-06 5.582e-06 1.898e-05 4.910e-06 1.157e-05 1.032e-05  3.754e+12  7.458e-04  1.0554e-01  4.5765e-01
4.00893e+03  1.218e+00       7.458e-17       1.414e+17    2.360e+20  1.119e+14  5.225e-01 4.279e-06 5.751e-06 1.901e-05 5.017e-06 1.185e-05 1.063e-05  5.643e+12  1.121e-03  1.0925e-01  4.6155e-01
3.77396e+03  1.304e+00       7.985e-17       1.828e+17    2.979e+20  1.527e+14  5.988e-01 4.410e-06 5.928e-06 1.904e-05 5.130e-06 1.214e-05 1.095e-05  8.037e+12  1.597e-03  1.1309e-01  4.6535e-01
3.55159e+03  1.390e+00       8.511e-17       2.258e+17    3.590e+20  1.993e+14  6.804e-01 4.546e-06 6.110e-06 1.907e-05 5.247e-06 1.244e-05 1.129e-05  1.094e+13  2.173e-03  1.1704e-01  4.6904e-01
3.34210e+03  1.476e+00       9.038e-17       2.683e+17    4.163e+20  2.503e+14  7.672e-01 4.687e-06 6.299e-06 1.911e-05 5.369e-06 1.276e-05 1.163e-05  1.432e+13  2.845e-03  1.2109e-01  4.7260e-01
3.14543e+03  1.562e+00       9.564e-17       3.089e+17    4.672e+20  3.045e+14  8.592e-01 4.831e-06 6.493e-06 1.914e-05 5.496e-06 1.309e-05 1.199e-05  1.815e+13  3.605e-03  1.2522e-01  4.7601e-01
2.96130e+03  1.648e+00       1.009e-16       3.460e+17    5.103e+20  3.605e+14  9.565e-01 4.979e-06 6.692e-06 1.918e-05 5.626e-06 1.342e-05 1.236e-05  2.236e+13  4.442e-03  1.2942e-01  4.7927e-01
2.78927e+03  1.734e+00       1.062e-16       3.788e+17    5.446e+20  4.171e+14  1.059e+00 5.130e-06 6.895e-06 1.922e-05 5.760e-06 1.377e-05 1.273e-05  2.690e+13  5.343e-03  1.3368e-01  4.8238e-01
2.62879e+03  1.820e+00       1.114e-16       4.069e+17    5.700e+20  4.733e+14  1.167e+00 5.284e-06 7.102e-06 1.926e-05 5.898e-06 1.412e-05 1.311e-05  3.170e+13  6.296e-03  1.3799e-01  4.8533e-01
2.47925e+03  1.906e+00       1.167e-16       4.300e+17    5.869e+20  5.281e+14  1.279e+00 5.442e-06 7.313e-06 1.931e-05 6.039e-06 1.448e-05 1.350e-05  3.670e+13  7.289e-03  1.4235e-01  4.8813e-01
2.33999e+03  1.992e+00       1.220e-16       4.482e+17    5.961e+20  5.810e+14  1.397e+00 5.601e-06 7.528e-06 1.935e-05 6.183e-06 1.485e-05 1.389e-05  4.184e+13  8.310e-03  1.4673e-01  4.9078e-01
2.21035e+03  2.078e+00       1.272e-16       4.617e+17    5.984e+20  6.315e+14  1.521e+00 5.763e-06 7.745e-06 1.940e-05 6.330e-06 1.523e-05 1.430e-05  4.707e+13  9.350e-03  1.5111e-01  4.9321e-01
2.08969e+03  2.164e+00       1.325e-16       4.711e+17    5.949e+20  6.792e+14  1.649e+00 5.927e-06 7.966e-06 1.945e-05 6.480e-06 1.561e-05 1.470e-05  5.235e+13  1.040e-02  1.5554e-01  4.9557e-01
1.97737e+03  2.250e+00       1.378e-16       4.766e+17    5.865e+20  7.238e+14  1.783e+00 6.093e-06 8.189e-06 1.950e-05 6.632e-06 1.600e-05 1.511e-05  5.764e+13  1.145e-02  1.5997e-01  4.9780e-01
1.87279e+03  2.336e+00       1.430e-16       4.788e+17    5.742e+20  7.655e+14  1.922e+00 6.261e-06 8.415e-06 1.955e-05 6.787e-06 1.639e-05 1.553e-05  6.291e+13  1.250e-02  1.6441e-01  4.9991e-01
1.77537e+03  2.422e+00       1.483e-16       4.781e+17    5.589e+20  8.041e+14  2.066e+00 6.430e-06 8.642e-06 1.961e-05 6.943e-06 1.679e-05 1.595e-05  6.814e+13  1.354e-02  1.6885e-01  5.0190e-01
1.68457e+03  2.508e+00       1.536e-16       4.750e+17    5.413e+20  8.398e+14  2.215e+00 6.601e-06 8.872e-06 1.967e-05 7.102e-06 1.719e-05 1.637e-05  7.331e+13  1.456e-02  1.7328e-01  5.0377e-01
1.59989e+03  2.594e+00       1.588e-16       4.700e+17    5.221e+20  8.726e+14  2.370e+00 6.774e-06 9.104e-06 1.972e-05 7.263e-06 1.759e-05 1.680e-05  7.839e+13  1.557e-02  1.7771e-01  5.0554e-01
1.52087e+03  2.680e+00       1.641e-16       4.633e+17    5.019e+20  9.028e+14  2.529e+00 6.948e-06 9.338e-06 1.978e-05 7.425e-06 1.801e-05 1.723e-05  8.339e+13  1.657e-02  1.8212e-01  5.0720e-01
1.44706e+03  2.766e+00       1.694e-16       4.553e+17    4.811e+20  9.305e+14  2.694e+00 7.123e-06 9.573e-06 1.985e-05 7.589e-06 1.842e-05 1.766e-05  8.829e+13  1.754e-02  1.8652e-01  5.0877e-01
1.37807e+03  2.852e+00       1.746e-16       4.463e+17    4.600e+20  9.558e+14  2.865e+00 7.299e-06 9.809e-06 1.991e-05 7.755e-06 1.884e-05 1.809e-05  9.310e+13  1.849e-02  1.9089e-01  5.1025e-01
1.31353e+03  2.938e+00       1.799e-16       4.365e+17    4.390e+20  9.789e+14  3.040e+00 7.476e-06 1.005e-05 1.998e-05 7.922e-06 1.926e-05 1.853e-05  9.779e+13  1.943e-02  1.9525e-01  5.1165e-01
1.25309e+03  3.024e+00       1.852e-16       4.262e+17    4.183e+20  1.000e+15  3.220e+00 7.654e-06 1.029e-05 2.004e-05 8.090e-06 1.969e-05 1.898e-05  1.024e+14  2.034e-02  1.9955e-01  5.1290e-01
1.19646e+03  3.110e+00       1.904e-16       4.155e+17    3.981e+20  1.020e+15  3.406e+00 7.833e-06 1.053e-05 2.011e-05 8.259e-06 2.011e-05 1.942e-05  1.069e+14  2.123e-02  2.0386e-01  5.1414e-01
1.14334e+03  3.196e+00       1.957e-16       4.046e+17    3.784e+20  1.037e+15  3.597e+00 8.013e-06 1.077e-05 2.018e-05 8.430e-06 2.054e-05 1.986e-05  1.113e+14  2.210e-02  2.0813e-01  5.1532e-01
1.09346e+03  3.282e+00       2.010e-16       3.935e+17    3.595e+20  1.053e+15  3.793e+00 8.194e-06 1.101e-05 2.026e-05 8.602e-06 2.098e-05 2.031e-05  1.155e+14  2.295e-02  2.1237e-01  5.1643e-01
1.04660e+03  3.368e+00       2.062e-16       3.825e+17    3.412e+20  1.068e+15  3.995e+00 8.375e-06 1.126e-05 2.033e-05 8.775e-06 2.141e-05 2.076e-05  1.197e+14  2.378e-02  2.1658e-01  5.1748e-01
1.00252e+03  3.454e+00       2.115e-16       3.715e+17    3.238e+20  1.082e+15  4.201e+00 8.557e-06 1.150e-05 2.040e-05 8.949e-06 2.185e-05 2.121e-05  1.238e+14  2.459e-02  2.2076e-01  5.1848e-01
9.61023e+02  3.540e+00       2.168e-16       3.606e+17    3.071e+20  1.094e+15  4.413e+00 8.740e-06 1.175e-05 2.048e-05 9.124e-06 2.229e-05 2.166e-05  1.278e+14  2.538e-02  2.2490e-01  5.1942e-01
9.21925e+02  3.626e+00       2.220e-16       3.499e+17    2.912e+20  1.105e+15  4.630e+00 8.923e-06 1.199e-05 2.056e-05 9.300e-06 2.273e-05 2.212e-05  1.317e+14  2.616e-02  2.2900e-01  5.2031e-01
8.85053e+02  3.712e+00       2.273e-16       3.394e+17    2.761e+20  1.115e+15  4.853e+00 9.107e-06 1.224e-05 2.064e-05 9.477e-06 2.317e-05 2.257e-05  1.355e+14  2.691e-02  2.3307e-01  5.2116e-01
8.50251e+02  3.798e+00       2.326e-16       3.292e+17    2.618e+20  1.125e+15  5.080e+00 9.292e-06 1.249e-05 2.072e-05 9.654e-06 2.362e-05 2.303e-05  1.392e+14  2.765e-02  2.3710e-01  5.2196e-01
8.17374e+02  3.884e+00       2.378e-16       3.192e+17    2.483e+20  1.133e+15  5.313e+00 9.477e-06 1.274e-05 2.081e-05 9.832e-06 2.406e-05 2.349e-05  1.428e+14  2.837e-02  2.4108e-01  5.2273e-01
7.86289e+02  3.970e+00       2.431e-16       3.095e+17    2.355e+20  1.142e+15  5.551e+00 9.662e-06 1.299e-05 2.089e-05 1.001e-05 2.451e-05 2.395e-05  1.464e+14  2.908e-02  2.4500e-01  5.2339e-01
7.56875e+02  4.056e+00       2.484e-16       3.001e+17    2.234e+20  1.149e+15  5.794e+00 9.848e-06 1.324e-05 2.098e-05 1.019e-05 2.496e-05 2.441e-05  1.498e+14  2.977e-02  2.4890e-01  5.2407e-01
7.29019e+02  4.142e+00       2.536e-16       2.909e+17    2.119e+20  1.155e+15  6.042e+00 1.003e-05 1.349e-05 2.107e-05 1.037e-05 2.541e-05 2.487e-05  1.532e+14  3.044e-02  2.5277e-01  5.2473e-01
7.02617e+02  4.228e+00       2.589e-16       2.821e+17    2.011e+20  1.162e+15  6.295e+00 1.022e-05 1.374e-05 2.116e-05 1.055e-05 2.587e-05 2.533e-05  1.566e+14  3.110e-02  2.5658e-01  5.2535e-01
6.77574e+02  4.314e+00       2.642e-16       2.736e+17    1.909e+20  1.167e+15  6.554e+00 1.041e-05 1.399e-05 2.125e-05 1.073e-05 2.632e-05 2.579e-05  1.598e+14  3.175e-02  2.6036e-01  5.2594e-01
6.53802e+02  4.400e+00       2.694e-16       2.654e+17    1.813e+20  1.172e+15  6.818e+00 1.060e-05 1.424e-05 2.134e-05 1.092e-05 2.678e-05 2.626e-05  1.630e+14  3.238e-02  2.6409e-01  5.2651e-01
