     Energy         Kx              Ky       F.Density    GA.Brill.       Flux  Tot.Power  Nat.Size  Nat.Div.    Size.x    Size.y     Div.x     Div.y   Coh.Flux  Coh.Power   CohFrac.x   CohFrac.y
         eV          -               -  ph/s/mr^2/0.1%  F.Dens/mm^2  ph/s/0.1%         kW         m       rad         m         m       rad       rad  ph/s/0.1%          W           -           -
4.16872e+03  1.000e-01       6.123e-18       1.868e+12    3.164e+15  9.794e+08  3.522e-03 4.196e-06 5.640e-06 1.899e-05 4.947e-06 9.915e-06 8.417e-06  6.997e+07  1.390e-08  1.2568e-01  5.6838e-01
4.11832e+03  1.860e-01       1.139e-17       7.312e+13    1.233e+17  3.874e+10  1.218e-02 4.222e-06 5.674e-06 1.900e-05 4.969e-06 9.958e-06 8.468e-06  2.793e+09  5.549e-07  1.2663e-01  5.6938e-01
4.04011e+03  2.720e-01       1.666e-17       6.545e+14    1.095e+18  3.527e+11  2.606e-02 4.263e-06 5.729e-06 1.901e-05 5.003e-06 1.003e-05 8.551e-06  2.579e+10  5.123e-06  1.2811e-01  5.7078e-01
3.93725e+03  3.580e-01       2.192e-17       3.019e+15    5.002e+18  1.663e+12  4.514e-02 4.318e-06 5.803e-06 1.902e-05 5.051e-06 1.012e-05 8.661e-06  1.240e+11  2.463e-05  1.3015e-01  5.7284e-01
3.81366e+03  4.440e-01       2.719e-17       9.471e+15    1.550e+19  5.363e+12  6.943e-02 4.387e-06 5.897e-06 1.904e-05 5.110e-06 1.024e-05 8.800e-06  4.095e+11  8.134e-05  1.3270e-01  5.7535e-01
3.67360e+03  5.300e-01       3.245e-17       2.301e+16    3.709e+19  1.346e+13  9.893e-02 4.470e-06 6.008e-06 1.906e-05 5.181e-06 1.038e-05 8.965e-06  1.056e+12  2.098e-04  1.3574e-01  5.7823e-01
3.52145e+03  6.160e-01       3.772e-17       4.651e+16    7.370e+19  2.822e+13  1.336e-01 4.566e-06 6.136e-06 1.908e-05 5.264e-06 1.055e-05 9.155e-06  2.284e+12  4.537e-04  1.3923e-01  5.8140e-01
3.36132e+03  7.020e-01       4.299e-17       8.184e+16    1.273e+20  5.171e+13  1.736e-01 4.673e-06 6.281e-06 1.910e-05 5.357e-06 1.073e-05 9.369e-06  4.329e+12  8.599e-04  1.4313e-01  5.8480e-01
3.19699e+03  7.880e-01       4.825e-17       1.292e+17    1.969e+20  8.534e+13  2.187e-01 4.792e-06 6.440e-06 1.913e-05 5.461e-06 1.094e-05 9.605e-06  7.402e+12  1.470e-03  1.4742e-01  5.8835e-01
3.03166e+03  8.740e-01       5.352e-17       1.872e+17    2.788e+20  1.295e+14  2.690e-01 4.921e-06 6.614e-06 1.917e-05 5.575e-06 1.117e-05 9.862e-06  1.166e+13  2.316e-03  1.5205e-01  5.9198e-01
2.86799e+03  9.600e-01       5.878e-17       2.528e+17    3.678e+20  1.837e+14  3.246e-01 5.059e-06 6.800e-06 1.920e-05 5.697e-06 1.141e-05 1.014e-05  1.718e+13  3.413e-03  1.5700e-01  5.9564e-01
2.70808e+03  1.046e+00       6.405e-17       3.224e+17    4.575e+20  2.466e+14  3.853e-01 5.207e-06 6.998e-06 1.924e-05 5.828e-06 1.167e-05 1.043e-05  2.397e+13  4.762e-03  1.6221e-01  5.9929e-01
2.55350e+03  1.132e+00       6.932e-17       3.921e+17    5.423e+20  3.162e+14  4.513e-01 5.362e-06 7.206e-06 1.928e-05 5.968e-06 1.195e-05 1.074e-05  3.196e+13  6.349e-03  1.6767e-01  6.0287e-01
2.40536e+03  1.218e+00       7.458e-17       4.586e+17    6.176e+20  3.903e+14  5.225e-01 5.524e-06 7.425e-06 1.933e-05 6.114e-06 1.224e-05 1.106e-05  4.102e+13  8.149e-03  1.7334e-01  6.0637e-01
2.26437e+03  1.304e+00       7.985e-17       5.193e+17    6.804e+20  4.668e+14  5.988e-01 5.694e-06 7.653e-06 1.938e-05 6.268e-06 1.255e-05 1.140e-05  5.100e+13  1.013e-02  1.7919e-01  6.0975e-01
2.13095e+03  1.390e+00       8.511e-17       5.722e+17    7.292e+20  5.436e+14  6.804e-01 5.869e-06 7.888e-06 1.943e-05 6.427e-06 1.287e-05 1.175e-05  6.171e+13  1.226e-02  1.8519e-01  6.1301e-01
2.00526e+03  1.476e+00       9.038e-17       6.165e+17    7.637e+20  6.192e+14  7.672e-01 6.051e-06 8.132e-06 1.949e-05 6.593e-06 1.320e-05 1.211e-05  7.299e+13  1.450e-02  1.9133e-01  6.1612e-01
1.88726e+03  1.562e+00       9.564e-17       6.518e+17    7.846e+20  6.922e+14  8.592e-01 6.237e-06 8.382e-06 1.955e-05 6.765e-06 1.354e-05 1.248e-05  8.466e+13  1.682e-02  1.9757e-01  6.1909e-01
1.77678e+03  1.648e+00       1.009e-16       6.784e+17    7.934e+20  7.619e+14  9.565e-01 6.428e-06 8.639e-06 1.961e-05 6.941e-06 1.389e-05 1.287e-05  9.658e+13  1.918e-02  2.0386e-01  6.2178e-01
1.67356e+03  1.734e+00       1.062e-16       6.969e+17    7.916e+20  8.273e+14  1.059e+00 6.623e-06 8.901e-06 1.967e-05 7.122e-06 1.425e-05 1.326e-05  1.086e+14  2.158e-02  2.1025e-01  6.2444e-01
1.57728e+03  1.820e+00       1.114e-16       7.080e+17    7.811e+20  8.882e+14  1.167e+00 6.822e-06 9.169e-06 1.974e-05 7.308e-06 1.462e-05 1.365e-05  1.207e+14  2.397e-02  2.1669e-01  6.2695e-01
1.48755e+03  1.906e+00       1.167e-16       7.127e+17    7.637e+20  9.444e+14  1.279e+00 7.025e-06 9.442e-06 1.981e-05 7.498e-06 1.500e-05 1.406e-05  1.326e+14  2.635e-02  2.2317e-01  6.2932e-01
1.40399e+03  1.992e+00       1.220e-16       7.120e+17    7.410e+20  9.960e+14  1.397e+00 7.231e-06 9.718e-06 1.989e-05 7.691e-06 1.539e-05 1.447e-05  1.445e+14  2.870e-02  2.2967e-01  6.3155e-01
1.32621e+03  2.078e+00       1.272e-16       7.068e+17    7.144e+20  1.043e+15  1.521e+00 7.440e-06 9.999e-06 1.996e-05 7.888e-06 1.578e-05 1.488e-05  1.561e+14  3.101e-02  2.3617e-01  6.3365e-01
1.25382e+03  2.164e+00       1.325e-16       6.979e+17    6.852e+20  1.086e+15  1.649e+00 7.652e-06 1.028e-05 2.004e-05 8.088e-06 1.618e-05 1.531e-05  1.675e+14  3.328e-02  2.4268e-01  6.3563e-01
1.18642e+03  2.250e+00       1.378e-16       6.861e+17    6.544e+20  1.125e+15  1.783e+00 7.866e-06 1.057e-05 2.012e-05 8.291e-06 1.658e-05 1.573e-05  1.787e+14  3.549e-02  2.4917e-01  6.3748e-01
1.12367e+03  2.336e+00       1.430e-16       6.720e+17    6.228e+20  1.160e+15  1.922e+00 8.083e-06 1.086e-05 2.021e-05 8.497e-06 1.699e-05 1.617e-05  1.896e+14  3.765e-02  2.5564e-01  6.3922e-01
1.06522e+03  2.422e+00       1.483e-16       6.562e+17    5.910e+20  1.192e+15  2.066e+00 8.302e-06 1.116e-05 2.030e-05 8.705e-06 1.741e-05 1.660e-05  2.002e+14  3.976e-02  2.6209e-01  6.4086e-01
1.01074e+03  2.508e+00       1.536e-16       6.391e+17    5.595e+20  1.221e+15  2.215e+00 8.522e-06 1.145e-05 2.039e-05 8.916e-06 1.783e-05 1.705e-05  2.105e+14  4.181e-02  2.6845e-01  6.4229e-01
9.59936e+02  2.594e+00       1.588e-16       6.213e+17    5.288e+20  1.247e+15  2.370e+00 8.745e-06 1.175e-05 2.048e-05 9.129e-06 1.826e-05 1.749e-05  2.205e+14  4.380e-02  2.7481e-01  6.4373e-01
9.12520e+02  2.680e+00       1.641e-16       6.029e+17    4.990e+20  1.270e+15  2.529e+00 8.969e-06 1.205e-05 2.058e-05 9.344e-06 1.869e-05 1.794e-05  2.303e+14  4.574e-02  2.8113e-01  6.4508e-01
8.68235e+02  2.766e+00       1.694e-16       5.843e+17    4.703e+20  1.291e+15  2.694e+00 9.195e-06 1.236e-05 2.068e-05 9.561e-06 1.912e-05 1.839e-05  2.398e+14  4.763e-02  2.8738e-01  6.4635e-01
8.26841e+02  2.852e+00       1.746e-16       5.656e+17    4.429e+20  1.310e+15  2.865e+00 9.423e-06 1.266e-05 2.078e-05 9.780e-06 1.956e-05 1.884e-05  2.490e+14  4.946e-02  2.9359e-01  6.4755e-01
7.88116e+02  2.938e+00       1.799e-16       5.471e+17    4.169e+20  1.327e+15  3.040e+00 9.651e-06 1.297e-05 2.089e-05 1.000e-05 2.000e-05 1.930e-05  2.579e+14  5.124e-02  2.9972e-01  6.4868e-01
7.51857e+02  3.024e+00       1.852e-16       5.289e+17    3.922e+20  1.342e+15  3.220e+00 9.881e-06 1.328e-05 2.099e-05 1.022e-05 2.044e-05 1.976e-05  2.666e+14  5.297e-02  3.0580e-01  6.4974e-01
7.17876e+02  3.110e+00       1.904e-16       5.110e+17    3.689e+20  1.356e+15  3.406e+00 1.011e-05 1.359e-05 2.110e-05 1.045e-05 2.089e-05 2.022e-05  2.751e+14  5.465e-02  3.1180e-01  6.5074e-01
6.86003e+02  3.196e+00       1.957e-16       4.936e+17    3.469e+20  1.368e+15  3.597e+00 1.034e-05 1.390e-05 2.122e-05 1.067e-05 2.133e-05 2.068e-05  2.833e+14  5.628e-02  3.1773e-01  6.5168e-01
6.56079e+02  3.282e+00       2.010e-16       4.766e+17    3.263e+20  1.380e+15  3.793e+00 1.058e-05 1.422e-05 2.133e-05 1.090e-05 2.179e-05 2.115e-05  2.913e+14  5.787e-02  3.2355e-01  6.5248e-01
6.27959e+02  3.368e+00       2.062e-16       4.602e+17    3.069e+20  1.390e+15  3.995e+00 1.081e-05 1.453e-05 2.145e-05 1.113e-05 2.224e-05 2.162e-05  2.991e+14  5.942e-02  3.2933e-01  6.5332e-01
6.01511e+02  3.454e+00       2.115e-16       4.443e+17    2.887e+20  1.399e+15  4.201e+00 1.105e-05 1.485e-05 2.157e-05 1.135e-05 2.270e-05 2.209e-05  3.067e+14  6.092e-02  3.3503e-01  6.5411e-01
5.76614e+02  3.540e+00       2.168e-16       4.289e+17    2.717e+20  1.408e+15  4.413e+00 1.128e-05 1.516e-05 2.169e-05 1.158e-05 2.316e-05 2.256e-05  3.141e+14  6.239e-02  3.4066e-01  6.5485e-01
5.53155e+02  3.626e+00       2.220e-16       4.142e+17    2.558e+20  1.416e+15  4.630e+00 1.152e-05 1.548e-05 2.181e-05 1.181e-05 2.362e-05 2.303e-05  3.213e+14  6.382e-02  3.4620e-01  6.5556e-01
5.31032e+02  3.712e+00       2.273e-16       4.000e+17    2.409e+20  1.422e+15  4.853e+00 1.176e-05 1.580e-05 2.194e-05 1.205e-05 2.408e-05 2.350e-05  3.283e+14  6.521e-02  3.5166e-01  6.5623e-01
5.10151e+02  3.798e+00       2.326e-16       3.864e+17    2.269e+20  1.429e+15  5.080e+00 1.200e-05 1.612e-05 2.207e-05 1.228e-05 2.454e-05 2.398e-05  3.351e+14  6.656e-02  3.5704e-01  6.5687e-01
4.90424e+02  3.884e+00       2.378e-16       3.733e+17    2.139e+20  1.435e+15  5.313e+00 1.223e-05 1.644e-05 2.220e-05 1.251e-05 2.501e-05 2.446e-05  3.417e+14  6.788e-02  3.6234e-01  6.5747e-01
4.71774e+02  3.970e+00       2.431e-16       3.607e+17    2.017e+20  1.440e+15  5.551e+00 1.247e-05 1.677e-05 2.233e-05 1.275e-05 2.548e-05 2.493e-05  3.482e+14  6.917e-02  3.6755e-01  6.5804e-01
4.54125e+02  4.056e+00       2.484e-16       3.487e+17    1.903e+20  1.445e+15  5.794e+00 1.271e-05 1.709e-05 2.247e-05 1.298e-05 2.595e-05 2.542e-05  3.545e+14  7.043e-02  3.7264e-01  6.5850e-01
4.37411e+02  4.142e+00       2.536e-16       3.371e+17    1.796e+20  1.449e+15  6.042e+00 1.295e-05 1.741e-05 2.260e-05 1.322e-05 2.642e-05 2.590e-05  3.607e+14  7.165e-02  3.7768e-01  6.5901e-01
4.21570e+02  4.228e+00       2.589e-16       3.261e+17    1.696e+20  1.453e+15  6.295e+00 1.320e-05 1.774e-05 2.274e-05 1.345e-05 2.689e-05 2.638e-05  3.667e+14  7.285e-02  3.8264e-01  6.5950e-01
4.06544e+02  4.314e+00       2.642e-16       3.155e+17    1.603e+20  1.457e+15  6.554e+00 1.344e-05 1.806e-05 2.288e-05 1.369e-05 2.737e-05 2.686e-05  3.726e+14  7.402e-02  3.8752e-01  6.5997e-01
3.92281e+02  4.400e+00       2.694e-16       3.053e+17    1.515e+20  1.460e+15  6.818e+00 1.368e-05 1.839e-05 2.303e-05 1.393e-05 2.784e-05 2.734e-05  3.783e+14  7.516e-02  3.9231e-01  6.6041e-01
