     Energy         Kx              Ky       F.Density    GA.Brill.       Flux  Tot.Power  Nat.Size  Nat.Div.    Size.x    Size.y     Div.x     Div.y   Coh.Flux  Coh.Power   CohFrac.x   CohFrac.y
         eV          -               -  ph/s/mr^2/0.1%  F.Dens/mm^2  ph/s/0.1%         kW         m       rad         m         m       rad       rad  ph/s/0.1%          W           -           -
9.72701e+03  1.000e-01       6.123e-18       4.171e+03    9.337e+06  1.986e+00  3.522e-03 2.747e-06 3.692e-06 1.873e-05 3.796e-06 9.527e-06 7.957e-06  3.793e-02  7.534e-18  5.6854e-02  3.3582e-01
9.60942e+03  1.860e-01       1.139e-17       2.224e+07    4.963e+10  1.070e+04  1.218e-02 2.764e-06 3.715e-06 1.873e-05 3.808e-06 9.567e-06 8.005e-06  2.066e+02  4.103e-14  5.7301e-02  3.3681e-01
9.42692e+03  2.720e-01       1.666e-17       3.844e+09    8.533e+12  1.880e+06  2.606e-02 2.791e-06 3.751e-06 1.873e-05 3.828e-06 9.631e-06 8.081e-06  3.690e+04  7.330e-12  5.8009e-02  3.3836e-01
9.18693e+03  3.580e-01       2.192e-17       1.433e+11    3.158e+14  7.162e+07  4.514e-02 2.827e-06 3.799e-06 1.874e-05 3.854e-06 9.719e-06 8.185e-06  1.438e+06  2.856e-10  5.8973e-02  3.4044e-01
8.89853e+03  4.440e-01       2.719e-17       2.198e+12    4.800e+15  1.129e+09  6.943e-02 2.872e-06 3.860e-06 1.875e-05 3.887e-06 9.829e-06 8.316e-06  2.329e+07  4.627e-09  6.0180e-02  3.4298e-01
8.57174e+03  5.300e-01       3.245e-17       1.874e+13    4.048e+16  9.934e+09  9.893e-02 2.926e-06 3.933e-06 1.875e-05 3.928e-06 9.961e-06 8.471e-06  2.118e+08  4.206e-08  6.1618e-02  3.4593e-01
8.21671e+03  6.160e-01       3.772e-17       1.049e+14    2.239e+17  5.769e+10  1.336e-01 2.989e-06 4.017e-06 1.876e-05 3.975e-06 1.011e-05 8.651e-06  1.275e+09  2.532e-07  6.3274e-02  3.4922e-01
7.84309e+03  7.020e-01       4.299e-17       4.281e+14    9.009e+17  2.450e+11  1.736e-01 3.059e-06 4.112e-06 1.877e-05 4.028e-06 1.029e-05 8.853e-06  5.628e+09  1.118e-06  6.5131e-02  3.5279e-01
7.45964e+03  7.880e-01       4.825e-17       1.363e+15    2.826e+18  8.148e+11  2.187e-01 3.137e-06 4.216e-06 1.879e-05 4.087e-06 1.048e-05 9.076e-06  1.952e+10  3.877e-06  6.7175e-02  3.5656e-01
7.07387e+03  8.740e-01       5.352e-17       3.563e+15    7.264e+18  2.230e+12  2.690e-01 3.221e-06 4.330e-06 1.880e-05 4.152e-06 1.069e-05 9.319e-06  5.579e+10  1.108e-05  6.9390e-02  3.6048e-01
6.69198e+03  9.600e-01       5.878e-17       7.929e+15    1.588e+19  5.210e+12  3.246e-01 3.312e-06 4.451e-06 1.882e-05 4.223e-06 1.092e-05 9.579e-06  1.363e+11  2.707e-05  7.1760e-02  3.6448e-01
6.31886e+03  1.046e+00       6.405e-17       1.546e+16    3.039e+19  1.069e+13  3.853e-01 3.408e-06 4.581e-06 1.883e-05 4.299e-06 1.116e-05 9.856e-06  2.925e+11  5.810e-05  7.4270e-02  3.6853e-01
5.95817e+03  1.132e+00       6.932e-17       2.702e+16    5.208e+19  1.968e+13  4.513e-01 3.510e-06 4.718e-06 1.885e-05 4.380e-06 1.142e-05 1.015e-05  5.638e+11  1.120e-04  7.6906e-02  3.7256e-01
5.61250e+03  1.218e+00       7.458e-17       4.311e+16    8.140e+19  3.312e+13  5.225e-01 3.617e-06 4.861e-06 1.887e-05 4.466e-06 1.170e-05 1.046e-05  9.931e+11  1.973e-04  7.9641e-02  3.7649e-01
5.28354e+03  1.304e+00       7.985e-17       6.371e+16    1.178e+20  5.168e+13  5.988e-01 3.727e-06 5.010e-06 1.890e-05 4.556e-06 1.198e-05 1.077e-05  1.621e+12  3.221e-04  8.2486e-02  3.8040e-01
4.97223e+03  1.390e+00       8.511e-17       8.831e+16    1.598e+20  7.567e+13  6.804e-01 3.842e-06 5.164e-06 1.892e-05 4.650e-06 1.228e-05 1.111e-05  2.483e+12  4.933e-04  8.5419e-02  3.8422e-01
4.67894e+03  1.476e+00       9.038e-17       1.160e+17    2.052e+20  1.050e+14  7.672e-01 3.961e-06 5.324e-06 1.894e-05 4.749e-06 1.259e-05 1.145e-05  3.602e+12  7.156e-04  8.8429e-02  3.8792e-01
4.40360e+03  1.562e+00       9.564e-17       1.456e+17    2.517e+20  1.393e+14  8.592e-01 4.083e-06 5.487e-06 1.897e-05 4.851e-06 1.291e-05 1.180e-05  4.989e+12  9.911e-04  9.1505e-02  3.9150e-01
4.14582e+03  1.648e+00       1.009e-16       1.758e+17    2.971e+20  1.777e+14  9.565e-01 4.208e-06 5.656e-06 1.900e-05 4.957e-06 1.324e-05 1.216e-05  6.643e+12  1.320e-03  9.4639e-02  3.9493e-01
3.90498e+03  1.734e+00       1.062e-16       2.054e+17    3.393e+20  2.195e+14  1.059e+00 4.336e-06 5.827e-06 1.902e-05 5.066e-06 1.358e-05 1.252e-05  8.551e+12  1.699e-03  9.7823e-02  3.9823e-01
3.68031e+03  1.820e+00       1.114e-16       2.336e+17    3.768e+20  2.636e+14  1.167e+00 4.466e-06 6.003e-06 1.905e-05 5.178e-06 1.392e-05 1.290e-05  1.069e+13  2.124e-03  1.0105e-01  4.0137e-01
3.47095e+03  1.906e+00       1.167e-16       2.595e+17    4.088e+20  3.092e+14  1.279e+00 4.599e-06 6.181e-06 1.909e-05 5.293e-06 1.428e-05 1.328e-05  1.304e+13  2.590e-03  1.0431e-01  4.0437e-01
3.27599e+03  1.992e+00       1.220e-16       2.825e+17    4.347e+20  3.552e+14  1.397e+00 4.734e-06 6.362e-06 1.912e-05 5.410e-06 1.464e-05 1.367e-05  1.557e+13  3.092e-03  1.0760e-01  4.0723e-01
3.09450e+03  2.078e+00       1.272e-16       3.025e+17    4.544e+20  4.011e+14  1.521e+00 4.871e-06 6.546e-06 1.915e-05 5.530e-06 1.501e-05 1.406e-05  1.824e+13  3.623e-03  1.1092e-01  4.0994e-01
2.92557e+03  2.164e+00       1.325e-16       3.192e+17    4.683e+20  4.461e+14  1.649e+00 5.009e-06 6.732e-06 1.919e-05 5.653e-06 1.538e-05 1.446e-05  2.103e+13  4.177e-03  1.1425e-01  4.1251e-01
2.76832e+03  2.250e+00       1.378e-16       3.327e+17    4.766e+20  4.898e+14  1.783e+00 5.150e-06 6.921e-06 1.923e-05 5.778e-06 1.576e-05 1.487e-05  2.390e+13  4.748e-03  1.1760e-01  4.1495e-01
2.62191e+03  2.336e+00       1.430e-16       3.431e+17    4.801e+20  5.319e+14  1.922e+00 5.291e-06 7.112e-06 1.926e-05 5.904e-06 1.615e-05 1.528e-05  2.684e+13  5.331e-03  1.2095e-01  4.1720e-01
2.48552e+03  2.422e+00       1.483e-16       3.507e+17    4.793e+20  5.719e+14  2.066e+00 5.435e-06 7.304e-06 1.930e-05 6.033e-06 1.654e-05 1.569e-05  2.981e+13  5.922e-03  1.2432e-01  4.1938e-01
2.35840e+03  2.508e+00       1.536e-16       3.558e+17    4.748e+20  6.097e+14  2.215e+00 5.579e-06 7.498e-06 1.935e-05 6.164e-06 1.694e-05 1.611e-05  3.281e+13  6.517e-03  1.2769e-01  4.2145e-01
2.23985e+03  2.594e+00       1.588e-16       3.585e+17    4.674e+20  6.453e+14  2.370e+00 5.725e-06 7.694e-06 1.939e-05 6.296e-06 1.734e-05 1.652e-05  3.581e+13  7.113e-03  1.3106e-01  4.2340e-01
2.12921e+03  2.680e+00       1.641e-16       3.593e+17    4.576e+20  6.786e+14  2.529e+00 5.872e-06 7.892e-06 1.943e-05 6.430e-06 1.774e-05 1.695e-05  3.879e+13  7.706e-03  1.3443e-01  4.2525e-01
2.02588e+03  2.766e+00       1.694e-16       3.583e+17    4.459e+20  7.097e+14  2.694e+00 6.020e-06 8.090e-06 1.948e-05 6.565e-06 1.815e-05 1.737e-05  4.176e+13  8.295e-03  1.3779e-01  4.2700e-01
1.92929e+03  2.852e+00       1.746e-16       3.558e+17    4.328e+20  7.386e+14  2.865e+00 6.169e-06 8.290e-06 1.952e-05 6.702e-06 1.856e-05 1.780e-05  4.469e+13  8.877e-03  1.4115e-01  4.2865e-01
1.83894e+03  2.938e+00       1.799e-16       3.522e+17    4.187e+20  7.654e+14  3.040e+00 6.318e-06 8.492e-06 1.957e-05 6.840e-06 1.897e-05 1.823e-05  4.758e+13  9.452e-03  1.4450e-01  4.3022e-01
1.75433e+03  3.024e+00       1.852e-16       3.475e+17    4.039e+20  7.902e+14  3.220e+00 6.469e-06 8.694e-06 1.962e-05 6.979e-06 1.939e-05 1.867e-05  5.043e+13  1.002e-02  1.4784e-01  4.3170e-01
1.67504e+03  3.110e+00       1.904e-16       3.420e+17    3.887e+20  8.131e+14  3.406e+00 6.620e-06 8.897e-06 1.967e-05 7.120e-06 1.981e-05 1.910e-05  5.324e+13  1.058e-02  1.5117e-01  4.3310e-01
1.60067e+03  3.196e+00       1.957e-16       3.359e+17    3.733e+20  8.343e+14  3.597e+00 6.772e-06 9.102e-06 1.972e-05 7.261e-06 2.023e-05 1.954e-05  5.599e+13  1.112e-02  1.5448e-01  4.3443e-01
1.53085e+03  3.282e+00       2.010e-16       3.293e+17    3.579e+20  8.538e+14  3.793e+00 6.925e-06 9.307e-06 1.978e-05 7.404e-06 2.066e-05 1.998e-05  5.869e+13  1.166e-02  1.5778e-01  4.3569e-01
1.46524e+03  3.368e+00       2.062e-16       3.222e+17    3.427e+20  8.719e+14  3.995e+00 7.078e-06 9.513e-06 1.983e-05 7.547e-06 2.109e-05 2.042e-05  6.134e+13  1.218e-02  1.6104e-01  4.3683e-01
1.40353e+03  3.454e+00       2.115e-16       3.150e+17    3.277e+20  8.885e+14  4.201e+00 7.232e-06 9.720e-06 1.989e-05 7.692e-06 2.151e-05 2.087e-05  6.393e+13  1.270e-02  1.6431e-01  4.3796e-01
1.34543e+03  3.540e+00       2.168e-16       3.075e+17    3.131e+20  9.037e+14  4.413e+00 7.387e-06 9.928e-06 1.994e-05 7.837e-06 2.195e-05 2.131e-05  6.648e+13  1.321e-02  1.6755e-01  4.3903e-01
1.29070e+03  3.626e+00       2.220e-16       2.999e+17    2.990e+20  9.177e+14  4.630e+00 7.542e-06 1.014e-05 2.000e-05 7.984e-06 2.238e-05 2.176e-05  6.897e+13  1.370e-02  1.7078e-01  4.4005e-01
1.23907e+03  3.712e+00       2.273e-16       2.923e+17    2.853e+20  9.306e+14  4.853e+00 7.697e-06 1.034e-05 2.006e-05 8.131e-06 2.282e-05 2.221e-05  7.140e+13  1.418e-02  1.7398e-01  4.4101e-01
1.19035e+03  3.798e+00       2.326e-16       2.847e+17    2.721e+20  9.425e+14  5.080e+00 7.853e-06 1.055e-05 2.012e-05 8.279e-06 2.325e-05 2.266e-05  7.379e+13  1.466e-02  1.7716e-01  4.4193e-01
1.14432e+03  3.884e+00       2.378e-16       2.772e+17    2.594e+20  9.535e+14  5.313e+00 8.009e-06 1.076e-05 2.018e-05 8.427e-06 2.369e-05 2.311e-05  7.613e+13  1.512e-02  1.8032e-01  4.4280e-01
1.10081e+03  3.970e+00       2.431e-16       2.697e+17    2.473e+20  9.636e+14  5.551e+00 8.166e-06 1.098e-05 2.024e-05 8.576e-06 2.413e-05 2.356e-05  7.842e+13  1.558e-02  1.8346e-01  4.4363e-01
1.05963e+03  4.056e+00       2.484e-16       2.624e+17    2.357e+20  9.729e+14  5.794e+00 8.323e-06 1.119e-05 2.031e-05 8.726e-06 2.458e-05 2.401e-05  8.066e+13  1.602e-02  1.8657e-01  4.4442e-01
1.02063e+03  4.142e+00       2.536e-16       2.552e+17    2.246e+20  9.814e+14  6.042e+00 8.481e-06 1.140e-05 2.037e-05 8.876e-06 2.502e-05 2.446e-05  8.286e+13  1.646e-02  1.8966e-01  4.4517e-01
9.83664e+02  4.228e+00       2.589e-16       2.482e+17    2.140e+20  9.893e+14  6.295e+00 8.639e-06 1.161e-05 2.044e-05 9.027e-06 2.546e-05 2.492e-05  8.501e+13  1.689e-02  1.9272e-01  4.4589e-01
9.48604e+02  4.314e+00       2.642e-16       2.413e+17    2.040e+20  9.966e+14  6.554e+00 8.797e-06 1.182e-05 2.051e-05 9.179e-06 2.591e-05 2.537e-05  8.713e+13  1.731e-02  1.9576e-01  4.4657e-01
9.15322e+02  4.400e+00       2.694e-16       2.346e+17    1.945e+20  1.004e+15  6.818e+00 8.956e-06 1.204e-05 2.058e-05 9.331e-06 2.636e-05 2.583e-05  8.920e+13  1.772e-02  1.9875e-01  4.4718e-01
