     Energy         Kx              Ky       F.Density    GA.Brill.       Flux  Tot.Power  Nat.Size  Nat.Div.    Size.x    Size.y     Div.x     Div.y   Coh.Flux  Coh.Power   CohFrac.x   CohFrac.y
         eV          -               -  ph/s/mr^2/0.1%  F.Dens/mm^2  ph/s/0.1%         kW         m       rad         m         m       rad       rad  ph/s/0.1%          W           -           -
9.72701e+03  7.071e-02       7.071e-02       0.000e+00    0.000e+00  0.000e+00  3.522e-03 2.747e-06 3.692e-06 1.873e-05 3.796e-06 9.527e-06 7.957e-06  0.000e+00  0.000e+00  5.6854e-02  3.3582e-01
9.64593e+03  1.160e-01       1.160e-01       0.000e+00    0.000e+00  0.000e+00  9.472e-03 2.759e-06 3.708e-06 1.873e-05 3.804e-06 9.555e-06 7.990e-06  0.000e+00  0.000e+00  5.7161e-02  3.3650e-01
9.52799e+03  1.612e-01       1.612e-01       0.000e+00    0.000e+00  0.000e+00  1.831e-02 2.776e-06 3.731e-06 1.873e-05 3.817e-06 9.596e-06 8.039e-06  0.000e+00  0.000e+00  5.7615e-02  3.3750e-01
9.37593e+03  2.065e-01       2.065e-01       0.000e+00    0.000e+00  0.000e+00  3.003e-02 2.798e-06 3.761e-06 1.873e-05 3.833e-06 9.649e-06 8.103e-06  0.000e+00  0.000e+00  5.8211e-02  3.3880e-01
9.19310e+03  2.517e-01       2.517e-01       0.000e+00    0.000e+00  0.000e+00  4.463e-02 2.826e-06 3.798e-06 1.874e-05 3.853e-06 9.716e-06 8.183e-06  0.000e+00  0.000e+00  5.8947e-02  3.4038e-01
8.98332e+03  2.970e-01       2.970e-01       0.000e+00    0.000e+00  0.000e+00  6.212e-02 2.859e-06 3.842e-06 1.874e-05 3.877e-06 9.796e-06 8.277e-06  0.000e+00  0.000e+00  5.9819e-02  3.4223e-01
8.75069e+03  3.422e-01       3.422e-01       0.000e+00    0.000e+00  0.000e+00  8.250e-02 2.896e-06 3.893e-06 1.875e-05 3.905e-06 9.887e-06 8.385e-06  0.000e+00  0.000e+00  6.0821e-02  3.4430e-01
8.49944e+03  3.875e-01       3.875e-01       0.000e+00    0.000e+00  0.000e+00  1.058e-01 2.939e-06 3.950e-06 1.876e-05 3.937e-06 9.991e-06 8.507e-06  0.000e+00  0.000e+00  6.1947e-02  3.4659e-01
8.23370e+03  4.327e-01       4.327e-01       0.000e+00    0.000e+00  0.000e+00  1.319e-01 2.986e-06 4.013e-06 1.876e-05 3.972e-06 1.011e-05 8.642e-06  0.000e+00  0.000e+00  6.3192e-02  3.4906e-01
7.95746e+03  4.780e-01       4.780e-01       0.000e+00    0.000e+00  0.000e+00  1.609e-01 3.037e-06 4.082e-06 1.877e-05 4.011e-06 1.023e-05 8.790e-06  0.000e+00  0.000e+00  6.4549e-02  3.5168e-01
7.67439e+03  5.233e-01       5.233e-01       0.000e+00    0.000e+00  0.000e+00  1.928e-01 3.093e-06 4.157e-06 1.878e-05 4.053e-06 1.037e-05 8.949e-06  0.000e+00  0.000e+00  6.6012e-02  3.5443e-01
7.38784e+03  5.685e-01       5.685e-01       0.000e+00    0.000e+00  0.000e+00  2.276e-01 3.152e-06 4.237e-06 1.879e-05 4.099e-06 1.052e-05 9.120e-06  0.000e+00  0.000e+00  6.7575e-02  3.5728e-01
7.10072e+03  6.138e-01       6.138e-01       0.000e+00    0.000e+00  0.000e+00  2.653e-01 3.215e-06 4.321e-06 1.880e-05 4.147e-06 1.068e-05 9.301e-06  0.000e+00  0.000e+00  6.9231e-02  3.6020e-01
6.81556e+03  6.590e-01       6.590e-01       0.000e+00    0.000e+00  0.000e+00  3.059e-01 3.282e-06 4.411e-06 1.881e-05 4.199e-06 1.084e-05 9.492e-06  0.000e+00  0.000e+00  7.0973e-02  3.6317e-01
6.53449e+03  7.043e-01       7.043e-01       0.000e+00    0.000e+00  0.000e+00  3.494e-01 3.352e-06 4.505e-06 1.882e-05 4.254e-06 1.102e-05 9.693e-06  0.000e+00  0.000e+00  7.2795e-02  3.6617e-01
6.25922e+03  7.495e-01       7.495e-01       0.000e+00    0.000e+00  0.000e+00  3.957e-01 3.425e-06 4.603e-06 1.884e-05 4.312e-06 1.120e-05 9.902e-06  0.000e+00  0.000e+00  7.4691e-02  3.6918e-01
5.99112e+03  7.948e-01       7.948e-01       0.000e+00    0.000e+00  0.000e+00  4.449e-01 3.500e-06 4.705e-06 1.885e-05 4.372e-06 1.140e-05 1.012e-05  0.000e+00  0.000e+00  7.6656e-02  3.7219e-01
5.73126e+03  8.400e-01       8.400e-01       0.000e+00    0.000e+00  0.000e+00  4.970e-01 3.579e-06 4.810e-06 1.887e-05 4.435e-06 1.160e-05 1.035e-05  0.000e+00  0.000e+00  7.8671e-02  3.7510e-01
5.48038e+03  8.853e-01       8.853e-01       0.000e+00    0.000e+00  0.000e+00  5.520e-01 3.660e-06 4.919e-06 1.888e-05 4.501e-06 1.181e-05 1.058e-05  0.000e+00  0.000e+00  8.0755e-02  3.7804e-01
5.23903e+03  9.306e-01       9.306e-01       0.000e+00    0.000e+00  0.000e+00  6.099e-01 3.743e-06 5.031e-06 1.890e-05 4.569e-06 1.202e-05 1.082e-05  0.000e+00  0.000e+00  8.2891e-02  3.8094e-01
5.00750e+03  9.758e-01       9.758e-01       0.000e+00    0.000e+00  0.000e+00  6.707e-01 3.829e-06 5.146e-06 1.892e-05 4.639e-06 1.224e-05 1.107e-05  0.000e+00  0.000e+00  8.5074e-02  3.8378e-01
4.78596e+03  1.021e+00       1.021e+00       0.000e+00    0.000e+00  0.000e+00  7.343e-01 3.916e-06 5.264e-06 1.893e-05 4.712e-06 1.247e-05 1.132e-05  0.000e+00  0.000e+00  8.7301e-02  3.8656e-01
4.57440e+03  1.066e+00       1.066e+00       0.000e+00    0.000e+00  0.000e+00  8.009e-01 4.006e-06 5.384e-06 1.895e-05 4.787e-06 1.271e-05 1.158e-05  0.000e+00  0.000e+00  8.9566e-02  3.8927e-01
4.37273e+03  1.112e+00       1.112e+00       0.000e+00    0.000e+00  0.000e+00  8.703e-01 4.097e-06 5.507e-06 1.897e-05 4.863e-06 1.295e-05 1.184e-05  0.000e+00  0.000e+00  9.1867e-02  3.9190e-01
4.18076e+03  1.157e+00       1.157e+00       0.000e+00    0.000e+00  0.000e+00  9.426e-01 4.190e-06 5.632e-06 1.899e-05 4.942e-06 1.319e-05 1.211e-05  0.000e+00  0.000e+00  9.4199e-02  3.9446e-01
3.99822e+03  1.202e+00       1.202e+00       0.000e+00    0.000e+00  0.000e+00  1.018e+00 4.285e-06 5.759e-06 1.901e-05 5.022e-06 1.344e-05 1.238e-05  0.000e+00  0.000e+00  9.6559e-02  3.9694e-01
3.82481e+03  1.247e+00       1.247e+00       0.000e+00    0.000e+00  0.000e+00  1.096e+00 4.381e-06 5.888e-06 1.903e-05 5.105e-06 1.370e-05 1.265e-05  0.000e+00  0.000e+00  9.8944e-02  3.9934e-01
3.66020e+03  1.293e+00       1.293e+00       0.000e+00    0.000e+00  0.000e+00  1.177e+00 4.478e-06 6.019e-06 1.906e-05 5.188e-06 1.396e-05 1.293e-05  0.000e+00  0.000e+00  1.0135e-01  4.0166e-01
3.50403e+03  1.338e+00       1.338e+00       0.000e+00    0.000e+00  0.000e+00  1.261e+00 4.577e-06 6.152e-06 1.908e-05 5.274e-06 1.422e-05 1.322e-05  0.000e+00  0.000e+00  1.0378e-01  4.0389e-01
3.35591e+03  1.383e+00       1.383e+00       0.000e+00    0.000e+00  0.000e+00  1.347e+00 4.677e-06 6.286e-06 1.911e-05 5.361e-06 1.449e-05 1.351e-05  0.000e+00  0.000e+00  1.0622e-01  4.0605e-01
3.21546e+03  1.428e+00       1.428e+00       0.000e+00    0.000e+00  0.000e+00  1.437e+00 4.778e-06 6.422e-06 1.913e-05 5.449e-06 1.476e-05 1.380e-05  0.000e+00  0.000e+00  1.0868e-01  4.0812e-01
3.08231e+03  1.474e+00       1.474e+00       0.000e+00    0.000e+00  0.000e+00  1.530e+00 4.880e-06 6.559e-06 1.916e-05 5.539e-06 1.503e-05 1.409e-05  0.000e+00  0.000e+00  1.1115e-01  4.1012e-01
2.95609e+03  1.519e+00       1.519e+00       0.000e+00    0.000e+00  0.000e+00  1.625e+00 4.983e-06 6.698e-06 1.918e-05 5.630e-06 1.531e-05 1.439e-05  0.000e+00  0.000e+00  1.1363e-01  4.1204e-01
2.83642e+03  1.564e+00       1.564e+00       0.000e+00    0.000e+00  0.000e+00  1.723e+00 5.087e-06 6.837e-06 1.921e-05 5.722e-06 1.559e-05 1.469e-05  0.000e+00  0.000e+00  1.1612e-01  4.1389e-01
2.72295e+03  1.609e+00       1.609e+00       0.000e+00    0.000e+00  0.000e+00  1.824e+00 5.192e-06 6.978e-06 1.924e-05 5.816e-06 1.588e-05 1.499e-05  0.000e+00  0.000e+00  1.1862e-01  4.1566e-01
2.61535e+03  1.655e+00       1.655e+00       0.000e+00    0.000e+00  0.000e+00  1.928e+00 5.298e-06 7.121e-06 1.927e-05 5.910e-06 1.617e-05 1.530e-05  0.000e+00  0.000e+00  1.2110e-01  4.1730e-01
2.51327e+03  1.700e+00       1.700e+00       0.000e+00    0.000e+00  0.000e+00  2.035e+00 5.405e-06 7.264e-06 1.930e-05 6.006e-06 1.646e-05 1.560e-05  0.000e+00  0.000e+00  1.2361e-01  4.1893e-01
2.41642e+03  1.745e+00       1.745e+00       0.000e+00    0.000e+00  0.000e+00  2.145e+00 5.512e-06 7.408e-06 1.933e-05 6.103e-06 1.675e-05 1.591e-05  0.000e+00  0.000e+00  1.2612e-01  4.2050e-01
2.32448e+03  1.790e+00       1.790e+00       0.000e+00    0.000e+00  0.000e+00  2.258e+00 5.620e-06 7.553e-06 1.936e-05 6.200e-06 1.705e-05 1.622e-05  0.000e+00  0.000e+00  1.2863e-01  4.2200e-01
2.23719e+03  1.836e+00       1.836e+00       0.000e+00    0.000e+00  0.000e+00  2.373e+00 5.728e-06 7.699e-06 1.939e-05 6.299e-06 1.734e-05 1.653e-05  0.000e+00  0.000e+00  1.3114e-01  4.2344e-01
2.15427e+03  1.881e+00       1.881e+00       0.000e+00    0.000e+00  0.000e+00  2.492e+00 5.838e-06 7.846e-06 1.942e-05 6.398e-06 1.764e-05 1.685e-05  0.000e+00  0.000e+00  1.3364e-01  4.2483e-01
2.07547e+03  1.926e+00       1.926e+00       0.000e+00    0.000e+00  0.000e+00  2.613e+00 5.947e-06 7.993e-06 1.946e-05 6.499e-06 1.795e-05 1.717e-05  0.000e+00  0.000e+00  1.3615e-01  4.2616e-01
2.00055e+03  1.971e+00       1.971e+00       0.000e+00    0.000e+00  0.000e+00  2.737e+00 6.058e-06 8.141e-06 1.949e-05 6.600e-06 1.825e-05 1.748e-05  0.000e+00  0.000e+00  1.3865e-01  4.2743e-01
1.92929e+03  2.017e+00       2.017e+00       0.000e+00    0.000e+00  0.000e+00  2.865e+00 6.169e-06 8.290e-06 1.952e-05 6.702e-06 1.856e-05 1.780e-05  0.000e+00  0.000e+00  1.4115e-01  4.2865e-01
1.86149e+03  2.062e+00       2.062e+00       0.000e+00    0.000e+00  0.000e+00  2.995e+00 6.280e-06 8.440e-06 1.956e-05 6.804e-06 1.886e-05 1.812e-05  0.000e+00  0.000e+00  1.4364e-01  4.2982e-01
1.79693e+03  2.107e+00       2.107e+00       0.000e+00    0.000e+00  0.000e+00  3.127e+00 6.392e-06 8.590e-06 1.960e-05 6.908e-06 1.917e-05 1.844e-05  0.000e+00  0.000e+00  1.4613e-01  4.3095e-01
1.73543e+03  2.152e+00       2.152e+00       0.000e+00    0.000e+00  0.000e+00  3.263e+00 6.504e-06 8.741e-06 1.963e-05 7.012e-06 1.949e-05 1.877e-05  0.000e+00  0.000e+00  1.4862e-01  4.3203e-01
1.67683e+03  2.198e+00       2.198e+00       0.000e+00    0.000e+00  0.000e+00  3.402e+00 6.617e-06 8.893e-06 1.967e-05 7.116e-06 1.980e-05 1.909e-05  0.000e+00  0.000e+00  1.5109e-01  4.3307e-01
1.62096e+03  2.243e+00       2.243e+00       0.000e+00    0.000e+00  0.000e+00  3.543e+00 6.730e-06 9.045e-06 1.971e-05 7.222e-06 2.011e-05 1.942e-05  0.000e+00  0.000e+00  1.5356e-01  4.3407e-01
1.56765e+03  2.288e+00       2.288e+00       0.000e+00    0.000e+00  0.000e+00  3.688e+00 6.843e-06 9.197e-06 1.975e-05 7.327e-06 2.043e-05 1.974e-05  0.000e+00  0.000e+00  1.5602e-01  4.3502e-01
1.51678e+03  2.333e+00       2.333e+00       0.000e+00    0.000e+00  0.000e+00  3.835e+00 6.957e-06 9.350e-06 1.979e-05 7.434e-06 2.074e-05 2.007e-05  0.000e+00  0.000e+00  1.5847e-01  4.3594e-01
