0.001964279147143623
0.002459757116332446
0.0043048409979560285
0.0021395413659212117
-0.002971617344587898
-0.0028001833657604947
0.004066539270389629
0.0010445260643084696
0.002979822088588037
0.0012142753934508543
-0.004793033264972017
-0.0012956442080977182
0.002280375512909818
-0.004096188831630919
0.0006522112084884936
0.004898945598679961
0.001431183270840494
0.00022986108085189163
0.0020401605750846666
-0.0009007535909443965
0.0013768318502887077
0.004001260128607937
-0.0007450100005229523
0.004656933720932785
0.0035044265760515022
-0.0016381729578443605
-0.0006896167091717132
0.0017393797217303856
0.0017156736209893763
0.003174263352308411
0.0022505551057697085
0.004660451607881369
-0.0030040734946412896
0.0031318592016374375
0.0016453487893765247
0.0033949213281297902
0.004525096342419943
-0.0026165155323132918
-0.004357917016307823
-0.004502516709327878
0.00295979170563001
0.0020902411490484373
0.0018776453420970762
-0.004246738973100571
0.0002986592433469361
-0.004686346133531206
0.0035741390850600697
0.00046836585358697985
-0.004917642187406206
0.0020416803018621955
0.00331906523133185
0.004643145863552612
-0.004068858072350487
0.004416975614001828
-0.00039319167299378417
0.002792345269145782
0.004263093217386935
-0.0021099375341054882
0.0013284047586507716
0.002371859274017879
-0.0034543795448849024
0.0036305477756188856
-0.0032985009132333867
-0.0015038572162507915
0.001395338775708018
-0.0010625890144155417
-0.0017075914273578887
-0.002240274612984139
-0.0015148814575293669
-0.0014937637887510648
0.004980479404720344
0.004868148366320738
-0.0033257140976566337
0.00373205264684415
-0.002404839925198602
-0.003993411278286065
0.004889102117462646
0.0008466630579013149
-0.002301088689744053
-0.00046333838828311203
0.004468302515116985
-0.003755912367773273
0.002636323975548179
-0.0007328132787598508
-0.004228124360765252
-0.0030238237297830896
-0.004458874873596213
-0.0005379505159714111
0.003870274391644381
-9.122335983502688e-05
0.003362319593568722
-0.0032033741794576143
-0.004104321079137631
-0.0004168946513183969
-0.004368490374714706
0.0017881087534469394
-0.0006941413990823727
-0.0024386588663614516
-0.004330531062119796
-0.0008991787735632261
-0.004867250452315013
-0.0005555625326596012
-0.002336913741616651
-0.0008751401917561534
0.002497850903447843
-0.004271580517422696
0.0016832556603294082
0.0003499122670689329
-0.0012027927402026694
-0.0034306320086854346
-0.0022356733381876373
-0.0035438422220051167
0.0023583732515258258
0.0012851654702051825
-0.0019444182416336808
-0.0024746497679875748
-0.002592575956081126
-0.0047417283920232894
-0.0027282481629280265
-0.0026366071307949925
0.004927856236747032
0.003737612338524596
-0.0013417176809066445
0.0020460828690752513
-3.688773005818078e-05
0.0027121161619521007
-0.002883689884395877
-0.0033817928129552133
0.002111078303626439
0.0026035561075962565
0.004790872994502793
0.0012664556304595523
0.001984153694636167
-0.0027112646180115596
0.0041355894235198245
-0.0027632369090800236
-0.0015807537441829235
-0.0026894485379816923
0.0023534000680564037
0.0017229990672607822
-0.002955138084040977
-0.0019418176593596192
-0.004199009437395638
0.004164179147352701
0.002729672848471967
0.004863876498442352
0.0023283082199226394
0.002352723437941815
0.003551502721874512
0.0045659183558347935
-0.002670255915702788
-0.0022558013181711556
0.0025362852451540118
-0.0011927574172793855
-0.0003105805546110311
-0.002222887381936198
0.0009674611424484881
0.00237141182359239
0.001954947103085497
-0.0024711499991705668
0.0015801427676275324
-0.0035223432200782445
-0.0009309120841865352
0.00034808785674068747
-0.002638420111844526
-0.0029606851685039706
0.001008670424106641
-0.0016310839099922315
-0.004126857582594566
0.0017253466143389486
-0.0028456703999654776
0.003357342023745457
0.003637041802143511
-0.0014692174922700607
0.003946015801471035
0.003308247912747285
0.003071839646179331
0.004086356416426711
-0.0015650946196559502
-0.00016660289709452894
0.001907546420975779
-0.00011049020329600891
-0.0013217205538120446
-0.0039835735388450925
0.0013198128965875534
-0.0024610987153561937
-0.0004489492600013526
0.0012838062258506222
-0.0014534777993222914
-0.0049979146284705725
0.0007000150346246877
0.00036773053444690874
0.0033241822720901553
0.004447911098237163
-0.0015178496724946667
0.004978941307472448
-0.0027692225605710284
-0.0003223972632254903
0.0040775386744365824
0.002984543159899349
0.004726235621423208
0.004523899858993306
-0.0031772543731169037
-0.002065426228650263
0.0006657176033304842
0.0030080418913836842
-0.004525583143966248
0.0032022852809866957
0.0002598948440258953
0.004955823539792534
0.003559357629612088
0.0009999321676785501
-0.0023817208120642188
-0.004814912455705751
0.0023851499192046833
-0.0006279428303921416
0.0025091059337596687
-0.0016850327188693438
0.0019228274208427489
-0.00486530256244765
0.0014394454617419642
-0.002675519592083716
-0.004039356035176342
-0.0016960262476615972
0.0014444384545714692
-0.00374895160053099
0.0010035672708970265
0.003654353350665004
-0.002222891748969139
0.004686943865962113
0.00408407184145182
0.0037386843744225294
-0.004691411269810241
0.0039080988840845795
0.002803411151035538
-0.002027565723361381
0.004630194238381394
0.0007876113626985983
-0.00040623517688459076
-0.00010581247518526033
0.004349607159281964
-0.004794295972638308
0.0027529000997884977
-0.00013920425027720215
-0.0024417796390392567
-0.00024143177281362154
0.004869238458816518
0.004028076393229107
-0.004647503322659523
0.0031653915689249827
0.00011911427415576235
-0.0021225497187885157
0.0019437898966186444
0.0038690018181247775
-0.004327378837649526
0.00041989392404505853
-0.0003918552946304832
-0.0014785185093807518
0.004041071540756458
-0.002083142860692785
-0.0032727252178446275
-0.0018386744081876527
-0.0005685219629760936
-0.0005147310643794333
-0.003453470248705699
0.004705749365099684
0.0031715843196728983
-0.004698915181615201
0.000888955295791475
0.0029917602209510686
-0.0040400277923896884
0.0024453143359981777
-0.004894198155080435
0.004443890047275329
-0.003278615843152274
0.004135907226122664
-0.001480021036304333
-4.159365788760326e-05
0.004463606350878714
-0.0036859604845735283
0.003970373569802622
0.0006115706173483969
0.00015779139816019232
0.0011111359380436801
-0.0034161297549383744
-0.0013281628988729777
0.0016106676642616722
-0.0043620468098955
0.0011555427664679107
0.0036837203393836485
-0.002993399753002879
-0.0028999113801402875
0.0013777059238857256
-0.0009504698526168233
0.004172336978892468
0.001953794274028086
0.0008058364014547539
-0.0003421262375933806
-0.0010873276105825393
0.004203503258909904
0.004142060605682439
0.004736280581947655
0.0034110544408798805
-0.0031863320621447477
-0.0028157309826257514
-0.0034146480559281434
0.0023060645635393394
-0.0006781448869801207
-0.0034401892680028714
-0.00013986577465149516
-0.00307897363483024
0.0011678028448996371
-0.004354068720263849
0.004002703645080247
0.001747455751918191
-0.0018873030246396717
0.0031382971775056395
0.00038834032178796177
0.0047980135295840045
-0.00021502925663932897
0.0017603154440175425
0.00323875933635621
-0.0038427753689005027
-0.0016743012637876363
-0.0014341427074220938
-0.00041358137128312805
0.003635439306048865
0.00042483227199452325
-0.004977004647548569
-0.0026965592593062816
0.0006081714591329081
-0.003832197530881571
0.004970394054683083
0.004662362675417145
-0.004007129963396464
0.004383896251083365
0.0015235674596965933
0.0011141565309936863
-0.0012568828686358438
-0.002853158392027659
-0.00432960434275686
0.001064569412541949
-0.0035490767598767917
-0.004353320117637928
0.0012294638619538825
0.0003577360743346825
-0.002511571710319682
-0.0003628450409088376
0.00036492100264363427
-0.003087853901566193
-0.00028718110712606677
0.0028245657649038696
-0.002230638922540714
0.003480955126249202
0.004933688693635824
-0.0016624354958057553
0.00032246200198843365
-0.004408775903737995
-0.0019674030561204416
-0.0029661590582093335
0.0032933279648402697
0.00011152839989576543
0.0030024519684542445
0.000684944515569311
-0.000720324117874805
0.004554657878556673
-0.0016450547241222981
0.0018504934526361958
-0.0025826379169964085
0.0007929319694661083
-0.0025466398646628273
-0.004819143995273916
-0.0037479172750078307
0.002477685307420453
-6.214858157137411e-06
0.001025854410361013
0.0030823676225423613
-0.003205155997840582
-0.0004445392266257441
-0.00026205099215578006
0.004544390453818453
-0.004208813037739797
-0.004474767805041634
-0.004357400349904641
0.003257482251619071
-0.003538965719313212
-0.0013144408370459005
-0.003169289770804281
0.0011360674856962048
0.0012094002652390055
-0.0035845273463997107
0.002545006585981389
0.0001871887762690495
-0.002059495089411928
-0.0011631143375703755
-0.0046813588446847675
-0.004882644814227763
-0.004536947912159552
-0.004189072031149626
-0.0013875413049473239
0.003779445842282357
0.0031514270308152107
-0.00323956052915634
-0.0027821514566852925
-0.0022619426430238723
-0.00438070565143914
0.003072315925842491
-0.00013391276853734653
-0.003942811193905759
0.004234062043751323
0.0030465415070710994
0.0007371980951303156
0.004977219132293479
-0.002688481217789146
-0.002480512874432301
-0.004438110236398869
0.0010516586170407202
-0.00031613408674088014
0.0003552309478028204
-0.00243679801315982
0.002287035162519168
-0.002923707152625874
-0.004101052449982245
0.0011284434006215635
0.00027730984931029126
-0.0017832612958529172
-0.0013593927693554687
-0.0017536157816440013
0.0004816290013266314
0.0015506104716012667
-0.0033433093072819864
-0.002522690662627272
-0.0009113954700773344
-0.0049877685779483195
-0.0006054218990640299
0.001269472307499628
-0.0009209247300195544
-0.004516188487847
0.0037333108584775175
0.004576234389260911
0.004056441948455861
0.0013551166378336322
8.028417122624577e-05
0.0008211131585888461
-0.004989972007485752
-0.0021323226240612635
0.004532620691883776
-0.002009541426361893
-0.004699517102466902
-3.293349470005844e-05
0.004097862983286457
0.0009471473173430387
-0.00033940401849705173
-0.0018537975696677456
-0.0039645787187379666
0.0036506322299411373
0.000886450060361926
-0.004323100101088492
-0.002469986176688137
-0.001041508518869124
-0.003849522900523582
0.0014109126682401553
0.002088692316680919
-0.0043616236003392855
0.004879512951512298
0.004846819896730712
0.0033887249799206794
0.004303277502899903
-0.0010741700928882571
-0.002046234846162014
0.004474714817115355
0.0012563757073134688
0.002586847017227785
-0.0018653255693954628
0.003875290378430831
9.630058133498678e-05
0.0027991454548466537
0.0031535640867426636
-0.0011568573847727868
0.0048753348521213555
0.0017980631476622651
-0.0038090464440121365
-0.00452238214053985
-0.002635727026484672
-0.0004663660555536053
-0.0003219212363138957
-0.003614752833027667
0.0012734137798477785
0.0007365210377190297
0.0025271429894662654
-4.605916641649537e-05
0.002671959223176098
0.003016538902229255
0.0025921264797677058
0.0032963357537875897
0.0032227689303021704
-0.0023849130376023555
0.004070783041542558
0.00037922812784653166
-0.0007326777438932206
-0.004959479901296387
0.0006475647698338839
0.0008643773220498377
0.0002437097429326329
0.004896001735635394
0.0020566642654098535
-0.003082441675954649
-0.0009423918951984387
-0.0033994056771889016
-0.0039080853742295835
0.0030513699734651704
0.00010401193568755889
-0.0009555124755044279
0.0033780636044594267
-0.0015239205445054917
-0.0048440586096429004
-0.0020712049950788046
0.0017962091962560886
-0.0006409099371489872
-0.0012159625142364704
0.0017783017315684676
0.0042375777838637016
-0.0037104390627673923
0.004015627016557087
0.00423086954424219
0.0015353567050689935
0.0032914285532669512
-0.003706862182480353
-0.0017037725037670772
-0.003784265501250488
0.002385781198892681
0.003947629281295225
0.0038138382192640296
-0.003686105728353196
-0.00241822985043454
0.004063265072199681
0.004032489991718538
-4.1624652313759954e-05
0.0027457801696110463
0.003577997102988337
-0.0006328586847292976
0.00449765014212822
0.001864045977233629
0.004023309082924086
-0.0021317730208812867
-0.004745353900221798
-0.004406026410689566
-0.0015940555229380792
0.0005707758560743632
0.004977830423115621
0.0027941749831230985
0.002896498977890196
-0.0020618293583463477
0.004323842260104197
-0.001535416105790981
0.0018929903358280084
0.00149209465539114
-0.002187016883414704
0.002898506239474981
-0.003723150207049898
0.004345960779324577
0.0016455026003250259
-0.00022869274658999898
0.0033861465190347237
0.00042942523158483355
-0.0016877938672848025
0.002885189373855284
-0.0006510118025522711
0.00347993351058938
0.003274537611360235
-0.0031683669621862687
-0.0041101550755694265
0.0031797356252259304
-0.0010136590717446884
0.0038646237932822925
0.00025860799471303514
-0.0028975392412926627
-0.0008376712682146951
0.0018657520879165022
-0.003389135287691949
0.0027937099414374975
-0.004595477636723877
-0.0010628323998449884
0.0008826770815857678
-0.0032669107505994455
-0.0042566884338278935
-0.0032226089808307535
-0.0014056322126254363
0.0013226218217180282
0.0022855028953004067
-0.0028720419321107893
-0.002044975751790117
-0.0019315931784295915
0.004050446992214979
-0.0014573136585288426
0.004296582027739662
-0.0028025699740485644
0.00099734795536371
-0.0014940601748316897
0.0015365313135546153
0.0009440452820657138
0.004038132209283078
-0.004921682594328988
0.00150351631836249
-0.004209196458238214
-0.004476671394533624
-0.00016623338754002005
-0.00023481151999864367
0.0010864846649504259
0.001540737483182647
-0.0018194389672834608
0.002585143683793161
0.0007281068785547299
0.0022636654639939654
-0.0016440706037391993
0.0043468760441513965
-0.0018794386947828456
-0.0035420703702755876
0.004250468290632115
0.0025081487612245478
-0.0015140620085171618
0.0030708483883972832
-0.0022989782474100453
0.002167493099592713
-0.0013162232699949527
-0.0025816011537874183
-0.0007216737977664553
-0.003236919159482542
-0.001001105603808913
-0.0002861926474668156
0.004761738411731165
0.0039774936912972255
0.00134925845549693
-0.0025082975654229455
-0.0035870331207745244
0.0008247746930242416
0.002995036976176527
0.004085323490159116
0.004684367491673973
0.0009938290433709881
0.002275647959602861
-0.0005612189037734827
-0.0002216663830936598
-0.0005757369481371464
0.0049183508389923645
0.0035941628622109577
0.0028596843154569543
-0.00043173000462968115
-0.004058118124815281
0.0025417438118419027
-0.00395570640716235
0.0035782413439129903
-0.004819677220296041
0.0029756115251699444
0.00046242558565258093
0.0018470514116609446
0.0035467101480325574
-0.001876642378411899
-0.0016213415244513275
-0.0029683764921126067
0.004173552625564445
-0.001565639270425624
7.637443921477017e-05
0.004337390440317875
0.0013583361526624893
0.0004106355821507767
0.0010398856194156394
-0.003586285391637153
-0.004234559057758178
0.004488550005299563
0.0013493606049656028
-0.004335400874033156
0.001630131490453806
0.004537514165337733
-0.0005369881762626975
0.0028183896395327984
-0.0019154769106465219
-0.0012950617051771139
-0.004242941430001255
0.0004412745583327552
0.0026331047876985416
0.0013047234616705636
-0.002817666913513095
-0.0022309013500182284
0.0017932191480692205
-0.0035408764543591476
0.0025809083426548167
0.001953119897951625
-0.002692499462390513
0.0004367259328383298
-0.0024866187313217227
-0.0048008692581880345
-0.004115449039726843
-0.0001508748238926447
-0.002308235863557796
0.004361968640623122
-0.0023316167964031755
-0.003429153891927742
-0.004129554859190631
0.0030402302405759364
-0.004530516507058523
0.000877482618393796
0.003917928313398719
0.0038550009532833844
-0.0021895538950381633
0.004620869535075285
0.004954212025101798
0.0008228946345632112
-0.0019029539894640213
0.0043196335585380516
0.0026181186569618885
-0.002945730989700577
0.0012263826964932683
-0.003274760449502967
0.004715376197405215
-0.0012531201061194296
-0.003533494194136716
-0.003694983545692936
0.002674529626833114
-0.0011773767492417697
0.0007842369964169435
0.000452923619159387
0.004263679950350472
-0.0037404144740660473
0.0026933679027769195
0.003272267046563697
0.004356886322000574
-0.002365076639855962
-0.0007456307615079476
-0.0007748933607709249
0.0016527779637886186
-0.0018721644990967023
-0.0004993205830523964
0.0033674684876122104
0.004760416906961427
0.0029495177583118365
0.002131518727245928
0.0012902290420238119
-0.004556687516370558
-0.003835796405940675
0.004417393308664191
0.0006175095884555382
0.003001387655018512
-0.0012062508470547695
-0.002065586250217869
0.0022056486165669036
0.003710126124944841
-0.001132359104794538
0.003499182392508145
0.003967772380683083
0.000818225558032226
0.0036814069377234812
-0.00019652437545494058
-0.004713816240652556
-0.0021584258589443794
-0.0044464972714669615
-0.00014122430319286373
-0.002039806155605347
-0.0020542618189962627
-0.003031966083958563
-0.004027978304693282
-0.003794066943054124
-0.0030460169178872266
-0.0027305611540561635
0.004161570942612345
-0.0021508758336486033
0.0031440112868745757
0.0024135363418318926
0.004573207626050665
-0.0028054209041214417
-0.004851163869255207
-0.0013899791421349574
0.0029065246615968153
0.00020990309479127986
-0.004722537735357405
0.0010428626337975035
0.002348471734881061
0.001778812122970594
-0.0011581638964138084
0.00046365871471255524
0.002945282441249573
-1.7763051210309064e-05
0.0044771469617660925
-0.0031315596629056287
0.004474889410574538
-0.0022571912035247955
-0.003393976349364285
0.0015853508463173393
0.0017776272483943367
-0.0011280942667054716
0.0025852232004221695
-0.0011900836423623562
0.0035758028949760363
-0.003457727033585023
-0.004358788301510093
-0.004158993708523469
-0.0027029952385517787
0.003306318523162286
-0.002195125270754602
0.004731269831219165
-0.004322523768757786
-0.002100963454886069
0.0030741960359868944
0.002554682715941262
0.0016891854019490324
0.002611933602982639
-0.0016494867311168827
0.004318118269475217
0.004115649020620335
0.0034080225193195224
0.0010826170962670648
0.0015158991305248047
-0.0030566100773489627
-0.0022957401525533984
-0.004612482489941519
-0.0034393221110033826
-0.0012962610783062312
0.0026357651081362213
-0.0015383642106858919
-0.0003001589692935621
0.0027073852469276065
0.0041525775088640205
-0.0037238504851783974
-0.00457157890049246
0.0020220744142969375
-0.0004960737957697718
-0.003768743426841915
-0.0023067211186329297
0.0034839516570614173
0.004973826450841444
-0.0010124405707603347
0.001632145158579402
0.0006934760365634261
-0.002386218746073815
0.00309368301165562
-0.002657070242263433
-0.0012064098219241983
-0.0030284492131549914
0.004976815067409177
-0.0036891312724820547
0.004664613909131037
-0.0029023837590528624
0.001865517808262761
-0.0020318514362174587
-0.0016676572045251905
-0.0025962668051763803
0.0034592923609315625
-0.003642971303622372
-5.243482524700232e-05
0.0035282398293394078
-0.0036300585475333227
-0.004352884114610667
-0.0018765726490088917
0.0035432474957629483
-0.004018220439417243
0.002723929978294028
0.004614346965268153
0.004707919150482481
-0.004200163983002788
0.0010646612055544395
-0.004492053762191424
0.0021021841930270665
0.0002988988624601776
0.0015867184007917288
-0.0031272601205250463
-0.0008693215484755334
0.00456490861127521
0.0007309426595712987
-0.003421347137387859
0.0046767347936470536
0.0012130254846816225
0.001866829756404024
-0.003540200326342526
0.0022144724509711253
0.0013418763646640694
0.004918014104328129
0.0009450388183661349
-0.0044940224914028215
0.001147382391967616
-0.0025262927116715384
0.0031112202161187675
0.001282685651427408
-0.0041754104289213065
0.0034201515603532245
0.00133512263706551
0.0035916685972434163
-0.0025911261208912896
0.004102748477869049
-0.000139183128357547
-0.0007893015459797936
-0.0007404400947835701
0.0005760691570146749
0.0038763960857405083
0.0018456609426194216
-0.003617013671739059
0.002132951200436002
0.0030090293715623944
0.0006477322386803644
-0.0039837175437038965
0.0021538630564754205
0.004941716990888871
0.004293861474343672
2.9448225605118415e-05
-0.004731839849520866
0.003136630679634535
-0.0022452264558698374
-0.0018942022204167562
-0.0021753835025755896
-0.0008714677893014045
0.0034142517543635136
0.001320315975298949
0.004238461332753113
0.00471245141245289
0.0014571341640993354
0.0005802766661869106
0.0030969445890777917
-0.002697246467844822
-0.003515314411896805
-0.0032637365080729263
-0.0010144080331101956
0.0014231396597222667
-0.0035467162092949244
0.0008322288728030381
0.0049387736178666255
-0.00396274081804574
0.004010177671856011
0.0007023500185263489
0.004975019320784192
-0.004163442403589931
0.0021936038355117185
0.0022097811933725177
0.0005943109508608612
0.0016904881257549624
0.0032544035451259777
4.29889405549758e-05
0.0007401916227530647
-0.004961457298213921
-0.0045395410064479925
-0.0009864619069262026
-0.0015883095419374806
-0.0015179336952242904
0.00028140963008951945
0.0027002776029267555
0.0028229982716716584
-0.004536224380043544
0.0027624874551191404
-0.0009069599276831253
-0.002315118560814734
0.002398982899265053
-0.0015468934711867235
-0.0008867122168820761
0.0048152496902736765
3.304722465372924e-05
0.004628778337155355
-0.0036283884542761048
-0.0003759624870766391
0.00046151594512015663
0.0007597035896597729
0.002468710386823142
-0.001610439593636308
0.002481214594764203
0.0040356369499319296
-0.0028041215859905735
-0.0003141654827299315
0.0023711475584654706
0.0015885720698425535
-0.0037626783004734475
-0.003545965753353252
-0.001661484664356989
0.00043615867645574544
-0.001525015648038205
0.001692950190803756
0.004693285885882766
-0.0025122090410863852
-0.0020329380222019557
0.0012401851807729621
-0.002192700169693114
-0.0011901524507670204
-0.0016774668586054886
0.002299448002019898
-0.0014923926807407107
-0.0032865064015627464
0.004658389519206192
0.0022676250629489123
0.0004174624042148937
-0.0017010734714222008
0.00284605104901177
0.004532245084314293
0.004713215260201417
-0.003720517621256624
-0.0019375737815012163
0.001248443887710977
0.0018344881500342233
-0.0020867699109151584
-0.0011195445085973575
0.0008848745930997029
0.004498279288468496
0.004583294940017015
-0.0026657575100476395
0.0025234222945623233
