0.02562889403644003
0.0019281816938382657
-0.015912020303018824
0.0021868484708397473
0.027348251121645344
-0.01707504667744597
0.000891254489263079
0.025610384201486654
0.01239348794620223
0.012814596881973929
-0.004605148504979558
0.015162968814336417
0.025078550057634708
-0.004841151612133301
-0.0143164065044625
0.007191177256969307
0.004068163928224608
-0.022913817890532068
-0.026995378417529803
0.021067570690099277
0.012694368543036301
-0.007103723585543419
-0.011250253691457521
0.0021162263165956235
-0.017601364549944504
0.026069754430577574
-0.0023529021807766337
0.02677900631512207
-0.010102020034693356
-0.008456912367961915
0.006409106347720107
0.029626651048777805
0.01663765941461845
0.02161938462175865
0.024820773203560666
0.026624362975431214
0.021290193679644416
-0.0028208411442311107
0.011172696281495913
0.010030909882762895
0.0022946950852128986
-0.02571554547446487
-0.014293941353126352
0.011623150160935833
-0.022215920639353483
0.0284009498059659
0.013219742156650054
0.004397999525527371
-0.018081327045300275
-0.02662218043291661
-0.02069775567162118
-0.021190072291553133
-0.009596467323121749
0.018583477500531215
0.023155779763023486
-0.004404262215139908
0.003349310443467063
0.021574749986138828
-0.023253495235432305
-0.029009897338971455
0.026593315716231185
-0.0010866621891744213
-0.004970885358621748
0.002956884012501236
-0.0052903542159799324
-0.014156902126194446
-0.021036104228026563
0.020823760039876064
0.014508658732597032
-0.009548516007012314
0.029779973242499702
-0.011679342827946256
-0.025956485093947868
0.0038555773122639983
-0.014359692327868497
-0.02099878855857564
0.00919800249242482
0.004619733706346732
0.011252171182255584
-0.016754589629509938
-0.010775728309457121
0.013565243252277419
-0.018951533044833276
0.02628842903565503
0.027423370868527558
-0.018783989710403695
-0.011802707004935228
0.025155205693541023
-0.021572917357272826
-0.007131830070919127
0.0002687685197550506
-0.016848002727647218
-0.010182389594312856
0.002090569541352477
-0.019714209942312072
0.010586810221455571
0.02448377534891448
-0.027929816198558402
0.028638840853709602
0.012259257326012608
-0.008467476164459642
-0.0029632498174542027
0.024114267636428273
0.016764234362933512
-0.0050471797177590524
-0.013465894151907003
-0.02077424215721008
0.023136882973297128
-0.0094441534228107
0.020402989084855716
-0.025864309098282065
-0.025582076760900387
-0.007776033935268704
0.017964586033273493
0.00659021231462651
0.01309183310497048
-0.006424346886547333
0.01601021136571598
0.005262149042578712
0.012437736266208074
0.009081679911747909
-0.010159954002724486
0.025436170185916394
0.012207109658440754
-0.020594793266666883
0.005900823399000221
0.006481017647633598
0.0010730071762251013
0.013469708891236366
-0.028725572893346336
0.019356605156886884
-0.019807471653968678
0.007342990663194299
0.008790968254776176
0.02247402615757546
0.010699321057434076
-0.005526655804295139
-0.018300748997501275
0.02438911328860132
0.00786331833584588
0.0045344259420324814
-0.004838993032525902
0.023053604405698792
0.010648729051538804
0.004534262043410078
0.020299779263652645
-0.019071916324430616
0.0020065683527882433
0.015236196688171486
-0.0014578931582880025
-0.00030124820673219435
-0.023791439234022736
0.02741288398301594
-0.01982392154800227
0.0012752220357424918
0.0292690647641961
0.0045041271973801575
0.015946868376226053
-0.003339179805145299
0.008472381366245361
0.011797973293910781
-0.022351118699003095
-0.019262523076448032
-0.01847898232315582
-0.018595038945858212
0.018986858185777812
-0.025184026240792003
0.005337070799939517
-0.0004285384212539614
0.027266607333421004
0.006825174260364025
0.020692469461607167
0.008977571270638682
-0.018622931241856055
-0.007388863486959475
-0.011388448904545719
0.02330090490659864
-0.024200428047069483
-0.01939963607205716
0.006243090301988288
-0.008653366423020812
0.020651697020945797
-0.02268281319538271
0.00983323643425995
0.014548341438206353
0.02250158923198787
-0.0028001333947133
0.025591912168174295
0.012318466922943055
0.020354004621500894
0.024310280840538594
0.012993864275855603
-0.013597456394131808
0.019892920087302035
-0.016309039049716346
-0.019134059126125584
-0.019288864338946995
-0.02969160449960545
0.013828296600231736
0.020171077298056027
0.016368172301292234
0.012969332124440264
0.02194605418808098
-0.008321642086551104
-0.0035778625345764016
0.025357416349141196
0.0032004635513758345
-0.007433067329713092
-0.020140253240968492
0.006670179693283394
0.023658588660250612
-0.02644783809820913
-0.00013528672583444645
-0.014345240905573962
-0.02345280744793804
-0.010772105380011068
0.005574161333912531
-0.0007122589897153968
-0.021361023783085194
0.0015289630573735863
-0.02804077081924241
-0.010357207294807911
-0.028513881049167966
0.0019506728282268349
-0.010200419744308447
0.007098285751508969
0.00937527274659411
-0.0179290899072587
0.022889319165097698
0.0012527226441780004
-0.0030822037738504615
-0.007347214183391026
0.028719612535698075
-0.0006519936780777086
-0.011241662284652666
-0.020216039162929737
-0.005578345429444933
0.023601212909021577
0.0266761194856774
-0.007453397422295824
0.0030836977777397093
-0.027403899671552254
-0.002579400908593432
-0.0034420680046986715
-0.00421951911888508
-0.02846847183942743
-0.016433383279421225
-0.01445463173422428
0.024893591307685717
0.009405005689425226
-0.029613266803285673
-0.025900186755702055
0.01823477112433349
0.004307593864260141
-0.005447772564312451
0.022519924003718085
0.01922891171451175
-0.024578583530773298
-0.02367094369031037
-0.00293677589808777
-0.007614528027039581
-0.016125358595174222
-0.015144778731287164
0.013603484954047979
-0.02300781078973819
0.00045658842149721643
0.018326376346515134
-0.022811056390475933
0.028836214071085012
0.024990644127349637
-0.010862189547557837
-0.016315090286816464
-0.017249680276243642
-0.0019488429426943454
-0.0021009381162705003
-0.017980503135541455
0.006601086059534654
-0.017631490369703857
0.029794604544920215
-0.023986629473637708
0.008796370450066683
0.02563161254777619
0.01826870905122005
-0.008992114253025596
0.026440712738725766
-0.0006455213526620034
-0.004799549890522375
0.010089588301084668
0.021494996202257595
-0.019591021198658534
0.00883045094087228
0.029021210269969087
0.02479006921218059
-0.013058712938333522
0.01637095814286455
0.00945913414730648
0.006618759152896725
-0.02365710602174335
-0.014566135006887063
0.008836707631791667
-0.016542009417082518
0.02724700265704648
0.018733843716011223
0.013722347079257305
0.021881150438027804
-0.0009635207546964918
-0.024459012427927723
-0.009975797854796763
-0.02639235179038958
-0.005291094857343602
0.004278831839124975
-0.02413271873487819
0.003433854855839115
0.014983836104508354
-0.023874506280922768
0.024845267958796546
0.022485835243171416
-0.00628737354657017
0.006822255718180431
0.005558323961442742
-0.010972488476210192
0.014508580267631584
0.01361706941359795
0.022899980962645207
0.022205487651962966
0.02580217245696534
0.006888738920613285
0.010509911867821763
0.010564496360147634
-0.023674143954358403
-0.0010429213582197026
-0.00888364060249855
0.027135525695769852
0.01598108324336349
-0.016690614757606838
0.01118150908121368
0.015191274255934653
0.023866241302752535
0.025395054079581918
-0.0060834305913438115
0.018661934036590097
-0.008566932989597268
0.005113385895404221
-0.02006755228065395
-0.0069953487733941805
-0.014407214106104098
-0.0018501652903671027
-0.029010579132723986
0.02809935709951781
0.013432498285765329
-0.003414892488104178
-0.026864305249486152
0.0032869090355133884
-0.015451857465054489
-0.002570761044258168
0.024380132432231576
0.010841202597639203
-0.018512240293789534
-0.017145699628682898
0.012097318484750458
0.013599480815407378
0.0011087541184880145
0.01602017348331978
-0.016098762694303125
-0.0016708785542174122
0.01866817517019969
-0.010265940867165507
-0.01829006706974089
-0.0013223509153572205
0.018379171465197
-0.02600115993660743
-0.0009095505690544792
-0.002508837232982574
-0.006293585404416369
0.018743624972803664
-0.0009786485069982684
-0.011548337209463806
-0.02289026017720128
0.019827942084258296
0.023482651492507653
0.019236640963986903
-0.010998301611623136
0.022479371621258584
0.0037381087952910313
0.019820371022629027
0.018942457334927748
0.003402015157814166
0.0289921144139446
-0.029706641291416036
0.012382749179215967
-0.010780422664787907
0.003721905870191951
0.011034617549302905
-0.023623744012132717
0.025410245819338526
-0.013259088735845095
0.013689725448015645
-0.011414694154567008
-0.017623622780694757
0.022865531360965967
-0.02975730752798806
0.02344171932652382
-0.005405700329866557
0.02994325211939293
0.0041526154262893356
0.0034569243884053982
0.0189291489556802
0.0034375787397969287
0.02898894415887459
0.022982451454117495
0.014845193851605251
-0.004452754729253449
0.027852709662099705
0.006070276900327756
0.015068343542753944
0.02621140939122612
-0.02603718806797958
-0.01927290038287047
-0.007729470901018613
0.019025365609580368
0.005023686440235556
-0.007955982226225438
-0.0027527172458165702
0.008539760969414854
-0.02408238547309619
-0.015083315515819234
-0.028509053850613104
0.02083332744800733
-0.018652867991259644
-0.011930707439876963
-0.004953242064717006
-0.020146834535396202
-0.021664834869795542
-0.018667176674909112
-0.010925650626536922
-0.027169859122740978
-0.015035008190158027
0.02150389044233142
-0.007805323264915429
0.004997850534189767
0.01817237851593787
-0.02545332222809294
0.011682927673453691
-0.016113337710497336
-0.0007564792949339323
-0.0238129438432481
-0.0028054952216086462
0.004850794391791063
0.0278140445454163
0.017672849963524404
-0.020380840737221906
-0.02932824517080801
0.007129939294763889
-0.0019532236766602595
0.013920331355392286
0.008045873650095181
-0.009675410496841473
0.01889045725751158
0.02435982243509449
-0.021769315268796136
0.029605179199832875
-0.0007011473081646943
0.01418691415926368
0.006575513510915482
-0.011636204210816386
0.016468317272158868
0.02009683943042361
-0.016025527745326208
-0.0029892943960019326
6.22291275532913e-05
0.02935608421125642
-0.00840103723929626
-0.015008510606149227
0.007423527365681429
0.02784494303696345
-0.0012048595867016378
-0.01219543535444004
0.024857322860558966
0.00959441288129801
0.012359617913658416
-0.015730133462012102
0.004975688861349442
-0.003171806575106028
0.010628365017938943
0.004689410702667159
0.01524935087244704
0.016023897036106544
0.00021733762711104512
-0.011142220670523034
-0.0047172945403340105
-0.01318284380440329
0.015043638199970344
0.024119052517018298
0.015795795320354446
-0.012295577525480429
0.012533603234468574
0.018816381523975766
0.01589116843005557
-0.009735123163714082
0.017953174984905618
0.010392465146446747
0.027517562345478676
0.0262803312469386
0.014709669253198616
0.005085447159249669
0.02991280796748602
0.02040636755930482
-0.00015613021450329098
0.006330892478498558
0.015265765343806692
-0.02494991112186593
-0.019819383357086995
0.003770148634797972
0.02741416695513499
-0.013302293684369915
-0.012725565454601611
0.0022738502115832795
0.0030314108659880573
0.021484818356544914
0.015198755447632897
0.015908997588779887
0.029595361519243933
-0.007648771378819804
-0.013288254778414488
-0.02244019477270785
-0.007543459863393054
-0.024305550837720537
0.01754234333307686
-0.028938131175148714
0.0249153065027361
0.005291002307163825
0.02315415388210703
0.006060078385826312
0.018508527826952018
-0.004040830127935966
-0.006087825419746583
-0.019593117480978958
-0.019256781649955458
-0.01089790835440891
-0.027114727109776773
0.006536831858242206
0.01691448937958863
0.026041138443142056
-0.012874320138983084
0.02551711187365284
0.004561365258476863
-0.000993928455453423
-0.026874201542865687
-0.023461866155529892
0.017149487205431607
-0.010017147510067676
-0.015461850917587613
0.005757690577924406
0.01948405104333241
-0.01985138145023168
0.02451077367196052
0.015461668781674195
0.011102339226320375
-0.024388280416878263
0.00020003729012052843
-0.01063636596169
-0.01506820943884458
-0.01960051125489396
0.014297973601690717
0.02182579934377569
-0.009494591634330946
-0.029640425978190388
0.004476110147549936
-0.017904739002410325
-0.024428278377684045
0.01948007731077847
0.004123199049475411
0.0013866104564674159
0.02699374226172327
-0.025834266006283774
0.029791655549588625
0.006507646447328624
-0.02505819048314479
-0.02949508855955841
-0.0017574874723783364
-0.009999901122987966
0.0035338721126932024
-0.013966792013096075
-0.009492669385571938
0.011485057719572256
0.004798974692603916
0.02431226690612654
0.004427966079104971
-0.01205409334630056
0.0033612886242482404
-0.008159555682522562
0.028322345726510288
0.014816746906577749
0.01932463447877398
0.017515833638982917
-0.017053333751929852
0.02491093563856725
-0.020081899472740795
-0.013314123705695631
0.010855491637458206
-0.020865637361610137
0.009525114053796857
-0.006235938538212152
0.028761753424116944
0.008065470094824313
0.002994525157822739
0.023673896220177883
0.027737451233767363
-0.024813854588678727
0.004259410547293854
0.019642425301120474
0.029551124283955718
-0.003208118942440285
-0.006513474341630604
-0.02072224019530286
-0.0031844821781043184
0.027118597388318774
0.009097461259535186
0.02716248422713486
-0.009827869732482737
-0.0030677518377966
-0.0012335298599179187
-0.024405264961455245
-0.011005523227592445
0.023282297216350945
0.0024067066918781535
0.01813315390103965
-0.0058102454989906495
-0.008365480651045722
0.01772838668258414
0.013198749025468762
-0.016290406635498317
-0.020465545456329462
0.0032954928480553244
-0.016517046822095975
0.016203420714729168
-0.01555219571646408
0.013198502660314866
-0.0062152523023824395
0.006891397184686808
0.0071242397096994495
0.004367789987361877
0.006610861183383394
0.023076537256945473
-0.015060720615079114
0.019973480165403006
0.01829618339683905
-0.005872303785590123
-0.02434877808589707
0.0027657714847860657
0.006137273781493799
0.010860534407139973
-0.025062462943133516
-0.0059284131024924
0.005169181615813
0.029695663530652026
-0.013076274991762712
0.027759367894119688
-0.00105500959554259
0.02720393432257224
-0.01689438720371674
0.0014912674831088144
0.004949241673098716
-0.002598179727992249
0.011249364829674494
-0.014234114510606393
0.029992046593765427
0.0057326824067523915
0.023141619150999333
0.025943549223841282
-0.0009108997200205603
0.02603857969628924
-0.02267282798449101
-0.028186326817730617
-0.018628198560083187
0.01884226177093804
-0.0009611914547849737
-0.026042038773953297
0.023674937117346632
0.015489632691129289
-0.021438394916102194
-0.012641938385593736
0.009367611109132506
-0.003959028421580173
-0.029196558273360287
0.01165822435313315
-0.022644701475241478
0.014619806896492171
-0.02038024800395325
0.026907642016625564
-0.013596695091183653
-0.008167950671873123
-0.004660557660055846
0.005875982893591737
0.006148809360707198
-0.008346754770535637
0.027112783914051725
0.001720928605223021
0.00783631329253387
-0.023598795541018392
-0.016216101680812153
0.02650752727208141
-0.01511099016786201
-0.011287244106619427
0.006501748811027358
-0.014816265066743647
-0.022745646711831505
0.015093970798173213
0.026459608826987037
-0.005629730378973314
0.00010485948969830156
-0.002443208096458163
-0.00190418233658975
0.023870521115034002
-0.02381669050508028
-0.020804746480774954
-0.024780861748794486
-0.009047951066834516
0.0014532454589894356
-0.022635075290185658
-0.011249978157978228
0.014819475786817228
-0.028011314860309684
0.027580969339589423
0.0032627008617759357
0.010476885986911814
0.025478646211482735
-0.010235369747091608
-0.012169765013304964
-0.025697794685966533
-0.009183055492011833
0.016304575535446543
-0.0020051489768400828
-0.004855905330972594
0.026577242303037013
0.028802975396133725
0.0020469086903170328
0.011790585302578156
-0.018276434618967802
0.00856740632559426
-0.013723102000692933
-0.02405207722773373
-0.005801900079185119
-0.02942467169626597
0.007960690090782846
-0.025504009883512202
-0.027579911129319352
0.009071889816304107
0.014825220810582636
-0.020429845690011418
0.017862272487584756
0.002149950873325056
0.029117171234452205
0.016911199913861752
-0.006594407979315424
-0.0028121009111022645
0.004983602800973326
-0.022603920189905913
0.01061040286542661
0.008671546118696832
-0.002092537433058539
-0.025277146222347405
-0.01505028893253294
-0.017672426374456
0.0033196322744508955
0.026305876399902048
-0.013826408115756913
0.018823501800496807
0.029943995178208782
0.026271842893257707
-0.01388497674287473
-0.028382743072800275
0.013444357684469048
0.010544925280943106
0.005758250717602026
-0.011437235306037248
-0.017540937617771896
-0.020994702473652087
0.007563188085428628
0.02028451018621468
-0.005017363183209601
0.008333091149574222
0.012760935614196382
0.0002393799805198958
-0.006715420395303748
-0.011785638916426026
-0.001895776042315233
0.005019079293851203
0.028611103584805522
-0.019698933789627223
-0.02406766860110047
-0.0023246639186413863
-0.019754007902432084
-0.012308865689645052
-0.013740407874063061
0.004256295466100672
-0.012502945478259312
-0.008474801364475995
-0.005002067211860112
0.015671966996248968
-0.018929212583126506
0.022781243263328955
0.011841107764587383
0.018195981910615097
0.004004405298953885
0.009210532036528336
0.016820587427424295
0.008625346002128172
0.0009304528236996762
-0.007035142879214723
0.024959840945523185
0.0018802382899507086
0.01336901746428052
-0.00042358456524143814
0.01371137388770488
0.01544621001320299
0.004776213844525645
-0.01945327958941557
0.014943393848868794
-0.015986091568263194
0.019773848063563283
-0.019854954084672697
-0.023142020496366898
0.024338500611634326
0.01469138945811388
-0.02436443059149567
0.020597701549551754
-0.006876369408964408
-0.021961162025805937
0.025778409736375636
-0.0280255216177285
0.019559925063776372
0.01983073260174248
0.006093872928150092
-0.009017141308648096
0.025677828718069333
-0.02731328553365084
-0.009171365500305843
0.008241129012910124
-0.002301934431184517
-0.0276907523936796
0.01957319024376873
-0.004108293948630451
0.02132875146143924
0.01914644587461091
0.025655507801955454
0.0028795695760091
-0.02235261652212677
0.007375041136833953
-0.013375671843186297
0.0215394308927441
0.004525217944951247
-0.001627817683174597
-0.025326835441649154
0.016038152455473596
-0.020793457583601425
-0.02318806439089373
0.008237711341746931
-0.011307558732082546
0.00141809362117494
-0.012569696416295559
0.007029488022514727
-0.008892120182553268
0.010078563901661612
0.01614692673365665
0.017194138200452055
-0.026251105632467773
-0.02937045749451302
0.026345850341613124
0.013537989659173258
0.022876572569723953
-0.020808356661165588
0.02663885098936601
-0.007713394392050106
0.014690574002571233
-0.0011460153569727988
-0.01581975074142137
-0.025659459757092003
-0.003920054264871051
0.009169842331498881
0.025520619785234934
-0.02327179744512258
-0.008200918454440244
0.021196497169993604
-0.019956210102871814
0.02431583578029141
-0.006911581303556496
0.014147329962905304
-0.016807168837779433
0.024156596584826148
-0.02282996717810283
0.01770993513567927
0.010755288136342418
-0.02469697484210593
0.016692996501017805
-0.010779837485619358
0.028927044291291892
-0.02771276981422495
-0.003765364170252198
-0.014159341326265118
0.011703493788463075
0.018406094493002394
-0.009359905956906014
0.010709410410039776
-0.01384229568306855
-0.005280394463052639
0.010726111124831288
0.027095852304853972
-0.029381718059712337
0.023976357764945368
0.02044464031061015
-0.01446591393174343
-0.009431752474532599
-0.021853515738749545
0.009980883921489395
-0.002072196332687539
0.005935418580633074
0.001489966846356064
0.004022067956745423
0.004319520093453148
-0.027700110105970052
0.026548712365498106
0.022737079231880633
-0.019265004323155067
0.024400235022800316
0.018127755318539857
-0.012927662927058568
0.0005205171030454869
-0.011498682342650841
-0.010560117635087699
-0.008646799727113477
-0.014615989580147275
-0.024992433072418944
0.012570838744094232
0.02146711723040457
-0.014822922221888302
-0.025540144327182854
-0.014628419196149713
0.010512091474753911
0.021965017773004678
0.005014574422508605
-0.01185360137048323
-0.012859353656628277
0.0011552617406566136
-0.002780792046451718
0.011409077468193772
0.012693462452962052
0.018004742471915726
0.0036963547589636686
0.0066677993896192625
-0.02886168271826404
-0.022952006089528562
-0.00396029953969328
-0.013784018240056959
-0.006749877741374099
-0.02572515346792462
0.01974353034824354
-0.010589997351522988
-0.009635901261817782
-0.009639360281728987
-0.025244934035337112
-0.012796298051284256
-0.028520802311106874
0.0031637294912458883
-0.027220797110920996
-0.006051392571675973
0.0018393399092558535
-0.020910459967610547
-0.009276129631295548
-0.0228833026936147
0.015191542122814802
-0.02529834238005206
-0.027066502951896346
-0.0204377942335746
0.006372012813658144
-0.02886916482643498
0.02796989539533492
0.011623189351036234
0.012933848169716385
0.02865246377757933
-0.00994902865591038
0.015004215948052811
-0.02034990076057038
0.0022294382610594243
0.0006093867819723306
0.019239704798835328
0.013141578975851567
0.0060238853351732916
0.008498024639255537
-0.02207108436946404
0.012337530432641658
-0.029786721990251792
0.020113352255055034
0.021823818238761124
-0.008330989565147773
0.017660011938876084
0.01874213581063345
-0.001033447976876694
-0.02619445304672443
0.027814410302682967
