-0.0037453804597747577
-0.004925964816123861
0.004396602561054221
4.659747740111929e-05
-0.00021569298137984107
0.004313132786538045
-0.00321270479467023
-0.003077541657300906
-0.0015891657426946072
-0.0010937594243877148
0.004421443105030043
0.0010775188879806816
0.0033901487315479576
0.0008579692986531206
-0.0048021441696022285
0.00021343075288511072
0.003227846574432585
-0.00034974203514871044
0.0033012879160386295
-0.0033438067439776854
0.00041276874199236684
-0.0027689069795727318
-0.003968112963867412
-0.0021495446823551713
0.0017986271390096134
-0.002786107568297146
-0.0007203433919212125
-0.0018057894015921284
0.003873720058500036
-0.003015091459757261
-0.004740333706009121
0.000706310046157301
-0.0018349395125696276
-0.0025551341731141976
-0.0018449193857799206
0.001617414589668558
-0.004747990107207273
0.001637478939490595
-0.004187597331909947
-0.004313908883284185
0.003951768568700511
0.003914634559376411
0.0021202470527359255
-0.0010327657797821743
-0.0030946161516732787
0.00025072408583236543
0.0014083494688127505
-0.0003993439771234038
-0.0002918673899990742
-0.0022026980715849588
0.004132839187904867
0.0008253807384824867
-0.004536088023139483
0.002146899803534064
0.004786498415401936
0.0035301606008631267
-0.0006074012506123725
0.004535543226411976
-0.004368329865240665
-0.004659926538129451
-0.003055535112672201
0.004590479836265956
0.0022662127422224962
0.0015461515641992845
-0.00040143807527857813
-0.003223930513332961
-0.0027364010235896396
-0.0043419612470255034
-0.0029586800942022796
0.003596714122539935
-0.00029374493272207175
0.003052049993316936
0.004453824702738622
-0.0002847634664419063
-0.0010479411068318413
0.0009455496510948937
0.00278150459340733
0.002184968139428564
0.004855206240926785
0.004426938164271504
0.0028581864528022935
0.0010815208641917814
0.00024663752853871374
0.0007706917727291164
0.0027966836429615238
0.0005015952051839936
-0.00043673905697757306
0.001663454238793556
0.0045889391220974565
0.00376698685539337
0.004631862638191952
-0.004064795112936478
-0.0008210109745183502
0.0006219254674587225
0.004611780609409145
-0.0024857989257883375
0.0009998495975068198
0.0027649977100543833
0.0025326781150700455
0.0029802198687236834
0.002945808653404829
-0.003988006803018244
-0.0018605460492008962
-0.0010855001994520266
-0.002955476903952853
-0.002822012725790997
-0.003553148621178579
0.003000644516046946
0.004018154099982538
0.0011939046972385924
-0.004561702115345955
-0.002602870786833068
0.002887494953279483
0.003794361003208406
-0.000644772813173611
-0.003264880589450414
0.0006792183152222074
0.0004052194005975309
0.000496892394603805
-3.793177346314829e-05
0.003258175418359742
0.002203433205965356
-0.00312692566539851
0.002659743132805036
-0.00306819462676603
-0.003760916401667781
0.004791796746148594
0.0037921784947578556
-0.00041332995368344345
0.003449332224171954
0.0005282171739509935
0.004061530766411441
0.0025638338052280645
0.0015447863821242578
0.0020898445104469057
-0.0008435621150732295
-0.0020502453216552376
0.002229782540626055
0.0020484935243259127
-0.0028842288693388517
-0.0018404533370144005
0.0026753527897848952
0.0011059601706830454
0.0038063492334986923
-0.0030401894605905644
0.0013878328391082996
0.0014643379559138529
-0.002451524925420755
-0.002515634494058362
0.004224221477834589
-0.002935015411744287
0.004901999440820456
0.0020969468562054673
-0.0027163336735339426
0.002381389553833351
-0.0011462904758351533
0.0034085223489896026
0.0020462607684386055
0.0013148955270888872
-0.0005406279544257174
-0.0033201955049779975
-0.004244506620359171
-0.00046827744834608467
0.0022149112436549902
0.0013041519982584984
0.0032221103880638114
0.004725148977068096
-0.002889941329749729
-0.002494965860839142
0.000701092134871302
-0.004175110490274949
0.004104902292991655
-0.004605474512306188
-0.0019745487098930025
-0.0033793185425550097
-0.0004599570399292704
0.003474761592782135
-0.0031046531855043803
1.2564018455982033e-05
-7.048957134653255e-05
0.0027258331005893333
-0.004683583993739592
-4.178876035559626e-05
-0.0034155927844507295
-0.0034442985814698854
-0.002188778530912102
-0.0018027301127229644
0.004535375962969618
0.00446431410938328
0.0004933390755158008
-0.0024027850542847474
-0.0031212505629693234
-0.0016351718199386356
0.002207793476743338
-0.001922767045661934
0.00435013604140136
0.0022693436370457088
0.0046334288886625405
-0.0033765700794386767
0.0012808697767774744
0.0009942941509436046
4.996704749528e-05
-0.002757304449957867
0.00482537698511291
0.0036734538290789454
0.0038648242555999754
-0.0019193288181720723
-0.003466041651346299
0.0016251168476870892
-0.004662820824102844
-0.00454394880161079
0.00023973702278469108
-0.0006874656770470434
-0.0005748885063762855
0.001817400093432315
-0.0024439104318231563
0.004187747678942296
0.0035123084303290983
-0.004508778089725218
-0.003935718530557145
-0.0003672944862758206
0.0025866828889088067
-0.004549669044356896
-0.003998701383487208
-0.0020498072542789215
-0.0036190368365330086
0.001227021413455479
0.0015679337858399232
0.0043650440147029014
-0.003521246643949983
-0.002732360864057337
-0.001161415595496814
-0.003500558855552114
0.004100638579129657
0.001297683561230065
0.004483729099074519
-0.003382836578518569
0.002896491384978159
-0.0032930755065536813
0.004517771165721136
-0.003433387603715746
0.0005769474245671457
0.0010299799944368726
-0.001662493242476598
0.0016655557632373778
0.002019451451957573
-0.0009056785683898873
-0.0031998661847018016
0.0035179507407516906
-0.003012039431584653
-0.003747400538326663
-0.001962722501638298
0.001907101176985229
-0.00044840308331891426
0.003409437340108017
6.739628882767874e-05
0.0006024174767887205
-0.00029027759457222243
0.0006677911868811885
0.004838876419715502
0.0037551860414402312
0.0016062532568309725
-0.002319370336187051
-0.0023494010783031327
-0.001735706888775378
0.0019977114904841846
0.0022204294539022364
-0.00258219600839561
0.0010434116201778225
0.0023908270012632437
-0.003821531308315217
-0.0018050188075371832
-0.00492415895792158
0.0038726081596587606
-0.0018216559424130852
-0.0007626547715672014
-0.0017795778311253487
0.0004884599821355666
-0.003820218065243669
0.0042300359504454195
-0.002512973546548879
-0.0011852617802352418
-0.003005994847105189
0.0012155401719125972
-0.001608989247858501
0.000991520091755748
-0.002840893557566617
-0.003545292272521796
0.003764835822728068
-0.002898191933017167
0.0003499564388764441
0.004531711314692532
0.0028732293294288095
-0.0030594172508130834
-0.0021495517868192204
-0.003516597582111789
-0.000625857320498289
-0.004564688233047617
0.003788783281553747
-0.003426603471627181
0.0008923659444975167
0.0007401642778399045
-0.0031291492361076746
0.001469022915486209
0.001152782211854799
0.0005423776427866209
-0.002509819741756585
-0.0007000687781895439
-0.0037179420260974603
0.00033382971709877
-0.0039810622325194365
0.0005267393674928704
0.0013462494495363655
0.0013619542721580828
0.0001871975942565893
-0.0044087954427357995
-0.00306781329958576
0.002604481799725361
0.002746428310224901
-0.004215048547668264
-0.0005258812391776444
0.004674118931642708
-0.0032847195452514934
0.002785916829782584
-0.004095231212768984
-0.0003081972093445075
0.00418202138355236
-0.0014508215990451114
0.004281285747559879
0.0019465350377582688
-0.0012722055932125266
-0.0024264609417487125
-0.002635513946322344
-0.001949388264840771
0.003790704120236222
-0.0014761187280693867
-0.0028855145337481204
0.003876292246715796
-0.001610074410927267
-0.003697658297952986
-0.001955332316341405
-0.0008935953629794404
0.0018734544957932234
0.004533118295714056
-7.75122458327648e-05
-0.0013299156683239132
-0.0019439218658333789
0.0020289115271836565
-0.0001447523700171642
-0.0010122016008542083
0.0024421852939860893
0.001721340266949989
-0.0021188002689467556
-0.00027399607147138294
0.0007069726892990737
0.0030495218446676834
0.004532931416098556
0.0003525482264424111
-0.004034163423110871
0.0020587314034861007
-0.0029221254902196537
0.0036641327712791235
-0.00242691455003041
-0.0006441963547448226
0.001507730532607214
0.003173105475771842
0.0022502472490802576
-0.0005978770436864088
-0.0008524951522840048
0.0010965622887195471
0.00044510510662942784
3.9472037315414245e-05
-0.0025994909587031055
0.0016193533340991854
0.0029968288073474155
0.0015727776883398504
4.386574742890753e-06
0.0009265449620426084
0.002763147329059138
-0.0048171113812525805
-0.001073979118439843
0.004457390899131009
-0.0030944267676578964
-0.004875237232741672
-0.003732873202612521
-0.004280279092093552
0.0023122260104894935
0.004678445653558744
-0.003572818471909701
0.0006484753337629642
0.0030957955494753412
-0.0037301363043922876
0.004484608697151656
-0.0009323562018995002
0.001785110229887043
0.0009669100755244145
-0.004664093782937068
0.0036139892153807746
-0.000516457486327733
0.003181700852714529
-0.004953638149434698
0.00017210503783928084
0.0006533932614479479
0.004155440060541021
0.0022786749897306443
-0.003138986986337161
-0.0022295412732354102
0.0047471444377292496
-0.001589048088568138
0.004476289486838717
0.001938755342425185
-0.002987096426748992
0.004120745069604533
0.0019359553919535933
0.001762306681066709
-0.004574282984532517
-0.003991365848655594
0.0035035724466260564
-0.00031710649511120653
-0.0009677510367785648
0.001771989166911632
-0.001239825477674992
0.004759360619897024
0.0008123074195773121
-0.0003821611707007736
-0.002355627831129029
-0.0013585255119697593
-0.003896537511179795
-0.0008265967224453056
0.002257420763460336
-0.0015344759433799562
-0.0049286572010306786
0.0009298469943859293
-0.0035766289954946985
-0.0036347615684091295
-0.0021491520134043884
0.004161918907550455
0.003807315765751146
0.0014762009364284977
-0.004488558623495308
0.00041899393954799007
0.0031743937853389087
0.004217699176591806
-0.0030786688999410285
-0.0006157414362041036
-0.0007845274106214164
0.0025116952311534284
0.00446098513815667
-0.004997854198305167
-0.0009341244840528262
0.002984592798985451
0.002622794432631633
-0.00198933690307325
0.00031511912668256634
0.0046078882500816725
-0.0040622818116728045
0.004434797616618078
0.0005178453950105601
-0.0029186335540034294
-0.0005343132369689304
0.001665666379834274
0.004129479914313105
0.004335089822377509
0.0006800566345911167
-0.001029093951986808
0.002220645736647219
0.0016883355851393502
0.0003909354049906567
-0.003913581797818894
0.0025521403849865136
0.0017388357688426382
-0.00015738082715882964
-0.0024875927555545662
-0.0033966687921607097
-0.0027021705879649548
-2.5252707498597815e-05
0.002427627047669415
-0.004773350459593585
-0.004530568402187368
-0.003855538516577429
0.0005814501239106047
0.0007873352024482493
-0.004878225164301111
-0.0037087717766310915
-0.004019159729799538
-0.0004911825673474587
0.002006389367181831
0.0024836859389301977
-0.004607775049132915
-0.0016536507073450137
-0.0006434435663612396
0.0030309712364470246
-0.0035587716628664714
0.0037320634762991025
0.004284151540530212
-0.00267912948002488
0.00184636477966709
0.0008145204019876506
0.0023670722193949167
-0.0035959071953643165
-0.003616499089697356
-0.0015962124943334887
0.002624659433939436
0.0028682218474952942
0.00306174428896652
-0.0033761818646058208
0.0031873757662095924
0.004901234852631901
-0.0035978958480705247
0.0012850174561076276
-0.0009125760661680979
0.00020984050083225608
0.0011266698688119836
-0.0033303344310048914
-0.00246413778093223
-0.0017827461821477032
-0.004083255172412277
0.001956707243706014
-0.0011607485026299603
-0.004136317115379472
0.0015215660306511529
-0.0025598909905287614
0.004445667562625106
-0.001882229958814068
-0.004751095012927051
-0.0017181211402453734
-0.004029964532703119
0.0033561959335623058
-0.0021082706614262317
-0.0015020739171660593
0.003791554656400715
-0.00011554760003474988
-0.004405484675473649
0.0016166004084003805
-0.0018729557353052272
0.0021510450463928747
-0.003628129332008938
-0.004064354315941336
0.0014236066434525664
0.0023445426015017016
0.002433230499812482
0.0019534050325945842
0.0019196828241149965
-0.004273202196501791
0.003259859119193401
-0.0035794007643045168
-0.0008249317897354213
-0.0007983567644701817
6.656025837543413e-05
0.0016398211300166828
-0.0014909782482166734
7.543949414009696e-05
0.0019350932532128618
0.0037327348070600895
-0.0037308630651806786
0.001102525172800235
-0.004880805210868528
0.0036661615147860127
-0.0009498616654002616
-0.002457364348642359
-0.004143135972363686
0.0029978463955999722
5.2342336191363303e-05
0.00478501312187072
0.002736233922035437
0.004874574666655511
0.0011571722858684042
0.000678684932244971
0.0010631238625422538
0.0032370322695162027
-0.002591873563639724
-0.003925307411686123
0.0034285564407314168
-0.00422721130465061
-0.0008772837194330864
0.00041938540771466713
-2.216785435455587e-05
-0.0007206115699575459
-0.004238492898635561
-0.0027754888115686218
0.00029217460706947203
0.003060065386799606
-0.004594410871966417
0.0036642573805135215
0.0011276975520677184
0.00473647326436821
-0.004292548928866074
-0.004208780655686626
0.004543801351428819
0.0014784264487539937
-0.0027641967847060267
-0.004393211786578472
0.0019488994144913462
-0.00036909815904214143
-0.0020223499554110004
-0.0011501560628020481
-0.002960821805452203
-0.0020530347520766722
-0.0021951785383422617
-0.0006982422510299121
-0.004841824724901178
0.0007508723726444046
-0.003937353902047048
0.0012821358667257912
0.0025302270795116997
-0.004648945167928449
0.0021354631102041754
0.001308346718229136
0.0004977447564658765
0.001680414733424244
-0.002121386333676308
0.002312915913910184
0.003697014218970591
-0.004431943602840821
-0.0031355268927570033
0.0009296872801376381
0.0008592087841131921
0.0016174156984716803
-0.0023403494815486593
-0.0014098688116391624
-0.00426990197605138
-0.0017291565274347477
-0.001878919763733926
-0.0014887729943627516
0.00228540577531344
0.0013176449486811395
-0.0005638999691954961
-0.000494000929342102
0.0012631391881169516
-0.003337110484776775
-0.0009517086697339375
-0.0034468461409422335
-0.003159769753477396
-0.002892610936251483
-0.0023794593623708495
0.0005579107889899628
0.0007987488131440297
-0.001140620671646676
0.001967778331934733
0.003598049463797601
-0.0027040187120246297
-0.0034954045484324693
0.0006614349415247399
0.0019358557151945843
-0.0017442539458243566
0.0016823635192478046
-0.00017523643446586828
-0.0034376739258573617
0.0010220665834068656
-0.0026196886369012394
-0.0030457941086289055
-0.0016929536360757924
0.004945655152988933
-0.002235927154332942
0.004768810710606444
-0.00306576257793881
0.0017659840798374057
-0.003596698224700148
0.00024933108102403144
0.0004517631815281406
-0.0021060961280934144
0.0032111501123580294
0.00242010846746441
-0.004280555083464465
-0.0046845227189176025
-0.0013800311091075358
-0.0016028742313906365
-0.004903704398449619
0.004575270528084871
-0.0015409430043406202
0.0032363120785987272
0.003849412521870454
0.004467112019726267
0.0006058915579189826
0.001970794384434073
0.000995279891328674
-0.0007168993751613777
0.003646300055483341
0.004827831855965278
0.004021614179202962
0.003299777848691776
0.004626714786027349
0.004142257330363395
0.0017933474279756226
0.00022599996287628234
-0.0015509261254569272
0.002755973966668864
0.003606880419241257
-0.0033687274307842184
-0.0036437662422999085
-0.002392025046517122
-0.0025270282477777273
-0.0018011401682104123
0.0021286084530826067
0.0031778964008934056
0.0001527393990188898
0.0023875595124216295
0.002007176353146971
0.0025355996556723657
-0.0001602203200834762
-0.0011987598137343301
0.00029609669487069574
-0.004356337526483503
0.004761651942545222
0.0036128378327136374
0.0044281402682076415
0.003231408956242067
0.0015165385649394247
0.000724062186572956
-0.001707658348977552
0.004442010276015716
0.0026930052546658033
0.004666218606972284
0.004696769921126887
0.0015386926281714397
-0.002780727672049771
-0.002298918640365967
-0.003650500209547076
0.0011520178583905704
0.0005708229922569931
-0.0012623350957290547
-0.001888325924987039
-0.0012060760889513454
0.004991213454321735
0.0009483771782578679
0.0031273107448957687
-0.0012892076741240332
0.0019664604487039288
0.002936837328034232
0.0026517795320637576
0.0044020023420194695
-0.0028608926813645653
0.0024166078352479406
-0.001316033183122243
-0.003420658104773742
0.0013152548595813983
-0.003609631442949182
-0.0007084588234493828
0.0011512701143183337
3.47122023335077e-05
-0.004440059139365175
0.0031598533620456884
-0.00382410514318587
-8.704632023379989e-05
-0.004970264973898356
-0.0024289435103498603
0.0028520394345978523
0.0038428802821925305
-0.0036365128071578576
-0.003062527465123319
0.004112927680227338
-0.0029766992230739688
-0.004163484801085355
0.0048176420969039445
-0.0015471683003003
-0.00016987584129093264
-0.004019641868013622
-0.004861121043792581
-0.004385287191013032
-0.0023422606684452806
-0.00019642227853368735
0.0013082925720948194
0.00497965319810506
-0.0008618236414428757
0.0045061437545478025
0.0005421425711678394
-0.003344830764673598
-0.004424180789247253
0.00426419022298058
-0.0023937552815783015
-0.004462424287052903
0.003966896368169851
0.0022400813053679207
0.0036112705654439093
0.002483285006747644
0.0016356405949542905
-0.0014635052302561526
-0.0024729877795395283
0.0041127112792242295
0.0007720976251913113
-0.00282222899399188
0.004381565726380509
0.0008285094204917012
-0.0033293866320266907
0.00154011058379302
0.004060077587066669
-0.0017468114378416076
0.0027680367464908056
0.002426298137034497
-0.0011411183589829098
0.004966059941975013
0.003538557459755904
-0.0024136221248559097
-0.00320537950855199
0.0032771290055497266
-0.0023425937410543928
-0.0001464219249869194
-0.002245638071203032
-0.004978568963969661
-0.004125775451790745
0.0006173696100927094
0.004156039745961698
0.003133339587638781
-0.0021435214825726357
-0.00380174651294632
0.0019846286472427078
-0.0003759937504617403
-0.001659281975865855
-0.003771789668011921
0.002193040858817266
-0.0016294110453647327
-0.0012643390569093572
0.0035957235540074956
-0.00489367329999345
0.002363746765200356
0.0038168284169827664
0.003612975334097956
0.0049359319926112226
0.001969532651052334
0.0015311070109224924
-0.001977288367473775
0.0015131956253299546
0.0027180348286683356
-0.004176920373582389
-0.0006452952754937187
-0.004899083105706474
0.0032708625377068793
-0.00344977553486005
0.0009515548236637521
0.00013359984797942613
0.004020039178058303
0.001439035157256319
0.001329375235546472
0.0004372461915139172
-0.002457298001596017
-0.0019421676455104418
-0.004443939819150719
-0.0016751176034707407
-0.0012449717184936215
0.004470053629815671
-0.0009868081965936828
-0.0007096789545440862
-0.00309042773762355
-0.004237949521555227
0.004342101374724144
0.001400219126862363
-0.0004755685768405918
-0.0013818249129729397
0.004946272071797385
-0.004045785922651394
-0.00223005479815512
0.004650468371471611
9.850613242285387e-05
0.004054531542548948
-0.001010111965730357
-0.003936263872345431
-0.001364855721123116
0.0016711909116361905
0.0006283088011604845
-0.004243514280031646
0.0008572873472194051
-0.0022599641930579496
-0.0022800385552890247
-0.004010628996327342
0.004189104008011451
0.004566322229836156
0.004296075827127768
-0.0026820055015770706
-0.00415200109255059
0.002407251906111245
-0.0016963342068224809
0.0004218254668154186
-0.0021661097589713786
0.0014663540151124569
-0.0013755412523971553
3.432889939039476e-05
0.002666315861137224
3.112715154874549e-05
-0.004221271970194661
0.0010390895882478653
0.0006378882401036953
-0.00367937184507495
0.001841205344153142
0.0004896496817836131
-0.0022627913885139993
-0.0011949051023462565
0.0030109051518701123
0.003771804182636912
0.000555629629259956
0.004704326448146089
-0.004471780711540477
-0.0016596218454624123
-0.004390568118712699
-0.0008975236496374618
-0.0034354169163420155
-0.0029491789517101788
-0.001368536302631348
0.0038806720199258396
0.0005730689837862126
0.00011477002483752195
-0.001871232046580519
-0.004693057144272912
0.00402203031777303
-0.0024985493574892583
0.0023589570384188983
-0.001630990398232174
0.001084529044623834
0.0001253113972313714
0.0031106866939357063
-0.0012349707473068962
-0.004410445011163866
-0.0006424839890012135
0.004331013042123101
-0.0045610548854417825
0.0007795367560071787
0.004113142120028776
-0.0021355370514417583
0.000752693113829285
0.0003203735053168254
0.004341079351742294
-0.004302853366095633
-0.004184559334715537
-0.003173063991125242
0.001171421074653246
-0.0017460764227938998
0.0033738525339938727
-0.0012294057909296684
-0.0032871671974061445
0.004313278358958515
-0.004561162436959657
-0.0007180316820531111
-0.0008342115501323508
-0.003987603778586257
0.004121389397996022
0.003914949990873952
0.002098088124818989
-0.002557060083259807
-0.0025827047866048836
-0.003438205231920528
-0.004358201336017968
-0.0016882227327389377
-0.0009052767200344817
0.0018492257010031465
0.0003818319741115909
-0.0032802785451938854
0.0041263006837590046
0.004381261015683798
0.002645847667316901
-0.0012387248744201553
-0.0020624815974711343
0.0010466515682560984
-0.0007683489812713119
-0.00167504594633073
-0.004683021561936623
-0.000412423704809272
0.0014266794487237874
-0.0037809578604554653
-0.002628290768483019
0.0008840089449605537
0.0018333379525221254
-0.004296476745203225
0.0028536712821119617
0.0031714942260829175
0.0009913947732994493
0.004733790731061611
-0.003352897738757195
0.004485926257096381
-0.004238860597329228
-0.0020910506518732742
0.0019891177327528743
0.0037045447208137712
0.0014247803692645552
0.0012598208448301364
-0.0022889705315140996
0.00033349272950500795
-0.002652943833442354
-0.0049065577220324735
-0.0009309282577647906
0.002184375723484039
-0.004328020275798325
0.0027074275591175033
0.0029647287177160713
-0.0018681398033789298
0.0024905266712107934
-0.001875657996101834
-0.0012040399955752326
0.004393187918814657
-0.0015567928350357953
-0.000637906904003672
-8.643266937347592e-05
5.392763927555052e-05
0.0048188370807878194
-0.004864194976127933
-0.0019599002153996804
-0.0006350611219004395
-0.0030553403304579875
-0.002976473470845992
0.0011581400017295282
0.0021512570736544655
-4.061828036433079e-05
