-0.024156467189490702
0.01758405649865312
-0.024274054730800854
0.026850266969189074
-0.008262079141668075
-0.019559253734070636
-0.01692440138772576
0.003662727829394176
0.00912691068529975
0.028447791447783734
0.005746341564211582
-4.90187129770954e-05
-0.020447384094945734
-0.0012877131464736
0.02900673121341816
0.023291625959939458
0.006658905195660696
-0.0026746441668638737
-0.00395616847634506
-0.012047908744238178
-0.0006579915488177518
0.002112764671714437
-0.024986045003213008
0.020614416344301424
-0.0016992234588958342
0.00867155446110627
0.004397210094232766
-0.018987549691136262
-0.011552299686971284
-0.00016329662291200697
-0.007298975465786322
0.017930508878911712
0.015660701593623753
0.007943950833875633
0.0026525789102056427
-0.007697180351806315
-0.012791647179449889
-0.024592516647286334
-0.011948044008290495
0.019382580572097734
-0.005781001353301781
0.013098901707532792
0.006644529208503697
-0.00018121438836107145
0.02868458892668456
0.009654558998865546
-0.025812655675462957
0.022224451175117926
-0.028363323559861636
-0.00905728406089261
-0.028690493923759934
-0.009641746343279963
-0.028933352334651066
-0.016119726604722426
-0.006475528168150314
0.020340817765167996
-0.019722169947075693
0.00902367504559589
0.001923134317257158
-0.021714161594240514
-0.029377365913687517
0.015699563226123966
0.0034156518536964386
0.011654227591605483
-0.01398093435979961
0.007706290282300195
0.016303401724293468
-0.0028288278901155185
0.011857692016050206
0.005532602394281133
0.022334798236231745
0.026034594567561624
0.01944590027561348
0.0118597840644507
0.012731848302722497
0.015408871425034887
-0.021206344285028406
-0.011332658769541606
-0.026316510523162164
0.008384299880537745
-0.019839345320265413
-0.01949113371392399
-0.009358356922287574
0.02158714580735857
0.02588274738495721
-0.0072254678007595725
-0.008495844607559633
0.0021224492710612067
0.016877118838964512
0.017442688166918192
-0.026126645078455413
0.0016247532744945448
-0.0034013657719242085
-0.023896963969936912
-0.024293443489028177
0.008414548599186729
-0.02056531575881782
-0.008894353621463937
0.022150292227473473
0.02330147526636872
0.02914266422734131
-5.482790175676336e-05
0.0064907691333667
-0.011386280199377884
0.002328624035886691
0.01732709543011346
0.0201952260820418
0.022425395354477053
-0.013731603104994078
-0.013726582693456113
0.018565274179319045
0.015703122554417512
0.012759176094128695
0.01038433286572358
-0.0001595128404101552
-0.01987383832141884
-0.02293510816866587
0.005512690851393547
0.02190489691432182
0.027050292776310395
0.016832381535231616
0.0018106688772448337
-0.014455284652286269
0.023603979640044195
0.02466017308998275
0.0032226462205803413
-0.0018923983443990162
-0.025447434085718507
-0.02130572292446932
-0.01982691796095764
-0.017973433402306567
-0.01685297490428604
-0.020330310476593953
0.027916056554500183
-0.013492082433675192
0.02787617543187248
0.0046289021084320175
0.015671235036857252
0.02057348373762547
0.02315231070588942
-0.005068176144865301
0.007044731834327703
0.024296177797088273
0.02272469878986537
0.029583227258162738
-0.029761833501033598
0.005782126174199785
0.011576098559746284
-0.004745091930358675
0.02883526476153222
0.0015389062323284963
-0.021698652416139847
-0.027240390723880847
0.016881546309249297
-0.02206481070611191
-0.016137151797144735
0.025110024736658958
-0.015536897676964496
-0.02577927882521091
0.019243457206146883
0.027651706596916084
0.011747210287349062
-0.005312923675856101
0.026550905194761783
-0.009176952474449846
-0.025717924307560442
0.009016143168729722
-0.01788379065690932
-0.013097594627863498
0.0034984807959056174
-0.02478970915959397
-0.008328029865497216
0.017868452605542033
-0.02005310281679626
-0.007950056483682775
0.0015469263838151365
-0.01137014481643234
0.02657377458495931
-0.008787114253562468
-0.01403023678040435
-0.010376342320045421
-0.014259210391270014
0.018325087136842326
0.018838553784861684
-0.019601755634985167
-0.021813334471071463
0.019736139138681677
-0.005887280641992176
0.0021942327215519475
-0.012739088580123764
0.0025967776216660604
0.02407243706012848
0.027150356771826027
0.012359022130044868
0.028292028951575586
-0.021530943204548375
0.012413032173278632
-0.028286662585017986
-0.000393344985179539
-0.0173123009722916
-0.012250987415378632
-0.016829904463736084
-0.008122845170953501
0.02277153252702651
-0.0029258581906580206
0.013819119479340544
0.0071374410108560535
-0.010072677244041584
0.010879184814673301
0.028181932468953688
0.024410944876439154
0.027988811402751793
0.012280829199825136
-0.0278342868773732
0.01162973660805905
-0.015566610160628833
-0.007230390127059807
0.013395881238100912
-0.011336253369545583
-0.026747864647576523
-0.027619011094332034
0.02962338505688244
0.0009003388776679215
-0.018631839194970135
-0.021369608691885283
0.016077965011157436
0.025702751708798044
0.022658087315348727
0.02858699860235142
-0.015196667429477922
0.0015797015720497437
-3.1024080914071606e-05
-0.02698703825875269
0.0005879093677799915
-0.020058289959531867
0.029036087091039636
-0.011542021629725046
0.005170125789833287
-0.0007738623456630643
0.02848284752366613
-0.004305964074347458
0.0011854192073480832
0.017577013771512412
-0.014806158969088087
-0.009529111643249061
-0.012723508643640278
-0.00857936833388941
-0.027571745376647132
-0.013074556282461673
0.007534149336319171
0.029954771964179228
0.020528624625548865
0.02505907502071022
0.010853965752893664
0.0036853371053381934
0.01064017762431118
0.008299536287980178
-0.008572555225207192
-0.0007748842242685204
0.0010868479933047043
0.005199254543836206
-0.021071685215431027
0.024610503734188223
0.01876593803330582
0.006248746917731411
0.0007283510781855504
-0.019408219582442515
0.007255179895694665
0.01832954606753657
-0.010847434065035164
0.002290692631241549
0.029543366315439704
0.026171971501096528
-0.014070040659179873
-0.010433741851720722
0.015188321716357464
0.013316898548798722
0.001965694309880618
-0.0297186938178524
-0.011365883712624505
0.016369598711870388
0.027307004702604123
0.022574185040454837
0.027240018540997515
0.025362711364046914
0.008293532297760565
0.010335831218654688
0.02764176953091032
-0.029891494327406665
0.029161438663789806
0.0278270213614559
0.02501687389973982
-0.026293031951243717
-0.005175930848541205
-0.003987301571018984
0.02396261225334602
0.01510525424169401
0.00733717556424926
-0.018268638605330016
0.00554652259177861
0.0014579331775857948
0.009489664201299958
-0.0034177331652061813
0.004160136242090162
0.01287620679630641
0.021333804955417666
-0.010071672489975755
-0.024547715466498993
-0.0029595978430824663
0.015923238315959362
-0.022243866840947243
-0.01609287284177078
-0.01853395679695262
0.020312638793752065
-0.023570611870025793
-0.026431284161992682
-0.011709787679386966
0.013815518632639072
-0.013278902762050057
-0.02693034319953574
0.02378473748616821
-0.021242442336862025
-0.02790516474706122
0.005595052156366118
-0.018444615163352517
0.010567335474983765
-0.0006779440385033565
-0.006091200204781062
-0.025062078485672143
-0.026703528642902454
0.017005837237676805
0.004833507140727611
-0.027205721594572
-0.0024123944636539087
-0.003251910218612184
0.009901524207818278
-0.010129986569768084
-0.010549732163902162
-0.021047274253800336
0.02275701182010463
2.110008907920194e-05
-0.01135662765909315
0.019639896213712142
0.02108046506065759
-0.006272089596504292
-0.0019002172259791963
-0.0035451786146804137
0.0030611533307722885
0.00346512328319358
-0.015290704924850573
0.01077374381984058
-0.01540807596526855
0.0011322032577421731
-0.012279825771668092
-0.00610359757319915
0.012006074590285305
0.022018818873369185
0.02465101148588507
-0.023606458684592373
-0.005973820142542181
0.017711663031842642
0.008063370736025956
0.02346934556833024
-0.02407582995341636
0.023509590635656948
0.009379195835208
0.019575882358115484
0.0035958035665805826
-0.00484878162612732
-0.009463971545884999
-0.028661835139218626
-0.015720188003164548
-0.02658657830361617
0.006564386341075874
-0.027140001875979054
0.009434637053294906
0.012413413264112716
-0.0034002951091999765
0.028660324523783032
0.016160509412998625
-0.012237552086882195
-0.016322861788732636
0.0037655058201341088
-0.007470364571735489
0.008053502660523064
-0.012040490813672644
0.006880445572867745
0.004601092812398205
0.023955674038664693
-0.013861746875676064
0.007090673905251185
-0.014538684544516189
-0.0018745473950892433
-0.028103536218017616
-0.012871983868423299
0.016374446931606987
-0.017687312138546178
-0.013046593407515853
-0.024543681125201916
-0.011203536589057126
-0.018985838144686188
-0.02562330629746415
-0.0007923743263381529
-0.0007711206192247029
0.004809117979659501
0.015327310539780627
0.00705511816750589
-0.019198887917476874
0.017490107960150658
-0.012750071544435485
-0.005889248388020022
-0.025935491664955988
0.009490574088383087
-0.019339112226530668
-0.005023942653450204
-0.009680774267552292
0.027179098507114266
-0.017981474008602095
0.027986662121229626
0.025535856159547017
-0.020748555733355673
-0.011623512486046133
0.0003574779357547915
-0.005830463785078507
0.025812290177725815
-0.02827478196858261
-0.01066228329436308
-0.005083451286264997
-0.024646653749592736
0.005594299059310859
0.013164450513275708
-0.029461401579879715
0.001874805873790783
-0.021843810842294434
0.02131786217843004
-0.02411543529954717
-0.011136668306204935
-0.020823912221987734
0.02180668255541105
0.011865514936117635
-0.02068276994973902
0.027783076706880683
0.023256632053131027
-0.018138196178922806
-0.021663289068041842
0.013675831639897496
0.026275317088889305
-0.022802004407389997
-0.015243801918506605
-0.0056534211549115546
0.02748419819486652
0.028909374255305972
0.018448532266341182
0.0007304333931316236
-0.005712162195758895
-0.020669600667838676
-0.012565041425274964
-0.0042974384898027546
0.02940234826978995
-0.006350004696074409
-0.0138095348265964
0.020836857288411358
-0.01616480540187716
0.02211110484922557
0.02469122354017951
-0.02158686392538331
0.013092257716793385
-0.007842424132227868
0.01728788469132013
-0.025184956345068
0.000682379418172497
-0.010215674201554191
-0.021084362888846967
0.024679983628396462
0.013993904468429866
0.014721807631604134
-0.005098173354865728
-0.02055276517401733
-0.02565738824147138
-0.023992960317436952
-0.02977980798512066
0.02274436274502188
0.015479804293718577
0.02855864384834464
-0.009429941758207251
0.01780050988396102
-0.0048657012374028336
0.021350335452210642
0.023120043999658994
-0.005553448205426782
0.01649717293293649
0.024764347074675452
-0.00468040703113291
0.007321560032397152
0.012065025341397154
-0.021802803679966665
0.018262958443939784
-0.011893725642935647
0.02419600456709855
-0.02319243660972886
-0.008569828829207614
-0.010402561803004012
0.026128449385641135
0.006321213715815177
-0.015294554167853712
-0.017853214136020586
0.02895647513470931
0.01986254114444716
0.012320392477071195
-0.0017480986112546233
0.005005661606106
-0.02538219124928305
-0.019585178495799594
-0.016536044090856242
0.0194481964883816
0.014114978064822516
0.02115745552537368
0.004634509858611274
0.006769406034007885
0.0039036538481695277
-0.01678008098105435
0.005290269023651865
-0.013840498817390742
0.023931804539896087
-0.0013142476870367029
0.023333433581113262
0.007250675849024828
0.025141676923958654
-0.017766394345411947
-0.0014487845734963319
-0.01493650402318668
-0.024397455992090217
-0.02438824572572394
0.009443340947861992
0.0088843972913197
0.003997607501413682
0.022819344546515755
-0.025464060503611313
0.012241697949345924
-0.004906800778635555
0.017701198056077824
0.020381590592482658
-0.01070508471978648
0.004355238468984023
-0.01457190232924208
-0.009333633969506615
0.017030249879184507
-0.027045495486613877
-0.016859953539369192
0.006853119337937683
0.001469870161356926
-0.00011622137958418322
0.009690416766732941
0.0022854634492462736
0.02206572836265188
-0.013656324487619081
0.014895343551272991
0.007515511176198197
0.022060677607874335
-0.014939025210920165
-0.0044987858242388525
-0.02993852345980411
0.005657519821472688
-0.011870879041334093
-0.02555866910785434
-0.0007704100874528913
0.02346202965716193
-0.011716400632756491
0.005931328223928882
0.002072296699556983
-0.01916874775993973
-0.013615003138789394
-0.027487656744186455
-0.023940114362253594
-0.013216038286267818
0.0098586261144296
-0.026785536992886244
-0.02547445507020044
-0.018190213445862486
0.00261719028499538
0.021752379174265132
0.01541492874878523
-0.005528825101696198
-0.023320005007985867
0.008741551740353952
0.005643763966682341
0.019939262996569063
0.024894169309922373
0.021247224590651648
0.029585467868891255
-0.02528924246344915
-0.02069614249337733
-0.02703487551556117
0.0006036339929440977
-0.016035744399237124
-0.026169934401763444
0.017264189342824504
-0.022296224854594773
-0.007663284354113776
0.013150499004065265
0.025650470937383582
-0.02068535138632345
0.0015132505192587548
0.01726930568234683
0.02697346268452227
0.022740316712572824
0.021983833724321014
0.007042874827300143
-0.002482535602995436
-0.018487432027528915
0.014455883004326556
-0.01286063531358433
0.02528520687862542
-0.014256989862453953
0.022854062191570296
0.006390877967708465
-0.0028749768436724527
0.009796281632836787
0.0013631378819278228
-0.02404131751595307
0.024516668389642234
0.017850959077462272
0.024903367044869673
-0.021553028005398957
0.013818352264417674
-0.013527537301926372
-0.020219668793984798
-0.02129212446928424
-0.013539727524392437
0.0190710589798185
0.012457576510720693
-0.005083578620247595
0.009437849328710918
-0.0220865642429314
0.014954233208080307
-0.01720256836260465
0.007813038667149032
0.004102889425254656
-0.010164495849343556
9.70256162178898e-05
0.01690875730652218
-0.02765334263867469
-0.0034638796831931475
-0.006444917800603207
-0.006611672585977165
0.018996299556299154
-0.017079329121869928
-0.005516085265001306
-0.0242631488757983
0.017505426674752307
-0.006434209993310805
0.01852532834535861
-0.026158820262662575
0.017145936178169105
-0.027651093278797723
0.020840251821038193
-0.010893277376954929
-0.00993191818166541
0.0007118586422233363
-0.021808128942823066
-0.022225592681000488
0.006325306850503025
-0.009094421946727674
0.0014076462791239933
-0.012527891638587644
0.029677978634069305
0.015955146846772857
0.0014599004807422933
0.008542881151926501
-0.012063970937792098
-0.011689159939708996
-0.009533809137119768
-0.015975720827164003
-0.009565192180073779
-0.0014975308292864767
-0.014047874193682409
-0.01977286608366232
-0.00955298369050963
0.026905109921014136
0.018861174436873032
0.009151164383171435
0.0007709877881085236
0.01823630000868188
0.029423192490598236
-0.018287324067934013
0.012285709238691676
0.004890070339173103
-0.008452566398987213
0.028618688062979084
-0.0004943780649608286
0.004498117801878886
0.006249173295172321
0.017778032929447893
-0.014629968493598539
-0.01984783465462992
0.018055702441716212
0.02986807541533079
0.02986533967363208
0.0034264752515645452
0.0272315648846881
0.01839857696743944
0.009484449376447754
-0.020331675632619162
-0.01997847658391054
-0.01902812973901316
0.013843875148602136
0.016517141732005143
-0.013043061225222374
-0.016368737369413636
0.015742525345605655
0.02338108638953751
-0.007405977548462655
-0.018065073080025706
0.0016452542527085404
0.027991248667598313
0.02523396992018083
-0.01869922641939406
-0.014117055579160803
-0.0009727290421990623
-0.029208612281996456
0.017606260149414583
0.021364261701046675
-0.024625830030720296
0.00644411920718025
0.00582444589798662
-0.014075131398730265
-0.011617166600902201
0.023523402810441824
0.005695236330124129
-0.013964808821249317
0.014956063361287096
-0.014145250763669775
-0.00024952762175204854
-0.015371466974461371
-0.0281198440155617
-0.018994608111771158
0.013012134138434807
0.021408428409262624
0.010769600808784065
-0.0035530037808915414
-0.019986019919613005
0.006458806383564088
0.007412369607002013
0.02177959306000303
0.027339911516228943
0.0201444394232596
-0.019744863208021685
0.021291336565766802
0.01819364053074405
0.008125032221647642
-0.02500077168258301
0.021407196311968198
-0.007237604673575964
-0.005576930223214975
0.018357586347888408
0.004307839770516124
-0.022153055801991478
-8.855492884912372e-05
-0.004918029960057659
-0.011704647382748911
0.0056886087888105355
0.01124573638119903
-0.024727211099264856
-0.01971708978546808
-0.016012492570380177
0.01951681214183578
0.00452937447862279
0.013201087755181938
0.0031656128826707125
-0.018001037219290278
-0.019787401146886673
0.004839605119125824
0.0003810155139463908
-0.014122152310131256
0.011306525851086525
-0.009183923204459248
-0.01163579170063797
-0.01785160529742086
0.02167810596612043
0.0029710032678656392
0.023328462842381298
-0.013429069573386358
-0.0008655551920786486
-0.004842908362622612
-0.013228577197424044
-0.017338519858794393
0.019735884116639457
-0.0012261436587942404
-0.009862620652121075
-0.01352190341369822
-0.02816867193905264
0.015931402490733562
0.006409725553068006
-0.01782151926937816
0.02808688756165608
0.0028772760413715015
0.019977853335564233
-0.02054644508050838
-0.024264980733131096
-0.019160526375559928
0.008453324875243154
0.016080294936593235
-0.0075342709011340485
-0.023383416320095027
-0.027898522563409134
0.02612697933581582
0.026893431696027606
0.029818785340968844
0.02272902394154208
-0.0198522944717782
0.023739440074703223
-0.01399419388419864
-0.013183194248739965
-0.029864216442927582
-0.009286583718895975
0.00368770190074455
-0.008730229894042554
-0.004926917260635443
-0.023120653809307633
0.02113931562376637
-0.017494187257050396
0.015249084360759946
-0.014317253154558798
0.017903562809523862
-0.011432342847956703
0.0073658553200336915
0.0019173340434857009
0.0073637976394235125
0.0016213924495454418
-0.02021178704766933
-0.0023211589723183615
-0.011284437582477408
-0.02540539354624425
0.018572326686829704
0.02253812100924695
0.02083484752974911
0.01233311122117986
-0.01178841961166692
-0.029692535199487766
0.010504042087649677
-0.02354190478806275
0.002010967824799828
0.02322721174209414
0.029542255726782922
-0.01539322784183335
-0.006448470183867763
-0.007569366660133595
-0.02209586324904519
0.027681291505984362
-0.026131446551176243
0.022988668514583734
-0.020095990129415632
-0.012070072776797863
0.0023891783992632046
-0.010612783388421674
-0.026024411015614608
-0.014311508297637734
0.02715666544061532
0.021290009176113164
-0.0052625698533478905
0.007892956269077163
0.027049611286314668
0.029437856314217498
0.028995293997265838
0.0160892673905281
-0.011603834038575778
0.023057160286251342
-0.027506003972760276
-0.0258225788026771
0.024999844319326628
0.025151660420009034
-0.0008905725907175366
-0.01891646373701609
-0.012039642564508162
0.012719542941479776
0.024374131566161132
-0.02168160517497056
0.021176029921749315
0.008268347209509225
0.012564373278291616
-0.02200739716798588
-0.019073573591330092
-0.018803139871358423
0.003782865311224487
-0.0003234183541172518
0.0012170292551006226
0.024309643035001265
-0.021380375872775494
-0.0007393964546729484
-0.006547050475353554
-0.01352508322434699
0.021161444115118354
-0.01921481105932844
-0.013925051790894257
0.02859317411394005
0.0077651910053782025
-0.0037208338102794163
0.005358417673993816
0.015491918109739058
-0.01209434901732179
-0.007521635484696761
-0.026878462493378823
0.027171749128978823
-0.021915523437247668
-0.0009188170774241805
0.02100958162917768
-0.003413474206934084
0.006332641858476394
0.016574854876908525
0.012169628479339126
-0.0006824845876145479
-0.011108624389863334
-0.023336840195162606
0.020820872637094978
0.017037678395888656
0.02973481451621398
0.0006200529060967283
0.005792420677491895
0.00466254808204912
0.01766226434034298
0.007722019702367716
0.006481939700595185
0.028951623799886417
-0.0018676374076667286
0.014783474389400572
0.024073219678739335
0.01942110917879892
-0.028989440125071837
0.02059782446807576
0.0028473673419509155
-0.00249446704208944
0.011530161195383526
0.013446791249547542
-0.005857706204884919
-0.011909676366528031
-0.00644062124365561
0.00021897312619937118
0.022075996391363525
0.0018511723643530875
0.0028596664647739176
0.026470733179777425
-0.006766209179674482
-0.002499440179763883
0.01521401146346215
0.012064119557650382
-0.013319735314470463
-0.001798134905002604
-0.014164606439659555
0.0277463698056417
-0.001099795071508182
0.006811354569190041
0.017020781800812526
-0.017555840394106015
-0.0035858165311320536
-0.0025216348570246405
0.0059898338543235355
0.0168450538680223
0.010589301449236872
0.027438729344108903
0.006867189764485256
-0.015757004262635127
0.01054042924795557
0.013225077388485114
-0.0038470142550515833
0.015717172762288192
0.014311602869422221
0.019651199835182327
0.009616801424264708
0.01750595532306118
-0.009772235081947831
-0.011881622577900184
-0.018445841769317392
0.003651873081854086
0.02637520974247623
-0.01665927183418447
-0.028949849032906243
0.0022796442411106774
-0.016591497019308087
0.003442130488619098
0.001433373572251935
-0.018142065162010376
0.026044590584798563
-0.014687981243906183
0.013691620339659434
-0.02581665301625666
-0.00643821695856573
0.017435974347786237
-0.020522040015360933
-0.022579330003982604
0.0027582488272597377
-0.009419832514490741
0.018997990404754896
-0.029721827234376844
0.006309324740598914
-0.024760898111529123
-0.02305137211187836
-0.024961335825421357
-0.007111480684189021
-0.017408180683381062
0.010961249164373972
