-0.002774982776068935
-0.0015506438040000835
-0.002853804062491948
-0.0002372354728698142
-0.003217937278763613
-0.003750926418467284
0.0019803306462012806
0.003156759890853977
0.0037246257574240276
0.0020326387726614693
-0.0034349495456977765
-0.0030935918502096585
-0.0046805920603079755
0.0032066066290161585
-0.0024932175019970527
-0.004649304086056426
-0.0014361168300311344
0.0006998726328801578
0.0032443497778790803
0.004763026376009868
0.002801182997005749
0.0011307752479740264
-0.0011835058680560394
0.0038554705479332445
-0.0017911757361246737
0.0034871779239081845
-0.001491054891776371
-0.004662965532438553
0.0005313286020736377
-0.0018654995937998032
0.0011969094126356074
-0.000980126382806504
0.004724294372436383
-0.0010716362347343786
-0.004292718937592591
-0.0009255258470494089
0.004767957695148049
-0.0034844466197767677
0.004360076184374439
0.0033730929648494454
0.00023462033797123395
0.00048587813926096596
-0.001447517150811041
-0.004452937634439563
-0.0010120771493184258
0.002291161758248756
0.004384651310060117
-0.004160311535163723
-0.002777909142905618
-0.0044533797028014745
-0.001921746370785613
0.002987129077370633
-0.0015224287938888103
-0.004613393993543711
0.0012217296809508985
-3.7118755830552706e-05
0.0021139469875798194
0.0017970392514036595
0.0018793691918586363
-0.002223690310135257
0.0013590837273577015
0.003339207018701151
-0.0035382452327563617
-0.0035366509413052106
0.002082155025438007
-0.0022399451117367463
0.0015791910634436381
0.0027033191252764733
0.000976692934284886
0.003597172362859921
0.004555168724812447
0.003577469788810847
0.0015519164949738219
0.003762953428012374
-0.0013760825072694658
-0.0006929447785965137
-0.002056324882805023
-0.0038188357577530396
-0.0015044938623288975
-0.004242726150544884
-0.0008907160604495132
0.0030169184248225464
0.0015837739997334689
-0.004659808374246228
-0.004193346213075903
0.0004876260582649698
0.0008940791377934606
-0.0014688964975682617
0.0009773264982994335
0.004085193609904327
0.004252276717402488
8.120542004599017e-05
-0.003049944199351845
-0.0007899978589782407
-0.00012567912685143047
0.0005461205642593413
-0.002981245916312698
-0.0023502679426278417
-0.004991329893563195
0.003115401028213426
0.0011098338701523722
0.004694504460590078
0.0035922908167706257
0.0025468462289473482
0.0021790559316191118
0.0016937477140587295
-0.0040614740459996145
-0.00016582928717779645
0.0007891064048769925
0.0009251789541243824
1.4391083476590107e-05
-0.0001231924660280168
0.003542622044671766
0.0022779786683302513
-0.0026986817961360955
0.0012656286235570684
-0.0032432475373586414
-0.001224669128954652
-0.0012374250848651326
-0.0011026057257988607
-0.0017080588925196972
0.0042637777629616755
-0.0038829404498561806
-0.0025104280671402425
0.002404452916567208
-0.0007265225720819021
-0.00041817521650933196
0.0009869206324664669
-0.0017575422013387499
-0.0014177259340926686
-0.0011814058340901558
-0.004060245957053207
-0.004059663032188909
0.0019205682945308165
-0.0004415285295371876
0.0013862312881317475
-0.003251811727950419
0.0011009545073467873
-0.0038858685888321608
-0.0014851153740269786
0.0023166167895817416
-0.0003063242204651498
0.0030426942124932117
-0.0027264145360754322
-0.0046858269349577385
-0.00013113070752345923
-0.0008847979502955624
-0.00420713123092694
-0.0027421011982268974
-0.003179501059836484
-0.0002659354167913871
-0.001088584603360204
0.002984933063762684
0.002346504660259956
0.0018219835191564272
-0.0026444050129172713
0.0007345393941057222
0.004059635723529347
-0.00493482744649852
-0.0031224769032204515
-0.0012758121615161844
0.0012153482661042773
-0.004077950100370273
-0.002526997934127031
0.0018400809790193986
-0.0038038795879120667
-0.0043215104745295005
-0.004066142604625567
0.0011958402178877895
-0.0025161039623705617
0.0004368923401861435
-0.004676801461703375
0.004367832289214853
0.0007207279173957514
-0.0005007540399900997
0.0017142017872107283
-0.0032026143918251616
-0.0021306622675754216
0.003032337118214895
0.0027870839635265677
0.0016703538348028912
-0.003670025047326048
-0.003652969318340883
0.0033285030264747556
0.0011238576024773768
0.0038287349986399115
0.0027105857522457004
-0.0021664148176052454
0.0038122831677147332
-0.00023204113286383506
-0.00259650111646609
0.00023101785705133878
0.003753543378330699
0.0036652861462737616
-0.004371789910824011
0.0006407243415873258
0.0025791886985399503
0.003366089421831176
-0.00048793872780095865
-0.001964129073663865
-0.0009572839273048282
0.0006588500130527107
0.00012724414503332074
-0.004131897059982875
-0.0018433920622027635
0.0022559076497373834
0.001050782815579153
0.00013434993187450787
-0.003112811212331904
0.003107715300247859
-0.0021280280786524276
-0.0007245529555901849
0.002148397046802416
-0.0024225663672243613
0.0026575999283287967
0.002725637939813749
0.0008832658315573684
0.002687913991796546
0.0022017815800392335
0.0031848586985745468
-0.0008511161672895198
0.0011167278519538934
-0.0039019121778362488
-0.0028384196480083167
-0.00293574407218695
-0.0019383301090771586
0.0014813962297872086
0.0018280917920324132
0.003238683592607541
-0.001970398974120762
-0.00042189026249646495
-0.004675148919895257
0.0022591975820049496
-0.0016595350135832753
0.0006432223173586096
-0.004380863274521946
0.004724509322436802
0.0017556846456573457
-0.0024701778823912356
-0.002923065823444777
0.000155060116219209
-0.0005003118620412316
-2.6360858268090724e-05
-0.004037855214081734
-0.0036467102788877138
0.0019688369546918194
0.0030282181129174203
-0.004686512409980716
0.0042726096022447655
0.0009784553947518784
0.002748674274521269
-0.00149559367496535
-9.603928346182435e-06
0.004948877572890771
-0.0035210388479305467
-0.0035499766068454617
-0.0010689807484961858
0.00036312603604406885
-0.0026337601376581012
0.0025767439856228605
-0.003920483678420176
0.00033522424370479014
-0.004088353420274479
-0.004865697754440358
-0.003682206582936821
0.00017157659875111173
-0.0043128467955033355
-0.002182052343518256
0.0015924594284971684
0.0034492725409757943
-0.003108666343378964
0.00499891173657738
0.002252299898180864
0.0011425121353216949
0.0010192179071557093
0.0016923136027530193
-0.004687529587151105
0.0015954154785591482
0.0008035254216930731
0.000918606783045851
-0.0029674386619935557
-0.00179927408909523
0.0030044527054837048
-0.0010551751482358283
0.0016135353830146115
-0.0033031589856039687
0.003426625254775194
0.004019098320552867
-0.00419210593165678
0.0026586351183134436
0.004280095718017241
0.004749061669725953
0.0018516266947388059
0.00019911262277309306
0.0001296919093135597
-0.00040815679260562156
-0.0036865138784154517
0.0034344602499114104
-0.004344576617854495
0.0023969948286774066
-0.0005208605386388572
0.0022483166009816804
0.004426803236320044
-0.0032173231146572713
0.0010320495046362756
0.0042769598673669884
-0.000710252273831374
0.0030352207331284997
0.001820972730937456
0.0022663219658354385
0.0030548567388176224
0.0008453306163145602
-0.0013860426160868158
-0.0028857171640491743
0.0002735388094454406
0.0018150296624555463
-0.003040192972915701
-0.0039108631539265136
-0.0015864227674395603
-0.0032644781661343093
-0.0007856664086022067
0.0016411468154884142
0.002962412009674919
0.001981097770306215
0.0010956843818421954
0.0031826693245184676
-0.0026449206098888033
0.002821553954217417
0.004596874789894497
-0.0016346654795031178
-0.002363782546143739
0.0005377318974550049
0.0042209033226405365
0.0014686510963314893
0.0036649024680763713
0.002524982322730387
0.003792274669808017
-0.0036534932378085583
-0.00158346940811643
-0.0013400574906863093
0.00020510784854187343
-0.0021170095186398142
0.0012583001172797583
-0.002080142353107408
-0.00038798648310499513
-4.5979434131145774e-05
0.0007564862255557293
0.002260493531336556
-0.002601817642970633
0.002734301765425001
0.00033231409825058324
0.004407364486534881
-0.0007396536424198212
0.00496998992276499
0.003884418346938181
-0.0035639257451292707
0.0017796925630358066
-0.004725550787785859
0.00435380973238388
-0.0014301748344753306
-0.003717199642251091
-0.003965463995933227
-0.004739786815889729
0.004849080138421715
-0.0028894352107771393
-0.0024194466560188955
-0.0024764221586606205
0.00018110267570000099
0.001471767389387816
-0.0038245536420140327
-0.00482861025878586
-0.00014192465739474962
-0.0011886261400593512
0.004454126474594654
-0.000968405388505675
-0.0005596284042928244
0.00228907847323076
-0.003878020034843578
0.0012254319145344706
0.002059039218903716
-0.0025640662824997374
0.0028842019622975805
-0.003238228651641464
0.002708567668095925
0.0003254954364475737
0.004274845829890152
-0.0022810382912689287
0.002082197622716936
-0.00474843893665893
0.002853864149749236
0.0021233632462361986
-0.0024658608720673635
0.0033455739725239087
0.0024540228726965584
0.0027908741800026435
0.0035058223043558994
-0.004363077509093911
-0.0010007467746880761
-0.0015774708655088656
0.0008066524298549716
-0.0005545254519094458
-0.0015684656514432039
0.004243681741617576
0.001190399760581439
-0.0047306223791277
-0.0013614710118417693
0.00026279784627506603
0.004975528033952892
0.0040840570352013465
-0.0013754604346290344
-0.0003701241239247458
-0.003611414447319341
0.0002784952621156826
-0.0023297884107729384
-0.0034614890646505326
-0.003976503580731584
0.0010238674220879526
0.0020107316926744135
-0.004348509328990679
-0.00293094098126
-0.001441900931469404
0.004471173237816615
-0.0032749618457398634
-0.0004499179439024477
0.0031058797893165806
-0.0017032240115098787
-0.002220670289368604
0.003256011536359596
0.0015016825597388124
-0.0011427092413809881
-0.003017863569549576
0.0008045687243354452
0.0009762942254630527
0.0034635410240866802
-0.00020920180970736453
0.0047296111314292415
-0.004487752606738735
-0.0042351728260890285
-0.00313753720984099
0.0007054237678179032
0.004759678599455087
-0.0035992810577231494
-0.0012591177404249875
-0.000729196517642844
0.0009723600762053409
0.0038494246148532635
0.0036402020156351142
0.0003728036037026032
6.556069207797402e-05
0.002592462374005236
0.0045566428194998
-0.0012026039153904986
-0.0004532322212746154
-0.0007729205926610364
-0.0005029843114784573
-0.0046145316108844
-0.0021567429747642542
-0.0024168182970895893
-0.0024577918773465326
-0.000592012737150099
0.004516664111025988
-0.0005075628451049127
0.0008303672430667796
0.004114235023985706
-9.875723751184059e-05
-0.004137283068762428
-0.0030622368150022695
-0.00040303531482460426
0.0046911241349634975
0.003646893219055698
-0.0045180273426644125
-0.0030742492369255124
0.004401759541041393
-0.0016301389616164797
0.0010652534257169603
-0.0012665657031355015
0.0006772238376978714
-0.002264705388838225
0.0015265803762743411
-0.0034860854531126454
-0.001323629952960992
-0.004005463007779883
0.004908373455174087
-0.0015495654563564432
-0.00037735856648779455
0.0018529829127168244
0.0019411653081251824
-0.0036172602891946914
-0.0045251234297335585
-5.5483514588788516e-05
-0.00011436945779237043
-0.003549043127487389
-9.716214591632549e-05
-0.0015497746519441491
0.002312465488053199
0.002406238501049286
0.00485100908976891
0.002445765721460506
-0.0018407341541138312
0.004482891410284966
-0.00045902462891371596
0.004744623505651561
-0.004225533574018288
0.0012153974619982322
-0.0032482277435509676
0.003969691569613721
0.0004912646256499033
0.002823595867905892
-0.003005898134381033
0.00319021526062811
-0.004920543939148001
-0.003085187478132522
-0.004954308015217655
-0.00330005588731747
0.003208308238795866
-0.003173211369615376
-0.0049158339108072045
0.002636479063699209
0.0028285239093394374
-0.004541509804795657
-0.0010499583020178562
-0.0018206626009500482
-0.0006953492068008191
-0.00391708854136961
0.0007509437003787485
-0.004837521018441985
-0.002040413196310632
-0.0027053637119717213
0.0023978858135963524
0.0032153165682554915
0.004071821137983245
0.000654917954318073
0.002451319649652693
-0.0020461490472390978
0.004283666569024051
0.0038090996230752466
-0.0018407891036248468
-0.00012584974939367725
0.0034112195510541494
0.001678994263767641
-0.004124109739217321
-0.0031591996733176296
0.004687985153234491
-0.0007365192877298275
-0.003417278034374479
-0.0009734228196020172
0.0042208438422885975
0.0025177501560825592
-0.0003543645641961267
-0.0030637095704250505
0.0013183001850301636
0.004692254331982343
0.00346334069735581
-0.0008422454162980587
0.00368051983812876
0.0023196865378965334
0.004434997619445624
0.0034103974724643436
0.002371583403334482
0.004778454950319681
0.004827464271290153
0.003817631378290027
-0.001262602528730763
-0.00120005989768153
0.00046401872118437184
0.004839381127864945
0.001992838062325129
-0.0006931887899138964
0.0014693672787848243
8.356134236466115e-05
0.00048654960773005657
0.0011950232163956357
-0.0022853243355116628
0.00044173655794799583
-0.003010727255900918
-0.004907965914594854
0.0013603492987160149
-0.0017862188210688102
-0.0029204556874157985
0.004439026649930423
0.00041012926700162
0.0008995956852422358
0.0003580862045597334
0.0024649524772928115
-0.0003875096368001459
-0.0038088918376658876
-0.004412845676936658
0.002476692082537593
0.0002254915217324337
-0.00101770724429843
-0.0035430791418339736
-0.003388494113617596
0.0016477450823315807
-0.0009849644649981741
0.0009629149129643591
-0.002819314559507207
-0.004112775826759118
0.001937836744352518
0.003804344717597272
-0.00023356030074192426
0.0038648792857213328
-0.0007052958568434017
0.00321703259347532
0.004733516935150932
0.0020086229903126815
0.0045406327782361615
0.002100839361953097
-0.0014680730444639103
0.003361709467534289
-0.0006808178671354912
-9.374964694068653e-05
0.001940308325648457
-0.0020983968318774348
-0.0024213563329619236
0.0028200695531710217
0.00221796178618566
-0.00020426990317749978
-0.0002160854431823532
0.0013104309545407854
-0.0027863410172681113
-0.004945443932640898
-0.00327948781800649
-0.0030494624706538824
0.004795971392757187
-0.0027399219263850826
-0.003272139692236398
-0.002478014716560678
0.004702304760083781
-0.00233439168238215
-0.0014032191593317833
-0.002949137105635975
0.000304358752803653
0.003475724472752067
-0.004289809095795132
0.0035905418677411776
0.0007352506672788448
-0.0026167446460264223
0.003224403166795617
0.003785749265051308
-0.00025053313693038006
-0.0009397726637415602
-0.0014894455288223065
0.001976867183027064
0.0027221170358318796
0.003290697407442881
-0.003467233929915755
-0.004643739258182066
0.0036957047874314796
-0.003914778902385413
0.000616278911485935
0.0030188947150788193
-0.003726534607917359
0.0007443465554287801
0.003765597567971352
0.0007338952188898186
0.003352007962412332
-0.0013010024535259302
0.0018794343602904938
0.00033466349205409
0.00343512592437989
-0.004887142718947293
0.0008704770173434103
0.0010036239765182841
8.38903997159527e-05
-0.0016815170801672474
0.0018078724398040268
-0.001756022110806412
2.7505859052731445e-05
-0.002972252082358916
-0.0026616350752818184
0.0029769474898525402
-0.004871498076011309
0.002646872697293138
-0.00297764196687896
0.003256605204462893
0.0023608887677118943
-0.0014053901425998792
-0.003389516047456014
0.0003045031597743806
0.00020785614291973092
-0.003881638088902675
-0.004684470160160067
0.003734042127864076
-0.0025394949534612477
0.0035330125880910284
-0.00135903690221031
-0.004710733408776028
-0.004230042337957409
0.00300763116626841
0.0038278957716256804
-0.0035154029131850683
0.0036015378928468704
0.0008327894747388407
0.0015656467836365198
0.0014847658473021762
0.003256788808118391
0.0025627725698874598
0.0043637793717306835
0.0033876530022918802
0.0010291900699332017
-0.0005074590496895737
0.0027768168266613146
0.00030871811333197264
-0.00487693308867056
-0.0034695856988461206
0.0014454375207692098
-0.0010769145673002016
-0.0012203670036290805
0.0013389650482750967
0.0014730475261290317
0.004759136943988122
0.0005183437449250124
0.003281939621779014
0.003307456117402072
0.0020039753998384938
0.0038051441142704446
-0.002388484381366819
-0.0048402848525771055
0.0005107300883218889
-0.0015050638687087313
-0.00446507845808853
-0.0008643902901988134
0.004498485985491557
0.003478702104639458
0.0005198910114161005
0.0028835263082117946
-0.0021742384041587306
0.003986310115797645
-0.002285513104411652
-0.0018088600384296573
-0.00028243494296143444
-0.0019989478546545325
-0.0012456675324823262
0.0038623542711218413
0.0013286663674406318
0.0015748290257769203
0.0021418788085673206
0.004026713076336547
0.0031073484494097076
0.0022322653646616496
0.00024497502214733576
0.0030486244998941753
-0.003770042349821213
-0.002593528857433881
0.0007040004913954779
-0.0030932104296250732
0.0020053905873606073
-0.004227939649264552
-0.00452035106370199
0.0029369015040238396
0.0011897904556260374
-0.002955826835847759
-0.00432010958155298
0.0036706012719135853
0.003317214415071999
-0.003048119857046715
0.004844986464485873
-0.0032411644087506886
0.00170999862053298
-0.0036357885361006483
-0.0030070786228419844
-0.0010355531555179534
-0.003331722720838769
-0.003778383572440606
-0.004114422556452883
-0.0010758573533302803
0.0014532767328624355
0.003375342705544339
0.0018663887784596744
0.001486273061319627
-0.004772082902959124
-0.002622512198978787
-0.004517377363513743
-0.0032830695447254987
0.0040446700961440955
0.0004384793961893004
0.0045571590968321975
0.00010944182437148259
0.004481561060193553
-0.00046442350440607533
-0.0037125972488190754
-1.4004821962390265e-06
0.002046540637935983
-0.0013103124340744453
0.0025054567933000815
0.0016045136329566603
-0.0030244882840897713
0.0034022276114307965
-0.0009162704125650874
-0.0007608619617059343
-0.00032023247160920497
0.004442732495937285
0.004975220338624137
-0.004988950529283263
0.002073319550600761
0.0031907966515190124
0.004081609802612987
0.0015574574762683311
0.003290744952259595
-0.0035934603597400218
0.0004462320894145378
-0.0039806592095988184
0.004219823401782734
-0.0010930296520708762
0.004433505754633604
0.0020811168348361464
0.0008812171872457876
-0.003818870901657172
0.0023849827269884676
0.003565373686211514
-0.0003884914649479772
-0.001289991546646203
0.0030825798355879333
-0.0046501493894422555
-0.003787768175302645
-0.002153299507465024
0.004189772462866227
0.002304257013693898
0.0005531729145067986
0.004302947326226165
0.0038301613583519587
0.0031253561634559937
-0.0030381136114675743
-0.001101363145246492
0.001774555218620055
-0.0031999672932243716
-0.0008144316985019776
0.0012029719679641261
0.0007707191705593405
0.0018181214817296464
0.0027436928579836197
0.0007804133724570771
0.0019530891855597957
-0.004222744244821164
0.0046205697685194
0.004482226090195648
0.0010230031870490782
-0.004784409080528839
0.0037446116892766107
-0.000440056336042092
0.00021155764259616662
0.0031921258984900806
0.00400640953547947
0.0031195706190517503
0.003175368221368216
0.00037572441133540153
0.004753432566444791
0.004535471115495672
-0.0010959625946516814
0.0029017903676360262
0.0029577006592990856
-0.0017509624604087103
0.003951376336899838
-0.0028451867012681343
-0.0015022934845365767
-0.004291167924491368
0.0003589163327394696
-0.003645854323977872
-0.0014994611325380757
-0.0035032103586044696
0.002176084240530879
-0.0013523406198256717
-0.0035777800520928917
0.00407459264465197
-0.0027481292728821836
0.002916187010149421
-0.0005695455646734264
-0.002150612265836166
0.0013221068238990262
-0.0035066552263352357
0.003125343212309682
-0.0033611389481263965
0.000149201468264081
-0.001300711888116223
-0.002435874312518853
0.0006791542137541675
-0.004886387861371764
-0.0018848225552814566
0.004272324894458591
-0.0032658294390397946
0.002473387245940455
-0.00025351380880511264
0.0012701819900471454
0.0008793370801608779
0.001394757946279356
-0.0012198208040886849
-0.0044719998780747205
-0.004860824599641323
-0.0007769781935127876
-0.0017272574868420452
-0.003858372430734067
0.002327688469062475
0.00248719944374023
-0.0010949046859018317
0.00211093509762189
0.0011140854060697628
0.0032870808217643184
-0.004129500131046151
0.004451663430502169
-0.0016840956299033517
-0.0027959756825175763
-0.001502888821325946
-0.00046216848547489964
-0.0006664108124225018
0.004429107049931809
-0.0013636683024405415
2.5952849420192263e-05
-0.0006799697084191349
-0.004233424883942765
0.0037195008670125795
-0.00033720834018554323
0.0027246517070420176
-0.0008419715242997516
0.003328711595226504
-0.0020908157092107203
0.001546884982292514
-0.003928230227642309
-0.002391383287852342
-0.002118656471956982
0.0015805146451762075
-0.00384407374774552
0.00025979995223648217
-0.0020520814437615144
-0.004197379982530256
-0.0031110833929249024
0.0018153053644715663
0.004748053795334504
-0.004040464520030178
0.004935780910367233
-0.002843920286682352
0.0019591232440062667
-0.001502060559627164
0.004879568866250231
0.0036025471235268123
-0.0013060198987361184
0.0032973210123066884
-0.0004812381191622037
-0.003361517103578698
0.003966513834576363
-0.004656622677574229
-0.0016140081090210657
-0.004663285516667007
-0.0013357939319478007
0.0033744392577496505
-0.0007666525096643
0.002287605849189609
-0.0015112716214537246
-0.0022988804072513504
0.0007298599370996507
0.00150796104499491
-0.000742125256800427
-0.004173717584090015
-0.00125235100961973
0.0040444427834261274
0.000929590645887983
0.00471975006312974
0.0032773551355310864
-0.0012464405605980156
0.0032046480744767356
-0.0005651504844479457
-0.0011674162221829154
-0.003916198003788325
-0.0010768059839810998
-0.00037282313523007496
-0.0021186080221299998
-0.004150287094469042
0.00354528971958686
0.0005146743050988807
-0.004498993609442391
0.0022506252428575926
0.00017076733962178604
-0.0042156720361133425
-0.0033239898401502734
-0.004036211307885713
0.001342342514577207
-0.0014177203018245744
-0.002544802817533186
-0.0013702888960362715
0.003441018421700471
-0.0007220260186601513
0.003918204698887128
-0.0043785720668706885
0.000581690531729415
-0.0013870235078079418
-0.003402545094900237
-0.000518590162131535
0.0009980616109086958
-0.002148099703209717
-0.0009255833072978302
0.0008894723708322864
-0.004613484691749444
-0.0034481181693452913
0.0038132831717707363
-0.002198056940775509
0.004957548472460286
0.002663384179853706
0.0048785784302415374
-0.0015960878766965404
-0.003527815955763098
-0.0003519630439767687
