     Energy         Kx              Ky       F.Density    GA.Brill.       Flux  Tot.Power  Nat.Size  Nat.Div.    Size.x    Size.y     Div.x     Div.y   Coh.Flux  Coh.Power   CohFrac.x   CohFrac.y
         eV          -               -  ph/s/mr^2/0.1%  F.Dens/mm^2  ph/s/0.1%         kW         m       rad         m         m       rad       rad  ph/s/0.1%          W           -           -
4.92140e+03  1.000e-01       6.123e-18       2.289e+12    4.112e+15  1.167e+09  4.951e-03 3.879e-06 5.168e-06 1.893e-05 4.681e-06 9.800e-06 8.282e-06  6.525e+07  1.296e-08  1.0809e-01  5.1717e-01
4.88038e+03  1.640e-01       1.004e-17       4.285e+13    7.675e+16  2.201e+10  1.332e-02 3.895e-06 5.190e-06 1.893e-05 4.694e-06 9.829e-06 8.316e-06  1.238e+09  2.460e-07  1.0866e-01  5.1787e-01
4.82071e+03  2.280e-01       1.396e-17       2.923e+14    5.212e+17  1.517e+11  2.574e-02 3.919e-06 5.222e-06 1.893e-05 4.714e-06 9.872e-06 8.367e-06  8.619e+09  1.712e-06  1.0950e-01  5.1888e-01
4.74377e+03  2.920e-01       1.788e-17       1.197e+15    2.122e+18  6.300e+11  4.222e-02 3.951e-06 5.264e-06 1.894e-05 4.741e-06 9.929e-06 8.434e-06  3.624e+10  7.200e-06  1.1060e-01  5.2020e-01
4.65127e+03  3.560e-01       2.180e-17       3.589e+15    6.315e+18  1.920e+12  6.275e-02 3.990e-06 5.316e-06 1.895e-05 4.773e-06 9.999e-06 8.517e-06  1.122e+11  2.228e-05  1.1195e-01  5.2180e-01
4.54513e+03  4.200e-01       2.572e-17       8.693e+15    1.517e+19  4.744e+12  8.734e-02 4.036e-06 5.378e-06 1.896e-05 4.812e-06 1.008e-05 8.615e-06  2.821e+11  5.604e-05  1.1356e-01  5.2365e-01
4.42743e+03  4.840e-01       2.964e-17       1.802e+16    3.112e+19  1.006e+13  1.160e-01 4.090e-06 5.449e-06 1.897e-05 4.857e-06 1.018e-05 8.728e-06  6.101e+11  1.212e-04  1.1540e-01  5.2573e-01
4.30031e+03  5.480e-01       3.356e-17       3.312e+16    5.658e+19  1.896e+13  1.487e-01 4.150e-06 5.529e-06 1.898e-05 4.907e-06 1.029e-05 8.855e-06  1.176e+12  2.336e-04  1.1747e-01  5.2799e-01
4.16586e+03  6.120e-01       3.747e-17       5.537e+16    9.345e+19  3.258e+13  1.854e-01 4.216e-06 5.617e-06 1.900e-05 4.964e-06 1.041e-05 8.995e-06  2.069e+12  4.111e-04  1.1976e-01  5.3043e-01
4.02610e+03  6.760e-01       4.139e-17       8.566e+16    1.427e+20  5.192e+13  2.263e-01 4.289e-06 5.714e-06 1.901e-05 5.026e-06 1.054e-05 9.149e-06  3.383e+12  6.719e-04  1.2225e-01  5.3299e-01
3.88288e+03  7.400e-01       4.531e-17       1.243e+17    2.041e+20  7.774e+13  2.711e-01 4.367e-06 5.818e-06 1.903e-05 5.093e-06 1.069e-05 9.315e-06  5.202e+12  1.033e-03  1.2493e-01  5.3565e-01
3.73789e+03  8.040e-01       4.923e-17       1.708e+17    2.763e+20  1.105e+14  3.201e-01 4.451e-06 5.930e-06 1.905e-05 5.165e-06 1.084e-05 9.493e-06  7.601e+12  1.510e-03  1.2778e-01  5.3839e-01
3.59263e+03  8.680e-01       5.315e-17       2.243e+17    3.571e+20  1.502e+14  3.730e-01 4.540e-06 6.049e-06 1.907e-05 5.242e-06 1.101e-05 9.681e-06  1.063e+13  2.112e-03  1.3081e-01  5.4117e-01
3.44835e+03  9.320e-01       5.707e-17       2.832e+17    4.434e+20  1.966e+14  4.301e-01 4.634e-06 6.174e-06 1.909e-05 5.323e-06 1.118e-05 9.881e-06  1.433e+13  2.846e-03  1.3398e-01  5.4398e-01
3.30614e+03  9.960e-01       6.099e-17       3.456e+17    5.318e+20  2.491e+14  4.912e-01 4.733e-06 6.306e-06 1.912e-05 5.409e-06 1.137e-05 1.009e-05  1.870e+13  3.714e-03  1.3730e-01  5.4679e-01
3.16687e+03  1.060e+00       6.491e-17       4.096e+17    6.192e+20  3.067e+14  5.563e-01 4.836e-06 6.443e-06 1.914e-05 5.500e-06 1.156e-05 1.031e-05  2.373e+13  4.713e-03  1.4074e-01  5.4958e-01
3.03122e+03  1.124e+00       6.883e-17       4.734e+17    7.025e+20  3.686e+14  6.255e-01 4.943e-06 6.585e-06 1.917e-05 5.594e-06 1.177e-05 1.053e-05  2.938e+13  5.836e-03  1.4430e-01  5.5234e-01
2.89974e+03  1.188e+00       7.274e-17       5.351e+17    7.792e+20  4.336e+14  6.988e-01 5.054e-06 6.733e-06 1.920e-05 5.692e-06 1.198e-05 1.077e-05  3.561e+13  7.074e-03  1.4797e-01  5.5505e-01
2.77281e+03  1.252e+00       7.666e-17       5.934e+17    8.476e+20  5.007e+14  7.761e-01 5.168e-06 6.885e-06 1.923e-05 5.794e-06 1.219e-05 1.101e-05  4.237e+13  8.416e-03  1.5173e-01  5.5771e-01
2.65070e+03  1.316e+00       8.058e-17       6.472e+17    9.064e+20  5.687e+14  8.575e-01 5.286e-06 7.042e-06 1.926e-05 5.899e-06 1.242e-05 1.126e-05  4.958e+13  9.848e-03  1.5557e-01  5.6031e-01
2.53356e+03  1.380e+00       8.450e-17       6.956e+17    9.549e+20  6.369e+14  9.429e-01 5.406e-06 7.203e-06 1.930e-05 6.008e-06 1.265e-05 1.152e-05  5.717e+13  1.136e-02  1.5950e-01  5.6283e-01
2.42147e+03  1.444e+00       8.842e-17       7.381e+17    9.930e+20  7.042e+14  1.032e+00 5.530e-06 7.368e-06 1.933e-05 6.119e-06 1.289e-05 1.178e-05  6.508e+13  1.293e-02  1.6349e-01  5.6528e-01
2.31443e+03  1.508e+00       9.234e-17       7.745e+17    1.021e+21  7.702e+14  1.126e+00 5.657e-06 7.536e-06 1.937e-05 6.234e-06 1.314e-05 1.205e-05  7.325e+13  1.455e-02  1.6754e-01  5.6764e-01
2.21239e+03  1.572e+00       9.626e-17       8.049e+17    1.039e+21  8.346e+14  1.224e+00 5.786e-06 7.708e-06 1.941e-05 6.351e-06 1.339e-05 1.232e-05  8.161e+13  1.621e-02  1.7161e-01  5.6981e-01
2.11526e+03  1.636e+00       1.002e-16       8.294e+17    1.049e+21  8.962e+14  1.325e+00 5.917e-06 7.883e-06 1.945e-05 6.471e-06 1.365e-05 1.260e-05  9.010e+13  1.790e-02  1.7575e-01  5.7200e-01
2.02291e+03  1.700e+00       1.041e-16       8.482e+17    1.051e+21  9.552e+14  1.431e+00 6.050e-06 8.061e-06 1.949e-05 6.593e-06 1.391e-05 1.289e-05  9.867e+13  1.960e-02  1.7994e-01  5.7411e-01
1.93517e+03  1.764e+00       1.080e-16       8.618e+17    1.045e+21  1.011e+15  1.541e+00 6.186e-06 8.242e-06 1.953e-05 6.718e-06 1.418e-05 1.317e-05  1.073e+14  2.131e-02  1.8415e-01  5.7614e-01
1.85189e+03  1.828e+00       1.119e-16       8.707e+17    1.034e+21  1.064e+15  1.655e+00 6.324e-06 8.425e-06 1.957e-05 6.845e-06 1.445e-05 1.346e-05  1.159e+14  2.302e-02  1.8839e-01  5.7808e-01
1.77287e+03  1.892e+00       1.159e-16       8.753e+17    1.018e+21  1.114e+15  1.772e+00 6.463e-06 8.611e-06 1.962e-05 6.974e-06 1.472e-05 1.376e-05  1.245e+14  2.473e-02  1.9265e-01  5.7994e-01
1.69793e+03  1.956e+00       1.198e-16       8.761e+17    9.979e+20  1.161e+15  1.894e+00 6.604e-06 8.799e-06 1.967e-05 7.105e-06 1.500e-05 1.406e-05  1.330e+14  2.642e-02  1.9693e-01  5.8172e-01
1.62687e+03  2.020e+00       1.237e-16       8.735e+17    9.743e+20  1.205e+15  2.020e+00 6.747e-06 8.989e-06 1.971e-05 7.238e-06 1.529e-05 1.436e-05  1.415e+14  2.810e-02  2.0122e-01  5.8343e-01
1.55950e+03  2.084e+00       1.276e-16       8.680e+17    9.482e+20  1.246e+15  2.150e+00 6.891e-06 9.181e-06 1.976e-05 7.372e-06 1.558e-05 1.467e-05  1.498e+14  2.976e-02  2.0551e-01  5.8506e-01
1.49564e+03  2.148e+00       1.315e-16       8.601e+17    9.201e+20  1.284e+15  2.284e+00 7.037e-06 9.375e-06 1.982e-05 7.508e-06 1.587e-05 1.498e-05  1.581e+14  3.140e-02  2.0981e-01  5.8662e-01
1.43509e+03  2.212e+00       1.354e-16       8.501e+17    8.906e+20  1.320e+15  2.423e+00 7.183e-06 9.571e-06 1.987e-05 7.646e-06 1.616e-05 1.529e-05  1.662e+14  3.301e-02  2.1411e-01  5.8811e-01
1.37769e+03  2.276e+00       1.394e-16       8.384e+17    8.603e+20  1.353e+15  2.565e+00 7.332e-06 9.768e-06 1.992e-05 7.786e-06 1.646e-05 1.560e-05  1.742e+14  3.460e-02  2.1841e-01  5.8953e-01
1.32324e+03  2.340e+00       1.433e-16       8.252e+17    8.294e+20  1.383e+15  2.711e+00 7.481e-06 9.967e-06 1.998e-05 7.926e-06 1.676e-05 1.592e-05  1.820e+14  3.616e-02  2.2269e-01  5.9089e-01
1.27160e+03  2.404e+00       1.472e-16       8.109e+17    7.984e+20  1.412e+15  2.861e+00 7.631e-06 1.017e-05 2.003e-05 8.068e-06 1.707e-05 1.624e-05  1.898e+14  3.769e-02  2.2694e-01  5.9209e-01
1.22259e+03  2.468e+00       1.511e-16       7.957e+17    7.675e+20  1.438e+15  3.016e+00 7.783e-06 1.037e-05 2.009e-05 8.212e-06 1.737e-05 1.656e-05  1.973e+14  3.920e-02  2.3120e-01  5.9333e-01
1.17608e+03  2.532e+00       1.550e-16       7.798e+17    7.370e+20  1.463e+15  3.174e+00 7.935e-06 1.057e-05 2.015e-05 8.356e-06 1.768e-05 1.689e-05  2.048e+14  4.068e-02  2.3545e-01  5.9451e-01
1.13191e+03  2.596e+00       1.590e-16       7.634e+17    7.070e+20  1.485e+15  3.337e+00 8.089e-06 1.078e-05 2.021e-05 8.502e-06 1.799e-05 1.721e-05  2.121e+14  4.212e-02  2.3969e-01  5.9564e-01
1.08996e+03  2.660e+00       1.629e-16       7.467e+17    6.777e+20  1.506e+15  3.503e+00 8.243e-06 1.098e-05 2.028e-05 8.649e-06 1.830e-05 1.754e-05  2.192e+14  4.355e-02  2.4390e-01  5.9672e-01
1.05009e+03  2.724e+00       1.668e-16       7.297e+17    6.491e+20  1.525e+15  3.674e+00 8.398e-06 1.119e-05 2.034e-05 8.797e-06 1.862e-05 1.787e-05  2.262e+14  4.494e-02  2.4810e-01  5.9775e-01
1.01218e+03  2.788e+00       1.707e-16       7.127e+17    6.214e+20  1.543e+15  3.849e+00 8.554e-06 1.140e-05 2.040e-05 8.946e-06 1.894e-05 1.820e-05  2.331e+14  4.630e-02  2.5227e-01  5.9874e-01
9.76131e+02  2.852e+00       1.746e-16       6.956e+17    5.947e+20  1.560e+15  4.027e+00 8.710e-06 1.160e-05 2.047e-05 9.095e-06 1.926e-05 1.853e-05  2.398e+14  4.764e-02  2.5641e-01  5.9968e-01
9.41823e+02  2.916e+00       1.786e-16       6.787e+17    5.689e+20  1.575e+15  4.210e+00 8.867e-06 1.181e-05 2.054e-05 9.246e-06 1.958e-05 1.886e-05  2.465e+14  4.896e-02  2.6053e-01  6.0058e-01
9.09160e+02  2.980e+00       1.825e-16       6.619e+17    5.440e+20  1.589e+15  4.397e+00 9.025e-06 1.202e-05 2.061e-05 9.398e-06 1.990e-05 1.920e-05  2.529e+14  5.024e-02  2.6463e-01  6.0145e-01
8.78047e+02  3.044e+00       1.864e-16       6.454e+17    5.202e+20  1.602e+15  4.588e+00 9.184e-06 1.224e-05 2.068e-05 9.550e-06 2.023e-05 1.954e-05  2.593e+14  5.151e-02  2.6869e-01  6.0227e-01
8.48397e+02  3.108e+00       1.903e-16       6.290e+17    4.973e+20  1.614e+15  4.783e+00 9.343e-06 1.245e-05 2.075e-05 9.703e-06 2.055e-05 1.987e-05  2.655e+14  5.275e-02  2.7273e-01  6.0306e-01
8.20126e+02  3.172e+00       1.942e-16       6.130e+17    4.754e+20  1.626e+15  4.982e+00 9.502e-06 1.266e-05 2.082e-05 9.857e-06 2.088e-05 2.022e-05  2.717e+14  5.396e-02  2.7670e-01  6.0374e-01
7.93158e+02  3.236e+00       1.981e-16       5.973e+17    4.545e+20  1.637e+15  5.185e+00 9.663e-06 1.287e-05 2.089e-05 1.001e-05 2.121e-05 2.056e-05  2.777e+14  5.515e-02  2.8067e-01  6.0446e-01
7.67418e+02  3.300e+00       2.021e-16       5.820e+17    4.345e+20  1.646e+15  5.392e+00 9.823e-06 1.309e-05 2.097e-05 1.017e-05 2.154e-05 2.090e-05  2.835e+14  5.632e-02  2.8461e-01  6.0515e-01
