-0.009657856699973977
0.006483238571723525
-0.027573330996701582
-0.024442079255498936
0.02511829736119748
-0.017205120777454473
0.014326287676130874
-0.023998962046520543
-0.022177625711144372
0.013588740627289708
0.0016095744263577086
-0.004694133789330011
-0.01800439123414345
0.0005821426736055853
0.00863200641185323
0.022593147393513036
0.0023459031570925923
-0.009765659781198005
-0.009572049486404107
0.019805373919438853
-0.013922697198052517
-0.008720227474191062
-0.011070161427285612
0.01570026829998941
0.019149438980911412
0.011195417323075912
0.011804613770901938
0.005860419387483488
-0.005681757091904164
-0.022594683601630146
-0.018227560156007155
-0.004174546172063108
-0.004303676071455199
0.0005724005977811725
-0.028364401957144687
0.013362025839452257
0.026557110135163327
-0.026710700300903036
0.0010071265033161914
-0.007920869503513138
0.008606764577132837
0.013785430926016182
0.024799281699898534
-0.00046078308649778743
-0.004189021896807185
-0.02840044580953385
-0.01617186925731068
0.012990648290608642
-0.019304481001219505
-0.027750072126439953
0.009878598033446248
0.0001301183286313845
0.020863634235815914
0.01594969833903824
-0.01666114463769092
-0.0034120709277875062
0.0100039464917945
-0.01330147113773571
-0.01282338591064416
-0.02467853227491573
0.008285706902541518
0.024472687345411477
0.0009503091394951306
-0.013919945764967554
-0.0050157864950021
-0.006729067512948276
-0.007125190083452245
-0.0032073648580591176
0.02443423237309921
0.010734618406753216
-0.017454010266654364
0.002598525696229863
0.010699818789794015
0.007725247532917125
-0.011414540317781906
0.008810628090621712
-0.006718602517564055
-0.0035958259884381824
0.010665523619741685
0.028609893615288165
-0.018307945658534733
-0.021145081527394437
-0.006402036032992945
0.02135708190094398
-0.01797769501847938
0.006034576858919415
0.01635439797518628
-0.0015690363552193637
-0.005502054739890162
0.01937035572970005
-0.022240345974759296
0.00472228295412689
0.020626905321493208
0.027627780339154917
-0.0025966363837972538
0.01733650953665987
-0.01705978285543848
0.016655907090054087
0.028305511817346238
-0.020196533354130172
-0.01416193775154816
-0.01825809960682343
0.007512979509751459
-0.024693598413206126
-0.027678627914562808
-0.024902223425020933
-0.011727501279985501
0.011569462139160137
-0.02155530031531854
-0.023987616079058076
0.01443143114673174
0.02363756322169279
0.01852698028594936
-0.016485697582376765
0.005909145022518901
-0.008684781486229243
-0.02423332123454351
0.027518542114000046
0.005902151049321722
0.01879995161284765
-0.02336434591664517
0.0273897156308925
-0.018070711502924778
-0.01622659583380493
0.023397510832167213
0.024449922382958685
0.016588607908570474
0.009620447515276638
0.012848009408122814
0.013738380792520113
-0.014024550960539086
0.00016559798479766005
0.008931844349780928
-0.011756269555058037
0.009238728990504187
-0.01090466706843169
-0.010231594412473028
0.01934143020933344
-0.00260999051549304
0.01652541327860424
0.01916263206908911
-0.003051055725096421
-0.02579527253893713
-0.0259097435397986
0.01557298974580077
-0.011620062734102904
0.004516572204848093
-0.005025542996815971
0.00851209486899912
0.005276631930903809
0.01376510626720541
0.028548786010669472
-0.012297659347061202
0.027314138253296323
-0.026084483630299873
-0.005786958898716318
0.022771506382220842
0.0010820732968284397
0.014339977765741654
-0.026169877292829078
-0.02425621586828674
-0.014546152710941241
-0.027510854645443908
-0.02033781661995171
0.02204945979866965
-0.022719613961933255
0.0060383086393696606
-0.014421957631399555
-0.025241452422569956
0.006734750679206682
-0.008644418444944336
-0.027732854172710517
0.02510606402410373
-0.015068244497467024
0.020027357414792023
-0.007344843939451718
-0.028567716304532937
0.020204214163540547
0.01670279041398843
0.011798031425714423
0.010614706432431002
-0.023671976660536755
-0.005702893646497634
-0.020845404477749928
0.010449377777122792
0.025022352832579267
-0.00960361789143976
0.016000805773076776
0.012326396434444269
0.009832999691942124
0.029710482964637824
-0.01915972118376217
-0.025334056836668443
0.024447696050736767
-8.734413063781615e-05
-0.0258318871649089
0.01613907593386702
-0.004925385578250525
-0.0232012780057681
0.011626800734841528
0.02909957703987809
-0.015872429106571315
0.01397302539491721
-0.016744050570876592
0.013582144188366771
0.028240968626059564
-0.025322990199928674
0.017054595303773526
-0.024384720662503637
-0.0033896613763656144
-0.02385459705581807
-0.0024904616105414293
0.0023446636959789657
-0.02201384304200699
0.010547974624161266
0.0008945027448682107
0.010431066865657208
0.003969501123710875
-0.015266842480995742
-0.01809662969716984
0.0006504694147040427
0.0274583997217685
0.028164317109033873
-0.012929665049677522
0.009471384805138115
0.0015426053695657624
-0.003240736582688652
-0.0013898209332336188
0.027449224872364716
-0.0045102578553483375
0.029342792415124483
-0.005432738098022603
-0.025018067773679875
-0.013399925135571554
-0.024993222430329472
0.019824997878760457
0.017557510366097255
-0.028081001173633307
0.021425660756600205
-0.004171270807133077
0.01975925080743595
0.005892887115509719
0.011425086472012153
0.0193782761436552
0.028039521655379034
-0.004176212493154207
-0.00539876997025172
-0.016022627272864423
0.027692141962183614
0.0025706695560103465
0.025284633527391166
-0.011609400120489034
-0.023586472660297075
0.010229749198060668
0.009316497508609023
-0.0052502429311743724
-0.0013273604791884212
-0.006141674158107041
-0.008875460281814344
-0.022780484416052814
0.024433251826963154
0.026362222760535306
-0.018189843543738787
0.006192616334438808
0.011195224607109235
-0.021612427882283923
0.012222039979240824
-0.00578293619425237
-0.012053094404503334
-0.0004387286198015254
0.018281783570332555
-0.004282428999854843
0.0063272435497463
-0.027221848138662415
0.02848809589436771
0.0138535689532025
-0.010012047354176764
0.003050853841765823
-0.012455743149072506
0.02031747332891591
-0.009803147136770694
0.010970137384233553
-0.02587087259818297
-0.027467342052354512
0.0014735810458540374
0.0190921239656872
-0.0165650116358633
0.015519077164786892
-0.025419447368694507
0.018052225830021973
-0.02592713318378028
0.007963866545046418
0.017570044903232628
-0.018085677306187587
0.012619581157743434
0.025767204393188782
0.002200347095831001
0.013420635685284794
0.02041167077248862
-0.024861154940368696
0.021897555584519883
-0.022432000361661236
-0.011537321930929028
-0.028517418233466436
-0.02520323379385777
0.01510107158498833
-0.0030516701482414706
0.0002608526160555562
-0.02929852910532598
-0.015926647010145432
0.009243332521725316
0.02157301597838744
0.028723919982839054
-0.005800971238137647
0.02315421979628582
0.0013680213118131557
-0.019407064779085124
-0.0038386387322029043
-0.005279976180902125
0.016332878142045947
-0.014012850778632652
-0.0207308023246221
0.021797384609504943
0.026063316649532348
0.00986830872937175
-0.00842537955223055
0.009825595473018443
0.0074177184951289415
0.011893527731284985
-0.023330071518201483
0.0022698291441201474
0.015725480870465887
0.006998220328116721
-0.02359978781198007
-0.007665530464287192
-0.021008267602330363
0.004257868535739839
0.015238610890863626
-0.0027395225782776873
-0.020262803036281404
-0.015132680997109096
0.027104595908422263
0.029072662645354873
0.009598806900092516
-0.0029881991959873552
0.023058943080346388
0.01359966478550887
0.003961925744661719
0.012402168211309426
-0.02855229772281941
0.017247153286091825
0.014507639084090182
-0.02086334560083425
0.008522519126455783
0.020548624913463015
-0.02465699839733019
0.004386500706805872
0.021261511551068035
0.012261723461341911
0.005289020799712739
-0.009541050263307524
-0.004069293966964656
-0.029516261943044794
-0.020983457036854416
0.02034316452081615
-0.02034696908968689
0.008122641498421006
-0.005896753680248862
0.01728542732816324
-0.01089016030040622
-0.00484106998736503
0.023600237976723483
-0.018569374719696857
0.02974408838993846
-0.00032559496694867934
-0.025865086345451815
0.009323111512633792
-0.026172419343256495
-0.013112625996240239
-0.0186659209052785
-0.0299471880403713
-0.027796939070324524
0.007182478069483876
0.027309827721973073
0.014204852497808965
0.024655252343779945
-0.009343826142825293
0.02415813387658755
0.009757264896622778
0.0227669918657391
0.02297613227363629
7.912552276326951e-05
0.0005791209816073291
-0.008615146813949929
-0.02139020015400598
-0.016395152922056448
0.0007858627294434067
-0.016272694591481722
0.025761841296328872
0.007639701805131613
-0.004147719948690159
-0.017801471820313223
0.017812943213160674
-0.0028755706567452355
0.011520043733513077
-0.0025531912572806584
-0.00765761919206525
0.019279707209747997
-0.01955825387675475
0.017437146412951923
-0.0009140223282508089
-0.019553262440516476
0.0231873264113893
0.022494831220192572
-0.0028764005280568564
-0.023602688430508736
0.005406058341254565
0.006690003706581259
-0.007839921788433086
0.018158657201876857
-0.003924038375051765
-0.017160114362517017
0.028041883609133025
-0.025937351079532912
0.020576365901423248
0.004417566642909702
-0.0061924387666329565
-0.0023059340664639202
-0.022095953616493733
-0.025058223652851902
0.005916767522800202
0.012360361509548785
-0.02890756682287972
0.00026904976465540534
0.017408065207387503
-0.024070123138515226
0.013640687233773575
-0.017555092074547606
-0.02326836059750933
0.008345860974986068
0.004565432529101493
-0.02746210533252797
-0.021785880120684616
0.012338698654296779
0.014002033725493662
0.0008874880339410952
0.0018946176293829775
-0.028628668210413186
0.026545105712708544
0.01703176178692585
0.025837650644154574
-0.009961252189251982
0.004889616551477849
-0.002098945782544385
-0.00817636191144842
-0.012320439016846957
0.004000407617977798
0.02813314819671464
0.009709974553222894
0.02474684761788659
0.0066759314561810265
-0.0004281330544288475
0.01911196693278107
-0.014908439609654742
-0.009311068612951022
-0.0275118872332679
-0.01666552679344742
-0.016478884987195484
-0.0075091484238296105
0.010683495708836192
-0.028575865921198415
-0.021753882325011263
-0.017281287485879603
0.019589491514222138
-0.021701817416285407
0.029795592067344008
0.00904156756887705
-0.028907001389040756
0.009128215253047904
-0.020370380652228307
-0.0026431716683777626
0.024942514537873058
-0.01991211166459267
0.024427128389171535
0.015850511738408693
0.0225457740192598
-0.025564652327269455
-0.02196969972646818
-0.0073242347918723374
-0.028933004036571865
-0.00498661487914304
-0.014168078427665428
0.01617943209125685
-0.016114317695553083
-0.017620634985275684
0.013854472948048355
0.002330314451234085
-0.021672865967397207
0.0004323018945929097
0.02964661933609987
0.014940742939966278
-0.01743581908298947
0.0024115091865403726
-0.015530243801860601
-0.020120881214715364
0.0025483530872522364
0.013841109193697985
0.001175181882978736
-0.004886733721153221
-0.015878278137094345
0.028929260498205392
0.006200462440738817
-0.004004227299763817
-0.0026974695903452597
0.019283272856515682
0.0232824227070697
-0.026009113493247964
-0.025365311849081654
0.0011844819232494225
-0.021971182431353084
-0.016909973828276973
-0.025773170714995845
-0.028090693842179687
-0.009716901038029337
-0.0004623808709567287
0.016062020635382195
0.002200813847343955
-0.017760805890135678
0.004934926632042778
-0.0005701919309003649
-0.02233212948447941
-0.00858548093398515
-0.01636113062471119
0.01632339689291102
0.022582661825062494
0.004290882672875994
0.01301914414979257
0.02186154278292523
-0.015308053895606542
-0.0206281696310016
-0.028870679578864765
-0.0252070573974324
0.006252787230577872
-0.013791921235542709
0.0003060214644566711
-0.00757219558745555
0.01717759593985175
0.018915377943745176
-0.01447895129166154
0.006071780781475411
0.0075622162524103045
-0.00021716627279089185
-0.01685202754927228
0.008057760992969412
0.006994026915943703
-0.016877888318001584
-0.018592702679459856
-0.02792415594545219
-0.00534177680364167
0.018526923458816645
-0.011924822643577922
0.027064288494293653
0.028680758898450877
-0.01662621159346555
-0.0007954001659979185
0.010869344444775261
-0.02180766806862521
-0.009109719157092952
0.003613561994142478
-0.027644611583327885
0.012129046290834125
-0.0034235314293456116
0.02585537320003714
-0.021797929313579014
-0.0005588854187157898
-0.02770145220161093
0.020459198632432972
0.011230404284221451
-0.011346039530545585
0.01885362860672874
0.0002818944535046067
0.014028514674615133
-0.019031922938270218
-0.014976375863632093
0.014613808065743347
0.023174493494454156
0.011057958257999025
0.0011552477312411213
-0.007167811599058549
0.022855991606626797
0.004722162956387672
-0.010599488755292829
0.024483639483970726
-0.010618516010404422
0.0030975590132729935
-0.02693112646260295
0.003167567587228942
0.0006391512484505736
0.00870100533383799
0.007594682370897679
-0.010767480297781646
-0.012938865422013373
0.026480704967550568
0.011358827454019442
0.012180102303749635
-0.003903138892440757
-0.012648749374785332
-0.0034897975757186978
-0.019611411722449942
-0.028377637117664136
0.010941017937908581
-0.014903520632873896
0.004777966180872804
0.0028750531752063935
0.002841128897849217
-0.015733843899106863
0.027838968410221036
0.001681354182430872
-0.014767728367731754
0.020052377389008356
0.022129743276051682
0.010143208034091869
0.015062278361815062
0.0024916186511204294
-0.010563909208107857
0.029824422573911394
0.010823798561472163
0.02823611791425238
0.010260964936793654
0.025366652965681073
-0.004851215795799783
0.011571270673698175
0.021464936816504313
-0.007317990858126882
-0.014861687588551057
-0.013316124965199648
-0.004036100932311083
0.008221079160232535
0.0101738605335824
0.020367021571563455
-0.014058223326392803
-0.0006364428277958883
0.0017253669132951122
0.004477148532338805
-0.0017449975501728117
-0.028982211212174622
0.012200761605449716
0.0018352597007452037
0.008463799264857533
-0.016483622702647915
-0.02693851621850016
-0.028112996001225223
0.015753479956522133
0.007353172697256619
-0.01714802390625344
-0.0023102492263571105
0.01613503419554295
0.011498181066320605
-0.006138498285797652
0.0025522896319852134
0.00159500725722405
-0.029544227630275706
0.005142940653984747
0.009110780251607234
-0.010893443383424909
-0.013219070704542629
0.011866393820908878
-0.020881049796188246
-0.002546309430345811
-0.02425064312331548
-0.015145069031285244
-0.0018886296417564598
-0.009459874080923105
0.0035287895426730637
-0.019453035972565015
0.014991741957034295
0.008872044812543167
-0.011854169289729162
0.021259034998145535
-0.010709955086362605
0.01940876296059558
0.004374884197027647
-0.007396901203922897
-0.02193634265172535
-0.0186822664065327
0.027616434205654773
-0.023735603518689773
0.0220037066093381
0.00609003402253596
0.021244452511781586
-0.01690845238336098
-0.02711222707696704
-0.007160582613917908
0.017251137997531016
0.010008090387800511
-0.0033755452591166073
0.0067817183005226545
-0.017732325393671346
0.015670571653272222
0.022155389046889913
-0.007864107659940042
0.019996058892689926
-0.007343029407571103
0.01960738369835681
0.020871588080863583
0.010741596663448233
-0.012048355931855832
-0.0044061718168266414
-0.021064862612477066
0.009227199903627005
0.0210694638512711
-0.002702613531907462
-0.007012737650038552
0.023457229337100843
-0.02423576208762848
0.008459753954030737
0.01872334133141943
-0.001975359503363028
0.014057695346959345
7.766624835501071e-05
0.012428539140296194
0.0001887600788384354
0.024050415713025082
0.010457904308319124
0.003530149181045078
0.028534866678033996
-0.024351037675773568
-0.028407195855545023
0.0011712275392985472
-0.022041791739467326
0.01773570880070681
0.012105940911091774
0.028467137590174253
0.026322204628235875
-0.007929591760758355
0.00491938868918456
-0.017454102965746003
0.02549481269283136
-0.023824011405955154
0.027243387592012093
-0.028763996755882162
0.026183646479136777
0.020089872467606497
-0.010798516472466522
0.011829375655538793
0.006185942657258796
0.00497451781980246
0.01416821121083111
0.01873376826098362
-0.027613501252160316
-0.014424788988361447
0.01934977803311369
0.014449006002125876
-0.02915331849322135
-0.0011306235215769525
0.01537876215778805
0.027958241788232932
-0.02879467683588576
-0.014617926109851041
0.020765194377583222
0.006443396679753632
0.010858223682267396
0.011426987507503143
-0.010097414636755949
0.014674201829574934
0.013979044526441511
0.018377916560739206
0.016141989774247613
-0.02653358171903942
0.02662053115239999
-0.016888526914373817
-0.024594087527158408
-0.008098624788177883
0.027278907518442697
0.002867281907263111
0.017143050095025897
-0.02792596394869867
0.023559050369181454
0.023109245619126625
-0.020865836575910957
0.0019805285577794707
0.016516654798589325
0.020001389321087366
0.025719225457276236
-0.016410035356069722
-0.01009836355832942
0.004366987584622582
-0.00521590304844979
-0.015045070556968302
-0.017744783617980268
0.018798806825555563
0.009918997656761117
-0.02156583894892422
-0.02133627843254557
0.012761465593341785
0.019934050883327926
-0.015176477201124909
0.0277177993813693
0.002793405572984277
-0.012044422599753909
0.011088074340363338
-0.0077467417784859265
0.007565179508641544
-0.011651360163743019
0.009756706121623215
0.022925265982869168
-0.008879877415391303
0.006548639104333204
-0.029360238259464728
0.023465550413650373
-0.027473299011243728
-0.014619208047803147
-0.017619692654276466
0.027608466760807367
-0.006976827492487209
0.011664041906985632
0.008077966043270032
0.028985045940681853
0.02057567446132836
-0.013709301681828719
-0.007911152252303946
0.02887926151084859
-0.027969136947568543
-0.0019577358754422174
0.02262085735312975
0.0012694762766754103
-0.023634544594380833
0.018674615484347762
-0.016407894577863964
-0.0004653242177561391
-0.023459785756313488
-0.00308916603875789
0.01879680883524553
-0.019537440235198753
0.02815082288649825
-0.02296969947238929
0.010988789122709959
-0.02277168922679642
-0.00841738129367995
-0.0053782356868221914
0.02767582218001792
0.015083932815827608
-0.028092421266248186
-0.0007047732623072477
-0.003694857966208231
0.0278344834638695
-0.007949104875470885
-0.01056406417058562
-0.020328256805855666
0.01244733502542978
-0.019584485125181753
0.027408078184261483
0.029254074979716237
-0.0043488841285532764
-0.006571711687442534
0.010324743916981453
-0.007656800211131295
0.0084880263258071
-0.01302427246834699
-0.00888924508737492
-0.012143219411439091
0.012303363490826627
-0.017871710701538708
-0.018523537592081155
0.023132563373546057
0.004336441584398748
-0.004283427302797221
-0.018029920981402894
-0.0001819135835724392
-0.004954176734595153
-0.02059884306259637
-0.02199701756202407
0.0034074899308620815
-0.02558681051016425
0.014187772468986691
-0.015312564365748533
-0.026013512524220763
0.009032248506929207
0.022969180578586684
-0.02643205076858221
0.01099306289011208
0.017316742499159064
-0.012924314867508994
0.0046704755763173275
0.0037002498138729856
0.012006288407603191
0.009380608849818957
0.01900577654827206
-0.009747996848730973
-0.014380694936385385
-0.019872862903357644
0.013585177070623719
-0.020822965477265486
-0.014411661994766468
0.015199124380091425
0.02173185167573443
-0.0026757968025148786
-0.027778508416426508
-0.027598223831688147
-0.01175117264687877
0.01849729590523618
-0.02613870496573682
-0.004080674063617999
0.00657210892448884
-0.01135017979779493
-0.003985778190552378
0.022202216950148818
0.0005627911411867463
0.004025063337182284
0.014853384619965625
-0.011759405023061692
-0.008035897657909685
0.006829079263628246
0.014080961055704395
0.00024172962134901
-0.012276479803619702
0.009977586326216807
-0.0023340324705873605
0.029857300842526233
-0.02552890241792965
-0.023054096300469423
-0.015746311750371136
-0.029152750414919198
-0.02815613791274754
0.02655276297415634
0.0166330171079963
0.01120382512785021
-0.0026588792534681938
-0.018836539332357138
0.017563163239225833
0.020737921035455978
-0.028598893582284932
0.019125866993660985
-0.02157076391868306
-0.017690273078637485
0.028817975687111377
0.028151500462322662
0.004955525884136898
-0.007574120650283369
0.011486470258624051
0.0058804550786189305
0.029825658981057816
0.028480118967078118
-0.0003379893750346426
0.0027105232695064443
0.003153510989416193
-0.016566290350366532
0.020092281832988286
0.020217965649119686
-0.02693705233448299
-0.02390950460521032
0.008363717943771463
-0.01748536066853383
-0.02621751359191069
0.017922706826470194
0.0016373890224332596
-0.013186269496829404
-0.004533697719897024
0.0077801270794552735
0.015381192343252505
0.002774907054558122
0.005609685709558887
0.028180599230684146
0.027996149283058956
-0.017187609973256454
0.025639943309226823
0.009636188391234146
0.026443828712231644
0.008814179475452329
-0.010018279555718941
-0.013852432303753347
0.012259225330946331
0.02012259455502944
-0.010315672432448499
-0.009286169018433939
-0.017131782403064212
-0.015881181593337505
0.019624659780607852
0.021350455121755194
-0.020870788300939257
0.012183275292921951
0.016926432902739715
-0.00016931460916297034
-0.010308773066357798
0.013748444535742324
0.00608931337208074
0.021809412240403787
-0.006443692498342386
0.015087782174127762
-0.012436821167054617
-0.020000245379726257
0.004659800681917306
-0.02267149534284514
-0.013941489955235361
0.0015062380970997657
0.029961029809310785
-0.0043183130222857816
-0.019438040278093136
-0.01366338406633599
-0.0006006701106076109
