0.0008591746151118572
-0.003923725852923646
-0.004540957891021731
0.003359551557271418
-9.244454415589277e-05
0.004880346967702822
-0.0013951824530360878
0.004872791789182662
-0.00245050828329251
0.004487705122864922
-0.0013148274688792017
0.002570476240725693
-0.0009289226187943799
-0.0007232443165784818
-0.0043291763494606224
0.0016057613473316025
0.004120447653830643
0.001183515964683587
-0.004694894325856921
0.0011421139072228716
0.0008280404465315352
-0.003432071926051822
0.002498012737150445
-0.000488852713964978
0.0018849313275039418
-0.002502826992369204
-0.0022213547727760884
-0.0025499015679188333
0.002296699620653534
0.0030517498653902545
0.0023638538475996
-0.0012506019133057154
0.000623091829292979
0.0018205420199641229
-0.0023667268721225053
-0.0007919971864425134
-0.0016200849921566163
-0.0026600426586619107
-0.003310815132271452
0.0009376848763064131
-0.002147995342173358
0.0040113687742374384
0.004228306028156894
0.0003820666143107788
-0.003178197131224722
0.0035472730458448115
0.0035140275705577368
0.004379248125926215
1.062010860462554e-05
0.0003503426049808276
0.003789451960179226
0.0020327934303952166
-0.004702492561977716
0.0011664834282400748
0.003330034110274607
0.00011676544133471401
0.0015896037015914553
0.00037923889435622846
0.003615098980242007
0.0007413517047715531
-0.0006412532022608023
-0.0014043181311339326
-0.0020641745213373975
-0.0034568295814730813
0.0020894865219597382
0.0001621831311660639
-0.0038915415918182083
0.002403470954137896
-0.0008633570169747189
0.0012578751787652139
0.0008503160942921672
-0.0031711753868514684
0.004856260983773561
-0.0024874724197965705
0.0033558122546980046
0.0045313667056587235
-0.0015168911985291244
-0.0039018100212100263
0.004316979103359789
-0.0031393735163144742
-0.002615857301033641
-0.004428739437738463
-9.427811489412258e-05
0.0029446312472176306
-0.0035215467079511157
-0.004701738422136342
-0.004244420094487226
-0.0049894652809579975
-0.0018219598750899425
-0.00010986891075054697
-0.0037251204449599462
-0.001633602551014046
0.0021556680487051297
-0.003995674233389439
-0.001772421442479616
-0.0017858852129371892
-0.0013052427128746715
0.00021361057095336568
-0.003358014247363427
0.0022141490865046666
-0.003000812343379733
-0.0008416370979058242
-0.004141954635067219
-0.004829054867218262
-0.0015224908877426268
-0.0018925848628471133
0.0025687553656031934
-0.004671261257047683
-0.0012962712942939346
-0.0006733436887465935
-0.0030715276929000235
-0.001332897417137483
0.004141466459303301
-0.0034463551038129573
0.0011054462808835434
0.00423470500222434
-0.004443341555459449
-0.0006843095658022533
0.002191452754942148
-0.0011196405141187305
-0.001327338762735335
0.00372136411886207
-0.001835340348286251
-0.0033614644903315494
0.003506003871873084
0.004925704191330438
-0.002490643949650111
-0.003581139886863733
0.0015870953431671442
0.0038627832750880347
0.0022412131688740212
-7.359129201480949e-05
-0.004644082807048266
-0.0010725346863988327
0.0036443522710085203
-0.001642292028838388
0.00030948949012315173
0.003285368147892042
0.004292504677107053
0.0011280293276670255
0.004682709002784645
-0.002867537231684344
-0.0033079293495621854
0.004462257221025186
-0.0014067298268559516
-0.002600239403897261
-0.004759406258959364
0.0008371682641454435
-0.0010787641835460328
0.0028091900407938852
-0.002037206806022678
0.003115842911361965
-0.0038221166698637135
-0.0036497669492728977
-0.000195145054867776
-0.002772070589679485
-0.0027109251620967933
-0.0002896128825859842
0.0010370308975061427
-0.002307496928269217
0.004503193096465591
0.0028291575947841175
0.0028517947372492377
0.0006031795235177436
-8.031232049436707e-05
-0.000758424076136451
0.002383330385885788
-0.004859927696308979
0.0033386079913246
-0.0012711958941642619
0.002516267912590346
0.004315871195490438
-0.0030454431678908025
-0.004453943339014041
0.002288754211611027
0.004638940780378434
-0.0039008537809507695
0.002972899404710588
0.004373539530667061
0.0018238200865392275
0.0008171319702407346
-0.004202964361867399
0.0036670581640302633
0.0023422473675542193
-0.002434438107838811
0.0035888683672652176
-0.002208285557753508
-0.0008701405066284086
-0.0027987621751143156
0.002070048812649351
0.0032215846525505054
-0.0008843471714261274
-0.003984391264205173
-0.002918332817041549
0.004181823062310123
-0.0017047539111671008
0.0005564021324614785
-0.0013807822441193095
-0.0038515840963746894
-0.004349424702449814
0.0013249811862345827
0.0006566366542947845
0.004464520975655621
-0.004902913088641876
0.004104252123018656
0.0009679856141212783
0.004775803517084288
0.00033075134295795696
-0.0036586784088457535
-7.612461838592873e-05
-0.0031862689362576312
0.001934410145658677
-0.0044449714477098135
0.003587314267654659
-0.0043268195135778
0.0020537401634124867
0.0027559765483046285
-0.003651027556559128
0.00372500296360219
0.0041965944664012775
0.00048782022788404576
0.0016699242736717109
0.003839587735412213
-0.004530562661578787
0.004719245307009771
-0.002487543665390478
0.0016396706029421495
-0.004775442048400366
-0.0012346699642739544
-0.0016486760907459186
-0.003998205904459982
0.004301495410112211
-0.002548863669463708
0.0016216500797708875
-0.003554098739592002
0.003935022540107763
0.0007567431142785179
0.0016798167227576478
-0.0024914989247387777
-0.0007469749467276287
0.004265840616721555
-0.000718511400251102
-0.004504264848000717
-0.0007105096742650472
-0.0006556651620912967
-0.002841304480159803
-3.043948831728434e-05
-0.0038180913474270507
0.002943466051281177
-0.003313497135283841
0.004836305227132485
0.004957262980870771
0.0043662752672045625
-0.001603580160700311
-3.517580626724234e-05
0.001357204163341238
0.0004943862692346687
-0.0019333326225204894
-0.004683204962582219
0.0013576446662485796
-0.00018669782775256917
0.0007150157186959659
0.002184968736976282
-0.0025001372161458837
-0.0007238803108335964
0.0013951001356074565
-0.00041916473860537876
-0.0019307779608943821
0.0022214977827880638
0.0025497131063829817
-0.00021427987625713494
0.0029483780882184627
-0.0011260661460999566
0.0025306863735755133
0.002261005179474065
0.0046515293897829305
0.004647370376608913
0.0004136344268606644
-0.001067546054473162
0.0005491981452489412
0.0033456830981868175
-0.0027650891763602147
-6.323021143739196e-05
-0.004267396449655633
0.002660800133114315
0.0029600010612711577
-0.002351526818935696
0.0006345480383684477
-0.004618995571235379
-0.0019275388233807545
-0.00207719902528393
-0.001831622686027269
-0.0029380560240454723
-0.001588248527290924
0.00029558948428390006
0.0011053372556398874
0.003957883077407283
-0.004980497280779266
0.0009441921664286737
0.003120358703297593
-0.0023037939889346726
0.0019110466503597977
0.0024338076561199427
0.0030486159373426984
0.0011510383501138408
-0.0012134452245131677
-0.0017394567673156935
-0.00047786692928456723
-0.0031325665448555537
-0.001703008992954671
-0.002176539229158628
-0.003396255510864461
-0.0019927314433117816
-1.1776449678827829e-05
-0.003105063572513226
-0.0014581787828837033
-0.002306920262905843
-0.004769432694498906
0.0026850960847054585
0.0030760001751195263
0.004140134992555213
0.0013283764894540017
0.00422000082862983
0.001228715601585625
-0.0024343509892908346
-0.001830918598740273
0.002562606540707487
8.585941991101891e-05
-0.0015446725823050579
-0.0002183613844228575
0.00211611874748561
-0.0009274782298932848
-0.0012010065578410833
0.003464773069029388
0.0023339321214012453
0.003775149908595207
-0.0010366493838717883
0.003412637603365856
0.004679712200746936
-0.0020336502678545343
0.000156450463483844
0.004534092279246909
0.004424536383992791
0.0023040673481679232
-0.003903347731148279
-0.003856033267015867
0.002398608577354763
0.0013838397666766852
0.0044453480379208305
-0.0009916954737704663
0.0016887832332653178
-0.004114109505415706
0.001303165647447804
0.0033496533859814657
-0.0030832554816135147
-0.004574342593015443
0.002769590208256464
0.0003982433623929936
0.004615886598441691
0.0004585003430462786
0.004662655039476815
-0.0021013757642530917
0.000616005748139129
0.004581111175783365
-0.00455335162757808
0.004399356811553192
-0.004451115976332715
-0.0039673770675431805
0.0007225147194546014
-0.004113288530079631
-0.000783847126502102
0.003745368351530329
-8.031692377725129e-05
0.003128919326184099
-0.0036608384620442505
0.002666107396232912
-0.00010490507211788694
0.0002945431598796568
0.0030777966157477634
0.0022230021333399875
0.0015431706329769156
-0.0026470272072985934
0.00475645366836843
-0.003162381101665909
0.004970330597117374
-0.0005962731982347503
-0.0028387182413254163
0.0028240993135534307
-0.004176722933477779
-0.0013805160440915664
0.0022750648808424036
0.003661043657109303
-0.004722678219081275
0.0008085450715843165
0.0008365539580200664
0.002910360174434987
0.001964184017163452
-0.0017132112176123436
-6.3528350387098e-05
-0.0028691976215681958
-0.0031631638064854905
0.003060886449442873
0.004144772485228049
0.001416750948493366
-0.0006302843290327395
0.004010281420747897
0.0031868867407719255
0.004511804056897397
0.0018703997811893806
0.001682123533213429
0.0020958951360683896
0.0017058835895908276
-0.004393861583991152
-0.0007722196187618761
-0.00030906033912008433
0.004050897018610136
-0.00010310709983963554
0.0034371384342194106
-0.003559590229340777
-0.004564255064833843
-0.004451527875066108
-0.0016526033904561842
0.003397713700386042
0.0048105900856041115
0.004883512800252297
0.004959018980710079
0.004983512111187167
-0.003670550758936797
-0.0029682829605881455
-0.003390532267585773
-0.0031343672580739033
-0.004111201431419739
0.0010799083255759578
-0.0033538686362017157
-0.003311749358260425
-0.00105396147801751
0.0009886576471279393
-0.002489857475009427
0.0021892041502483747
-0.0027650575459564454
0.0034409589740378695
0.0019190919662348902
-0.004797324441401905
0.0023998178892268816
0.0013822999352884578
0.0021190878836140105
-0.003539230306904513
0.004310790965443778
-0.0009960091410737828
-0.0011487480841193554
-0.0018853945690731145
-0.0019621151940727864
-0.0037418583657885807
0.0029338380300199625
0.00026331934541659174
-0.004486360205763902
-0.002659321046227111
0.0008141125871367564
-0.004788562258114521
0.0018721369305719346
-0.003798397749107636
-0.0028348998924279177
-0.0023304570206476682
-0.0018940675806922449
0.004811006864306507
-0.0029057135517109333
0.002117398311358547
-0.000398795327612932
-0.002665543338277583
-0.0035526159308078044
-0.003069499951566985
-0.002519169484184288
0.00020760695403116997
0.0031788065953340756
-0.0024088794815703986
-0.003048076532934887
-0.0016889771378609886
-0.0003031104944214401
-0.0035684895499190038
-0.004379033156446377
-0.0013568390734453374
0.001184659038962971
-0.002819211548883859
0.003152335806668442
0.0030680017198539784
0.0039226869837606275
-0.0002940488199445826
0.0014207812256256712
-0.0025859786786486217
-0.004860148597095655
0.002642361904956224
0.0039353448111170706
0.003914820355040407
0.0036813352976733165
0.003917777447541179
-0.0007341938126764532
0.0026073791263973856
-0.002000165631999952
-0.00044561769023411697
-0.0010312313580152681
0.002930910833757819
-0.000708500153782282
1.7764787110081948e-05
0.0003006175070220749
0.0023228009517321695
-0.0011707000156758697
-0.001866609923789351
0.0006679446589187531
-0.0013558958563825874
0.002318714209975632
-0.001737176579691292
-0.0012771757825686446
0.00031337994256347684
0.002975958249868187
0.003942280673484034
-0.0004011871768514544
-0.00161153561186427
0.0011171347073388313
-0.0002180538392484643
0.0030919790365672864
-0.0033034185863919105
-0.004803723842699264
-0.0005720605265422916
-0.0003738294689199142
0.0010397134904300545
-0.0008550449673556367
-0.0026537128173377976
0.0006758169610413187
-0.003881632679723107
-0.0035467530391310063
-0.002364054962453691
-0.0019626896586988373
-0.0013724472237898757
0.0021158592884208986
-0.0031621960490666066
-0.0028881555752251586
-0.0026114132784420775
-0.002794000623420823
0.004813013928859023
-7.377804858097175e-05
0.003832345953277648
-0.004189576289953586
-0.002555806857199302
-0.0041074543147057024
-0.0041076465405065115
0.0033888979402382563
0.0016396536508681689
0.0006458890403867558
-0.0047866051693692966
-0.002573152276397168
0.0025981247419646783
-0.0027386769067165163
-0.004962108147929824
-0.0008969874768785299
0.004177551319692497
0.00428487341634243
0.0026272710806956303
-0.003616361302799016
0.0031087839042428537
-0.0006397341360225564
-0.0035561026723685465
0.004095431502406976
-0.0038255172261704553
0.004351195095224514
0.0015299952440878247
-0.0010509241256230805
-0.0012433086839161987
-0.0034255928543254644
0.00039098727113323975
0.003053536654713752
0.0017506131958854951
0.0013116791940593446
0.0002996158708485309
0.0015151696198457453
0.0018163719230659308
-0.0036572826021430494
0.0008149341233820518
0.0020946459348347643
-0.0021818041778492183
0.0031788688507730497
0.003452765564639291
-0.002929075387193958
0.0027849966032667504
-0.0030101646869508305
-0.0019477509591791452
-0.004524047196664397
-0.0011606181486277889
-0.0021510002106121928
0.000135142437208244
0.004529509016315673
-0.001979066321832614
-0.003620300432144209
-0.000597804138881006
-0.002731399579749706
-0.0003945159540573555
-0.004049604950996563
-0.00037336153647731136
0.00480632067066399
-0.0006440842892479646
0.004117969002105559
0.004434331969490254
0.0022225852684594214
0.0031755527723860205
-0.000702891135255743
-0.002470017498429711
5.088917827401635e-05
-0.002482782904784867
-0.004359926169825355
0.002502004071032728
-0.004684499175517592
-0.0017259389479561647
-0.001913244876204092
-0.00010424514637017573
-0.0008387286593098528
0.004035111129520341
-0.0027762080643483366
-0.0024912407291970205
-0.001043145176702267
-0.004611438955517366
-0.0021579453828713692
0.0006823725354908839
-0.00236307657359522
-0.001584662204717402
0.002893187362326562
-0.003109798764532089
-0.004838114856882954
-0.0011757737039269135
0.0017329150336504355
-0.0006280054528425361
-0.0020900774983975403
0.004697703284087046
-0.004709992927275822
0.0013517230421936808
0.0019869305620830455
0.004493587109541814
-0.00034091960218238584
-0.003776308017396244
-0.0014369885544543671
0.004279901851559604
-0.00453230081102865
-3.537125778539478e-05
0.0005020993797449661
0.0032174422589190425
0.004420858882617861
-0.0036744862450595983
-0.002729890899628934
0.00016762091210039028
-0.0018806531047817453
-0.00039979653477258473
0.0016558555119547099
0.0024490120902585797
0.0037709652413202748
-0.0030514934127786786
-0.00047502125050752873
0.004648647134362791
0.00030775093970850965
-0.0026851169076493966
-0.0018895325867024273
0.0009023367473790797
-0.003215817732262635
-0.004906079814390334
0.00446718573698751
-0.0026531792507622667
0.004709004999642097
0.00010204240438182587
-0.002318085533003337
-0.0009405764569834973
-0.004819637024527781
-0.004946045390129415
-0.003943901926621961
-0.001137506749139631
0.003839597498169767
0.0024727576366894684
0.0026166289688118504
-0.002781888270981975
0.004557994355630924
0.003542331524260453
-0.00024157145724181678
-0.004884336651255653
0.002995798584456983
-0.0016596552727835634
-0.001487397624129261
0.00281917507921143
0.004290769543271442
-0.0017191541549113863
0.00026983050824314157
0.0031194981727247
-0.0029337869944522765
0.0030173414251935286
0.002010417474537323
0.0019141998194956659
0.0010144550216924795
-0.0033168888180227984
-0.002975374643153048
0.004413460774617098
0.004119383723260781
-9.905600445779018e-05
-0.0016497238478221767
-0.0010627533131400291
-0.0016467572502305151
-0.004428783953670884
0.004329934771078588
0.0030103498708690555
-0.0009545538388057084
0.0012620598952668956
0.0035653934046849184
0.003501254761617989
0.001825864296924896
-0.002426033006661098
0.0003762992270732457
-0.0002869674514723898
-0.0015726999866798987
0.0021469625343245365
0.0003322303576483096
-0.004534477483661412
0.0012940458635484816
0.001596836135493506
0.004301552326515267
-0.0017747018644006661
-0.0032449370330080575
-0.0037141559964879254
-0.0010506410246122243
-0.0012465208726123536
0.004468015802999706
0.0022748699492077277
-0.0018373036112239705
0.00014465625517855012
0.0013365705243232762
0.0005451382442844552
-0.0036195035174444333
0.004263324952695771
0.004910983300481183
0.0006727239198391832
-0.0019296059606832595
-0.002965317668000329
0.004910895810748856
0.002487417211392856
0.00424136325004226
0.0032737933858266116
0.002590838870691816
0.0030516049830110496
-0.0024616276742430465
0.00014735241382449107
-0.004667513705319327
0.0008900843367194
-0.0011036990376880407
-0.0037606204479476582
-0.0004152953966316368
0.001303665290101421
-0.000657135164194236
0.0029402937765908794
-0.0037269651995494413
0.004568679411026159
-0.00013657132953399844
0.0035605232630594426
-0.0004219488273173311
-0.0019603758001172965
0.0018461588770138622
-0.0022337995320957783
0.004070540479492451
-0.003098422123545097
0.0012846901963024064
0.0011426902615402365
-0.0005508904027408694
0.0003723646176961963
-0.0011426935408667582
-0.0017450942458053908
-0.0010750685434028021
-0.0009988154782843827
-9.976456146859169e-05
0.0049236003417924895
-0.0028883781348286353
0.0045426144668439675
-0.0015155038173123702
0.003976139952795519
0.0012980500397628634
-0.0017651781248041233
0.004018338881060834
0.00408138906004474
0.004960299281436092
-0.0004389591476331254
5.570259177144904e-06
0.004668680173294329
-0.0027325157994889573
-0.002042121745975325
-0.0007005816180957955
0.003813654261773992
0.004828524212647816
8.190104132531524e-05
-0.002863616174623357
-0.0014237380588120142
0.0005889579095186611
-0.0006974802716920823
-8.912273518423518e-05
0.001053754932682843
-0.004395652873281781
0.004046942722340719
0.00031470659225607284
-0.0022017383545292458
0.004803860477319822
0.0014802961136038371
0.004584932488588341
-0.004256093597313819
-0.002718025989164915
-0.0018702288601199213
-0.0049419377073567665
-0.0013994724064098673
0.002551379441777272
-0.0029196772957794936
0.0008764197061100175
0.0023033413372477987
0.003311207115232309
0.0042914220541359184
-0.002553908137651555
-0.002529494606232183
0.004031187813790937
-0.0012950917246695882
0.0009964299254198615
-0.0014387723291659294
0.0006588428811158996
6.51812594832336e-05
-0.0031611986025108685
-0.0022605905137795513
-0.0010933108377295352
-0.0021482793059879822
-0.004668155506063237
-0.0024042144613132554
-0.0015474168481594752
0.003436554412396529
0.0017238224463036432
0.003964511920236015
0.0031334369130169423
0.003884546326905251
-7.960242471746846e-05
0.004406803755060849
0.0033998013748287896
0.0020578606524614936
-0.0018942255224323724
-0.0011903234269397245
0.004804242747843942
0.0003949004960243528
0.004809229132573285
-0.0049050156176342905
-0.0012076797901351766
0.0035465403726139726
0.00105565642161899
-0.0035423095492397405
-0.004221797165947096
0.002145891647944119
-0.0010654452827651376
-0.0001909108172430153
8.69212843557102e-05
0.0006660468653060846
0.004595420936268587
-0.0006519422992381984
-0.004954159629276015
0.0006786924059618256
0.0003644080767302039
-0.002186856681619199
-0.003555818626205083
-0.0021838673950029144
0.0029037501947723953
-0.004258678678939679
0.0007956796558155777
-0.0037638736102858683
-1.6919135253378598e-05
0.0010555732319732945
-0.0025140381924003063
-0.0018518119806825396
-0.004492714783004091
-0.0042081309273205225
0.00488159705781964
-0.004666362006960515
0.0017545852576614828
-0.0016906210344363624
0.0037596452336000194
0.00249560671659533
0.0032217172484986676
-0.0006980271276131348
-0.0037477140207645013
-0.004007172956627075
0.0033501161878969525
0.0025970444244969226
0.0025295989743792206
-0.004411777332110111
0.00044765544449114434
-0.003991582840043787
0.004253477708960877
-0.00036020151797833046
-0.00283707960457832
0.0012580461989275381
-0.0007813651636236641
0.002479857641231672
0.002891937049071507
-0.000717346512614828
-0.0038458934177100015
0.003444034356612305
0.0018974573849546393
0.001798203206113673
-0.0009945512939663805
0.003817321721198555
0.0040248956487417735
-0.001767438839311263
0.0038654078699151178
0.0010892948239167345
-0.00033185341774447097
-0.00418935772537154
0.004787637318991826
-0.0009315800047851571
0.003763834345856645
0.0016003894329160205
-0.00036289539300588675
0.002834722737870909
-0.003588762999613089
0.0017514447289061963
-0.004549441781431798
-0.0013169456136308886
-0.0020184189912043726
-0.004638812784507403
0.00040249228103660193
0.004272856239127379
0.003788433882438053
0.001416586288958013
-0.0026000338869827254
0.002492664789929
-0.0009489460001499746
-0.0015640619658486002
-0.004572627642166474
-0.002020040208350864
-0.0010098081481623835
0.0044303670578995135
0.0036889344840684143
0.0039055131257569363
0.0048586639331009715
0.004245335395302673
-0.0009155146131120092
0.000768814038087773
0.0041238414964558006
-0.0017104992219525582
-0.0007353349796761256
-0.0013573879640598053
0.003718255727061896
-0.0004379040669203003
0.0011755345755314625
-0.0027469645041756983
0.001924430188546886
-0.003767540520223378
0.0032626783211686097
0.00019840292270501773
0.002237117256854879
-0.0016383987578340088
0.0015291941398250068
-0.004959957052461454
0.003006150904542415
-0.004700539722427272
-0.004132053401953454
-0.004767490296013089
0.004226457215800383
0.001779623274852463
0.0010448184930096959
0.003079148787261457
-0.003475477020357598
-0.0004871838747617383
-0.003082508461756888
-0.0025325964398725132
-0.004680671934742539
-0.0003350374105872342
0.002038035282012624
-0.004894681647949122
0.0008325610364195088
0.0047557256576342905
-0.004116794730426243
-0.004410026304687613
0.004602341425477372
0.004191103723404445
0.0007290159959691487
0.0030627492923482507
0.001605947667604207
0.0016620941647832854
-0.0012630722556959363
-0.001933576180672818
-0.004014603727311579
-0.0024416309436371742
0.0009225960309260893
0.001972350319204029
0.0010519369313245043
-0.0032501767107569923
0.0006891013594746394
0.004056722810179661
-0.0005623082908958951
-0.00335502947087954
0.0011673032354262607
-0.002310068553699577
-0.0013054386264007558
0.0040688697887989725
0.003176498100978176
0.00026556731864577337
0.0007426845832902342
0.004634242908588435
0.0030476206821734323
