-0.0014253679784716443
-0.003953414624199895
-0.0007672042163938417
0.0040959714310725885
-0.002395830332261819
0.0017003950931511972
-0.00390726255225368
0.0011788395332452753
0.0019062130305314475
0.0033582054067641228
-0.0037911497708723483
0.0016669486484628283
0.00386045202127057
-0.0011743243195187648
0.004508253250199293
0.004628091116851537
0.0012173388423954226
-0.0029084114856639145
0.004765193055320413
0.0021931981846642053
-0.0023283910340239976
-0.004116853217565608
-0.004979262291575521
0.0016452947856445254
0.0038186784332729677
-0.0017658589698698545
0.003586559864897954
-0.0010011752867710123
-0.0009575124986843262
0.0019128003195062696
0.003239215009966468
0.0015351456066330978
-0.0036142459611356393
0.0010149449267887797
0.00193276857873979
0.0021390492683914606
-0.0008139908444712539
0.0014959285565543127
-0.00050854226744519
-0.0019870194396073805
-0.0008223936635442198
-0.00024191830023371792
0.0029540797945616553
0.004837025479832074
-0.0023233598900227605
-0.0019962691312053727
-0.0026293536618796987
0.0046540674483760884
0.003976068508888246
0.0035186052032223315
-0.00140700328957694
0.0013401859729507302
0.0006883695433913296
-0.003568119505175533
-0.0018936570178406365
0.0020198957442349374
-0.0011540832715633133
-0.0012399506767879066
-0.001734073419345943
0.0032563127856724714
-0.004880239518862588
0.0007435956586384004
-0.00027084523293203697
-0.0034917599076848696
0.002554103468890738
-0.004128589031113652
-0.00028010555816026985
-0.003520044617276772
-0.0017758175796770805
0.004487318100861465
0.000402543218446425
0.0022527262645815503
0.0037578984710866454
-0.00286913397328902
-0.0038146953507239723
0.0027678214171189116
-0.002220825552117447
0.0007217949456561597
0.0014980850350285917
-0.003972139453100677
-0.0038804690353693196
0.003921296597298829
-0.004228715701188508
-0.0046503946209551575
0.003153823758079907
0.004926547658660537
-0.0007964136000556442
-0.0045157057878392835
0.0021094675174652524
-0.0010060397187013678
-0.004927349148212478
-0.0030637187881192886
0.0032710898858384846
0.00032774593206515504
0.00020504500138937998
-0.0015790350497231508
-0.0037549762359570136
-0.004262487998663412
0.0031555897358892327
-0.002115193588940504
-0.003182838058466029
0.0015128863052566218
0.004652221171422495
-0.0027019230314938246
0.000939716204010491
-0.0010285691866122604
-0.0036056604555353726
-0.0021923392058632797
0.0014435183557698272
-0.0022787769747804687
0.0036326838850109034
0.0025597150499888158
0.0014517844042834143
0.0009182397740970464
-0.004400572020608153
-0.004866340546179125
0.0028193837636543715
0.003813121629281044
-0.0014127064560108048
0.0022257089855249757
0.001519511568381181
0.0018323552015454417
-0.004854135498436989
-0.004748935319237741
0.0002031047482936076
0.0008777577069456382
0.0035858526327821163
0.003651890827127133
-0.0014750401411776693
-0.002626979128547985
-0.002589922185885426
-0.004543313885076885
0.0029166658692387744
-0.0036803165024589936
0.001752347194084231
-0.003930577521727902
-0.0015338884589321169
0.0033161837900857532
-0.0020935105735389358
-0.0028695434706840837
0.0005338203345840965
-0.00016989710860139222
0.004782462780995281
0.003764140404339841
-0.002746831475667786
-0.002504620923498514
-0.0010834972794192118
0.0003563138384603962
-0.00045835820333983007
-0.00035905228008503275
-0.00020175183050496516
-0.0028680542934354913
-0.0026780452645900512
0.002731284280908657
0.004040074388089852
-0.0017733158786850589
0.00011638032729672197
0.00233285357034955
-0.003510453459956822
-0.003822099024087774
-0.0023512269440531565
0.004985090567572272
0.0007168705259294698
0.0006638904030346867
0.004425955856998151
-0.003412198815879104
-0.002484354654859695
-0.0011555046322381714
0.0016108990790541858
-0.0026350523625343126
0.0025576391476194015
-0.0027531481720512686
-0.001465127955746871
7.405790223480053e-05
-0.0034584137155040584
0.004939750314556395
0.0004030617097091939
0.004158847957205139
-0.001331717853759835
0.002542313462164817
-0.0011958697037134191
0.003632660129927425
-0.0040732964545711434
0.0012473048350647373
0.004709202198998417
0.0024148805598908016
-0.00331508671553448
0.0022187059594050915
-0.004361412282964711
-0.0025559967669515882
-0.003860015331437123
0.0033532096210881846
0.0007227273854428454
0.0009404017620174236
-0.0022030011486270317
0.002848188985084853
-0.002870712546017471
0.002128565060231252
-0.0020700094381373613
0.004617827096234748
-0.0039028206473167328
-0.002580652547633611
-0.0004836275610910299
-0.0020809253162472285
0.004438535064451027
0.004334203795532247
-0.002830105618447063
-0.0019055883768322257
-0.004207728544046674
0.0035652135390021903
7.244537073271187e-05
0.0008668205423271302
-0.0029840870682579733
-0.0013209345457761835
-0.003431441943626402
-0.00035312149712330224
-0.0015008164859768268
-0.0004966322592367114
-0.0016581046136184031
-0.0030048234311038013
-0.0023591991466538143
-0.002879655475483435
-0.0003774256445234691
0.002401182206063064
0.003521000855128408
0.004440998584552645
0.003383483693960754
-0.004167040624087697
-0.004671257829250228
-0.0020040904384031268
0.0006092263283490156
0.003297530256723813
0.0014462211055143092
0.0025142608133761303
0.0037009333305909617
0.0009472920687087659
-0.002668611804415204
-0.0004553610867898917
0.0028259731837460287
0.003043629241840197
0.0033353513842539215
-0.0029489169754585098
-0.001667565767765452
-5.59247306001643e-05
-0.0009922734408819587
-0.0009155120564106533
0.0009317930619413047
-0.0011367024806487082
0.0029307454383662715
0.0003903128524495921
0.0029335867972040556
-0.0039638675769264435
-0.0012195822445260972
0.0006569292678723993
0.004318579511428719
-0.0037501290103277075
0.004376514215085107
0.0012692845978717546
0.00013579644152240857
0.0037839759843532076
0.003376390217306219
-0.004978644823435799
0.004413458762930772
0.00109929844174574
-0.004810662989416759
-0.003407812754230428
0.0025686182740115816
9.981243190467816e-05
0.0025103075403066126
-0.004347210583144931
-0.004396708239355649
0.0009331470827079304
-0.003608204347296604
0.004247462585608625
-0.001982320008497184
-0.004946514513194428
0.001930472295025929
0.0023268904833682047
0.0041189020015737895
-0.0035208165797018898
-0.003281673768380433
0.004181836292723865
-0.0025132304006158447
-0.003719030396338222
0.004468611941663639
0.0010327728716438434
0.004702457238571096
0.00035621688081895284
0.0041656983168987275
0.003079936164239878
0.0035480672621008855
-0.0024224525442075274
-0.001062581742590405
-0.004713510543744878
0.004232768727281692
9.068707010446812e-05
-0.0009802071359010164
0.0049346448198899105
0.00011557143501061701
-0.00395270975386608
-0.0041603591776124115
0.0004931135635069519
0.004810670143687592
-0.0016886904898927623
-0.00471129624801801
-0.0036325246098923647
-0.003732923510548153
-0.0015487414438455217
0.001955803962453642
0.004130327463251781
-0.0009983937822658226
0.0008495498179481335
0.0016174388283195906
0.004609940780588001
-0.00236251212936332
-0.0008398216792735134
-0.00264619504792314
0.004250351881904307
-5.591473378421634e-06
-0.004773457565620397
0.0026115473508020685
0.0011891504143174579
-0.002856195220336083
0.00031735903353734534
0.002177536491822121
-0.004656216751774867
-0.0004840922685137904
-0.002438058722820663
-0.00408873883972823
0.004869270840640659
0.0016054318624017603
0.003866857770503401
-0.0044935716926933775
0.0042738278687350145
0.0031951634349861842
0.0010061179286114871
0.004056100382288056
0.0005976879386246714
0.003477229140181298
-0.002621750270101315
0.00090111206019292
0.001184623188146325
0.002606455858003954
-0.004382022864242481
-0.00414269798756344
-0.002583958218688279
-0.0035547000130233086
-0.0016982220050844221
0.0014703389335179642
-0.0032422160377335594
-0.001746262162252188
0.004571297571171087
-0.0006189890096325599
0.0034351029906769083
0.0010074900207551066
-0.0007072095215664518
0.003190497123119365
-0.00011356268793667138
-0.0049502288617730575
-0.0048724206770351264
-0.0030646310618486884
-0.0016762227815272004
0.0013231350437134777
0.0024299256610161406
-0.002407504754286507
0.002445532351477154
0.001290186118269805
0.0013820370347944252
-0.0018149108379751232
-0.0015725747162919955
0.004249798284010034
0.0024502955289986963
-0.00474208785449577
-0.0032106955241483614
0.002664433075351179
-0.0047478551102997915
-0.0018006210748681395
-0.004447428648824362
0.004368321329791488
0.0033133262178099638
-0.0034604849745788428
0.0006086642392755881
-0.0031014126243680685
0.0015514398589029591
-0.00046917355261260046
-0.003981564709247808
0.0007805831292515423
0.0009976591314776531
-0.0011434624868153463
0.0010659356544459085
0.0016717777983135925
-0.0011578302504166318
-0.0007494401493396627
0.0019905833526530393
0.002424148413329742
-0.002780417539968567
0.0019626747230532763
0.0012856940118302108
-0.0035184371943272463
-0.0008814737956910059
0.0048994641783065744
-0.003161667719933946
0.003687663096958776
-0.002542752754487506
-0.0014798827502169464
0.0017099684740888021
0.004421800896437632
0.0018162662371739111
-0.0018963581251688687
-0.002671671523034228
0.003667429504421665
-0.002684605622615549
-0.004094377487334218
0.002772601660777859
-0.004199496745306547
0.0009583276305209784
0.002506630276937519
-0.003872485559883625
-0.00017717133289358797
0.0009064822263244099
-0.003113283378829024
-0.003623895211082212
-0.004822593833237533
0.003808086276828492
-0.0012358579850727503
0.0007635026097543365
0.0031622880859389713
0.004057683922877899
-0.0038227406157146163
0.0018616045871791918
0.004233398179845826
9.909655669104213e-05
-0.0029345757689317863
0.000923555380747094
-7.874814480467e-05
0.004012549424073802
-0.0025037190456829506
-0.003216218472825336
-0.0026830607771330672
0.0013462175107194071
-0.0024247092300644737
0.002644194971520313
-0.0015768803302818823
-0.004892500437396816
0.0033787842333661182
-0.0038583551902736128
0.004735364134177046
-0.0012171529997453147
-0.00168984943764818
-0.0043305264889354255
0.004694668094243429
-0.0014034297793417408
0.0035204598567724925
0.0011290054648313277
-0.0028432450786457708
0.0014151549741850903
0.003364089532084104
0.0023848404569062195
0.00024804123679812197
0.001193308496262183
-0.0021732094263487447
-0.002162155072833406
0.003888626263400534
-0.003318682553326061
0.0005384965780034908
-0.002146779026768713
-0.0007114394216797982
-0.004945167648023289
-0.0013232915854275453
-0.004924191076508397
0.0005189893657515533
0.0014574122958058485
0.002689169786451325
0.0026089653253801703
-0.00020975250624665452
-0.0036032927321866183
0.001992023869760236
0.0023253201229617923
-0.004769631902336591
0.004150706659861426
-0.0009865597789044086
-0.0014805182162317744
0.0009206757406288544
-0.003922976111265329
-0.0024670495534612267
0.000619143877360606
-0.000263888225243758
0.0023951710093521776
-0.00307309523278325
0.004170088441567279
-0.004175608195972937
0.001980629302702215
-0.0009769613271090648
-0.000289824638767212
-0.0016301606983295013
-0.004165816030410636
0.0014984885180633787
0.00030200007372923644
0.004445227588572559
-0.004736044888898938
0.0018277083017004788
0.002659324116991546
0.0027596413889918996
0.0028938324352095887
-0.0042215491953273366
0.004053368845907975
0.004195957309396197
-0.003498834538594069
-0.0012485045697845365
0.0025619236473717376
-0.002303718717127078
0.00158796856343824
5.890617120448208e-05
-0.000641439262414798
0.002253692454767753
0.0015248553657144061
0.0027558076569660014
0.00017886744142112457
0.0024873489573741777
0.0007481945599899318
-0.0023895657177833395
-7.948315993884774e-05
-0.00031687367171866817
-0.003916256452142079
0.0019460160035673106
0.0043007549995442524
0.0034102608810814674
-0.003538055178282015
-0.0025475040891370817
0.0023375499885840145
0.0013662517996775939
0.003445580340938506
0.004480577822142056
0.004463335718180477
-0.0012049727121124288
0.0038581471782907746
0.0046779575902731
0.004707507834892033
-0.00470458848200466
-0.0015201301421814807
-8.724840486147752e-05
-0.004380723807438789
0.0010574745015189133
-0.0013220716124650055
-0.002728630383703247
-0.00142895674331726
0.000950679478783514
-0.0016785361363891083
-0.0005033141931814252
0.0037185034992859604
0.0037528067939594885
0.0021952384520521244
-0.0035380977907220113
0.00012501610964999344
0.003016580951412387
-0.0005346564411531918
0.0032851995880425417
0.00035956465205835494
-0.00150037196496556
0.0021633025235122663
0.004642636485157738
0.0014299915993658792
-0.0023159662712791563
0.003563411821860989
0.003655223181267428
0.003629300417371711
-0.0005372006448916434
0.0027358766523131054
-0.0009299382591844074
-0.000508893027934069
-0.0005423948842212187
0.00057896613270466
-0.00117624152233756
-0.0016359573199725996
0.0032064187032992
0.0009746600035221873
-0.0021750989207114393
-0.00232613112731197
-0.002305189784695472
0.0006603933094575035
0.001435674758478788
0.0013012153254551365
0.0018001960344379564
-0.00021039941213990814
0.002697073703673736
0.0007582668552623337
-0.004745790541201304
0.0014356954897621422
-0.001558940626107994
0.003747053444325017
0.003058575749640806
0.0021096008131026092
0.004528340125318306
0.0012057849795703334
0.0005138798283657519
-0.00478364066049129
0.0003247357768281769
-0.00300875012853439
0.0007616339131561577
-0.0023130469790244622
-0.000584771024309174
0.0002833333201728537
0.004058827070303447
-0.003151344902203467
-0.0019311847104115441
-0.0020148860619330377
-0.0033872911016814625
0.0011294307690794649
-0.0023410395578097433
-0.00040753807087737584
-0.001117449488512646
-0.004485147094608897
0.0014572460174428212
0.0006509997763762551
0.003713519412202348
0.002756105048355495
0.003003882298790123
-0.0009518189149583115
0.0010319869186599375
-0.0007589824682445899
-0.0007045777609473829
-0.00013127985978300671
-0.0005039154300179828
0.004037651289526702
0.0030796135399519193
0.004131606279899293
0.0018394577042297458
0.003906076540640467
-0.004440564565308288
-0.0047998718273332686
0.0015324033740246098
-0.004471204651089218
0.004638466923467178
-0.0020535502566628285
0.0005523885714852671
-0.004628192006452328
-0.0001298843603934974
-0.0046915226766381405
0.0026626113729815836
0.0035583920667384755
0.003696060721438449
6.440598225558852e-05
0.0005660616637335469
0.004010140114658423
-0.0034761598391938454
-0.0012499137635109204
0.003326121001292241
0.003958924855017947
0.0027732276338000607
-0.000940992794638231
0.0003661031239659794
-0.00037409265449794404
-0.0006524663985811203
0.0029939156679195536
-0.003850787770116485
-0.0016840823404435322
-0.004642567427672006
-0.004892590054739353
0.0049780239062546935
0.0011860666812781471
0.001381409437527648
-0.000395589464704282
-0.0002518595787578178
0.0007227096240646613
0.003917535829080104
-0.0019592090654455994
-6.402296604515224e-06
0.0020286105329654427
0.0022431085152459004
0.0021130297150294556
-0.0024134829145264305
0.004089942092725648
0.004237395069907768
-0.0013693592398393017
0.001407263451149751
0.0010937521600789292
0.003772501383456024
-0.003730596955775922
-0.0028618107145507586
-0.0008781476246102751
-0.0037897056598409327
-0.0031825329779924805
0.0036192701796609163
0.0012877791592611435
0.004146012915742897
-0.0022746905683025944
0.0006859102069279137
0.0017553990233526743
-0.0035945993175920954
0.0045785546837661005
-0.004949882963508149
-0.002267398024549685
-0.004240937708677209
-0.0025631939707999596
-0.0026364760293541368
-0.0012077532715703164
0.0017562624343120462
0.00197124353796334
0.002946785389488821
-0.002153284540794237
-0.0032676355206847753
-0.0016197217800996066
-0.00018788719230563005
0.0029508375630187085
0.002031375052606298
0.0020518753094599437
0.0007545888112187264
-0.004408781989754922
-0.0036739362025444465
-0.0035621027540365348
-0.0022202224564270004
0.0005596124240067031
0.0017336631100588404
-0.0024701964051090717
-0.0012161672091272704
-0.003934637544742421
-0.004550426807967527
0.0029982583147654023
0.0005721168845667871
0.0016228893400821497
-0.002055998843245167
0.0020657654660892564
-0.004676915261942921
0.0019880031500660103
0.004299866666454222
0.002714539419496226
-0.002727944156066199
-0.002348696761915845
-0.003244470376759975
0.0038794259633664523
-0.002912906629201075
0.0004904587855401772
-0.0019242538014715882
0.0045014156221694504
0.002869019227448721
-0.003623375477896086
0.0019418653342179806
-0.0026664233616689203
0.0044665616649545966
-0.004720230878393244
-0.002227227889427976
0.004372899389781412
0.00047929654193254543
-0.002432273921791327
0.0014992671763737588
0.003354249763303999
0.0031858214117539982
-0.0048253802950518985
0.0035730206125812207
-0.004172808332357424
-0.0033995457076170577
-0.00014113463501414392
0.004643025161874869
0.00035210390676465326
0.0029927471799119044
0.0016808655919849829
-0.0015227350290630925
-0.004158211295410137
-0.001083462747192455
-0.003890856607865475
-0.0008367303562064454
0.004005936471035926
-0.004417433550689547
0.0028690614367712424
-0.0008701985993723616
0.0017468562178007997
0.0015133600213201393
0.0037552692259066574
-0.002287047863504944
-0.0032893376328560356
-0.0033276472791422106
-0.004135329149912284
0.001999199690972401
0.004257920703832358
0.0007468799593173901
-0.0013392322410927782
0.0014064007918694384
0.00038378896101033764
-0.004400426304203038
-0.003941148012510363
-0.0030562443243284474
0.0030045771944865072
0.0006680190395765961
0.002743311853611802
-0.0002536703517572866
0.0020763460093291396
-0.0016207674415613638
-0.00043214447877365156
0.00180526441678356
-0.0010649899504866292
-0.0005618630625441722
0.004608890041304474
-0.002529428831373365
0.001516974669143742
0.004205425299291962
-0.0005273330939228197
0.0015604033591291892
-0.0031548880582651785
-0.0012469116813579938
0.0010478178174120013
0.0012283959616434872
0.003364235371449055
-0.0043054749847463904
-0.004165057583041453
0.002786683430741596
0.0009967575689670462
0.0034231142415908243
-0.003111535165758007
-0.00418998195865121
0.004057171028402871
0.004379645110024832
0.004419566169110466
0.002762865683706933
-0.0038445308029122927
0.0033118447821843507
0.0006320844026708114
-0.000190233522781625
-0.002475656964541665
0.0015804775022480412
0.0006917789825268538
0.002843522584660754
0.0002821938267022952
0.001503187343602469
-0.0021601072686567645
0.0036990639955871646
0.0017760705791849138
-1.1831174961571614e-05
-0.003993882919780796
0.0012785159052757303
-0.001056863946463358
0.002205819299987577
-0.0022817938490696356
0.004521098919408825
-0.0003126943078380186
-0.004607227036838554
-0.0024750400161013485
0.004688341791617176
-0.001055372800240417
-0.0009695297951008075
0.0026236983685832575
0.00398702742192994
0.004380482389399014
-0.002261445562883725
0.003710983280448052
-0.003004109583841853
-0.0015815003126809037
0.0020003550334934863
-0.004856470059855484
-0.0007440029014469506
-0.003982472662299254
-0.0004451787435600183
0.00030487958916186175
0.0017648770148517637
0.001589849811469972
0.0038372020233012278
0.0034630755486859737
-0.0021882114669362096
-0.0026265486115553795
0.002742868576025799
-0.0018493426182035711
-0.003123137042987714
-0.004102691085067034
0.0016714315171468515
0.0008231008191347342
-0.003778288402502855
-0.0037146640787707242
0.004121478395758378
0.0001405375525585055
-0.0007019216284219086
0.0033897128883695156
-0.0026199917955513742
0.0025361195294041697
0.004674500476670676
-0.0035185224926609915
0.0027876501748866824
-0.0016643545544776394
0.00023932106475260152
0.0010273835259165158
0.0020816306928225104
-0.0009908614043375808
-0.004309673653311037
0.0009918800600416423
-0.0015617367869049624
-0.0045896000490364295
0.0022628679623140427
0.003414674700622564
0.0012249485017926639
0.0018895371818133718
0.0014502283082873067
0.004800399751993087
-0.0014521916042551921
0.0014956843387727084
-0.0005168998207771289
-0.0001423396013986531
-0.00030927908472760165
-0.0016778523144505364
-0.004653993454983549
-0.0005569041156082985
-0.0019444226155850277
-0.0003865124027813728
0.003613562287295243
0.0005393331695782207
0.0020070157595657072
-0.0007481383227645978
0.0022455285999840027
0.002667675140652314
0.0005455388315284858
-0.0018115444110007252
-0.0014343041633210385
-0.000639949588360513
0.00226234092836236
0.0007680920525063931
-0.0016887020967614242
0.002943004624436943
0.004503618504374823
-0.0007969799004358003
0.00291670808943783
-0.0016332561967230606
6.759658211284453e-05
0.004953411512712239
0.0011361488700629497
-0.0027767129601202955
0.0021609613478883512
-0.002270229478750151
-0.0008767857512670448
0.004632386803952909
0.002088795433772903
0.00441594459079538
-0.001655496864481285
0.003235493516058425
0.0027717721164742847
-0.0006531778969115698
0.0007030245558406764
-0.0009568288048437514
-0.001094188151379891
0.000975349149038394
0.002689080021353477
-0.004179256858072446
-0.004868811233270755
-0.00019624120182725
-0.003904212424911989
0.001999370058528166
0.0017201610396572146
0.004748263784251787
-0.0004753841310594113
-0.004424226134857423
0.0013468453307827729
0.0015231125242732499
0.0002493663303341307
0.0007624011793269901
-0.0038038174316127058
-0.00420704086651895
-0.003252997149545338
0.0029028491286642024
0.0031663963735068254
0.004458663078882131
-0.00017292596630550088
-0.0012297345964173336
-6.728839674346922e-05
-0.0037210504899449007
-0.002802085084645679
0.002470150120797411
0.004679359756397405
-0.002084085990506187
0.004009260830459867
0.0011487107179716186
-0.0018357687190371052
0.0016078964081461177
0.0006639116131793013
-0.000565902740629471
-0.0013034930957748648
0.003910687311644379
-0.0025539536652461536
0.00445037473552021
0.003911792624345528
-0.004550200212087641
-0.0023904378772422762
-0.003759793555885976
0.0014082329890487662
-0.0005811437754596549
-0.004770376809987061
0.001251919999035833
-0.0034679759457812466
0.0029635624691779798
0.004391209726660531
-0.000896506835168751
0.004339591949465176
-0.0009042832450131509
0.0015035374836996672
0.004649287310736991
-0.0029546609057234576
0.0032976218006758535
-0.00408654710967425
0.0031842001797647923
0.0011193603997063243
0.002409039918315004
-4.628866918957031e-05
0.000643004474106099
0.004115347440721009
-0.0021059696726872168
