0.00018390152068777375
9.812679173863052e-05
-2.5537463311754152e-05
2.376114279140296e-05
0.00021169564455036076
-0.00022229942847316902
0.00011986780245403476
3.102533141208713e-05
-0.00013357067276846372
-4.696346964827493e-05
-0.0002642496571054946
-0.00027520170611128433
-7.428452023538692e-05
-0.000248590655250056
0.00029213317584421856
0.00024897677526993265
0.00020266349486802818
-0.00015823208897783705
7.574004196782215e-05
0.00024593307898891306
-0.00017395902904103605
-6.407429003044382e-05
-0.00023122786627057456
1.0368244782187758e-05
0.00017327665415518346
0.0001956582500267444
2.0359154439308414e-05
5.0516979562684075e-05
1.0219896909605239e-05
-0.00023575064345496326
-4.070939129786856e-05
-0.0001758504589407173
-0.00022440082739573751
8.683248763516121e-05
-0.00014939291481804812
0.0001236451128204408
0.0001309710646705826
-0.0002916420740890342
-6.387518354308619e-05
0.0002682929331616518
-0.00017973688189112886
-0.00022359371994008816
0.00023353029300007773
-3.0945769983500404e-05
0.00012673423208641918
0.00019026471927653042
9.824246709210025e-05
-3.883971793044354e-06
-2.8558115062361365e-05
-0.00017267498578907374
3.497348643379054e-05
-0.00028281419683678216
7.885564559453943e-05
0.0002627388186920388
0.000274961771747327
-0.00026067391946102343
-8.492421105130255e-05
-0.00014075931793728423
0.00027871374145516575
2.1603851214988933e-07
-0.0002029591869582177
5.453565714257872e-06
-0.00019479414153444297
-8.269550137186081e-05
0.00014717559034701052
-0.00023123947557173995
-9.376759343932646e-05
-0.00029636581079943913
-0.00014105287970983164
0.0001378461621284977
0.00013217876297070554
-0.00027827826565505326
0.00015861584133829469
3.1878956150061194e-05
6.258009539582862e-06
0.0002609527835304445
0.00017445878996228369
-0.00028396907199016135
-0.0002143647264113347
-0.00024364863627249867
5.1355800140605084e-05
0.00017744626483002563
-9.508391526922135e-06
-7.219903208684854e-05
-4.535088002740299e-05
-0.00022684351668486442
0.00013115567839994558
0.0002108503596273251
0.0002592910741923236
-9.855379659601143e-05
-9.688233192099762e-05
9.568185279430205e-05
0.00023219840996381564
-6.100936343540663e-05
-0.00010198762034198291
-0.00023834558947857115
-9.651258552303735e-05
-0.00022136690213725945
0.0002892497134333254
0.00028894386155293414
-0.0002891690180913762
0.00011976165866907303
0.00011756014005152214
-0.00016236554449970098
-1.0631178842024944e-05
3.610389589251621e-07
-5.127076191971641e-05
0.0001724174783167321
-0.00020175565676443707
0.00024293702984409257
0.00010947792386822207
-0.00010141927594026716
9.054303288983956e-05
-3.9550381908296775e-05
0.0002465765622702883
-7.613396512182961e-05
0.00011449610837992917
0.00012870387679052493
-0.00024581932071049563
-0.0001923978155506958
-0.00026570243314028746
-3.143054802303834e-05
-9.305040644540813e-05
-0.00019565454162148276
-0.00015044688988635066
-0.00018901996148999316
-2.5689157443156783e-05
-0.0002522041835347315
-5.326798329527378e-05
-0.00019425918695803495
0.00010059255989493043
0.00022182027211289104
-8.052344812824511e-05
-0.0001939985902133486
0.00026844348295492116
-0.00013532368907409167
-0.00018452897085616395
3.5242985851786544e-05
0.00013003368546125313
-0.00020382654150350864
0.00028077990784092596
2.3873181236782628e-05
0.0002923169807753796
5.6700948704053815e-05
0.00021158270930635533
0.00021966802756829765
7.574543274446765e-05
-0.00019320419255894683
-1.3145176915503023e-05
-0.00011038009956461278
0.00018950013675384897
-2.3126754192490302e-05
5.499172229019554e-05
-0.00015481409052894716
-0.00020624566110898432
-0.00013380803458457296
-0.00012282581432664194
4.267143992984227e-05
8.326413987674977e-05
-0.0001626795574161758
-0.00028972022502703264
2.6048417433563822e-05
-0.00012690388157396952
-0.0002498540776903265
3.600605660909273e-05
0.0002443905368253164
0.00029661241426459515
0.00016821525274045372
-9.119548426427771e-05
-0.00013216505744681508
-0.00022898614090920616
0.0002786437677806508
-8.039000127926284e-05
-0.00026784445279289567
3.285866309221772e-05
2.6347954892162056e-05
0.00013516240896622534
-0.00020303051644078867
-0.00015798003783954975
-0.00021490963294464851
0.0002993551752726909
0.00011627360474653005
0.0002681965859154775
0.00020753723062676073
-6.38126749193617e-05
9.667179271528702e-05
0.00025597693453423227
0.00020246420689224543
0.0001974756017096157
-0.00023514904914024567
-1.4344326820827356e-05
0.0002105315562697247
0.00020434301951582364
0.00021577999946612736
-4.966839497274131e-05
-0.00021169246969415752
-2.6933081084562006e-05
0.00027882630429037293
0.00027196210007429607
0.0001174545392238519
-0.00016932982936398492
-0.0002404287470603988
6.014361550845239e-06
0.00015202884232056558
-0.00011566684980626851
3.6805829445605784e-05
9.833843184040529e-05
-0.0002080245213346681
0.00015819112361243384
-0.00018791254574254204
0.00010868508667658683
6.0143919094635383e-05
9.601830604118714e-05
7.424166573978525e-05
2.0689657644140213e-05
-2.50499660872527e-05
0.00018037064494018536
-1.84879403000354e-05
5.245548607401716e-06
0.00013255343683412908
0.00011854309218575586
-0.00011847660356737531
-5.539790461408416e-05
-0.0002464884649590166
0.0002443825233330381
-0.0002750940850018883
5.270709461624543e-05
-0.0002089411557717316
0.00015559077649122862
-3.401718145052638e-05
-0.0002518148896336396
7.443175987077548e-05
-9.010452207565392e-05
-0.0002419356393112353
-0.00023564686742169773
-0.0001767674128877423
-0.00017360924685999788
6.929459760974735e-05
-0.00013378718592188204
-0.00012436810145847088
-0.00018331308182740325
1.5517320788405978e-05
6.833726737924377e-05
-0.000267904220079669
-0.0002328902181025288
-0.0001137898768293918
-0.00027432203213041857
-3.258208075888132e-06
2.47711558239355e-05
0.000217059745197255
6.298319385810423e-05
-0.00029745487757487567
-0.0002891047692545211
-0.00026259920634129195
0.00028574497898707787
0.00011806756713783991
0.0001578382335936127
-0.00018681052390882093
2.018752991228773e-05
-4.657554696869411e-05
0.00015168483660478742
0.00012655898277401232
-0.00023242146893445137
-0.000223677061976983
0.00016699915464603337
0.00017895912221310635
-0.00011637504253606367
-0.00018067414977356765
0.00014788357710224026
-0.00011673836583242367
8.868961736417712e-05
-0.0002473949257607524
0.000268183837395453
-0.0001441927165516226
-0.00020424597925461377
-0.0002984472166008255
0.0002350698575148274
-7.96666943076339e-05
0.0002720134205494213
8.722782659260886e-05
-0.00028797521510294245
6.383519033201061e-05
0.0001538946590617601
-5.780850711686311e-05
-2.2022337012387303e-06
0.0002979775843420203
-0.00013701152508775123
0.00016277785368588985
6.926437101717681e-05
-0.0002831502681470361
0.00018835822878930148
0.0002618220912597681
4.98759089542116e-06
1.3917571019174987e-05
-0.00020390975006054157
0.00010001464299759505
-0.00014425457731485477
2.9611598256648348e-05
-0.00015866212849088718
0.00020267981081887346
-0.0001203302989398482
6.825730413544768e-06
-0.00019137978608488088
-0.00021031044824347848
-0.0002054314751742876
9.858684063417355e-05
6.89271845884831e-05
-0.00017703939670954576
-7.58882985020702e-05
-4.9147748451804096e-05
0.0001874179164626248
0.00015990491074571392
8.16247334943644e-05
-0.00011595220768516136
0.000215648905793857
0.00027434515399656203
-3.0295082886571854e-05
2.2782019597211223e-05
-9.703729684908512e-05
0.0001937068994005713
-0.00021062110573860106
0.0002790545194252487
1.4356269470544006e-05
0.00011684922335659958
-0.00019709344169859165
3.237599390272294e-05
-0.00019474462992526555
0.00021044478984309838
-0.00029542603585105867
0.0002722150405821044
-0.0002333113235138025
-1.0144179232663287e-05
0.00022602087855816004
9.452881434014574e-05
-0.00015555905788138238
-3.240724143854101e-05
-0.0001936751877142869
6.905040472456297e-05
3.7018378415948415e-05
0.00016467630744611945
0.00026889241751628556
-0.000251226017309275
0.0001898821676319708
0.00027328417649637025
-3.212172384519198e-05
0.0002211172528617502
0.00011069763119080312
-0.00019418478152106973
0.00013486760317084768
-0.00029458192269991596
1.544533015371811e-05
-6.943399006162059e-05
0.0001401528063497192
8.147843289396092e-05
-0.00013470269110372655
0.00026098757647282923
0.00012646768460564383
-4.814219003056603e-05
0.00022935157362596106
-1.491574484747862e-06
-0.00017384289565657455
-2.29471114345712e-05
-0.00027230466316871386
2.3866433517382357e-05
-0.0002892673296715465
0.00010078430564209055
-0.00012069259539666973
9.604758920617618e-05
-0.00019893312017037158
0.00016840107070256304
0.00022843717108178135
1.5974038234373817e-05
-7.574634588569171e-05
0.0001963825858940621
-0.00023541739295866796
1.4618774363642803e-05
0.00021486006075433097
0.00020741762367751463
0.0002489631792455843
-6.732591600209364e-05
0.00014860646728926194
0.000142569571862625
-0.00023296161734582716
1.8584822333883155e-05
-2.1101093871343573e-05
0.00017087817299976085
-5.582500645942849e-06
-0.00016634684094003389
0.00019134641280938624
-0.0001263740429247332
2.6576541170215788e-05
-0.00017280368670378093
-9.631346703420783e-05
0.00022763704320354186
-0.00011762666732104222
0.000229623132006816
-0.00018349211772064546
0.000250233033986001
0.000224433229975221
-0.00015113755420593185
-8.453533809208962e-05
-0.0001598765848082054
-0.00027304877532607447
-0.000249931566849771
-0.0002753334134177655
0.00012056753259937186
-0.00022975371632047366
0.0001238020770859347
-0.00019875477136200976
-0.0002547663573539084
-0.00019253978977844033
8.168081648644594e-05
0.00018477174864873423
-0.00024281366651909223
-1.1247811813692098e-05
0.00016251337299240252
1.9970777944986818e-05
0.0002911805342708435
0.0001296724384807105
0.00026631617063339067
8.530896838104764e-05
0.00017898227987868712
0.00013148522748582676
-0.0001785670212509611
-0.00016809975286673622
-0.00028817137742648844
7.580024225785115e-05
0.0002670158978315574
-0.0002765211436996349
-0.00028530733033271664
0.00027400921582746606
-9.510571572906356e-05
-9.232816145210914e-05
-0.00012285014286463045
1.5993172498385104e-05
0.00016857813525563033
0.0001261975416823533
0.00014388864654830302
-0.00014419418551065956
8.745816503077193e-05
4.305539472524209e-05
-0.00021793167407713708
-2.0467104959267005e-06
-0.00023966692147345942
1.3565176927211756e-05
-9.689936249764633e-05
-0.00021238023552278533
0.0002504723309214132
6.820192579844062e-05
-3.133208250707714e-05
0.00023171011623744777
0.00016486808559014563
0.00010863946167888425
-0.00020871998338538062
5.8322469979953855e-05
8.02833135008467e-05
-0.00022089792401743397
-0.00019547709028594867
-0.00018530696384409554
-9.192720697179534e-05
-0.0002220315300037332
-0.00010292280909893239
-0.00013069447789313787
0.00015726957578243592
4.824128931042802e-05
-0.0002090802293848507
-2.692296627108021e-05
0.00015187184707783364
-0.00022743475435053125
8.94167017368515e-06
-0.0001173740985224301
0.00017513007376488576
-0.000265959356545184
0.00010478960817790082
-0.00019729824532854683
-0.00017351231662775382
0.0001820376715725033
-0.00022212835500022755
0.0002915032434371144
-0.0001340165152881155
-0.0002416599922415913
-8.664033935233014e-05
0.0002935805788860766
7.697467867028425e-05
-3.80849052315409e-05
-0.00024999745489949206
-0.00021142988718314803
-0.0002486795595810045
-5.097771554084127e-05
0.00022310954235601766
7.536222149371116e-05
-0.00010675422685034304
0.00028535956557446503
-0.00014123178053099486
5.9001677941156324e-05
0.00013437866803641622
-0.0002271976555332975
-0.000155220339383581
0.00016984469392996416
-0.00014573708621560703
-6.261192508092304e-05
-4.849351731452887e-05
-0.000152682220854489
-6.842613681791595e-06
7.483318031821403e-05
-3.410520454215723e-05
9.364863409083387e-05
7.520021093843858e-05
0.00024189344398438335
0.0001462805146293813
-8.059888780481955e-05
4.594608626035503e-05
0.00015399314036011839
-3.7724494489398206e-05
0.0002406770940444006
9.59152795771536e-05
0.0002118797035902921
-0.00024258419903759208
-0.0002344288082179651
-0.00027360284900197356
-0.00022056073232075765
-0.0001970309429036094
-3.8429168451697396e-05
0.00024860210953548285
-0.00025016380893437903
0.00019095547808907037
-7.318242443906224e-05
0.00012466458712716402
-0.00025396288099688763
-0.00021858375281383932
-0.00014755805696888566
-0.00011155804693960489
0.00017705299433762805
0.00022250963062441783
7.069020151601827e-05
-0.00027866591395606517
2.572393017725934e-05
-0.000254357902060427
8.122840693141953e-05
0.0002071858655146468
-0.0002754932927623695
0.0001328797781975347
0.00011129763914200809
-0.0002508404138938178
-0.0002642434644623456
2.7268058380607854e-05
-7.364441487946101e-05
-0.0001224709369773612
1.2122739032401346e-05
-2.867620518153262e-05
-0.0001213979016794507
0.00022831182750898818
-0.00021234258386456343
-3.458098943693097e-05
0.00028076484260894694
-0.0002686746957747749
6.58164028876313e-05
-0.00026775711160076723
-4.691078792144971e-05
0.00013553154313590538
0.00012328747290703263
-0.0002761055211193797
7.219347610474527e-05
0.0002891779943975487
0.00013299023667736676
-7.519536295179743e-05
-0.00016651003793521167
-0.0002333205334768092
-0.0002062653985614284
4.618536190857339e-05
4.223282318971541e-05
5.374738707268747e-05
0.0002347268533074806
0.00018336523139906907
7.645174016615976e-05
-0.0001380854799125495
0.0002748929095032021
-0.0002868552495854998
-0.00013755649101614235
0.00024120780830928296
0.0002391354113119004
3.044742533046894e-05
-2.8563351129367827e-05
-0.00020887857986278587
-6.763349026208117e-05
0.00018230591501336072
-3.4137927157877764e-05
6.849002080558972e-05
-6.923634206024707e-06
-0.00014596946558508445
0.00012971550731686275
0.00029891735925273135
0.00015592499165094365
0.00018894630322125735
-6.388432924103634e-05
0.00014266422210638328
-4.1949405090822975e-06
-0.00026540726726869275
-3.291482005918857e-05
0.00011691678379567312
0.00011982917134386093
3.4540851015970155e-05
0.0002310637170799815
6.450058026868759e-06
-0.0002747805240708481
-0.00028514464681123286
-0.00016691164700165017
5.028231155808615e-05
-0.0002913217519855104
-0.00013844111948418922
0.00010987828725912718
8.762611962064248e-05
1.0565415161220158e-05
-0.0001096073994425811
-0.00023510607160825628
-0.00023964333609460454
-6.519144608840036e-05
9.182230567248372e-05
-8.452514630187194e-05
0.00015007049080518852
-4.2531628794472873e-05
0.0001975676000254113
-0.0002096452385186889
0.0002746996707183445
0.00014261478358356045
0.0001299175480617641
0.00025431370493156884
-0.0002487417658016876
3.221465845377607e-05
-0.00012671164446663783
-0.00021448626323447887
9.275445951378901e-06
-0.00022112007088316267
-0.00021110239849775098
-0.00018863308348969384
-0.00015956356264392566
0.0002611912483895859
0.00013893911395318118
-4.377643516820657e-05
-0.0002545097946653356
-6.929731663865389e-05
-0.0002062584196828555
2.0758339081116003e-05
0.00016293513593486282
-0.00024588213588862517
-0.00015166505161198418
-1.7038874098728384e-05
-0.00012403173036325694
5.1388045454128556e-05
0.0001157832112896403
2.0134471212523422e-05
0.00018090294182548672
5.3330092121914134e-05
-0.0002115177520296983
-0.0001539989315957313
3.2994537090793175e-05
0.0002275034603935957
0.00014120642528027758
4.8225746441747056e-05
6.136790390720494e-05
-5.455123450140594e-05
0.0002412060406770578
0.0002017187488045586
0.00015149239405924545
-0.0001713546997511253
2.3075659474468366e-05
-1.1800129264903539e-05
-0.00025486213405255835
-0.00018131439719788148
-0.00013504407093159186
8.492097279768897e-05
-0.0001084053372439066
0.00016872684480236994
-6.37491503979278e-05
0.00022399782159834505
9.108562236224765e-05
-2.6995450362937734e-05
-0.00023766856257181136
9.697686688819255e-05
-0.00022624119288255912
6.311063194017934e-05
0.00022706378176102425
9.003236381723267e-05
-0.00022814925222877988
0.0002463425702916555
-5.627014082823121e-05
0.00011769262572675705
-0.00020241945050761089
0.0001999916159025423
0.00022500491469682496
0.00010313849525592353
-0.0001757919248997067
1.9173563092702716e-06
-0.00010640902207313552
8.271632145225738e-05
0.00019638919063578634
-0.00014270714963873538
-0.00019238956299360356
-0.00026051183555981193
-0.00028365768715818044
-1.0274613526307398e-05
4.890822363493139e-05
-0.00027702892891768205
-0.000213332176381753
4.591977964458002e-05
0.00018436147172236198
8.822544815577859e-05
9.662649802374653e-05
0.00026598234947600765
-0.00025064160660673025
0.00024220182866250417
0.00023507477775571562
0.00010088190089332455
3.929821191779603e-05
-0.00010755747685464801
-0.00020692046850857783
1.0130388333217484e-05
0.00029576849177844025
-0.00018858412946409732
-0.00028313431111398206
0.00020733169658504323
-0.00012950334091109322
4.060147880007839e-06
-0.00023279147314014473
-0.0002807273584510987
-0.00023809839806104805
-3.6291290326218885e-05
0.00015399278916575335
1.7218138429724982e-06
0.00024283000979062613
-2.97524338515844e-05
-0.00017360175076280837
-8.012584229388409e-05
-0.00016004903525092937
0.00011025305633655867
-0.00016126567837524894
-0.00011758022824990335
0.0002749715227033655
0.0002441460481888492
-4.82390397440628e-06
0.0002858091260992852
-0.00026327523924778173
0.00014730251144462556
-0.0001474638564750683
-0.0002758812881947549
-0.0002270754648302564
0.0002362744226444917
4.0375278172876707e-05
4.927524986121949e-05
-0.00019384224766698382
-0.0002861947015810757
-0.00014189215144438719
-0.00019367079421480363
0.00015934519497299427
-0.0002986317274480499
-1.0390128020134628e-05
-0.00028962603157893355
0.00028306306103211774
0.0002379939451663835
0.0001659194423132419
-0.000102570390738874
-0.00019928391101029945
-0.0002247143275047319
0.00024733966261121125
0.00022424948877278612
0.00028891888539196053
0.0002458847635551479
-0.00018248661371341525
3.213177438033559e-05
0.0002635865712751288
0.00024178189837897884
3.618359810732329e-05
8.806250599646735e-05
-0.0001303227903526277
0.00026276929225031725
0.00020728307737214222
0.00011832659724552851
0.00018136767029992173
0.00015443648210937237
-0.0001682390737816836
0.00027120508930037276
-0.00026770646875276766
-7.86890875549352e-05
6.205968835482263e-05
-0.00010760122123138041
0.00025328553092569627
-0.00016562568165456136
-9.882103885429657e-05
1.1665051409936371e-05
-0.00023156762695499894
0.00011620124678716321
8.998269892617129e-05
-0.0002764852757602074
0.00025190484530880495
-0.0002997990372895913
-0.0001479672348765622
-0.00025731574319265855
0.00015130632603739183
0.00017489099865640733
-0.0002535636094017528
0.00024911630940296377
-4.7532905769836174e-05
7.287170245416798e-05
6.244007755268192e-05
-5.034976140113625e-06
-7.809547707717023e-06
-0.00016957301489156976
-0.0002922255486330668
-0.00019087783975403058
-0.00019343774791208033
0.00015270639072727406
-0.00015296047292029778
5.5839223428372556e-05
0.000250784343685211
-0.0002460030782235737
0.00012996244627567165
4.028683295914431e-05
8.179839088612149e-05
4.433984529541148e-06
-0.00023696778734613088
-0.00020701121038193564
0.00019554227797694213
-4.591036584463928e-05
-0.00019735187117948046
-0.00013214241144389593
-9.042434979835987e-05
-8.030619704750883e-05
-0.0002783601865473482
-7.177512726842426e-05
0.00018650896695420025
0.00013569954174353738
-0.00020497934416411053
1.1278819390085496e-07
0.00018843316163720227
-0.0002877994888774659
-0.00013527528625627592
-6.389679318231966e-08
-0.0002590471484874926
0.0002641863148689872
-0.0001031116128785784
0.00015324495220683744
7.467489137365739e-05
-0.0002642936461505755
-6.690135126008616e-05
-0.00025047671277831783
-0.00025128371309606043
6.524148404601682e-05
0.00019563949830473873
0.0001272642827718974
6.550900319718156e-05
-0.0001674121315959814
-4.3143127983202205e-05
-2.1129820885489785e-05
-0.00013134416363701215
3.7228340144654566e-05
0.0002908443747476243
-0.00016639766709302585
-0.000213281387009415
-6.321192739968954e-05
-9.3630974764422e-05
-0.00022085024343679123
0.0001613202597534348
0.00011657361022827896
-0.00011981375721832512
-6.657189001551181e-05
-1.2124197335785754e-05
1.9801776390711387e-05
5.994958316569125e-05
6.71967341606736e-05
5.609332921957934e-05
-0.00011856550684486436
0.00020864640383036476
1.0953349851746926e-06
-0.0002652764901361174
0.0001233918510577877
0.00015908608408250372
-0.00026896606524992524
0.00010406646818699958
-1.0301406234288879e-05
0.00020339416338619295
-0.00012262029394342972
2.5573312513282268e-05
6.246650941024354e-05
0.00011739960335324689
-0.00024618972755844764
5.056264382583849e-05
3.4855866600421554e-05
-5.127042726753327e-05
-0.000192500595944772
0.0002252346147779796
-0.0002874132174456465
-0.00013858300184420639
-2.0164009169945922e-05
0.00020446448410538941
-0.00026033583581127717
-0.0002848635128280503
-7.496991168556456e-05
0.00013964802298970896
-0.00020930034507909469
-0.00018842727383954264
4.3774484597968203e-05
0.00014589931958470685
-0.0002114184892933296
0.00017386419864937514
9.842673833789206e-05
0.00029663069275219137
-0.0002705906929483314
0.0001794439694894671
-0.00016942466323703462
-0.00013586523125546683
2.2392629491337025e-05
-6.28767003808213e-05
-4.7936837452910834e-05
-7.551055215547188e-05
0.0002562230992023652
-0.0002813145210653622
-0.00021226333720842673
0.0002687601803364105
0.00015474656275963006
0.00016053624730785526
-0.00018292358756479593
-0.00026083335996921316
0.00020046827514233126
0.0001052339745540999
0.00029514693561398276
1.73199833596144e-05
-0.0002172703147621736
1.633540859923249e-05
0.0001814950047670965
0.000162588922309474
-0.0002958178757148844
2.6674658183096426e-05
0.00014353267401382287
0.0002400719403194644
-0.00017397348580768099
-0.00019550137523071108
0.00018808603711205227
0.0001979165480978582
-0.00017582712923103547
0.00018036594349125608
-9.960666805856005e-05
4.853703442748563e-05
3.344751877066101e-05
-0.00018997169071204815
1.4051757767625779e-05
5.503422374362012e-05
0.00029909412061391287
-0.00014766432109899845
0.00015006797308961733
8.034219959835473e-06
-0.00014744851549153783
0.00012815119788981474
0.0001943318881783656
0.00029852946139933434
-0.0002684279821335574
5.707060559164215e-05
-5.461000066063406e-05
0.00015811584429017517
-0.0002819723785406566
-0.0002561372962776885
3.122645621230565e-05
0.00014741890081323294
-0.00012515093546387057
0.0001668797938228448
0.00010696958628261257
-7.493657279002402e-06
0.00015900278358029884
8.1115504281704e-05
-0.00027971469364789636
-0.00026360364148689806
-0.0002573947791612225
2.953555608990006e-05
4.8100219722681324e-05
-8.034645544681863e-05
-3.1603452267757156e-05
-0.0002418837691729366
0.00013698603350636188
-0.00011547983056631731
-9.037415310815042e-05
4.469526246387201e-05
0.0002949076412460025
-0.00020131624856194432
0.0001453484545120466
0.0001946870896146244
-0.0002515949889829614
0.00025744711720612946
3.856654470744036e-06
6.042194000180389e-06
0.00023139039940114442
-4.627868277484954e-05
-0.0001439953761342381
0.0002459797138031291
-2.1499797017383968e-05
-0.00023563958100414573
-0.00013766414011553242
6.227774321122993e-05
0.00023808234755465539
0.0001222733066333918
-0.0001955232195863103
6.811139294009082e-05
