     Energy         Kx              Ky       F.Density    GA.Brill.       Flux  Tot.Power  Nat.Size  Nat.Div.    Size.x    Size.y     Div.x     Div.y   Coh.Flux  Coh.Power   CohFrac.x   CohFrac.y
         eV          -               -  ph/s/mr^2/0.1%  F.Dens/mm^2  ph/s/0.1%         kW         m       rad         m         m       rad       rad  ph/s/0.1%          W           -           -
1.50736e+03  5.000e-01       3.062e-17       7.786e+17    8.354e+20  6.084e+14  1.312e-01 7.016e-06 9.330e-06 1.981e-05 7.489e-06 1.178e-05 1.055e-05  1.413e+14  2.807e-02  2.8044e-01  8.2811e-01
1.49107e+03  5.240e-01       3.209e-17       8.334e+17    8.892e+20  6.576e+14  1.441e-01 7.054e-06 9.380e-06 1.982e-05 7.525e-06 1.183e-05 1.061e-05  1.537e+14  3.053e-02  2.8208e-01  8.2869e-01
1.47439e+03  5.480e-01       3.356e-17       8.874e+17    9.415e+20  7.073e+14  1.576e-01 7.094e-06 9.433e-06 1.984e-05 7.562e-06 1.189e-05 1.067e-05  1.665e+14  3.306e-02  2.8379e-01  8.2928e-01
1.45736e+03  5.720e-01       3.502e-17       9.405e+17    9.921e+20  7.575e+14  1.717e-01 7.135e-06 9.488e-06 1.985e-05 7.601e-06 1.194e-05 1.073e-05  1.795e+14  3.566e-02  2.8556e-01  8.2988e-01
1.44002e+03  5.960e-01       3.649e-17       9.924e+17    1.041e+21  8.080e+14  1.864e-01 7.178e-06 9.545e-06 1.987e-05 7.641e-06 1.200e-05 1.080e-05  1.928e+14  3.831e-02  2.8738e-01  8.3050e-01
1.42239e+03  6.200e-01       3.796e-17       1.043e+18    1.087e+21  8.586e+14  2.017e-01 7.222e-06 9.604e-06 1.988e-05 7.683e-06 1.206e-05 1.086e-05  2.064e+14  4.101e-02  2.8927e-01  8.3112e-01
1.40452e+03  6.440e-01       3.943e-17       1.092e+18    1.131e+21  9.093e+14  2.177e-01 7.268e-06 9.665e-06 1.990e-05 7.726e-06 1.212e-05 1.093e-05  2.203e+14  4.375e-02  2.9122e-01  8.3176e-01
1.38644e+03  6.680e-01       4.090e-17       1.139e+18    1.172e+21  9.599e+14  2.342e-01 7.315e-06 9.728e-06 1.992e-05 7.770e-06 1.219e-05 1.100e-05  2.343e+14  4.654e-02  2.9321e-01  8.3240e-01
1.36819e+03  6.920e-01       4.237e-17       1.185e+18    1.210e+21  1.010e+15  2.513e-01 7.364e-06 9.793e-06 1.993e-05 7.816e-06 1.225e-05 1.107e-05  2.485e+14  4.936e-02  2.9527e-01  8.3306e-01
1.34979e+03  7.160e-01       4.384e-17       1.229e+18    1.246e+21  1.060e+15  2.691e-01 7.414e-06 9.859e-06 1.995e-05 7.863e-06 1.232e-05 1.115e-05  2.629e+14  5.222e-02  2.9737e-01  8.3372e-01
1.33127e+03  7.400e-01       4.531e-17       1.270e+18    1.279e+21  1.110e+15  2.874e-01 7.465e-06 9.927e-06 1.997e-05 7.912e-06 1.239e-05 1.123e-05  2.774e+14  5.511e-02  2.9953e-01  8.3439e-01
1.31267e+03  7.640e-01       4.678e-17       1.310e+18    1.310e+21  1.159e+15  3.063e-01 7.518e-06 9.997e-06 1.999e-05 7.961e-06 1.246e-05 1.131e-05  2.921e+14  5.802e-02  3.0173e-01  8.3506e-01
1.29402e+03  7.880e-01       4.825e-17       1.347e+18    1.337e+21  1.208e+15  3.259e-01 7.572e-06 1.007e-05 2.001e-05 8.013e-06 1.253e-05 1.139e-05  3.068e+14  6.094e-02  3.0398e-01  8.3573e-01
1.27533e+03  8.120e-01       4.972e-17       1.382e+18    1.361e+21  1.256e+15  3.460e-01 7.627e-06 1.014e-05 2.003e-05 8.065e-06 1.261e-05 1.147e-05  3.216e+14  6.389e-02  3.0627e-01  8.3641e-01
1.25664e+03  8.360e-01       5.119e-17       1.415e+18    1.383e+21  1.303e+15  3.668e-01 7.684e-06 1.022e-05 2.005e-05 8.118e-06 1.269e-05 1.155e-05  3.365e+14  6.685e-02  3.0861e-01  8.3709e-01
1.23797e+03  8.600e-01       5.266e-17       1.445e+18    1.402e+21  1.349e+15  3.882e-01 7.742e-06 1.029e-05 2.008e-05 8.173e-06 1.276e-05 1.164e-05  3.515e+14  6.982e-02  3.1099e-01  8.3777e-01
1.21934e+03  8.840e-01       5.413e-17       1.473e+18    1.418e+21  1.395e+15  4.101e-01 7.801e-06 1.037e-05 2.010e-05 8.229e-06 1.285e-05 1.173e-05  3.665e+14  7.279e-02  3.1341e-01  8.3845e-01
1.20078e+03  9.080e-01       5.560e-17       1.499e+18    1.431e+21  1.439e+15  4.327e-01 7.861e-06 1.045e-05 2.012e-05 8.286e-06 1.293e-05 1.182e-05  3.815e+14  7.577e-02  3.1587e-01  8.3913e-01
1.18229e+03  9.320e-01       5.707e-17       1.523e+18    1.442e+21  1.483e+15  4.559e-01 7.922e-06 1.053e-05 2.015e-05 8.344e-06 1.301e-05 1.191e-05  3.964e+14  7.875e-02  3.1836e-01  8.3981e-01
1.16391e+03  9.560e-01       5.854e-17       1.545e+18    1.450e+21  1.526e+15  4.797e-01 7.984e-06 1.062e-05 2.017e-05 8.403e-06 1.310e-05 1.200e-05  4.114e+14  8.173e-02  3.2089e-01  8.4048e-01
1.14564e+03  9.800e-01       6.001e-17       1.564e+18    1.456e+21  1.567e+15  5.040e-01 8.048e-06 1.070e-05 2.020e-05 8.463e-06 1.318e-05 1.210e-05  4.264e+14  8.470e-02  3.2345e-01  8.4116e-01
1.12750e+03  1.004e+00       6.148e-17       1.581e+18    1.460e+21  1.608e+15  5.290e-01 8.112e-06 1.079e-05 2.022e-05 8.525e-06 1.327e-05 1.219e-05  4.413e+14  8.767e-02  3.2604e-01  8.4183e-01
1.10952e+03  1.028e+00       6.295e-17       1.597e+18    1.461e+21  1.648e+15  5.546e-01 8.178e-06 1.087e-05 2.025e-05 8.587e-06 1.336e-05 1.229e-05  4.562e+14  9.063e-02  3.2867e-01  8.4250e-01
1.09169e+03  1.052e+00       6.442e-17       1.610e+18    1.461e+21  1.686e+15  5.808e-01 8.244e-06 1.096e-05 2.028e-05 8.650e-06 1.345e-05 1.239e-05  4.711e+14  9.358e-02  3.3132e-01  8.4316e-01
1.07403e+03  1.076e+00       6.589e-17       1.621e+18    1.458e+21  1.724e+15  6.076e-01 8.312e-06 1.105e-05 2.030e-05 8.715e-06 1.355e-05 1.249e-05  4.859e+14  9.651e-02  3.3400e-01  8.4382e-01
1.05656e+03  1.100e+00       6.736e-17       1.631e+18    1.454e+21  1.760e+15  6.350e-01 8.380e-06 1.114e-05 2.033e-05 8.780e-06 1.364e-05 1.259e-05  5.006e+14  9.943e-02  3.3671e-01  8.4447e-01
1.03928e+03  1.124e+00       6.883e-17       1.639e+18    1.448e+21  1.796e+15  6.631e-01 8.449e-06 1.124e-05 2.036e-05 8.846e-06 1.374e-05 1.270e-05  5.152e+14  1.023e-01  3.3944e-01  8.4512e-01
1.02220e+03  1.148e+00       7.029e-17       1.645e+18    1.440e+21  1.830e+15  6.917e-01 8.520e-06 1.133e-05 2.039e-05 8.913e-06 1.383e-05 1.280e-05  5.297e+14  1.052e-01  3.4219e-01  8.4576e-01
1.00533e+03  1.172e+00       7.176e-17       1.649e+18    1.431e+21  1.864e+15  7.209e-01 8.591e-06 1.142e-05 2.042e-05 8.981e-06 1.393e-05 1.291e-05  5.442e+14  1.081e-01  3.4496e-01  8.4640e-01
9.88670e+02  1.196e+00       7.323e-17       1.652e+18    1.421e+21  1.896e+15  7.507e-01 8.663e-06 1.152e-05 2.045e-05 9.050e-06 1.403e-05 1.302e-05  5.586e+14  1.110e-01  3.4776e-01  8.4703e-01
9.72237e+02  1.220e+00       7.470e-17       1.653e+18    1.409e+21  1.928e+15  7.812e-01 8.736e-06 1.162e-05 2.048e-05 9.120e-06 1.413e-05 1.313e-05  5.728e+14  1.138e-01  3.5057e-01  8.4765e-01
9.56030e+02  1.244e+00       7.617e-17       1.654e+18    1.396e+21  1.958e+15  8.122e-01 8.810e-06 1.171e-05 2.051e-05 9.191e-06 1.424e-05 1.324e-05  5.870e+14  1.166e-01  3.5340e-01  8.4826e-01
9.40054e+02  1.268e+00       7.764e-17       1.652e+18    1.382e+21  1.988e+15  8.438e-01 8.884e-06 1.181e-05 2.054e-05 9.262e-06 1.434e-05 1.335e-05  6.010e+14  1.194e-01  3.5618e-01  8.4868e-01
9.24313e+02  1.292e+00       7.911e-17       1.650e+18    1.367e+21  2.017e+15  8.761e-01 8.959e-06 1.191e-05 2.058e-05 9.335e-06 1.445e-05 1.346e-05  6.150e+14  1.222e-01  3.5904e-01  8.4928e-01
9.08811e+02  1.316e+00       8.058e-17       1.646e+18    1.351e+21  2.044e+15  9.089e-01 9.036e-06 1.202e-05 2.061e-05 9.408e-06 1.455e-05 1.358e-05  6.288e+14  1.249e-01  3.6192e-01  8.4987e-01
8.93548e+02  1.340e+00       8.205e-17       1.642e+18    1.335e+21  2.071e+15  9.424e-01 9.112e-06 1.212e-05 2.064e-05 9.481e-06 1.466e-05 1.369e-05  6.425e+14  1.276e-01  3.6481e-01  8.5045e-01
8.78527e+02  1.364e+00       8.352e-17       1.636e+18    1.318e+21  2.097e+15  9.764e-01 9.190e-06 1.222e-05 2.068e-05 9.556e-06 1.477e-05 1.381e-05  6.561e+14  1.303e-01  3.6771e-01  8.5102e-01
8.63749e+02  1.388e+00       8.499e-17       1.629e+18    1.300e+21  2.121e+15  1.011e+00 9.268e-06 1.232e-05 2.071e-05 9.631e-06 1.488e-05 1.393e-05  6.695e+14  1.330e-01  3.7062e-01  8.5159e-01
8.49216e+02  1.412e+00       8.646e-17       1.622e+18    1.281e+21  2.145e+15  1.046e+00 9.347e-06 1.243e-05 2.075e-05 9.707e-06 1.499e-05 1.405e-05  6.829e+14  1.356e-01  3.7354e-01  8.5214e-01
8.34926e+02  1.436e+00       8.793e-17       1.613e+18    1.263e+21  2.168e+15  1.082e+00 9.427e-06 1.254e-05 2.078e-05 9.784e-06 1.510e-05 1.416e-05  6.961e+14  1.383e-01  3.7646e-01  8.5269e-01
8.20881e+02  1.460e+00       8.940e-17       1.604e+18    1.243e+21  2.191e+15  1.119e+00 9.507e-06 1.264e-05 2.082e-05 9.861e-06 1.522e-05 1.428e-05  7.092e+14  1.409e-01  3.7940e-01  8.5324e-01
8.07078e+02  1.484e+00       9.087e-17       1.594e+18    1.224e+21  2.212e+15  1.156e+00 9.588e-06 1.275e-05 2.086e-05 9.940e-06 1.533e-05 1.441e-05  7.221e+14  1.434e-01  3.8234e-01  8.5377e-01
7.93519e+02  1.508e+00       9.234e-17       1.584e+18    1.204e+21  2.233e+15  1.193e+00 9.670e-06 1.286e-05 2.090e-05 1.002e-05 1.544e-05 1.453e-05  7.350e+14  1.460e-01  3.8529e-01  8.5429e-01
7.80200e+02  1.532e+00       9.381e-17       1.573e+18    1.184e+21  2.253e+15  1.232e+00 9.752e-06 1.297e-05 2.093e-05 1.010e-05 1.556e-05 1.465e-05  7.477e+14  1.485e-01  3.8824e-01  8.5481e-01
7.67122e+02  1.556e+00       9.528e-17       1.561e+18    1.164e+21  2.272e+15  1.271e+00 9.835e-06 1.308e-05 2.097e-05 1.018e-05 1.568e-05 1.477e-05  7.603e+14  1.510e-01  3.9120e-01  8.5532e-01
7.54281e+02  1.580e+00       9.675e-17       1.549e+18    1.144e+21  2.291e+15  1.310e+00 9.918e-06 1.319e-05 2.101e-05 1.026e-05 1.579e-05 1.490e-05  7.727e+14  1.535e-01  3.9415e-01  8.5582e-01
7.41676e+02  1.604e+00       9.822e-17       1.537e+18    1.124e+21  2.309e+15  1.350e+00 1.000e-05 1.330e-05 2.105e-05 1.034e-05 1.591e-05 1.503e-05  7.850e+14  1.559e-01  3.9711e-01  8.5631e-01
7.29305e+02  1.628e+00       9.969e-17       1.524e+18    1.103e+21  2.326e+15  1.391e+00 1.009e-05 1.341e-05 2.109e-05 1.042e-05 1.603e-05 1.515e-05  7.973e+14  1.584e-01  4.0008e-01  8.5680e-01
7.17165e+02  1.652e+00       1.012e-16       1.511e+18    1.083e+21  2.342e+15  1.432e+00 1.017e-05 1.353e-05 2.113e-05 1.050e-05 1.615e-05 1.528e-05  8.093e+14  1.608e-01  4.0304e-01  8.5727e-01
7.05254e+02  1.676e+00       1.026e-16       1.497e+18    1.063e+21  2.358e+15  1.474e+00 1.026e-05 1.364e-05 2.117e-05 1.059e-05 1.627e-05 1.541e-05  8.213e+14  1.631e-01  4.0600e-01  8.5774e-01
6.93569e+02  1.700e+00       1.041e-16       1.483e+18    1.043e+21  2.374e+15  1.517e+00 1.034e-05 1.375e-05 2.122e-05 1.067e-05 1.640e-05 1.554e-05  8.331e+14  1.655e-01  4.0896e-01  8.5820e-01
