     Energy         Kx              Ky       F.Density    GA.Brill.       Flux  Tot.Power  Nat.Size  Nat.Div.    Size.x    Size.y     Div.x     Div.y   Coh.Flux  Coh.Power   CohFrac.x   CohFrac.y
         eV          -               -  ph/s/mr^2/0.1%  F.Dens/mm^2  ph/s/0.1%         kW         m       rad         m         m       rad       rad  ph/s/0.1%          W           -           -
1.50736e+03  0.000e+00       5.000e-01       7.786e+17    8.354e+20  6.084e+14  1.312e-01 7.016e-06 9.330e-06 1.981e-05 7.489e-06 1.178e-05 1.055e-05  1.413e+14  2.807e-02  2.8044e-01  8.2811e-01
1.48139e+03  0.000e+00       5.380e-01       8.650e+17    9.200e+20  6.865e+14  1.519e-01 7.077e-06 9.411e-06 1.983e-05 7.546e-06 1.187e-05 1.065e-05  1.611e+14  3.200e-02  2.8307e-01  8.2903e-01
1.45449e+03  0.000e+00       5.760e-01       9.492e+17    1.000e+21  7.659e+14  1.741e-01 7.142e-06 9.498e-06 1.985e-05 7.608e-06 1.195e-05 1.074e-05  1.817e+14  3.610e-02  2.8586e-01  8.2998e-01
1.42682e+03  0.000e+00       6.140e-01       1.031e+18    1.075e+21  8.459e+14  1.979e-01 7.211e-06 9.589e-06 1.988e-05 7.672e-06 1.205e-05 1.085e-05  2.030e+14  4.033e-02  2.8879e-01  8.3096e-01
1.39852e+03  0.000e+00       6.520e-01       1.108e+18    1.145e+21  9.262e+14  2.231e-01 7.284e-06 9.686e-06 1.990e-05 7.741e-06 1.214e-05 1.095e-05  2.249e+14  4.468e-02  2.9188e-01  8.3197e-01
1.36971e+03  0.000e+00       6.900e-01       1.181e+18    1.207e+21  1.006e+15  2.499e-01 7.360e-06 9.787e-06 1.993e-05 7.812e-06 1.225e-05 1.107e-05  2.473e+14  4.913e-02  2.9509e-01  8.3300e-01
1.34054e+03  0.000e+00       7.280e-01       1.250e+18    1.263e+21  1.085e+15  2.782e-01 7.440e-06 9.893e-06 1.996e-05 7.887e-06 1.235e-05 1.119e-05  2.701e+14  5.366e-02  2.9844e-01  8.3405e-01
1.31112e+03  0.000e+00       7.660e-01       1.313e+18    1.312e+21  1.163e+15  3.079e-01 7.523e-06 1.000e-05 1.999e-05 7.966e-06 1.247e-05 1.131e-05  2.933e+14  5.826e-02  3.0191e-01  8.3511e-01
1.28156e+03  0.000e+00       8.040e-01       1.370e+18    1.353e+21  1.240e+15  3.393e-01 7.609e-06 1.012e-05 2.003e-05 8.047e-06 1.258e-05 1.144e-05  3.167e+14  6.291e-02  3.0550e-01  8.3618e-01
1.25197e+03  0.000e+00       8.420e-01       1.422e+18    1.388e+21  1.314e+15  3.721e-01 7.698e-06 1.024e-05 2.006e-05 8.132e-06 1.271e-05 1.157e-05  3.403e+14  6.759e-02  3.0920e-01  8.3726e-01
1.22244e+03  0.000e+00       8.800e-01       1.469e+18    1.415e+21  1.387e+15  4.064e-01 7.791e-06 1.036e-05 2.010e-05 8.219e-06 1.283e-05 1.171e-05  3.640e+14  7.230e-02  3.1300e-01  8.3834e-01
1.19306e+03  0.000e+00       9.180e-01       1.509e+18    1.436e+21  1.457e+15  4.423e-01 7.886e-06 1.049e-05 2.013e-05 8.310e-06 1.296e-05 1.186e-05  3.877e+14  7.701e-02  3.1690e-01  8.3941e-01
1.16391e+03  0.000e+00       9.560e-01       1.545e+18    1.450e+21  1.526e+15  4.797e-01 7.984e-06 1.062e-05 2.017e-05 8.403e-06 1.310e-05 1.200e-05  4.114e+14  8.173e-02  3.2089e-01  8.4048e-01
1.13504e+03  0.000e+00       9.940e-01       1.574e+18    1.459e+21  1.591e+15  5.185e-01 8.085e-06 1.075e-05 2.021e-05 8.499e-06 1.323e-05 1.215e-05  4.351e+14  8.644e-02  3.2496e-01  8.4155e-01
1.10653e+03  0.000e+00       1.032e+00       1.599e+18    1.461e+21  1.654e+15  5.590e-01 8.189e-06 1.089e-05 2.025e-05 8.597e-06 1.338e-05 1.231e-05  4.587e+14  9.112e-02  3.2911e-01  8.4261e-01
1.07843e+03  0.000e+00       1.070e+00       1.619e+18    1.459e+21  1.715e+15  6.009e-01 8.295e-06 1.103e-05 2.030e-05 8.698e-06 1.352e-05 1.247e-05  4.822e+14  9.578e-02  3.3333e-01  8.4365e-01
1.05078e+03  0.000e+00       1.108e+00       1.634e+18    1.452e+21  1.772e+15  6.443e-01 8.403e-06 1.117e-05 2.034e-05 8.802e-06 1.367e-05 1.263e-05  5.054e+14  1.004e-01  3.3761e-01  8.4469e-01
1.02361e+03  0.000e+00       1.146e+00       1.644e+18    1.441e+21  1.828e+15  6.893e-01 8.514e-06 1.132e-05 2.039e-05 8.908e-06 1.383e-05 1.279e-05  5.285e+14  1.050e-01  3.4196e-01  8.4571e-01
9.96970e+02  0.000e+00       1.184e+00       1.651e+18    1.426e+21  1.880e+15  7.357e-01 8.627e-06 1.147e-05 2.043e-05 9.016e-06 1.398e-05 1.296e-05  5.514e+14  1.095e-01  3.4636e-01  8.4671e-01
9.70877e+02  0.000e+00       1.222e+00       1.654e+18    1.408e+21  1.930e+15  7.837e-01 8.742e-06 1.162e-05 2.048e-05 9.126e-06 1.414e-05 1.314e-05  5.740e+14  1.140e-01  3.5081e-01  8.4770e-01
9.45353e+02  0.000e+00       1.260e+00       1.653e+18    1.387e+21  1.979e+15  8.332e-01 8.859e-06 1.178e-05 2.053e-05 9.238e-06 1.431e-05 1.331e-05  5.964e+14  1.185e-01  3.5523e-01  8.4848e-01
9.20415e+02  0.000e+00       1.298e+00       1.649e+18    1.363e+21  2.024e+15  8.842e-01 8.978e-06 1.194e-05 2.059e-05 9.353e-06 1.447e-05 1.349e-05  6.184e+14  1.228e-01  3.5976e-01  8.4942e-01
8.96075e+02  0.000e+00       1.336e+00       1.642e+18    1.338e+21  2.066e+15  9.368e-01 9.099e-06 1.210e-05 2.064e-05 9.469e-06 1.464e-05 1.367e-05  6.402e+14  1.272e-01  3.6432e-01  8.5035e-01
8.72340e+02  0.000e+00       1.374e+00       1.633e+18    1.310e+21  2.107e+15  9.908e-01 9.222e-06 1.226e-05 2.069e-05 9.587e-06 1.482e-05 1.386e-05  6.617e+14  1.314e-01  3.6892e-01  8.5126e-01
8.49216e+02  0.000e+00       1.412e+00       1.622e+18    1.281e+21  2.145e+15  1.046e+00 9.347e-06 1.243e-05 2.075e-05 9.707e-06 1.499e-05 1.405e-05  6.829e+14  1.356e-01  3.7354e-01  8.5214e-01
8.26703e+02  0.000e+00       1.450e+00       1.608e+18    1.251e+21  2.181e+15  1.103e+00 9.474e-06 1.260e-05 2.081e-05 9.829e-06 1.517e-05 1.423e-05  7.037e+14  1.398e-01  3.7817e-01  8.5301e-01
8.04802e+02  0.000e+00       1.488e+00       1.593e+18    1.221e+21  2.216e+15  1.162e+00 9.602e-06 1.277e-05 2.086e-05 9.953e-06 1.535e-05 1.443e-05  7.243e+14  1.439e-01  3.8283e-01  8.5386e-01
7.83507e+02  0.000e+00       1.526e+00       1.576e+18    1.189e+21  2.248e+15  1.222e+00 9.731e-06 1.294e-05 2.092e-05 1.008e-05 1.553e-05 1.462e-05  7.445e+14  1.479e-01  3.8750e-01  8.5468e-01
7.62815e+02  0.000e+00       1.564e+00       1.557e+18    1.157e+21  2.278e+15  1.284e+00 9.862e-06 1.311e-05 2.099e-05 1.020e-05 1.572e-05 1.482e-05  7.644e+14  1.518e-01  3.9218e-01  8.5549e-01
7.42718e+02  0.000e+00       1.602e+00       1.538e+18    1.125e+21  2.307e+15  1.347e+00 9.995e-06 1.329e-05 2.105e-05 1.033e-05 1.590e-05 1.501e-05  7.840e+14  1.557e-01  3.9687e-01  8.5627e-01
7.23207e+02  0.000e+00       1.640e+00       1.517e+18    1.093e+21  2.334e+15  1.412e+00 1.013e-05 1.347e-05 2.111e-05 1.046e-05 1.609e-05 1.522e-05  8.033e+14  1.596e-01  4.0156e-01  8.5703e-01
7.04272e+02  0.000e+00       1.678e+00       1.496e+18    1.061e+21  2.360e+15  1.478e+00 1.026e-05 1.365e-05 2.118e-05 1.059e-05 1.628e-05 1.542e-05  8.223e+14  1.633e-01  4.0625e-01  8.5778e-01
6.85902e+02  0.000e+00       1.716e+00       1.474e+18    1.029e+21  2.384e+15  1.545e+00 1.040e-05 1.383e-05 2.124e-05 1.073e-05 1.648e-05 1.562e-05  8.410e+14  1.671e-01  4.1093e-01  8.5850e-01
6.68086e+02  0.000e+00       1.754e+00       1.451e+18    9.980e+20  2.406e+15  1.615e+00 1.054e-05 1.401e-05 2.131e-05 1.086e-05 1.667e-05 1.583e-05  8.593e+14  1.707e-01  4.1562e-01  8.5921e-01
6.50811e+02  0.000e+00       1.792e+00       1.428e+18    9.670e+20  2.428e+15  1.685e+00 1.068e-05 1.420e-05 2.138e-05 1.099e-05 1.687e-05 1.604e-05  8.774e+14  1.743e-01  4.2029e-01  8.5989e-01
6.34065e+02  0.000e+00       1.830e+00       1.405e+18    9.365e+20  2.448e+15  1.758e+00 1.082e-05 1.438e-05 2.145e-05 1.113e-05 1.707e-05 1.625e-05  8.951e+14  1.778e-01  4.2495e-01  8.6056e-01
6.17833e+02  0.000e+00       1.868e+00       1.381e+18    9.065e+20  2.467e+15  1.831e+00 1.096e-05 1.457e-05 2.152e-05 1.127e-05 1.727e-05 1.646e-05  9.126e+14  1.813e-01  4.2960e-01  8.6121e-01
6.02103e+02  0.000e+00       1.906e+00       1.357e+18    8.771e+20  2.485e+15  1.907e+00 1.110e-05 1.476e-05 2.160e-05 1.141e-05 1.748e-05 1.667e-05  9.298e+14  1.847e-01  4.3416e-01  8.6167e-01
5.86861e+02  0.000e+00       1.944e+00       1.334e+18    8.484e+20  2.502e+15  1.983e+00 1.124e-05 1.495e-05 2.167e-05 1.155e-05 1.768e-05 1.689e-05  9.467e+14  1.881e-01  4.3878e-01  8.6228e-01
5.72093e+02  0.000e+00       1.982e+00       1.310e+18    8.204e+20  2.518e+15  2.062e+00 1.139e-05 1.514e-05 2.174e-05 1.169e-05 1.789e-05 1.710e-05  9.634e+14  1.914e-01  4.4337e-01  8.6287e-01
5.57784e+02  0.000e+00       2.020e+00       1.286e+18    7.932e+20  2.533e+15  2.142e+00 1.153e-05 1.534e-05 2.182e-05 1.183e-05 1.810e-05 1.732e-05  9.797e+14  1.946e-01  4.4795e-01  8.6344e-01
5.43922e+02  0.000e+00       2.058e+00       1.263e+18    7.666e+20  2.547e+15  2.223e+00 1.168e-05 1.553e-05 2.190e-05 1.197e-05 1.831e-05 1.754e-05  9.958e+14  1.978e-01  4.5250e-01  8.6400e-01
5.30492e+02  0.000e+00       2.096e+00       1.239e+18    7.408e+20  2.560e+15  2.306e+00 1.183e-05 1.573e-05 2.198e-05 1.211e-05 1.852e-05 1.776e-05  1.012e+15  2.010e-01  4.5703e-01  8.6454e-01
5.17481e+02  0.000e+00       2.134e+00       1.216e+18    7.158e+20  2.573e+15  2.390e+00 1.197e-05 1.592e-05 2.206e-05 1.226e-05 1.873e-05 1.798e-05  1.027e+15  2.041e-01  4.6153e-01  8.6507e-01
5.04876e+02  0.000e+00       2.172e+00       1.193e+18    6.915e+20  2.585e+15  2.476e+00 1.212e-05 1.612e-05 2.214e-05 1.240e-05 1.894e-05 1.820e-05  1.043e+15  2.071e-01  4.6600e-01  8.6558e-01
4.92664e+02  0.000e+00       2.210e+00       1.170e+18    6.680e+20  2.596e+15  2.563e+00 1.227e-05 1.632e-05 2.222e-05 1.255e-05 1.916e-05 1.843e-05  1.058e+15  2.101e-01  4.7045e-01  8.6607e-01
4.80832e+02  0.000e+00       2.248e+00       1.148e+18    6.452e+20  2.606e+15  2.652e+00 1.242e-05 1.652e-05 2.230e-05 1.270e-05 1.937e-05 1.865e-05  1.072e+15  2.130e-01  4.7487e-01  8.6656e-01
4.69367e+02  0.000e+00       2.286e+00       1.126e+18    6.232e+20  2.616e+15  2.743e+00 1.257e-05 1.672e-05 2.239e-05 1.284e-05 1.959e-05 1.888e-05  1.087e+15  2.159e-01  4.7926e-01  8.6702e-01
4.58257e+02  0.000e+00       2.324e+00       1.104e+18    6.019e+20  2.625e+15  2.835e+00 1.272e-05 1.692e-05 2.247e-05 1.299e-05 1.981e-05 1.910e-05  1.101e+15  2.188e-01  4.8361e-01  8.6748e-01
4.47490e+02  0.000e+00       2.362e+00       1.083e+18    5.813e+20  2.634e+15  2.928e+00 1.288e-05 1.712e-05 2.256e-05 1.314e-05 2.003e-05 1.933e-05  1.116e+15  2.216e-01  4.8793e-01  8.6792e-01
4.37055e+02  0.000e+00       2.400e+00       1.062e+18    5.614e+20  2.642e+15  3.023e+00 1.303e-05 1.733e-05 2.265e-05 1.329e-05 2.025e-05 1.956e-05  1.129e+15  2.244e-01  4.9222e-01  8.6835e-01
