     Energy         Kx              Ky       F.Density    GA.Brill.       Flux  Tot.Power  Nat.Size  Nat.Div.    Size.x    Size.y     Div.x     Div.y   Coh.Flux  Coh.Power   CohFrac.x   CohFrac.y
         eV          -               -  ph/s/mr^2/0.1%  F.Dens/mm^2  ph/s/0.1%         kW         m       rad         m         m       rad       rad  ph/s/0.1%          W           -           -
1.05515e+04  5.000e-01       3.062e-17       1.164e+13    2.657e+16  6.026e+09  1.312e-01 2.652e-06 3.526e-06 1.871e-05 3.728e-06 9.860e-06 8.353e-06  9.172e+07  1.822e-08  5.0679e-02  3.0033e-01
1.04375e+04  5.240e-01       3.209e-17       2.036e+13    4.632e+16  1.063e+10  1.441e-01 2.666e-06 3.545e-06 1.871e-05 3.738e-06 9.898e-06 8.398e-06  1.634e+08  3.246e-08  5.1029e-02  3.0115e-01
1.03207e+04  5.480e-01       3.356e-17       3.444e+13    7.813e+16  1.816e+10  1.576e-01 2.681e-06 3.565e-06 1.872e-05 3.749e-06 9.938e-06 8.445e-06  2.819e+08  5.599e-08  5.1394e-02  3.0199e-01
1.02015e+04  5.720e-01       3.502e-17       5.652e+13    1.278e+17  3.010e+10  1.717e-01 2.697e-06 3.586e-06 1.872e-05 3.760e-06 9.980e-06 8.494e-06  4.719e+08  9.375e-08  5.1772e-02  3.0286e-01
1.00801e+04  5.960e-01       3.649e-17       9.016e+13    2.032e+17  4.851e+10  1.864e-01 2.713e-06 3.608e-06 1.872e-05 3.771e-06 1.002e-05 8.544e-06  7.687e+08  1.527e-07  5.2164e-02  3.0376e-01
9.95674e+03  6.200e-01       3.796e-17       1.402e+14    3.149e+17  7.621e+10  2.017e-01 2.730e-06 3.630e-06 1.872e-05 3.783e-06 1.007e-05 8.596e-06  1.221e+09  2.425e-07  5.2569e-02  3.0467e-01
9.83165e+03  6.440e-01       3.943e-17       2.126e+14    4.761e+17  1.169e+11  2.177e-01 2.747e-06 3.653e-06 1.873e-05 3.796e-06 1.011e-05 8.651e-06  1.893e+09  3.760e-07  5.2987e-02  3.0561e-01
9.70510e+03  6.680e-01       4.090e-17       3.154e+14    7.037e+17  1.753e+11  2.342e-01 2.765e-06 3.677e-06 1.873e-05 3.809e-06 1.016e-05 8.706e-06  2.871e+09  5.704e-07  5.3419e-02  3.0657e-01
9.57731e+03  6.920e-01       4.237e-17       4.582e+14    1.018e+18  2.576e+11  2.513e-01 2.783e-06 3.701e-06 1.873e-05 3.822e-06 1.021e-05 8.764e-06  4.267e+09  8.476e-07  5.3862e-02  3.0754e-01
9.44851e+03  7.160e-01       4.384e-17       6.525e+14    1.445e+18  3.712e+11  2.691e-01 2.802e-06 3.726e-06 1.873e-05 3.836e-06 1.026e-05 8.823e-06  6.221e+09  1.236e-06  5.4318e-02  3.0853e-01
9.31891e+03  7.400e-01       4.531e-17       9.124e+14    2.013e+18  5.252e+11  2.874e-01 2.822e-06 3.752e-06 1.874e-05 3.850e-06 1.031e-05 8.883e-06  8.907e+09  1.769e-06  5.4787e-02  3.0954e-01
9.18872e+03  7.640e-01       4.678e-17       1.254e+15    2.755e+18  7.306e+11  3.063e-01 2.842e-06 3.779e-06 1.874e-05 3.865e-06 1.037e-05 8.946e-06  1.254e+10  2.491e-06  5.5266e-02  3.1056e-01
9.05813e+03  7.880e-01       4.825e-17       1.695e+15    3.710e+18  1.000e+12  3.259e-01 2.862e-06 3.806e-06 1.874e-05 3.880e-06 1.042e-05 9.009e-06  1.737e+10  3.451e-06  5.5758e-02  3.1160e-01
8.92733e+03  8.120e-01       4.972e-17       2.257e+15    4.919e+18  1.348e+12  3.460e-01 2.883e-06 3.834e-06 1.875e-05 3.895e-06 1.048e-05 9.075e-06  2.372e+10  4.711e-06  5.6260e-02  3.1265e-01
8.79650e+03  8.360e-01       5.119e-17       2.962e+15    6.427e+18  1.792e+12  3.668e-01 2.904e-06 3.862e-06 1.875e-05 3.911e-06 1.054e-05 9.141e-06  3.192e+10  6.341e-06  5.6773e-02  3.1370e-01
8.66581e+03  8.600e-01       5.266e-17       3.834e+15    8.284e+18  2.351e+12  3.882e-01 2.926e-06 3.891e-06 1.875e-05 3.927e-06 1.060e-05 9.210e-06  4.240e+10  8.422e-06  5.7297e-02  3.1477e-01
8.53540e+03  8.840e-01       5.413e-17       4.899e+15    1.054e+19  3.044e+12  4.101e-01 2.948e-06 3.921e-06 1.876e-05 3.944e-06 1.066e-05 9.279e-06  5.560e+10  1.104e-05  5.7831e-02  3.1585e-01
8.40544e+03  9.080e-01       5.560e-17       6.185e+15    1.325e+19  3.895e+12  4.327e-01 2.971e-06 3.951e-06 1.876e-05 3.961e-06 1.072e-05 9.350e-06  7.206e+10  1.431e-05  5.8375e-02  3.1693e-01
8.27604e+03  9.320e-01       5.707e-17       7.719e+15    1.646e+19  4.927e+12  4.559e-01 2.994e-06 3.982e-06 1.876e-05 3.978e-06 1.078e-05 9.423e-06  9.234e+10  1.834e-05  5.8929e-02  3.1802e-01
8.14735e+03  9.560e-01       5.854e-17       9.529e+15    2.022e+19  6.166e+12  4.797e-01 3.018e-06 4.013e-06 1.877e-05 3.996e-06 1.085e-05 9.496e-06  1.171e+11  2.326e-05  5.9493e-02  3.1912e-01
8.01947e+03  9.800e-01       6.001e-17       1.164e+16    2.459e+19  7.639e+12  5.040e-01 3.042e-06 4.045e-06 1.877e-05 4.014e-06 1.091e-05 9.571e-06  1.469e+11  2.919e-05  6.0065e-02  3.2021e-01
7.89253e+03  1.004e+00       6.148e-17       1.409e+16    2.961e+19  9.376e+12  5.290e-01 3.066e-06 4.077e-06 1.878e-05 4.033e-06 1.098e-05 9.649e-06  1.826e+11  3.628e-05  6.0639e-02  3.2126e-01
7.76661e+03  1.028e+00       6.295e-17       1.688e+16    3.531e+19  1.140e+13  5.546e-01 3.091e-06 4.110e-06 1.878e-05 4.052e-06 1.105e-05 9.726e-06  2.250e+11  4.469e-05  6.1229e-02  3.2237e-01
7.64181e+03  1.052e+00       6.442e-17       2.006e+16    4.175e+19  1.374e+13  5.808e-01 3.116e-06 4.144e-06 1.878e-05 4.071e-06 1.112e-05 9.805e-06  2.747e+11  5.457e-05  6.1828e-02  3.2347e-01
7.51822e+03  1.076e+00       6.589e-17       2.363e+16    4.894e+19  1.642e+13  6.076e-01 3.141e-06 4.177e-06 1.879e-05 4.090e-06 1.119e-05 9.885e-06  3.327e+11  6.609e-05  6.2435e-02  3.2458e-01
7.39590e+03  1.100e+00       6.736e-17       2.762e+16    5.690e+19  1.947e+13  6.350e-01 3.167e-06 4.212e-06 1.879e-05 4.110e-06 1.126e-05 9.965e-06  3.998e+11  7.942e-05  6.3049e-02  3.2568e-01
7.27494e+03  1.124e+00       6.883e-17       3.204e+16    6.567e+19  2.292e+13  6.631e-01 3.194e-06 4.247e-06 1.880e-05 4.131e-06 1.133e-05 1.005e-05  4.768e+11  9.472e-05  6.3671e-02  3.2678e-01
7.15538e+03  1.148e+00       7.029e-17       3.689e+16    7.523e+19  2.678e+13  6.917e-01 3.220e-06 4.282e-06 1.880e-05 4.151e-06 1.141e-05 1.013e-05  5.647e+11  1.122e-04  6.4301e-02  3.2788e-01
7.03728e+03  1.172e+00       7.176e-17       4.220e+16    8.559e+19  3.109e+13  7.209e-01 3.247e-06 4.318e-06 1.881e-05 4.172e-06 1.148e-05 1.021e-05  6.642e+11  1.319e-04  6.4938e-02  3.2898e-01
6.92069e+03  1.196e+00       7.323e-17       4.795e+16    9.674e+19  3.586e+13  7.507e-01 3.274e-06 4.354e-06 1.881e-05 4.193e-06 1.156e-05 1.030e-05  7.762e+11  1.542e-04  6.5582e-02  3.3008e-01
6.80566e+03  1.220e+00       7.470e-17       5.415e+16    1.087e+20  4.110e+13  7.812e-01 3.302e-06 4.391e-06 1.882e-05 4.215e-06 1.163e-05 1.039e-05  9.016e+11  1.791e-04  6.6233e-02  3.3117e-01
6.69221e+03  1.244e+00       7.617e-17       6.079e+16    1.213e+20  4.684e+13  8.122e-01 3.330e-06 4.428e-06 1.882e-05 4.237e-06 1.171e-05 1.047e-05  1.041e+12  2.068e-04  6.6890e-02  3.3226e-01
6.58038e+03  1.268e+00       7.764e-17       6.786e+16    1.347e+20  5.309e+13  8.438e-01 3.358e-06 4.465e-06 1.883e-05 4.259e-06 1.179e-05 1.056e-05  1.195e+12  2.375e-04  6.7554e-02  3.3334e-01
6.47019e+03  1.292e+00       7.911e-17       7.535e+16    1.487e+20  5.985e+13  8.761e-01 3.386e-06 4.503e-06 1.883e-05 4.281e-06 1.187e-05 1.065e-05  1.365e+12  2.712e-04  6.8223e-02  3.3441e-01
6.36167e+03  1.316e+00       8.058e-17       8.324e+16    1.634e+20  6.713e+13  9.089e-01 3.415e-06 4.541e-06 1.884e-05 4.304e-06 1.195e-05 1.074e-05  1.552e+12  3.082e-04  6.8899e-02  3.3548e-01
6.25483e+03  1.340e+00       8.205e-17       9.151e+16    1.786e+20  7.493e+13  9.424e-01 3.444e-06 4.580e-06 1.884e-05 4.327e-06 1.203e-05 1.083e-05  1.755e+12  3.486e-04  6.9580e-02  3.3655e-01
6.14969e+03  1.364e+00       8.352e-17       1.001e+17    1.944e+20  8.326e+13  9.764e-01 3.473e-06 4.619e-06 1.885e-05 4.351e-06 1.211e-05 1.092e-05  1.975e+12  3.923e-04  7.0267e-02  3.3760e-01
6.04625e+03  1.388e+00       8.499e-17       1.091e+17    2.105e+20  9.211e+13  1.011e+00 3.503e-06 4.658e-06 1.885e-05 4.374e-06 1.220e-05 1.102e-05  2.213e+12  4.397e-04  7.0959e-02  3.3865e-01
5.94451e+03  1.412e+00       8.646e-17       1.184e+17    2.271e+20  1.015e+14  1.046e+00 3.533e-06 4.698e-06 1.886e-05 4.398e-06 1.228e-05 1.111e-05  2.470e+12  4.906e-04  7.1656e-02  3.3969e-01
5.84448e+03  1.436e+00       8.793e-17       1.279e+17    2.440e+20  1.113e+14  1.082e+00 3.563e-06 4.738e-06 1.886e-05 4.422e-06 1.237e-05 1.120e-05  2.745e+12  5.453e-04  7.2359e-02  3.4072e-01
5.74616e+03  1.460e+00       8.940e-17       1.377e+17    2.611e+20  1.217e+14  1.119e+00 3.593e-06 4.778e-06 1.887e-05 4.447e-06 1.245e-05 1.130e-05  3.039e+12  6.037e-04  7.3066e-02  3.4175e-01
5.64955e+03  1.484e+00       9.087e-17       1.476e+17    2.784e+20  1.325e+14  1.156e+00 3.624e-06 4.819e-06 1.888e-05 4.472e-06 1.254e-05 1.139e-05  3.352e+12  6.658e-04  7.3777e-02  3.4276e-01
5.55463e+03  1.508e+00       9.234e-17       1.578e+17    2.958e+20  1.439e+14  1.193e+00 3.655e-06 4.860e-06 1.888e-05 4.497e-06 1.263e-05 1.149e-05  3.684e+12  7.318e-04  7.4493e-02  3.4377e-01
5.46140e+03  1.532e+00       9.381e-17       1.681e+17    3.132e+20  1.556e+14  1.232e+00 3.686e-06 4.901e-06 1.889e-05 4.522e-06 1.272e-05 1.159e-05  4.035e+12  8.016e-04  7.5213e-02  3.4477e-01
5.36985e+03  1.556e+00       9.528e-17       1.785e+17    3.306e+20  1.678e+14  1.271e+00 3.717e-06 4.943e-06 1.889e-05 4.548e-06 1.281e-05 1.169e-05  4.406e+12  8.752e-04  7.5938e-02  3.4575e-01
5.27997e+03  1.580e+00       9.675e-17       1.889e+17    3.479e+20  1.804e+14  1.310e+00 3.749e-06 4.985e-06 1.890e-05 4.573e-06 1.290e-05 1.178e-05  4.796e+12  9.527e-04  7.6666e-02  3.4673e-01
5.19174e+03  1.604e+00       9.822e-17       1.994e+17    3.650e+20  1.934e+14  1.350e+00 3.780e-06 5.027e-06 1.891e-05 4.599e-06 1.299e-05 1.188e-05  5.205e+12  1.034e-03  7.7398e-02  3.4770e-01
5.10514e+03  1.628e+00       9.969e-17       2.099e+17    3.820e+20  2.067e+14  1.391e+00 3.812e-06 5.069e-06 1.891e-05 4.626e-06 1.308e-05 1.198e-05  5.632e+12  1.119e-03  7.8134e-02  3.4866e-01
5.02016e+03  1.652e+00       1.012e-16       2.204e+17    3.986e+20  2.204e+14  1.432e+00 3.844e-06 5.112e-06 1.892e-05 4.652e-06 1.317e-05 1.208e-05  6.078e+12  1.207e-03  7.8873e-02  3.4960e-01
4.93678e+03  1.676e+00       1.026e-16       2.308e+17    4.149e+20  2.344e+14  1.474e+00 3.877e-06 5.155e-06 1.893e-05 4.679e-06 1.326e-05 1.219e-05  6.543e+12  1.300e-03  7.9616e-02  3.5054e-01
4.85498e+03  1.700e+00       1.041e-16       2.412e+17    4.309e+20  2.487e+14  1.517e+00 3.909e-06 5.198e-06 1.893e-05 4.706e-06 1.336e-05 1.229e-05  7.025e+12  1.395e-03  8.0362e-02  3.5147e-01
