     Energy         Kx              Ky       F.Density    GA.Brill.       Flux  Tot.Power  Nat.Size  Nat.Div.    Size.x    Size.y     Div.x     Div.y   Coh.Flux  Coh.Power   CohFrac.x   CohFrac.y
         eV          -               -  ph/s/mr^2/0.1%  F.Dens/mm^2  ph/s/0.1%         kW         m       rad         m         m       rad       rad  ph/s/0.1%          W           -           -
7.53678e+03  3.536e-01       3.536e-01       0.000e+00    0.000e+00  0.000e+00  1.312e-01 3.138e-06 4.172e-06 1.879e-05 4.087e-06 9.952e-06 8.461e-06  0.000e+00  0.000e+00  7.0012e-02  3.7851e-01
7.47589e+03  3.663e-01       3.663e-01       0.000e+00    0.000e+00  0.000e+00  1.408e-01 3.150e-06 4.189e-06 1.879e-05 4.097e-06 9.981e-06 8.496e-06  0.000e+00  0.000e+00  7.0369e-02  3.7915e-01
7.41389e+03  3.790e-01       3.790e-01       0.000e+00    0.000e+00  0.000e+00  1.508e-01 3.163e-06 4.207e-06 1.879e-05 4.107e-06 1.001e-05 8.531e-06  0.000e+00  0.000e+00  7.0737e-02  3.7981e-01
7.35083e+03  3.917e-01       3.917e-01       0.000e+00    0.000e+00  0.000e+00  1.611e-01 3.177e-06 4.225e-06 1.879e-05 4.118e-06 1.004e-05 8.567e-06  0.000e+00  0.000e+00  7.1116e-02  3.8048e-01
7.28681e+03  4.045e-01       4.045e-01       0.000e+00    0.000e+00  0.000e+00  1.717e-01 3.191e-06 4.243e-06 1.880e-05 4.129e-06 1.007e-05 8.604e-06  0.000e+00  0.000e+00  7.1505e-02  3.8116e-01
7.22190e+03  4.172e-01       4.172e-01       0.000e+00    0.000e+00  0.000e+00  1.827e-01 3.205e-06 4.262e-06 1.880e-05 4.140e-06 1.011e-05 8.642e-06  0.000e+00  0.000e+00  7.1905e-02  3.8186e-01
7.15618e+03  4.299e-01       4.299e-01       0.000e+00    0.000e+00  0.000e+00  1.940e-01 3.220e-06 4.282e-06 1.880e-05 4.151e-06 1.014e-05 8.682e-06  0.000e+00  0.000e+00  7.2316e-02  3.8258e-01
7.08973e+03  4.426e-01       4.426e-01       0.000e+00    0.000e+00  0.000e+00  2.057e-01 3.235e-06 4.302e-06 1.880e-05 4.163e-06 1.017e-05 8.722e-06  0.000e+00  0.000e+00  7.2736e-02  3.8330e-01
7.02261e+03  4.554e-01       4.554e-01       0.000e+00    0.000e+00  0.000e+00  2.177e-01 3.250e-06 4.322e-06 1.881e-05 4.175e-06 1.021e-05 8.763e-06  0.000e+00  0.000e+00  7.3166e-02  3.8403e-01
6.95490e+03  4.681e-01       4.681e-01       0.000e+00    0.000e+00  0.000e+00  2.300e-01 3.266e-06 4.343e-06 1.881e-05 4.187e-06 1.025e-05 8.805e-06  0.000e+00  0.000e+00  7.3606e-02  3.8478e-01
6.88668e+03  4.808e-01       4.808e-01       0.000e+00    0.000e+00  0.000e+00  2.427e-01 3.282e-06 4.365e-06 1.881e-05 4.200e-06 1.028e-05 8.849e-06  0.000e+00  0.000e+00  7.4056e-02  3.8554e-01
6.81800e+03  4.936e-01       4.936e-01       0.000e+00    0.000e+00  0.000e+00  2.557e-01 3.299e-06 4.387e-06 1.882e-05 4.212e-06 1.032e-05 8.893e-06  0.000e+00  0.000e+00  7.4516e-02  3.8630e-01
6.74893e+03  5.063e-01       5.063e-01       0.000e+00    0.000e+00  0.000e+00  2.691e-01 3.316e-06 4.409e-06 1.882e-05 4.226e-06 1.036e-05 8.939e-06  0.000e+00  0.000e+00  7.4973e-02  3.8700e-01
6.67955e+03  5.190e-01       5.190e-01       0.000e+00    0.000e+00  0.000e+00  2.828e-01 3.333e-06 4.432e-06 1.882e-05 4.239e-06 1.040e-05 8.985e-06  0.000e+00  0.000e+00  7.5451e-02  3.8778e-01
6.60991e+03  5.317e-01       5.317e-01       0.000e+00    0.000e+00  0.000e+00  2.968e-01 3.350e-06 4.455e-06 1.882e-05 4.253e-06 1.044e-05 9.032e-06  0.000e+00  0.000e+00  7.5938e-02  3.8857e-01
6.54007e+03  5.445e-01       5.445e-01       0.000e+00    0.000e+00  0.000e+00  3.112e-01 3.368e-06 4.479e-06 1.883e-05 4.267e-06 1.048e-05 9.080e-06  0.000e+00  0.000e+00  7.6433e-02  3.8937e-01
6.47009e+03  5.572e-01       5.572e-01       0.000e+00    0.000e+00  0.000e+00  3.259e-01 3.386e-06 4.503e-06 1.883e-05 4.281e-06 1.053e-05 9.129e-06  0.000e+00  0.000e+00  7.6937e-02  3.9017e-01
6.40003e+03  5.699e-01       5.699e-01       0.000e+00    0.000e+00  0.000e+00  3.409e-01 3.405e-06 4.528e-06 1.883e-05 4.296e-06 1.057e-05 9.178e-06  0.000e+00  0.000e+00  7.7449e-02  3.9098e-01
6.32994e+03  5.827e-01       5.827e-01       0.000e+00    0.000e+00  0.000e+00  3.563e-01 3.424e-06 4.553e-06 1.884e-05 4.311e-06 1.061e-05 9.229e-06  0.000e+00  0.000e+00  7.7970e-02  3.9179e-01
6.25987e+03  5.954e-01       5.954e-01       0.000e+00    0.000e+00  0.000e+00  3.721e-01 3.443e-06 4.578e-06 1.884e-05 4.326e-06 1.066e-05 9.280e-06  0.000e+00  0.000e+00  7.8499e-02  3.9261e-01
6.18986e+03  6.081e-01       6.081e-01       0.000e+00    0.000e+00  0.000e+00  3.882e-01 3.462e-06 4.604e-06 1.884e-05 4.342e-06 1.070e-05 9.332e-06  0.000e+00  0.000e+00  7.9036e-02  3.9343e-01
6.11998e+03  6.208e-01       6.208e-01       0.000e+00    0.000e+00  0.000e+00  4.046e-01 3.482e-06 4.630e-06 1.885e-05 4.357e-06 1.075e-05 9.384e-06  0.000e+00  0.000e+00  7.9581e-02  3.9426e-01
6.05025e+03  6.336e-01       6.336e-01       0.000e+00    0.000e+00  0.000e+00  4.213e-01 3.502e-06 4.657e-06 1.885e-05 4.373e-06 1.079e-05 9.438e-06  0.000e+00  0.000e+00  8.0133e-02  3.9509e-01
5.98073e+03  6.463e-01       6.463e-01       0.000e+00    0.000e+00  0.000e+00  4.384e-01 3.522e-06 4.684e-06 1.886e-05 4.390e-06 1.084e-05 9.492e-06  0.000e+00  0.000e+00  8.0693e-02  3.9592e-01
5.91146e+03  6.590e-01       6.590e-01       0.000e+00    0.000e+00  0.000e+00  4.559e-01 3.543e-06 4.711e-06 1.886e-05 4.406e-06 1.089e-05 9.547e-06  0.000e+00  0.000e+00  8.1260e-02  3.9675e-01
5.84246e+03  6.718e-01       6.718e-01       0.000e+00    0.000e+00  0.000e+00  4.737e-01 3.564e-06 4.739e-06 1.886e-05 4.423e-06 1.094e-05 9.603e-06  0.000e+00  0.000e+00  8.1835e-02  3.9759e-01
5.77379e+03  6.845e-01       6.845e-01       0.000e+00    0.000e+00  0.000e+00  4.918e-01 3.585e-06 4.767e-06 1.887e-05 4.440e-06 1.099e-05 9.660e-06  0.000e+00  0.000e+00  8.2416e-02  3.9843e-01
5.70546e+03  6.972e-01       6.972e-01       0.000e+00    0.000e+00  0.000e+00  5.102e-01 3.606e-06 4.795e-06 1.887e-05 4.457e-06 1.104e-05 9.717e-06  0.000e+00  0.000e+00  8.3004e-02  3.9927e-01
5.63752e+03  7.099e-01       7.099e-01       0.000e+00    0.000e+00  0.000e+00  5.290e-01 3.628e-06 4.824e-06 1.888e-05 4.475e-06 1.109e-05 9.775e-06  0.000e+00  0.000e+00  8.3599e-02  4.0010e-01
5.56999e+03  7.227e-01       7.227e-01       0.000e+00    0.000e+00  0.000e+00  5.482e-01 3.650e-06 4.853e-06 1.888e-05 4.493e-06 1.114e-05 9.834e-06  0.000e+00  0.000e+00  8.4201e-02  4.0094e-01
5.50290e+03  7.354e-01       7.354e-01       0.000e+00    0.000e+00  0.000e+00  5.677e-01 3.672e-06 4.883e-06 1.888e-05 4.511e-06 1.119e-05 9.893e-06  0.000e+00  0.000e+00  8.4809e-02  4.0178e-01
5.43628e+03  7.481e-01       7.481e-01       0.000e+00    0.000e+00  0.000e+00  5.875e-01 3.694e-06 4.913e-06 1.889e-05 4.529e-06 1.125e-05 9.953e-06  0.000e+00  0.000e+00  8.5423e-02  4.0262e-01
5.37016e+03  7.608e-01       7.608e-01       0.000e+00    0.000e+00  0.000e+00  6.076e-01 3.717e-06 4.943e-06 1.889e-05 4.547e-06 1.130e-05 1.001e-05  0.000e+00  0.000e+00  8.6043e-02  4.0346e-01
5.30454e+03  7.736e-01       7.736e-01       0.000e+00    0.000e+00  0.000e+00  6.281e-01 3.740e-06 4.973e-06 1.890e-05 4.566e-06 1.136e-05 1.008e-05  0.000e+00  0.000e+00  8.6669e-02  4.0429e-01
5.23946e+03  7.863e-01       7.863e-01       0.000e+00    0.000e+00  0.000e+00  6.490e-01 3.763e-06 5.004e-06 1.890e-05 4.585e-06 1.141e-05 1.014e-05  0.000e+00  0.000e+00  8.7301e-02  4.0512e-01
5.17494e+03  7.990e-01       7.990e-01       0.000e+00    0.000e+00  0.000e+00  6.702e-01 3.786e-06 5.035e-06 1.891e-05 4.604e-06 1.147e-05 1.020e-05  0.000e+00  0.000e+00  8.7939e-02  4.0596e-01
5.11098e+03  8.118e-01       8.118e-01       0.000e+00    0.000e+00  0.000e+00  6.917e-01 3.810e-06 5.067e-06 1.891e-05 4.624e-06 1.152e-05 1.026e-05  0.000e+00  0.000e+00  8.8582e-02  4.0679e-01
5.04762e+03  8.245e-01       8.245e-01       0.000e+00    0.000e+00  0.000e+00  7.135e-01 3.834e-06 5.098e-06 1.892e-05 4.643e-06 1.158e-05 1.033e-05  0.000e+00  0.000e+00  8.9230e-02  4.0761e-01
4.98485e+03  8.372e-01       8.372e-01       0.000e+00    0.000e+00  0.000e+00  7.357e-01 3.858e-06 5.130e-06 1.892e-05 4.663e-06 1.164e-05 1.039e-05  0.000e+00  0.000e+00  8.9884e-02  4.0843e-01
4.92270e+03  8.499e-01       8.499e-01       0.000e+00    0.000e+00  0.000e+00  7.583e-01 3.882e-06 5.163e-06 1.893e-05 4.683e-06 1.170e-05 1.046e-05  0.000e+00  0.000e+00  9.0543e-02  4.0925e-01
4.86118e+03  8.627e-01       8.627e-01       0.000e+00    0.000e+00  0.000e+00  7.812e-01 3.907e-06 5.195e-06 1.893e-05 4.704e-06 1.175e-05 1.052e-05  0.000e+00  0.000e+00  9.1207e-02  4.1007e-01
4.80030e+03  8.754e-01       8.754e-01       0.000e+00    0.000e+00  0.000e+00  8.044e-01 3.931e-06 5.228e-06 1.894e-05 4.724e-06 1.181e-05 1.059e-05  0.000e+00  0.000e+00  9.1875e-02  4.1088e-01
4.74006e+03  8.881e-01       8.881e-01       0.000e+00    0.000e+00  0.000e+00  8.279e-01 3.956e-06 5.261e-06 1.894e-05 4.745e-06 1.187e-05 1.066e-05  0.000e+00  0.000e+00  9.2549e-02  4.1169e-01
4.68048e+03  9.009e-01       9.009e-01       0.000e+00    0.000e+00  0.000e+00  8.518e-01 3.981e-06 5.294e-06 1.895e-05 4.766e-06 1.193e-05 1.072e-05  0.000e+00  0.000e+00  9.3227e-02  4.1250e-01
4.62157e+03  9.136e-01       9.136e-01       0.000e+00    0.000e+00  0.000e+00  8.761e-01 4.007e-06 5.328e-06 1.895e-05 4.787e-06 1.199e-05 1.079e-05  0.000e+00  0.000e+00  9.3909e-02  4.1330e-01
4.56332e+03  9.263e-01       9.263e-01       0.000e+00    0.000e+00  0.000e+00  9.007e-01 4.032e-06 5.362e-06 1.896e-05 4.809e-06 1.206e-05 1.086e-05  0.000e+00  0.000e+00  9.4596e-02  4.1410e-01
4.50575e+03  9.390e-01       9.390e-01       0.000e+00    0.000e+00  0.000e+00  9.256e-01 4.058e-06 5.396e-06 1.896e-05 4.830e-06 1.212e-05 1.093e-05  0.000e+00  0.000e+00  9.5287e-02  4.1489e-01
4.44885e+03  9.518e-01       9.518e-01       0.000e+00    0.000e+00  0.000e+00  9.508e-01 4.084e-06 5.431e-06 1.897e-05 4.852e-06 1.218e-05 1.100e-05  0.000e+00  0.000e+00  9.5983e-02  4.1567e-01
4.39264e+03  9.645e-01       9.645e-01       0.000e+00    0.000e+00  0.000e+00  9.764e-01 4.110e-06 5.465e-06 1.897e-05 4.874e-06 1.224e-05 1.107e-05  0.000e+00  0.000e+00  9.6682e-02  4.1645e-01
4.33710e+03  9.772e-01       9.772e-01       0.000e+00    0.000e+00  0.000e+00  1.002e+00 4.136e-06 5.500e-06 1.898e-05 4.896e-06 1.231e-05 1.114e-05  0.000e+00  0.000e+00  9.7385e-02  4.1723e-01
4.28226e+03  9.899e-01       9.899e-01       0.000e+00    0.000e+00  0.000e+00  1.029e+00 4.162e-06 5.535e-06 1.899e-05 4.918e-06 1.237e-05 1.121e-05  0.000e+00  0.000e+00  9.8092e-02  4.1800e-01
