1.1196218437776343e-05
4.184622806886737e-06
4.703083378816474e-05
-1.9635923673904755e-05
-2.5141769614933342e-05
-1.9675543768967707e-05
2.3458657207748453e-05
-1.5958554644584444e-05
-2.019541741310331e-05
4.4622184135152994e-05
-3.9285504912520025e-06
4.1551509278323197e-05
-6.153616464840194e-06
-1.3285671707553849e-05
1.916310027660218e-05
-1.5050466304020658e-05
1.8404632817536195e-05
-1.2732161417532043e-05
-3.188249727538319e-05
-4.0828465903779704e-05
-1.6447303710203668e-05
-3.463031520772063e-05
-2.1435257725592882e-05
2.607210560145328e-05
-3.702340552726799e-06
3.309859460837909e-05
-3.527061288803136e-05
-1.2810967575707965e-05
-4.852221852149752e-05
3.485923013856148e-05
-3.5250509985710376e-05
1.0027569610025899e-05
-1.8351733561073946e-05
-5.9326592693651706e-08
3.663874465600448e-05
1.693279332154603e-05
4.9879194936474116e-05
2.2627607543913526e-05
4.651533095582323e-05
-3.2045716771854e-05
-1.6231369690265516e-05
4.7086173434140336e-05
-9.676350331709796e-06
-1.091978621999765e-05
-4.4086625954400676e-05
3.692300373356023e-05
-3.21737931741346e-05
1.824900775448381e-05
-4.8568200299745235e-05
-3.236062935254055e-05
-7.717243802271944e-06
-1.7223911725857931e-06
-4.9208786801144237e-05
6.984549820780951e-06
2.8085247289731044e-05
-4.761593069110511e-05
-2.3882010783980967e-05
-4.5795698596635575e-05
-3.91614354338356e-05
-5.744512758009681e-06
1.3450081683692953e-05
-1.5702916955455982e-05
2.1508876819332742e-07
2.20837108720815e-05
-2.2821941830079442e-05
-1.1554312587928128e-05
-2.5446863951046063e-05
1.3408263843857133e-05
-2.116735717710172e-05
8.139711853404488e-06
-3.892811970654209e-05
-3.434251829585574e-06
-2.8028820895607844e-05
3.4230029274167775e-05
2.4996774684598896e-05
4.296091835929982e-06
4.549316562074073e-05
-2.2585867925987168e-05
1.623376200585645e-06
-3.321234054686335e-05
-4.965029454362573e-05
3.53537633270864e-05
3.7128305053292584e-05
-2.8214036806466415e-05
-4.5232985986029906e-05
2.2256581529395166e-06
-2.005676281102429e-05
2.0730084206319414e-05
-3.8519948033986345e-05
-6.30195539394395e-07
-3.526208540360033e-05
-2.0057961441268424e-05
-2.0496331862205432e-05
-1.8342365437715538e-05
1.9994901533560145e-05
4.7586320120688416e-05
-6.96518528091674e-06
-1.6342270092425923e-05
-3.71507776406527e-05
-2.2404000230264288e-05
3.5468233995948025e-05
-3.6399790079975525e-05
-1.2280448336563957e-06
3.078852607061461e-05
8.57578502726906e-06
-4.344064084403482e-05
7.619727434632837e-06
-1.866160051191703e-05
3.1933662183249674e-06
-5.809270402037673e-06
1.5359736481395814e-05
3.8440250126596326e-05
3.5763123070287003e-05
3.666552885327827e-07
2.9211633443792993e-05
-3.1976529716530236e-05
8.130607504433144e-06
3.600732715803454e-05
2.2699861184940512e-05
-4.814532012456697e-06
4.143362102415082e-05
2.1550540500374562e-05
-4.217697147115295e-05
-1.1395642998383537e-05
3.806143971531759e-05
-3.6747699137649215e-05
7.75124526923907e-06
-3.6116885186858726e-05
3.956357947811386e-05
1.0916194570982408e-05
3.158670531655063e-05
-3.0777891012711624e-05
-2.1909169742457493e-05
-2.0883939019991348e-05
2.782734894299102e-05
-1.7227758152812743e-05
-2.498083217386178e-05
-1.573945842573027e-05
-1.3258027857289854e-05
-2.9483606349857408e-05
-9.030452447456603e-06
4.805180902717083e-05
6.500162263276907e-07
3.8354501922058304e-05
-4.351177571077496e-05
1.9787068264261592e-05
7.3670433215695634e-06
3.527120630667819e-05
4.86852173074399e-05
-4.222006868899997e-05
-4.5929007364117095e-05
-1.3831347979108097e-05
4.468825447257357e-05
-2.440021727809044e-05
2.4742765721045918e-05
4.137396705464283e-05
-2.3975519268241365e-05
1.5083628308988467e-05
-6.502785593949132e-06
-4.9490675557976864e-05
-1.8496809335855435e-05
-2.035351462074927e-05
4.030404771465535e-05
-2.3889150620680222e-05
2.742630677744848e-05
-2.1543555155127937e-05
-5.917293485495276e-06
4.57815760589817e-06
-3.695776716423478e-05
9.782587522966193e-06
3.796955038787863e-05
-1.9568266029048847e-06
-1.3334425634896989e-05
3.7560799020684936e-05
3.901942627954573e-05
-4.962768775382202e-05
4.2915802288925695e-05
2.0121367969038648e-05
4.234126298083047e-05
2.1461081558572067e-05
-4.007255895772706e-05
1.5989617347915985e-05
-2.361948242169234e-05
-2.0376365360352062e-06
2.207294539251801e-05
4.4733144045054544e-05
3.366623271048755e-05
-2.9308824088673825e-05
-4.036204848566838e-05
3.201083680914782e-05
2.8071685128991574e-05
1.7741040359361996e-05
-2.0545532646677013e-05
-2.85773911906294e-05
3.3717280507809874e-05
1.6115342723948502e-05
1.2367558650133144e-05
-1.630947542188066e-05
-2.9741636078415957e-05
-2.0145636278551637e-05
-4.5084313457867746e-05
-3.727101693452938e-05
-4.6164156844625436e-05
1.261460554563179e-05
2.0563430598755755e-05
6.786939344560766e-07
-2.5489543166228845e-05
-6.607438656627982e-06
-3.006544184604907e-05
-3.897292555114507e-05
7.701774189432986e-06
-4.350522143731519e-05
2.055127875022535e-06
-1.4347507593750787e-05
-3.73514613443183e-06
3.654513274812775e-05
-2.376613008091426e-05
4.604208244522324e-05
2.6595488429673936e-05
4.402647553013272e-05
-3.763977837950959e-05
3.059955227299794e-05
3.26708754421634e-05
-3.0420317601967085e-05
4.765485420878862e-05
-2.510329376188738e-05
4.748923619832705e-05
-2.2775956424153876e-05
4.6661972050790784e-05
9.520411826123534e-06
1.833077517000238e-05
3.2860986128438585e-06
-1.7987221215511684e-05
-4.359538962495582e-05
1.6207436653848586e-05
1.4493760434062106e-05
2.5347632057541268e-05
-2.52644053861686e-05
4.868981517489514e-05
-1.283816598089512e-05
2.3055111641035536e-05
-1.6360512461793608e-05
3.5000412388939326e-05
-2.4749405165317806e-05
-9.223371609270661e-06
-1.0558826829440096e-05
-3.655144209131088e-05
3.535329140005203e-05
4.2622862719092406e-05
-2.2473233185503286e-05
2.0071580614069435e-05
3.51368929194862e-05
5.892095711516353e-06
1.7715139110104006e-05
-1.1607757990112936e-05
-2.865987120575012e-05
1.1060826947589004e-05
2.3850145689143018e-05
-4.470901642024914e-05
4.652766117684308e-05
-1.087259063127721e-05
-3.819118453865984e-05
2.5393841246528966e-05
4.144761592264484e-05
4.436990489584589e-05
-4.341980216729964e-05
-4.5717979374191523e-05
-3.160715014622824e-05
-1.1142687332446868e-05
4.358563611416349e-05
1.7450534540001534e-05
3.093796456525399e-05
1.7784943848451101e-06
1.978976825319594e-05
-1.184861904160812e-05
-1.7856645300565702e-05
-3.205212723587483e-05
-3.2619064233792975e-05
-8.67199507099797e-06
-1.3900519704423667e-05
4.92652701192031e-06
5.623806595068437e-06
-4.94417113502147e-06
-2.7311960494959098e-05
-2.401639690628895e-05
-4.417746532286001e-05
-1.238652880809339e-05
5.472246426766137e-06
-3.6252777689503335e-05
-9.314067059401678e-06
-4.937496357754292e-05
-3.3944860531753615e-05
6.861608480819558e-06
4.064031315089379e-05
2.3198406692687255e-05
-2.3314730955754123e-06
3.709543139341478e-05
2.6387369725648436e-05
-4.562378125912643e-05
-1.1317591272372582e-05
5.028477633759421e-06
-1.9809214057583226e-05
-2.0329616591820643e-05
-2.264998116914756e-05
1.110754728201156e-05
2.410623841708956e-05
3.798825208013881e-05
1.8822475373973567e-05
4.594001018977722e-05
2.4303390047229006e-05
-1.602143432899333e-05
3.088695746875708e-05
2.1494430930247406e-05
-1.7091227272613506e-06
3.915918458210617e-05
-3.7706106381737195e-05
-4.9641211525267464e-05
1.6566817757229869e-06
-5.5552034269008095e-06
2.0943571073387783e-05
-2.189710024453746e-05
5.027361589696442e-06
-4.818135115798289e-05
-4.191271918350467e-05
1.2535223743368703e-05
4.559771789517294e-05
-9.308052086538966e-06
-4.283915814385321e-05
-5.882470714959797e-06
2.98655200941963e-05
-2.4223171643313368e-05
2.8469479370455164e-05
3.210930704668134e-05
3.1407239426984457e-06
-2.25337971996768e-05
2.9768881484691673e-05
-4.995848985090229e-05
3.533434878670189e-05
2.0041940226711063e-05
3.1654085980362585e-05
-1.0098457055051884e-06
3.6453031436925916e-05
-3.936721197471797e-05
4.126738791493489e-05
3.324944186415086e-05
-3.867032740120053e-05
9.809064800125403e-06
-2.313249557057009e-06
-4.249731697030837e-05
-5.201298064071722e-06
-2.6222426686518997e-06
-5.143666407586369e-06
8.779372329174692e-06
1.4487863677434372e-05
2.1910504806375214e-05
8.509319424271189e-06
1.190013324784723e-05
-2.9074467386679594e-05
-3.277389878818687e-05
-5.820658685493649e-06
-9.756944321928453e-06
3.690941728881787e-05
-3.205230591072096e-05
1.1389060370188424e-05
-2.8001644262117764e-05
-2.4734187855076408e-05
4.29427732665617e-06
-3.1223335959118404e-05
2.7052435046071722e-05
3.2750052159738486e-05
7.765160758184499e-06
3.5177253968704586e-05
-5.793920429188979e-06
1.0311356156926247e-05
4.954799552718682e-05
-3.476243308706033e-05
-8.681019549863065e-06
-3.4237139793667654e-05
4.225054153736983e-05
4.925166684802824e-05
1.3375526003756644e-05
9.563363939553315e-06
-3.0166308956851373e-05
-3.682862300629523e-05
2.8214946026856907e-06
-4.600702876410976e-05
-3.184685162339064e-05
-4.9550369507262825e-05
7.956548247536423e-06
-3.03631433525489e-07
-2.441162437395935e-05
2.1104546760365675e-05
-4.938146838591321e-05
-4.359955438117672e-05
3.627714499974631e-05
2.073822147096312e-05
-3.553057279724803e-05
-3.775118996696037e-05
-3.6339761610689004e-05
-2.799815352982874e-05
-1.3794535842855571e-05
-2.461532341122711e-05
3.850460094124726e-05
-1.912860292984062e-05
3.886910475475586e-05
-2.4065133719094734e-05
1.5548124931509895e-05
-2.4191332466238702e-06
4.3092766051454035e-05
-2.21955133164772e-05
4.4900845690838376e-05
4.298542342291758e-05
4.787804437864117e-05
-2.6803904233403822e-05
1.9466786111602205e-05
2.153560370327133e-05
-3.3761069122863335e-05
3.387558863886741e-06
3.523063908698691e-05
2.3888665458614312e-05
7.989871446849917e-06
-2.230058904738741e-05
-1.8635872726691364e-05
-2.233474713667634e-05
-1.616546461993081e-05
3.457025572278939e-05
2.2424484145422423e-05
-2.7054709368138332e-05
-4.6059749590941104e-05
-1.0856738927105504e-05
-4.170869635334527e-05
5.377175062499557e-07
-3.4142810214457075e-05
-1.0847307379939942e-05
-9.109223546981826e-06
2.59773742546977e-05
-1.874894426717936e-05
2.5691437088658157e-05
4.460793889909582e-05
-2.557393523426237e-05
2.448993666343402e-06
1.119274985396833e-06
2.5646644331675537e-05
1.5523764212502118e-05
3.4609824650167475e-05
6.925700854958642e-06
-1.143156768339679e-05
-4.6770452995402814e-05
-4.0515736591181354e-05
-9.593213043568106e-06
-2.1429483166248375e-05
5.876039206816419e-06
4.409389342025028e-06
-2.3957434506236852e-05
-2.893421816890306e-05
-1.5092011001603224e-05
-3.425132093640738e-05
1.849653512440101e-05
-3.201939045025746e-05
-6.236015724803545e-06
-4.3996362804816236e-05
1.0069662099036772e-05
-4.1990597738109493e-05
-8.20308851753149e-06
-1.9538510391549315e-05
-4.989663125601395e-05
1.0403440394864194e-05
-3.4144297143657733e-06
-1.5689747994161366e-06
2.9605136349139517e-05
1.3043363171300972e-05
3.1024639633408535e-05
1.7816811777197925e-05
2.5774276582848917e-05
-2.0156782082533177e-05
2.627347298317865e-06
3.095117548107416e-05
1.5794892938072928e-05
-2.9341980878878083e-05
-3.864532234391245e-05
-3.231031223722839e-05
-3.9810370213836746e-05
4.1122322502085215e-05
3.56578516824108e-05
2.0799958512807274e-05
1.754743138518973e-05
-4.1240373528056675e-05
3.7449460079325494e-06
4.191840872820392e-05
5.646505779778322e-07
-5.418583124420896e-06
1.058167199102359e-05
1.9884469904183376e-05
-4.416618841152609e-05
-1.9714923167254817e-05
-1.6124434310693424e-05
-1.729404784177667e-05
-3.1909294590837004e-05
-3.876757138469804e-05
4.459894469577811e-05
9.306996401536016e-06
2.5343043880489843e-05
-1.5053757350392564e-05
9.319937079890142e-06
1.5739136677880114e-05
3.0590507960340115e-05
-1.6996826786855414e-05
-2.4448133755861568e-05
-6.463157225835062e-06
-2.956851526780021e-05
-4.188858789933418e-05
2.035326090943815e-06
-1.7763873899299434e-05
4.512824963562517e-05
1.685323863395975e-05
7.429827438381009e-06
-2.0630532805623847e-05
-1.7972013016772647e-05
-1.964679270815305e-05
1.5903018018012863e-07
1.9783968222160138e-05
2.5389174173033286e-05
4.218067197501841e-06
9.227237882982963e-06
1.2049184707405064e-05
-2.079947989910761e-05
9.39554571455128e-06
4.0087627540934396e-05
-3.8199532404732095e-05
3.6847337181918116e-05
4.596574077602027e-05
6.848283983164769e-06
-3.510471089715809e-05
4.582198240265285e-05
4.09699179509141e-06
2.1893663202927595e-06
5.076082279983774e-06
2.707824586057343e-05
1.1692195191365894e-05
8.514510483749253e-06
1.3031354905317548e-05
-9.853772020278742e-06
4.1138456765024355e-05
-3.286909545967679e-05
-3.5636603161814896e-05
-3.423502945612352e-05
1.1412881090703407e-05
-3.554086339184795e-05
-3.764452580952924e-05
-1.295976860344619e-05
2.924032391274004e-06
-2.818195921943908e-05
3.2019841059876515e-05
3.439609045902954e-05
-9.470906628139279e-06
-3.860844807102505e-05
2.6427346426474315e-05
3.526423030577242e-05
-1.9939661446285063e-05
1.0945438540823194e-05
-3.553036100431147e-05
1.838920381068828e-05
2.5894989448765054e-05
-8.717220528393064e-06
-2.747949877777799e-06
3.42129035743431e-05
-3.374197462484501e-05
4.486679159313946e-05
3.9252910989464775e-05
1.6366146754994677e-05
2.4294338153896785e-05
-2.956709901303092e-05
9.391719100575824e-06
-3.336469203961748e-05
-2.9509952658034576e-06
3.300159842237685e-05
3.0341172266741487e-05
-1.5115541684503832e-05
1.9057328231254273e-06
3.897189558291982e-05
3.583007654142521e-05
-2.2305044992937697e-05
3.470890708359945e-05
-5.049417130906522e-06
4.817811356772622e-05
-1.1547984723419637e-05
4.181397050457344e-05
-1.2584216405094453e-05
-4.047868891876201e-05
3.185260219181909e-05
2.060550171418829e-05
-4.56391749335423e-05
-4.2413566049264456e-05
-3.46764991256047e-05
-2.5961103350371275e-05
-1.0424347179642572e-07
1.1796146470866659e-05
2.6729696110405796e-05
-3.430937775444506e-05
3.911818723021772e-05
-4.965720495290875e-05
-3.3869367607190277e-06
2.068755489550225e-05
2.7698282123227813e-05
4.423049818895527e-05
-2.145082774494388e-05
-1.882177267844243e-06
-2.725570924141512e-05
-1.9739869927344358e-05
2.7904343116897107e-05
2.426324055131719e-05
-1.7454772388640662e-05
3.2049626727912146e-05
2.3347918939410818e-06
-1.9041611708998833e-05
1.565416468441971e-05
1.4082126291532555e-05
1.7922330170218777e-05
2.653354028817865e-05
-7.738400189370987e-06
-3.317066078668105e-05
4.674167836985397e-05
1.1915149417538513e-05
6.399378088386429e-06
-1.635020588789732e-05
4.8467965778074025e-05
3.750201321358389e-05
-1.8052547723678603e-05
-3.192326804370157e-05
-8.116652786117399e-06
-1.7005214789155853e-05
1.9732163659718983e-05
1.2938680217217009e-05
-3.886571930647624e-05
3.911819252685345e-05
-8.384094665988386e-06
-1.1800483554297626e-05
-1.160784550717179e-05
-3.101513636469483e-05
1.9429766957516457e-05
1.6907571954468527e-05
2.1962849902150635e-05
3.108969873441392e-05
-5.756621102071193e-06
3.413655830106567e-06
4.9737633541890954e-05
-4.475861106869191e-05
3.3454296752389536e-05
-3.6120164708331893e-05
-8.007016541724255e-06
-4.270204505446619e-06
2.08467776562534e-05
7.589247920200338e-06
1.1999258312444214e-05
-7.143011066358742e-06
-1.4314256332012012e-05
3.179297803354443e-05
4.5391155927719094e-05
3.0212262740054365e-06
2.03078884695773e-05
1.0427286456498123e-05
5.267129999785922e-06
3.934468004267281e-05
-2.6039859376462163e-05
2.6702708991748946e-05
-2.787226240375005e-06
-4.984947558073153e-05
4.965735807108478e-05
2.872652879357585e-05
-3.3186203341842405e-05
-1.1459784363998902e-05
-2.66638001546765e-05
1.2755977865399063e-05
-4.9746856345223845e-05
3.5883596694230066e-05
-4.718679121450983e-05
-4.2970185987123424e-06
1.4774993546440146e-05
-5.909594508525763e-06
-1.966326577929164e-05
2.7513323149134878e-05
1.5060543040317982e-05
-1.9790319432916084e-06
2.7081389341113644e-05
-3.384865424623128e-05
2.8180342639799357e-05
-1.351267922576562e-05
-3.5198942255150516e-05
1.9309221665267597e-05
-1.9363018821382784e-05
4.309266436750111e-05
4.930900446202982e-05
-3.710223125749318e-05
-2.8293176797970054e-05
-6.205729166528541e-06
-2.887372758719068e-05
-2.52353151384918e-05
-1.91831825118898e-05
-1.7923516942949016e-05
-2.616873255782535e-06
2.1718076450288663e-05
1.3663536743575504e-05
3.365579572049944e-05
-2.6581012165698538e-05
4.989027612094796e-06
-4.6910609972587925e-05
1.0753072318534553e-05
-4.712238409663017e-05
-4.711896474343772e-05
4.675914695043268e-05
-3.9360827086608934e-05
2.073520423765888e-05
-2.5016939014079955e-05
-4.313869995374584e-05
-2.0906345237336944e-05
1.9476833160229834e-05
3.0287617454357117e-05
-2.3390410147354567e-05
4.7612170729204046e-05
1.632451804248984e-05
-4.1086786528264054e-05
1.7083940887142766e-05
3.201073314984359e-05
-3.3184871391841665e-05
-3.669627441594955e-05
-4.296675820668483e-05
4.445224158512919e-05
-2.5034584536545413e-05
8.320527426438673e-06
3.056421115471296e-05
4.887855647779495e-05
-1.1138106697821328e-05
2.642803552139124e-05
1.916099662276586e-05
-3.5358185974872305e-05
-4.3747862538714335e-06
-9.451395804478793e-06
1.2948382739096606e-05
8.009548078114683e-06
1.4364563179419854e-05
-4.4097975975754425e-05
1.5866195861858924e-05
1.0707117537147283e-05
6.796039767796167e-06
-3.380567494608689e-05
3.7495433307284116e-06
-4.986780705706412e-05
7.90205980088515e-06
4.7900137629307465e-05
-2.3899296567259356e-05
1.2850491954466653e-06
4.403581145460356e-05
3.997685099966598e-05
4.972769300973887e-05
1.4708112012017624e-05
4.410440052060322e-05
-1.0395683034533113e-05
-3.1609196580105345e-05
-2.783567669900592e-05
-1.7170589543242552e-06
-2.9373722276897476e-05
1.3003688296793534e-05
-2.7113260535646313e-05
-5.880461721715526e-06
4.3739973757237755e-05
1.823037803484972e-05
2.509324872490461e-05
3.614113484694741e-05
-4.069653132818321e-05
-3.4991399718468317e-06
-3.661729658213308e-05
-3.753129917285732e-05
-3.184986849084568e-05
1.1893397684791845e-05
2.2060091341755457e-05
-4.979748804647033e-05
3.5450790603433287e-06
-2.0321733143222534e-05
4.8923843535676584e-05
-4.152733242467741e-05
-4.0959693357101794e-05
-4.480860873471221e-05
4.9620908571950866e-05
4.065374253645958e-05
-1.917581769497637e-05
-4.103634408065794e-05
-3.493179652193505e-05
9.775654996777323e-07
1.7554966404312757e-05
-5.227760934706192e-06
1.8324857639765747e-06
3.97826371631207e-05
-2.995086818926397e-05
-1.9813250307128694e-05
-1.3341563497575037e-05
2.9264455387232944e-05
-1.4316712496334836e-05
-3.260418092468661e-05
2.5838313678865284e-05
-1.4259257613887565e-05
-2.4876837511757866e-05
-3.59036556784183e-05
-3.1256151218912657e-05
-1.546542210848729e-05
7.47855880376489e-06
-1.5110500351112142e-05
-1.9620004469765475e-05
-4.233802070017344e-05
-4.737590807818744e-05
4.830826479873207e-06
-4.969006837921408e-05
4.395269489143982e-05
1.7474280447106912e-05
-3.0333180900731805e-05
8.422257614921889e-06
9.105058320008296e-06
-3.816493662983662e-05
4.4711714646512255e-06
3.13561972502961e-05
-2.3963514762413085e-05
4.4613020113540805e-05
3.6669818139966884e-05
-3.743789241619907e-05
-2.45571537987228e-05
3.6854280787813827e-06
2.242741796911212e-05
4.001793263579166e-05
4.8694348951617085e-05
-3.3815178296364584e-05
-5.89613452894707e-06
-1.8332289760176356e-05
-1.789578989992866e-05
1.9640563974429035e-05
2.0391112044313167e-05
-3.956317857552661e-05
-3.0557653107223494e-05
-4.086449849062727e-05
-5.578109702932719e-06
-3.0074825891397315e-06
2.0572153883895032e-05
4.3044118026390104e-05
-3.18811560013602e-05
1.6703221526995545e-05
2.0690972577393275e-06
1.8991335416706293e-05
2.5546351681792963e-05
-3.8560572758248256e-05
4.4579516889403256e-05
-7.809666149953856e-06
1.0252779329926421e-05
-3.5777470178529004e-05
-1.1914241358704773e-05
4.344710925597833e-05
-2.1170869871089394e-05
4.65886220753939e-05
-6.332846022906604e-07
-1.740808284169594e-05
-4.086142372847357e-05
2.1517739460433367e-05
-3.926592659858367e-06
4.430065631660015e-05
4.1903285435806896e-05
-2.033844516755612e-05
-1.1916827043229819e-05
-9.035415171801754e-06
4.689786215722567e-06
3.667558192817892e-05
-4.2612872713831145e-05
-1.5377513673558677e-05
8.243324330303048e-06
2.424451689432926e-05
-3.623303940925855e-05
1.1111735299595357e-05
-3.529857888097428e-05
-2.250794378620904e-05
9.50011052297591e-06
-1.2051532653132339e-05
2.8789500987649876e-05
-7.1932887062111565e-06
-9.148178570357504e-06
-3.967412388097788e-05
-4.257147406699378e-05
-3.987345583016791e-05
1.8477133001089742e-05
-4.850575955274341e-06
4.371140328313838e-05
2.7947138615692657e-05
4.0411651595704364e-05
8.761361011946743e-06
-8.623708436989128e-06
1.5417208782444768e-05
1.27014727613777e-05
1.6212776628242503e-05
-2.9933191836223274e-05
-2.0090485783243474e-05
-3.3569427537818465e-07
-1.8615113904918982e-06
1.1152624061872245e-05
3.174577533986452e-05
5.732080326537182e-06
4.573469327015648e-05
1.3165060445966043e-05
-4.342883205960804e-05
1.21672219715149e-05
2.2421404016765085e-05
-3.87433193510936e-05
5.104432529226713e-06
-1.8802670216310422e-05
1.048162919046762e-05
3.6996294014414394e-05
-1.617140524566464e-05
-3.737374938682058e-05
-4.380410300395263e-05
-4.0167332402376935e-05
-1.9663783285084215e-05
1.0780405783616976e-05
1.4754424525759755e-05
-7.4060959390925366e-06
-7.95053502239459e-06
-4.499454996411439e-05
-3.6830883319830297e-05
1.69456738209813e-05
3.6115267762044195e-05
-4.933530737476473e-05
2.0810981597716547e-06
-2.805348874391398e-05
5.379462654948143e-06
2.467714744314273e-06
-9.180175664022672e-06
-2.1663819391642647e-05
-3.4577102475584514e-05
-3.007485414086876e-07
-9.301830603665238e-06
-3.481859712863132e-05
1.5831615961432262e-05
4.477286050039841e-05
2.0766320347389895e-05
-3.6585762636132695e-05
3.786954979028938e-05
-3.3056716274521076e-05
1.3326342345969059e-05
-4.646565292388486e-05
-4.5661471739601425e-05
5.861884680150118e-06
4.225245868107169e-05
-2.713728061812024e-05
-3.66782663431102e-05
2.424991799727478e-05
-4.717453988962673e-05
2.6381642592551276e-06
-2.7091800460477634e-05
2.4428515205547452e-05
4.892201384837961e-05
1.2344560297824043e-05
2.5028304385653914e-05
2.855485837733391e-05
-4.484268248687985e-05
-1.9038800069566265e-07
-6.320907009202954e-07
-3.689905926916411e-05
-7.923117897227827e-06
2.273732110102037e-05
4.1601383984268634e-05
2.270664588989009e-05
1.3195240998007295e-05
-3.592717540760767e-05
-2.8427295841927247e-05
4.79924758537588e-05
4.760556902856939e-05
2.6248739257645594e-05
-1.7428058348921462e-06
2.4013192303438387e-05
3.580094794042983e-05
-2.7260277003580125e-05
3.4753292717270674e-05
-8.963796662786808e-07
3.276529367464937e-05
-3.488218948711491e-05
2.3405328280588196e-05
4.2341284123573776e-05
1.280117057326744e-06
2.1994911570455892e-05
1.6082116956061216e-05
4.603645804451152e-06
2.158558904213462e-05
4.258903316221526e-05
-9.084679802073035e-06
-4.884903045379157e-05
-4.6901385700269294e-05
1.678001407825182e-05
3.3207825421858375e-05
-2.9918615998867584e-05
-1.328078547956546e-05
2.2186924081552544e-05
-5.875500371207874e-06
3.354533739835913e-05
-1.0239881622942295e-05
-4.215545475811451e-05
-3.418215005488835e-05
-1.91696211190572e-05
