-1.0542794450276074e-05
-2.16780475873408e-05
3.3045896406047826e-06
3.1081289403082305e-06
-2.611549773955747e-05
2.0284165395543355e-06
1.6283643019892513e-05
-4.419400732011062e-05
-9.494934464913531e-06
-4.2650886254330204e-05
2.315400397159528e-05
3.2247232780838237e-05
7.986987284599778e-06
-4.917510421229751e-06
-8.13168327088839e-06
2.078590800587976e-05
1.676015033486767e-05
2.3105618549335107e-05
-4.415792373401719e-05
2.6341484528721606e-05
-3.324426498681209e-05
-4.428751593976823e-05
-4.1296034478935554e-05
-3.2193535848743485e-05
2.881488329892518e-05
4.412071788443466e-05
4.7245242217464814e-05
3.26548215818459e-05
-3.432653104548671e-05
4.8793547336819705e-05
3.314115535640424e-07
-6.553940479409516e-06
-2.8722345854114676e-05
-2.3400140512258617e-05
-1.1580604548023208e-05
-1.8334591935084822e-05
3.289040406469563e-05
1.6037990574283565e-06
3.535833664789271e-05
4.1780589209748974e-05
-4.02323719481942e-05
4.184672040239023e-06
-2.7817263230951418e-05
-3.719250371348902e-05
4.1193405171893354e-05
2.1870940028364894e-05
1.6017365140334675e-05
3.607853997647602e-05
-1.789048419750675e-05
-2.7191615647688883e-05
-3.3622130009121576e-05
1.9034126206549227e-05
-4.5263312280874245e-05
2.675705624884569e-05
2.7476590388144513e-05
-3.480152705550603e-05
2.174289428639471e-05
7.217966146457822e-06
3.4800443638762444e-05
2.3970229952419705e-05
3.9576565242604196e-05
-2.0722455399906193e-05
-1.069157889878766e-05
-1.8462207472667322e-05
8.262366311660383e-06
-2.067114294037951e-06
-4.2179278648409946e-05
-2.1361912632177794e-05
-2.120092586237039e-05
-1.3363426069468634e-06
-4.618529619549404e-06
1.6765932755555668e-05
1.3037902334997219e-05
-2.0082606587353336e-05
4.3593741139871744e-05
3.900402381976726e-05
4.273095371233938e-05
3.3831316124622527e-06
4.615566822898408e-06
2.8627924984286027e-05
2.797774404108806e-05
2.7985920563724794e-05
3.873759776012052e-05
1.8383425884524326e-05
5.859035557108547e-06
2.1606497077420203e-05
6.405159248760606e-06
-1.9905227007782777e-05
-4.587651172986083e-05
-5.732173889630924e-06
-1.46570064498732e-05
-4.857095255465553e-05
-4.633498069744333e-05
-3.284222131845541e-05
9.500297317832328e-06
-3.702029909938234e-05
-1.3279015560627019e-05
-7.427712035488854e-06
-1.2488770343920787e-05
3.026229545311382e-05
-4.6702370914397965e-05
1.1970536669730874e-05
4.984728674450591e-05
-4.379348197847485e-05
1.4079637464358716e-05
-1.3462915944050235e-05
3.218843431188103e-05
-1.5741408094579624e-05
2.4309517267699255e-06
1.0058186015831791e-05
4.588559323297542e-05
2.483510536351008e-05
8.535412835429578e-08
-8.59790079970875e-06
2.7265116168259742e-05
9.222029488162177e-06
3.7104248514434037e-06
-4.7418289143134734e-05
3.877493314730975e-05
-3.89739520102851e-05
-4.6504892365312314e-05
4.2695601602521235e-05
4.1985232732323436e-05
2.609196284371185e-05
1.4441455916131819e-05
2.9453126753628573e-05
1.002546211331389e-05
4.783920847266606e-05
2.9946029509828372e-05
2.026008900950325e-05
3.644371361754351e-05
4.532278832725908e-05
-4.9363824270454505e-05
-4.57964360141879e-05
-4.6995348287952976e-05
-3.130818188997028e-06
-2.7879939363539186e-05
-1.1215222866383348e-05
1.7168799181849132e-05
7.155809595489947e-06
9.362420424800757e-06
-4.920151140061385e-05
2.6047228673303434e-05
3.3779858818156235e-05
-1.0326163870212338e-05
-1.996361677351899e-05
-4.0057756692655366e-05
2.7512109983514033e-05
1.189472188480209e-06
3.80818436866437e-05
4.5124045035574395e-05
-3.7314788707878056e-05
-6.779016119692282e-06
-2.7588583333401786e-05
4.401800608780157e-05
-2.6859223271815758e-05
3.092806883590226e-05
-2.1806473185923883e-05
2.956977604163248e-05
-1.1437814440711648e-05
-5.138930381144214e-06
-3.413733306488615e-05
2.1802303004572468e-05
-2.899466242974104e-05
1.0797735945532195e-05
-3.697126780769391e-05
-7.435364936885872e-06
4.8246765197826847e-05
4.085595124230057e-05
-4.779045262137599e-05
-1.3593645252436128e-05
1.2877898636197734e-05
-2.30886538587067e-05
-1.5764148207530883e-05
2.834086323827664e-06
-2.5515150537837006e-05
1.2672833186044514e-05
-2.3527251077762334e-05
3.0111231270541187e-05
7.577718873678296e-06
-4.386854752774666e-05
3.149548355985686e-05
1.6220820098416867e-05
-1.1472846761429957e-05
3.31251423255035e-05
-3.058670321996511e-05
2.4748411794236847e-05
7.098425754114146e-06
4.969682269279448e-05
-3.0298383016541643e-05
-1.7096363481473334e-05
-1.4805222766428728e-05
-3.0190126885387994e-05
-1.4396696892480967e-05
-4.8063856823252916e-05
-3.0515105961365453e-05
1.2247575966273793e-05
-3.053316061622658e-05
3.966957051081895e-05
-3.351239811592292e-05
2.9478522560812003e-05
-2.9116527146953988e-05
3.37354333207725e-05
-3.9542985034879675e-05
-6.804530317281325e-06
3.8615173625026644e-05
-1.6249832236061803e-05
-3.752829766172995e-05
-3.117796198437949e-05
2.4554637091399414e-05
7.362031577213258e-07
2.333814896581779e-06
8.401462807454262e-06
-2.0808507179676906e-05
-3.5639927214080596e-05
-1.2864914122654e-06
-9.49898573729465e-06
3.0254634414794954e-05
-3.545826316862005e-05
2.8725982987334705e-05
3.8173038735225295e-05
4.044647245841666e-05
2.059907089393237e-05
4.789105031849244e-05
-3.746329145145432e-05
-2.059170122512061e-05
-2.763917380193789e-05
2.814130420328952e-05
3.414904458529381e-05
-4.883173772619741e-05
1.8634542584982835e-05
3.225922978967367e-05
-6.958942658549353e-06
7.195057133807262e-06
-2.8503269469360316e-05
2.5226670156825512e-05
4.0252968535260484e-05
1.518995265652047e-05
3.8987860330631786e-05
-3.8667432353931846e-05
-3.627981057836379e-05
-2.5506006980699316e-05
-2.9444034110185825e-05
3.6298858300099576e-05
1.6616639990949096e-05
4.214828919880298e-05
4.0454556750719104e-05
1.0060881638655983e-05
-4.125241082005201e-06
-2.880785427571695e-05
-1.4644698200984242e-05
-4.630036165761398e-05
-4.60234325534739e-05
-2.231335824855535e-05
-2.210301297123103e-05
-2.574749712930089e-05
4.445637205757179e-05
-1.096446392957264e-06
-3.0171681514523485e-05
8.858666357622702e-06
-5.831553041092663e-06
-4.576721633229961e-05
-1.555665757444269e-05
1.0173647211320384e-05
3.868435061306083e-05
3.4778567296158865e-05
-4.259797606393321e-05
-8.235033181597117e-06
-1.2171027291716876e-05
3.9613409624265587e-05
-1.9707291060824107e-05
4.525688322685817e-05
3.3102166365515835e-05
-1.574605852437583e-05
-4.94625071782248e-05
1.1047116110005153e-05
-4.226099632081851e-05
3.908298285753803e-05
3.114705579017727e-05
2.9277997289911424e-05
-6.073948312467724e-06
2.5371105872923497e-05
-1.0626813205767227e-05
-1.6421386333184327e-05
-4.032272443122228e-05
-2.5014817768051123e-05
-2.6476648351408784e-05
-3.272842726321095e-05
1.8534678137605087e-05
-3.5966563137615086e-05
3.187264871277058e-05
-3.709226158248642e-05
-1.0896511871226766e-05
3.7442725140004214e-05
-4.993016418632269e-05
-3.7780916200981375e-05
-4.0309870609352564e-05
3.8706720966994423e-05
3.342771786051006e-05
-4.526489314418755e-05
2.3318525160814333e-05
-4.591948985567024e-05
5.2372870035372054e-06
-3.537032710638709e-05
1.5572218002225415e-05
-2.944590341998529e-05
-2.4497151052974432e-05
-3.0593908426859374e-05
-2.251899766213241e-05
-5.4410833374084845e-06
-4.8786745521303386e-05
-2.749204291601216e-05
7.073660327132361e-06
2.2404869944855307e-05
4.8753744757217884e-05
1.0952975366828868e-05
-3.684071892889009e-05
2.969487436733923e-05
2.5185747999483306e-05
-4.3348628881054524e-05
9.400489306466708e-06
-4.7196110940688534e-05
-1.1595618760013496e-05
-1.2829454688332757e-05
4.873109177668659e-05
-5.904577732302255e-06
-3.040132464361187e-05
4.1298643129174885e-06
-1.0951653016838117e-05
2.866438145711339e-05
-7.078642327218719e-06
-3.745999414934241e-05
5.387783264417282e-06
-2.7653193582978543e-05
2.2871753972443437e-05
1.750012776781881e-05
-1.9503468638645183e-05
4.6088272875357865e-05
1.6885349914028164e-05
3.9778144141734374e-05
-3.088228477780081e-05
-3.6921687076503874e-05
-5.64546194152786e-06
-1.897871917643926e-05
-4.552792587727827e-05
-1.3592253800115487e-05
-1.3113836005276312e-05
3.569860826405446e-05
-5.5690443478227845e-06
-6.715581114779932e-06
2.984257471773614e-05
-5.1382939925104684e-06
4.843490984980327e-05
-1.6912465852849382e-05
1.5075573755016663e-05
4.013428276195038e-05
1.1711546463718125e-05
-2.04892413335633e-05
4.6658676517754285e-05
3.6389505372244256e-05
-1.7331554511153846e-05
-2.464827277441164e-05
1.2124972875616847e-05
1.8632248236234777e-05
-1.1367280060319772e-05
4.6140938341100345e-05
1.225987820643801e-06
-4.74716594405716e-05
4.959811425348432e-05
1.3581707511468395e-05
3.676598852609161e-06
2.2045962006744098e-05
2.52469293514199e-06
4.8069407963145684e-05
-9.413589222569566e-06
-3.9098478661576044e-05
3.134003233572737e-05
8.173003214536931e-06
-3.9366949948407915e-05
-1.3616685730200385e-05
1.5167779209448923e-05
2.4008007800500993e-05
4.2086373331076174e-05
5.069267806735177e-06
5.857592049153506e-06
-3.7442396258262414e-05
4.301682244926913e-05
-1.0795091281011125e-05
-1.9086692714959897e-05
-2.8847192677441415e-08
-6.125515556272234e-06
-2.055897855396576e-05
-8.372332137019426e-06
-2.1669695455548434e-05
2.2568010848694743e-05
2.827489523979686e-05
-1.1511724281520683e-06
-3.081500032935068e-06
4.603945515800465e-05
-2.3003630476210457e-05
2.870409339284777e-05
4.9725278400456425e-05
-4.25238304156364e-05
3.6593473451967315e-05
2.193479075460904e-05
-3.148601548093179e-05
4.8227733656450584e-06
-3.2012800222661055e-05
2.5342911130584834e-05
2.0419213915921627e-05
4.777985302475831e-06
1.5390836245177265e-05
-3.0265581310937885e-05
3.179976844561075e-05
1.3907955970947321e-05
1.1573045409486554e-05
-1.685425878490713e-05
4.2787799905949626e-05
1.5833109742896413e-05
-1.3891525246929046e-06
-3.141723833426342e-05
4.609901657395372e-05
4.518882942229378e-05
-4.177707055066611e-05
4.9557178994632586e-05
-1.0734953213332433e-05
-1.3775280819624129e-05
2.0892853395981102e-05
-3.329543869448181e-05
-5.048479956779408e-06
1.797820934946203e-05
-4.954332572233038e-05
3.872055092673302e-06
4.039882415620049e-05
2.7873778334438854e-05
1.5467991438436102e-06
-4.9755437634793266e-05
-3.9785983438621295e-06
1.2577957061191642e-05
-3.813287084776714e-05
7.905045315577042e-07
-4.969227316157592e-05
-4.696750889113919e-05
2.4184715051402818e-05
-2.1299455179724903e-05
-4.9549473167016415e-05
2.6924000572390058e-05
-1.9154661825454032e-05
3.305292375966615e-05
-3.5501974824534236e-05
1.1780367752160097e-05
3.4711961248276106e-05
-3.933623517894558e-05
4.9947504031823096e-05
1.9037947599657007e-05
1.706508826092203e-05
4.690735492928462e-05
-1.84558768698445e-05
5.420094739820758e-06
-1.4567039530135619e-05
3.3539951735296244e-05
-3.195254547773009e-05
-9.458527430490846e-06
1.610179592142952e-05
-3.168939384738637e-05
3.8512442827607747e-05
1.9069858025386875e-05
3.681803712476217e-05
4.713496583619755e-05
1.5400149929473223e-06
1.9311457732661682e-05
4.704690252510531e-05
2.978602934795573e-05
-1.2319411834533437e-05
1.5796935119150228e-06
-2.0384637860383348e-05
-3.8725377574663036e-05
-4.738709606778817e-05
-3.397341695996751e-05
-1.6046439892813644e-05
3.373483027269983e-05
-1.0719523224854614e-06
-4.025484809782084e-05
4.851068503368523e-05
2.6047049190777153e-05
2.9210341115825317e-05
5.539532974884288e-06
-1.5616338271060984e-05
-6.973850956480589e-06
-4.469234633122242e-05
1.3129990995803236e-05
1.909804089013132e-05
-9.754635246509138e-06
-3.6821126870771476e-05
1.1511669035725257e-05
4.4317577196017215e-05
1.806206407482582e-05
-2.871650913208265e-05
1.1790173094354985e-05
3.354200058660149e-05
-1.4587806786488414e-05
9.094373480208062e-06
-3.1460293234716647e-05
-6.862099173879019e-06
-4.781379680559364e-05
1.8041340692356033e-05
1.8587467949470443e-05
1.413555843090733e-05
-1.1865903375901187e-05
2.8352000034185934e-05
-2.963057292789584e-05
-3.8338981932482276e-05
-1.8489281650867727e-05
3.411623608823554e-05
1.4806340968482236e-05
1.5370836314753673e-05
5.159005656151792e-06
4.404709703195627e-05
4.424225569014685e-05
7.67853197100308e-06
-4.443263448436657e-05
-2.7745380673516173e-08
4.397380259302649e-05
-1.4751423299588227e-05
3.7412446773252366e-05
-2.7393538990430477e-05
2.5385667365385795e-05
7.857657455036779e-06
-1.8341308577549376e-05
3.975944872346591e-05
-2.839403179850383e-05
-1.3741238613107262e-05
-8.148341070008246e-06
-2.6617383667050688e-05
-6.261108767915139e-06
4.2357811748764636e-05
-4.34261137562186e-05
4.050655330728607e-05
-8.152576109020169e-06
-2.024579176216636e-06
-8.526410922137483e-06
-3.061565369649091e-05
-6.783735228735267e-06
-2.8381808786814988e-05
-4.497155369559726e-05
3.197964879993837e-05
-3.745944040791294e-05
-5.917375079346513e-06
1.3552644852006118e-05
4.5978772278632204e-05
3.506377365034995e-05
-2.3797477140480974e-05
4.633932342571328e-05
-3.8761700051527276e-05
-3.740156832793864e-06
3.480165981793712e-05
3.3917195959123725e-05
7.5869931388795165e-06
-2.1225086222711365e-05
5.759046553758641e-06
-2.8926291263662163e-05
3.393599902376523e-05
-3.3830542355736446e-06
3.82466049046239e-05
1.8694955567687654e-05
4.104628656967791e-06
3.222658830294191e-06
1.562931801409325e-05
-2.788269409786558e-05
-3.275234358293312e-05
-2.549671263573128e-05
-3.745323880642273e-05
3.461955618080347e-06
3.696599551627227e-05
-1.261239497356577e-05
-4.212450938449788e-05
-1.4610714489399913e-05
-3.0090560160419756e-05
-7.168922743937266e-06
4.244065126121591e-05
4.1296440019997204e-05
4.436236882034404e-06
-2.0268616726352296e-05
-2.6343082745949678e-05
4.9204026765909515e-06
4.138551033818743e-05
3.8514721519028956e-05
2.1280965745709293e-05
-1.1331382603378718e-05
6.849607588697035e-06
8.995817624820534e-06
1.4819916291291108e-05
-4.614327048905258e-05
8.617210758325237e-06
4.435623268366505e-05
3.06260514345902e-05
-3.547834873578674e-05
-4.1221415707480745e-05
2.6703394320316333e-05
-2.0952725676616642e-06
-2.573201721189512e-05
2.4073271152067316e-05
3.016133158963286e-05
3.967779107053888e-05
1.9638901035201553e-05
3.5740246153888695e-05
-3.421541044787714e-06
-3.403431921022202e-05
1.4988700101655e-05
-2.9216072435529474e-05
6.336202286091782e-06
-9.044587632879412e-07
-3.821770167243004e-05
-4.059249321090769e-05
-9.98906515964999e-06
-4.607135219897861e-05
-6.241396899895982e-06
1.3771491886527706e-05
-2.320581628696198e-05
4.851898704943671e-05
-1.111412647094853e-05
3.8032542947437496e-05
4.545063311332296e-05
4.669580544397422e-05
4.208968679417012e-05
2.853484814641817e-05
3.0572659486849704e-05
-3.1104142853486465e-05
-4.309015455747077e-06
3.747297148112791e-05
4.801899591167013e-05
4.158553187713784e-05
-4.5924748090937365e-05
2.1802073122823184e-05
1.8231347785232703e-05
1.8728403188106207e-06
3.7694049508177304e-05
-4.228857633092623e-05
-8.135329250080504e-06
3.3480001616271534e-05
-8.43403629929466e-06
3.1862349880042914e-05
6.915313772271624e-06
-3.385932139640655e-05
-2.886711936169445e-05
2.02005793593218e-05
4.6811715674299096e-05
2.9141630668791826e-05
1.4145023111114193e-05
2.711984874553163e-06
1.9651741168795417e-05
2.3148983195137226e-05
1.9375423522582493e-06
-2.5450661404281152e-05
-2.1012063835216313e-05
3.8830743194456876e-05
1.7344053073917137e-05
2.14989074621437e-05
4.375673100261685e-05
2.0391487281585072e-05
4.0495102513968076e-05
-2.5613573431589976e-05
3.4241308375562126e-05
1.0043683945285673e-05
-4.718998940990248e-05
-2.2128495922863595e-06
-4.440253534635246e-05
3.1830823263130375e-05
-1.1401037033542162e-05
-2.927083754273746e-05
4.02271084960465e-05
2.4445487331328172e-05
-1.1381640087442805e-05
-7.624822423359117e-08
2.088155210177242e-05
-1.0654844025024618e-06
2.9250682812090397e-05
4.322645666862353e-05
1.3606268846019785e-05
-4.9896998340376756e-05
-3.7997568112351734e-05
4.661909888631613e-05
1.6824376978701693e-05
-3.277768350110847e-06
-1.4037590042802948e-05
1.0101454417764136e-05
-2.9182847966724557e-05
-1.414838739061705e-05
5.000291930969117e-06
-1.3692466107022449e-05
-2.1388935016283263e-05
-3.759842628870944e-06
4.6800687934271525e-05
-1.604693419997814e-05
-2.736650051313242e-05
2.4105827826256038e-05
-3.792865558644844e-05
-1.846963401608591e-05
3.6859501161576682e-06
2.942704290012335e-05
-3.894986796743294e-05
-1.047852203367172e-06
3.233639046928424e-05
3.123975938660309e-05
-1.879417211295271e-05
2.7791274128796457e-05
-1.45988839628855e-05
3.383110982820624e-05
-3.17017053731245e-05
-1.6930550839819472e-05
3.692223230651699e-05
4.474231225175994e-06
2.961896596566277e-05
-1.2073450934266914e-05
-3.186488555874228e-05
-4.377564430130035e-05
-2.3207030752105364e-05
2.208794158605251e-05
1.1983145152922834e-05
-2.284640566343761e-05
3.4855036920460407e-05
2.5326996313834752e-05
-2.71947350403981e-05
1.22565771101992e-06
3.158748043906528e-05
4.6194282480696744e-05
3.106256345856118e-05
-4.1192759730232577e-05
-4.482681933880279e-05
5.849130140391489e-06
2.6490141110503333e-05
3.58057770498995e-05
7.5557266725014195e-06
4.636738122271612e-05
-2.5718873971130875e-05
-4.0727768704286604e-05
-8.045311558068422e-06
-2.2444030458597986e-05
3.971097538344872e-05
4.3189797048886476e-05
-2.7483043266609453e-05
2.0212736313409735e-05
-6.202602655042223e-06
2.2594783606289978e-05
-4.2591247086244165e-05
4.878740711018978e-05
3.99486812476957e-06
4.1307623610932813e-05
1.2547159586891194e-05
-3.6361188622077728e-06
1.5025767712430133e-05
-8.932263892694137e-06
-3.782169723094584e-05
-8.736778693605106e-06
-1.5797397281362055e-05
1.4856901632792246e-05
1.7263291247843856e-05
-5.712573789205103e-06
1.2593361731252942e-05
-3.704904651317621e-05
1.695373428276181e-05
-8.087125231509765e-06
-3.874618228921641e-05
3.3211438539219564e-06
-3.058935481585231e-05
2.6984550685972806e-05
3.292757979848418e-05
3.3173345580599085e-05
4.288476148153673e-05
-6.66642038756604e-06
3.436060822568742e-05
-4.348546572218226e-05
3.2192890243429904e-05
-1.6205475389290628e-05
-1.0003697749431982e-05
3.404846293711284e-05
4.7243534419425286e-05
-2.502899112958833e-06
-1.9982953591775855e-05
-6.088459340130046e-06
2.8180163143423085e-05
-2.5153097006956637e-05
1.6525668706395164e-05
-2.105886287491765e-05
1.5595923878195195e-06
-4.47823062955785e-05
4.732394166826325e-05
4.96643028543142e-05
-8.676354218878089e-06
-8.059778751532178e-06
2.5821441451359424e-05
3.621580955551764e-06
-2.7432289605557073e-05
-1.7429527827613836e-06
2.449415665286238e-06
4.887637863513791e-05
1.7637605252938223e-05
4.05823732993846e-05
9.810285558835478e-06
-3.8949385312393546e-05
-1.0470200708608045e-05
-4.430583356784651e-05
-4.359544713683892e-05
-2.219974662462848e-05
-3.275451773521999e-06
-5.009381708072328e-06
8.01996781607326e-06
-3.22283823596349e-05
4.676466493803067e-05
4.7467252512772375e-05
6.394098546097335e-06
4.762861040777052e-05
1.2055163792434347e-06
-3.323962407411629e-05
4.657311877680791e-05
4.369977644805685e-05
-3.1084918202904846e-05
-2.5744688334107624e-05
3.420231880548142e-05
9.148927694060739e-06
-1.626483864048205e-05
-3.6976601110688806e-05
-3.864724661236652e-05
-2.2983563642539604e-06
1.8868823576547783e-05
4.973065850226058e-05
8.58031419809805e-06
-3.156206142858187e-05
-4.77871778845539e-06
2.9321983675351453e-05
-4.702528701500242e-05
-3.49343861047555e-05
1.197839369097326e-05
-4.303367816253904e-05
-2.8745182217514e-05
2.9217631126985032e-05
4.4481110049361486e-05
6.19878581363037e-06
-1.103024767153814e-05
1.779926449305863e-05
3.080988540304133e-05
2.043819746874821e-05
4.8900127948181106e-05
2.0786757451537914e-05
-2.843417820051134e-05
2.9911823596053795e-05
2.7335527938984482e-05
-2.7144644904552283e-08
4.6037420435433755e-05
1.3720739554754802e-05
-3.69055088857178e-05
-4.076624866231274e-05
3.276280181913282e-05
4.8137348669205484e-05
3.577620614523934e-06
-2.392409130700791e-05
4.937327739349241e-05
4.707022186244167e-05
1.6579891129787744e-05
-3.749389462517254e-05
2.5364392608672423e-05
2.5593753814589e-05
1.9680492422009616e-05
2.966735738344279e-05
7.036786996385993e-06
1.0043958325540212e-05
3.899956963496256e-05
4.575522230504932e-05
1.4015334770416833e-05
-3.625646347787752e-05
4.6020278172861214e-05
4.836441624590254e-05
1.815207064515309e-05
-2.0204239399932802e-05
-4.090566257925541e-05
-1.0618277025302578e-05
1.0520028610133828e-05
3.591320878706385e-05
-2.3904746420930625e-05
-4.294878870149305e-05
2.316758476740134e-05
3.707774538613617e-05
-2.3873353253089835e-05
-4.3060822700188964e-05
2.7397002184830173e-05
-4.5426730644885816e-05
-2.1509352382219382e-05
-3.447959829904125e-05
2.5904627283917878e-05
1.9982632620043813e-05
-4.953033996118419e-05
-8.316817429520949e-06
6.294922897085418e-06
-3.461432369119997e-05
-4.817169035474282e-05
3.468229724250627e-05
2.6295996465071344e-05
4.5946738821813845e-05
4.69618752512695e-05
-4.905512143529613e-06
1.64030607763837e-05
1.6801506256950312e-05
2.546449936330489e-05
3.1808430245200155e-05
-4.5652279172096765e-05
-1.91966968015028e-05
-1.9598731260619963e-05
3.1805603746113506e-05
-4.867760382450894e-05
-3.1768152033982136e-05
-2.2075739337396123e-06
2.76543602172499e-06
5.484984090728283e-06
-2.7345682261008377e-05
-4.019891991644703e-05
1.0622074530671966e-05
3.95666521641565e-05
-4.5902046624783456e-05
3.1379902177279964e-05
4.949971222311165e-05
5.680811444504329e-06
4.168927233236687e-05
-2.3709331534406444e-05
5.560419265253952e-07
-4.1808508760652974e-05
-3.545818293991547e-05
-6.439925919858137e-06
-4.837750376744416e-05
-3.624913594993223e-05
3.5380213422743843e-05
-2.547791644813572e-05
9.303026032307246e-06
-3.0441383122878575e-05
-2.0535719801451603e-05
-2.840750652234038e-05
-3.7898236193196724e-05
-1.7372403500121237e-06
9.467019797036416e-06
-3.4848370639841744e-05
1.3272958059247561e-05
-3.64839349917095e-05
2.044426714573948e-05
-9.03491845701809e-07
-1.8794038656773607e-05
4.0216394105582454e-05
9.343151464412723e-06
-2.5831688178876224e-05
-3.8520941258967535e-05
-1.4127000010069537e-05
-1.0430532883175567e-05
-3.0563089331207496e-05
2.158904293768453e-05
-4.0208765308145515e-05
2.4746089707400826e-05
3.952919036347203e-05
-1.7815539067783648e-05
4.932328866378363e-05
2.8557265197738265e-05
4.72233225775519e-06
-3.398312732693162e-05
1.92044242855731e-05
-2.0218483081645302e-05
-3.108539151746036e-05
1.7756991264939466e-05
-7.3192196631688755e-06
2.7293390991614496e-05
-3.843020033211744e-05
-8.393090794094762e-06
-2.8470694153399136e-05
-3.362365996298614e-05
4.000427693875795e-05
7.780492770178418e-06
-1.728498054163593e-05
-1.3008805033206961e-05
1.5034005665486037e-05
-7.910231249288108e-07
-3.313469146352595e-05
-3.248595020715147e-05
6.939846587505613e-06
-2.2238577491016076e-05
1.3014138083805188e-05
-4.205124217468485e-05
1.0132664252605886e-05
-1.6244164801013753e-05
-7.152471042524622e-06
9.317239761464391e-06
4.7178418439807294e-05
-3.114443685199391e-05
2.0580328468415488e-05
-2.2323210243683702e-05
-3.711727871190206e-05
-6.406756198089735e-06
7.08071535893081e-06
-4.13015997176886e-05
1.3406203899812338e-05
3.953526933098053e-05
4.286196951827903e-05
3.854017185094602e-05
1.8119240849524116e-06
3.234285632603409e-05
