-0.00020521075351705897
0.00025820860989668064
0.0002983052613487013
-0.00013706537797004558
0.00023052545782979234
-0.00014668623327162674
-0.0002865495337982888
2.6194459742596423e-05
2.4839000786883278e-05
-2.790936828140218e-05
0.0002398454302932693
3.475012783138025e-05
0.000264701044699339
0.0002775992108841285
-0.00025796666775430746
0.00028182274620631656
7.682286451433858e-05
6.437709669150616e-05
-0.00019361488342710073
0.0001910340098590986
6.214173336920492e-05
-0.00019028114724957342
-0.0002556268938872224
0.00011801211778610473
-0.0001793782094006566
0.000136642550298555
0.00014758019286580896
-2.55609152368184e-05
-0.0001998836628184537
-0.00018653520226743592
0.00029671179117762505
0.00023693706002214367
-7.049703656142016e-05
-0.00015830616469631178
-4.585128061665558e-05
0.00021242392581996176
0.00015737830737073342
0.00013340887723339113
-5.051657085275538e-05
0.00022602070657404602
-3.183528797799011e-05
0.00020854208724788165
0.00010752956415192904
4.166423474179584e-05
0.00010035158116693347
-0.00017705591670585225
0.0002836768771185123
0.00014920087631123744
-0.00020407895714950967
0.00022226761602558092
-0.00011266018102153681
-1.733456797084541e-05
-0.00024410509988373027
-3.950949869061107e-05
0.00010987662333055873
-0.0002563845654440795
-5.9229024890381746e-05
-0.0002272693541031388
-0.000261658369490178
0.000157717468307937
-0.00012414593501288592
-5.7143583039805405e-06
-0.00017341736859509697
0.00016621130691818822
-0.0001517152664459859
-0.0002295001092533701
0.00021255601562653758
0.0002716180296940313
-0.0002857189454076991
-0.0001903238117725871
8.204035860633632e-05
-0.0001196234469718814
3.762553661632338e-05
-0.00015208423931723107
-0.00017762132607385752
6.685829650275501e-05
-0.00010919133633548083
-0.00019312767834229935
-0.0001880133086135771
0.0002556757112898486
-0.00011903580876573581
-0.00014218434958423323
-3.368713857703279e-05
0.0001093862986629919
5.639026736490725e-06
-8.58124389521218e-05
0.00028175176717513826
-0.00022272166606175284
0.00017318951428329436
3.3401175406819726e-05
9.471757539253556e-05
0.00019016233409310785
-0.00011539253592107593
-0.0002193328693720608
0.00024954680164857647
-1.8599121635256557e-05
0.000100356117500487
-0.0002488570731936545
-2.7661750490660724e-05
0.00027638201063740793
2.4313179816359213e-05
-8.966420939119686e-05
-0.0001772560492104801
6.239407465319358e-05
0.00012848584230585908
-0.00010032026774117956
-2.9341011298992777e-05
-0.00013625820315386116
0.0002217894412035203
0.0001754194291096364
-0.0001486603316770089
-0.00022927590095910168
-3.338783589953721e-05
0.00028706154730008337
0.00024542463801880305
-0.00015675548166987313
-0.00018506430970696602
-6.81460561197595e-05
-2.2341347156117867e-05
-2.2817886400983817e-05
0.0002881809717354636
9.440290632489284e-05
0.00022559832346065873
9.730379146591535e-05
-0.00017621450632558717
8.082139808706463e-06
0.00016470749245912875
0.00010801225903651353
0.0002229575739447316
-0.00021993359504137708
3.778034364561886e-06
-0.00022330381360466636
-3.542100432123564e-05
0.00012344049188179414
0.00023861676215636637
-6.0583924436106805e-05
4.795744057646897e-05
-9.782928253367494e-05
0.00024544031260178423
-0.00020459616512182987
0.00013030685850354945
-5.4309257040446e-05
-0.00018113764514795806
-0.0001423640275406411
0.00020932915144929214
-0.0002598847149837848
2.3094901712471434e-05
9.609514283753323e-05
-9.875659515792688e-05
8.87529554357779e-05
0.0001785190632502401
-8.190055955325124e-05
0.0002287902851353457
-4.023771847447657e-05
-6.457037799872432e-05
1.2321628302950933e-05
0.00019451420473851657
8.616557694246838e-05
-0.00028655797866145504
0.0002304755131726502
4.176747018863207e-05
5.551911147117742e-05
0.00017550174834655286
0.00026291861473336323
0.00017580777375057895
0.00018167111852199252
-4.537949699331208e-06
-0.00020047791886141557
-0.00019947988250014755
-0.00027292610759611344
-0.0002556921405411055
0.00010963609671488803
0.00022700869476142955
-0.00018321292878337354
0.00015610022957126413
-0.00023649253828705798
3.815943395672354e-05
-0.00027871635552582745
-2.4343314870038104e-05
-0.00014368057970321217
-1.5815843821698357e-06
-0.00018493573772872834
8.25275665717177e-05
-0.00027828982152349683
-9.091061802718166e-05
-0.00029026193598108587
0.00015340871586163864
2.54161725717246e-05
-7.823589273241865e-05
2.727137195489564e-06
0.00028152772185567084
0.0001391573007218716
-0.0001904386980322595
0.00013783251644936716
-8.249056296116445e-05
0.0002616679275710627
0.0001436947149247922
-3.411844924893967e-05
-4.420258868761799e-05
-0.00015815119385292315
5.7322419349182553e-05
-8.81063572573389e-05
0.00029528410920922867
0.00015938065839010468
0.00017326000614242165
0.0001416961427215445
-0.0001688588422548415
-0.00023479114922338808
0.00011255962850673849
0.00012120401093651024
-0.0002443455550096401
-3.17138517288533e-05
-0.00027243629372664986
0.00016263169027179306
0.00012009408095024613
-0.00026081997775238977
-0.00024095684667440744
1.5299030555724323e-05
0.00022293038096105896
-0.00020418662076490131
-0.00022785666820789559
2.8951300515378195e-05
-0.000286378285810744
0.00023637330644069428
0.0001060788952012474
0.0002643115318860002
-3.069930229485264e-05
-6.163207693405607e-05
-0.0002671046936876914
-0.00018410615930091945
2.1119270274093632e-05
0.00010931433048597138
0.0002674356713327399
-0.0002554373705129529
-0.00013145583942149279
2.777482278158651e-05
-0.00015441858003503996
9.15480417317223e-05
0.0001237620484014869
-0.00011730061123902086
8.683643501317578e-05
3.157014601997527e-05
-0.00019782384025617092
0.0001005234878883122
-9.584813195133253e-05
0.00010186773672281411
-0.00016829076417483458
8.081721077790539e-05
-0.00016101637858585607
1.3726929412431386e-05
1.3656116278278692e-05
0.0002818141008420657
-4.771707969782914e-05
-0.0002906886656836149
0.0002115992243050591
-0.0001630570257473597
5.005359775878555e-05
7.155401904061255e-06
-5.1984566015277815e-05
0.00022790801686926458
-0.0001512861810093596
-0.0002067404119563048
3.838678825015358e-05
0.0002134942212163109
0.00016369960274000315
0.00022813602826257364
0.0002237161767413549
-0.00028559897740980465
0.00011469877669294888
-7.504206341815407e-05
5.954708739521673e-05
0.00016698667606267388
0.00021816666873483416
-0.00021448025468384104
-0.00019618399136854403
5.810390187240222e-05
9.34672501805569e-05
-3.768718563347713e-05
-0.00029387804647960073
-0.000255547902049214
-0.00019445826032971406
-9.479593157369004e-05
0.00029634401730378263
4.279141679059724e-05
0.00026740184843418885
-0.0002574880061683511
-0.00022337022677577632
2.1977750183300147e-05
-0.00028165328933075416
0.00010354534422649434
-0.000244117835211908
8.160021798895862e-06
-0.00023334700282967168
0.00019626882476217624
0.0002359828758704239
-0.0002488922541380903
-0.00016649357667520998
0.0001331139741636756
-0.00022432665769408515
-3.445145826468088e-05
-9.679460237114852e-05
-0.00013075662536214043
0.0002539765862618637
0.00029484724529120796
0.00018522410746837827
-1.2923438641710761e-05
-0.00013841020784720345
0.00015495127599098063
-0.00016684514702012477
0.0002444172416768917
-0.0002557767857522976
-0.0001706320769126976
0.00025393132958985816
-0.0001654450599007097
-0.00020174531148165877
0.00014469720403628028
-0.0002889004376544241
0.00014069716540042064
-0.00018770348408363716
0.00023632111006858435
-0.00028134679832231545
-4.1279887841626196e-05
0.00023060425260822847
-5.325039313727872e-06
8.246589297946895e-05
0.00018978224568470743
-0.0001992530528237446
8.81322558489786e-05
-6.791326993689078e-05
0.00019481355298340072
0.0002961645912504288
0.00016732074063999035
1.5800407265395783e-05
4.6859511916119635e-05
-9.212650961473994e-06
-0.00015501312176477233
0.00027543071240716
0.0002521002306782795
-7.725795179439542e-05
3.822730302298913e-05
0.00014187998450305382
-6.23046845101741e-05
-3.823529510771779e-05
-0.00016307529642329682
-0.0002678211469693784
-0.00021360922623454588
0.00011536182152160321
0.00015936583636623887
-0.00024578121100096007
-0.0002758306668387346
-0.00014728134845267627
0.0002629177088183684
5.550176195605132e-05
-0.000168061343197302
-1.6684145998364973e-05
9.641057026702312e-05
-2.639307371515707e-05
8.257821117007061e-05
-0.00014672884303548102
-7.542525903263747e-05
5.1391503624382184e-05
-2.0920825432386135e-05
0.00029254425154779865
3.965644567241385e-05
-8.597804004269972e-05
0.00013759656168714333
6.334052456691589e-05
-0.0001417449119790949
0.000209479255322876
-0.00010898642416253798
0.00024605005356566687
0.00026057530066075934
-0.0001350337899918616
-7.030732471990551e-06
-0.0002053235359352469
9.519951443950214e-05
-0.000248077553120101
9.125225967220648e-06
7.936327201690861e-05
-4.698835301691212e-05
0.00029665053222194916
-0.0002561230099502635
0.00017277731599191248
0.00020318005927547831
-0.0002100039426671009
-1.7210605071418458e-05
9.008374033141274e-05
0.0002869298586072653
0.0001291436304743251
7.293053776504649e-05
0.00014298332043320586
8.612695623864839e-05
0.00025580263965741765
-0.00023417186363159894
-8.085965417081725e-05
0.00021879357610142118
9.998055643054173e-05
0.00014753890395796594
-0.00028431684845067995
-0.00015043348505545097
0.00013728360738285867
-0.00028217145464036404
-6.511244491294325e-05
0.0002635793635286042
0.00010702096615274715
-0.00013032886844233413
-8.800697221963326e-05
-0.0001285700438655386
5.362199543951712e-05
0.00018922808714655744
-0.00027817976478783325
6.600747676916856e-05
0.0001661336466191463
0.00017221802659224704
-0.0002921423782681134
8.892021190590882e-05
3.1279616717628514e-06
-4.7596066323238415e-05
0.000150160142549156
6.430187278525293e-06
7.805088007017773e-05
-8.533288186142427e-05
0.00010159311695989563
0.00021718828891681402
-0.00010799197205450619
-3.4862479885427056e-06
9.528828122545895e-05
-7.192864879115098e-06
8.166130188242657e-05
0.00015312534453241133
0.00011309611475131395
0.0002886521185931343
-9.738385486991486e-05
0.00014413410861318808
9.238242731814198e-05
0.00023547173442927386
-2.3402532090703804e-05
-0.00010943722748967935
0.00013222764791703297
-0.00022135505075470666
-0.00021888904204037308
9.799917889391426e-05
9.551624435687786e-06
0.0002222612837480212
-8.018390380402666e-05
-8.204408498505337e-05
0.00019433026877851105
-9.508393247290728e-05
0.0002912013607465832
-3.869723939320315e-05
7.810279570895579e-05
-0.00017919890136154913
0.00023083515707657628
-0.00010899901140829174
-0.00018021978117534052
-0.00029162769769145504
0.0002470785413660073
-0.0002985998328716242
-0.0002650625148849496
-0.00020387260294077043
-0.00013586793809699615
-7.098939019064686e-06
-0.0002961985271947799
0.0002855331891601592
-0.00029138963627961127
-0.00015219725580560022
5.944170059778229e-05
4.517205465072091e-06
5.858066416294331e-05
0.0002761606127179189
-0.00015818006657675898
-0.00025520281239393457
3.8080217433062564e-05
0.00012554160672533448
0.00020785848786719754
-5.1505139181195895e-05
0.0001875442635312372
2.683405414334876e-05
-0.00014310319602839241
-9.703971558127944e-05
0.0002515351372219335
-0.0002912979600429199
3.518522924088715e-05
4.9272795272151354e-05
0.0002394956906183469
-0.0002942588130227217
-0.00023610814048117531
1.9589101623784398e-05
-0.00022251877928345526
-0.00022034191574716553
0.00019924409694776671
0.00021572884981804703
0.00011363255480349287
-0.00029679748839711985
-0.0002765722406802709
0.00010306602840531713
-7.78085247373514e-06
0.00019614364688313486
-0.00012939770336512917
-0.00010423436176478824
-0.0002328435037439361
0.00016919005601435223
0.00029039126132682675
0.0002534423449777056
1.5116802501586473e-05
0.0002457689745300966
-0.0002684106339299823
-1.8901820694255326e-05
0.00015018712450284692
8.506453475125525e-05
-4.218472521739017e-05
-0.0002688401063111822
-1.9426931310875166e-05
0.00011464009509196127
2.9963907765141306e-05
-8.133547520235685e-05
1.4709462782078674e-05
-0.0001299780370953312
3.915847918796678e-05
-0.00015414436877865225
-0.00020175524998760367
-0.00026082091422149765
0.00011092427889188326
-0.00011672687944424932
-6.441818066545211e-06
-9.191528820198631e-05
0.0002933276546751375
0.00012552044509957986
-0.00012192878542560608
0.000122533563081239
0.00011848364522058801
-0.0002228118615029835
0.0001893355517106539
7.818404187341893e-05
0.0002646610532804638
-0.0002297681714094411
0.0002946003984150805
0.00026231861373008297
4.10194490732939e-05
-0.00020708207064383156
0.00010242534073368639
-6.849722219165724e-05
-5.47653407562815e-06
-0.0002681913725134685
-0.00025728969780125277
-0.00029124107131355996
-5.4157810422395143e-05
-0.0002754975505559688
-0.00020291683894884717
-7.935938410842506e-06
-0.00015150399463217346
0.00014749671308440484
-0.00025130502653057066
-0.00012235724852476866
-0.000126872159160059
-0.00021312423026389506
0.0002064432377183952
0.00010807055280333071
0.00024481267673461313
9.289685533553783e-05
-8.838514540856194e-05
-0.0001872203835026046
7.6115808406312675e-06
-9.292581871370514e-05
0.00016251928089268457
0.00021222264336775775
-5.05700803793135e-05
-0.00019490494885987693
0.00023997363025264948
-0.00013897700110556256
-0.00024079713050960614
9.288391242481749e-05
-8.455879096855965e-05
0.00013685456086627237
0.0001891556402224376
0.0002599294986177592
-0.00023847919253726761
2.89670206634464e-05
0.00011900692691227665
-0.0001180816730010093
-0.00016478591458028835
0.0001508857153953672
-0.00019160909181843965
-3.764600915650803e-05
0.00021148781390438438
0.00026257117651737105
0.00017107730073395445
4.4014043429827106e-05
0.00025127569302058143
-5.51588090413017e-05
5.425484771426944e-05
-0.00022079641967350183
2.914546046256137e-05
-8.037346328213294e-05
1.7618097513995257e-05
0.00014301171909052428
-3.7433069437784426e-05
-0.00013115878278104924
-0.00028406373291663134
0.00012808898747691095
-3.424566394753326e-05
-9.260472471117189e-05
9.69552605107939e-05
-0.0001567966242503385
-0.00020069392899756648
4.921435478242187e-06
0.0002917315660305613
0.00019237655841568773
-8.953182442679922e-05
0.0001995699462674345
0.00012874991625998932
-0.00026588188157528585
-0.00020795558176086925
0.0002721875537051315
-8.728638760628941e-05
3.421450243975806e-05
-0.0002545253344232508
0.0002840982286544743
6.729270801828906e-05
0.00014841639680329488
-7.184069113618416e-05
4.1735913487651616e-05
0.0002478663088770902
-0.00010796126782765502
-0.00015904013423347446
-7.89375520047565e-05
8.565800884322608e-05
-0.0002340796778461901
3.05084234957806e-05
-0.00021016018617702706
7.036513098284829e-05
0.00029209505825381234
-1.5893789546369045e-05
1.1057863393656455e-05
0.00016484922740481048
9.710004937787129e-05
-9.575839300748006e-05
-6.504550031892229e-05
9.436104070444735e-06
-0.00015137069264281193
-9.030457904091982e-05
7.22301794033097e-05
0.0002998364879235505
-0.00014395575136874058
0.0001076115918058757
-6.863051887462344e-05
-0.00010045651040368122
-0.00019322377112531257
-0.0001666551776066513
0.0001424753414309068
0.0001326194688230089
5.775919919579652e-05
-0.00015510489982199443
0.000210907597286478
6.939544976289894e-05
-0.0002652801052086008
3.0389819231154943e-05
-0.00018196029843024113
-0.0002218829468157764
0.00022935202847619048
3.143612160433812e-05
-1.3194389109286034e-06
0.00013912596117169717
-0.00010438690956930793
-0.00024398520517274278
-0.00026897831651749067
-0.00010427805704087804
0.0002925389924931881
-0.00027967270049406836
-0.00021108629904291053
8.833678574073333e-05
-1.7904720104811945e-05
-0.00010738554858158068
-1.1463878339374345e-05
-0.00017463939656465197
-0.00012747108939470977
0.00024312461830822818
-0.00028903559408375147
-8.568645172242964e-05
0.00015413284171676125
0.00019033362798523559
0.00020089797494215648
9.19256424450959e-05
-0.0002939866399735435
-0.00014234999009977246
0.00025564476365377023
0.00022846432054827857
-0.0001239007354383233
-6.87506849265347e-05
-0.00010794459811604715
0.0002558715428364531
0.00028564399483807485
7.18835843107452e-05
-7.930910615036347e-05
-0.00010188026786684645
-0.00016897820799153507
0.0001405727648195948
-0.00022630868275210294
0.0002727038625602173
-0.0002880262086058016
-0.00017750858480468148
0.00012571900682474215
0.000168219051237837
5.458444033150118e-05
0.0002190240840452057
0.0001612463391731396
0.000106212353315089
9.421850074939233e-05
0.00022673032816319358
-5.7614509350685755e-05
-0.00022154235396828312
-0.0001633153181857064
-8.170380774817228e-05
-0.0001437970015967324
-0.0002550984766728251
-8.701306543505913e-05
0.00026876854210300605
-0.0002785792742192904
-0.00012670034889802163
0.00014148337041571918
5.498773907156772e-05
0.00023083839271021155
5.142353474049834e-05
0.0002505826486926052
-1.2561306881937631e-05
-9.6957044146825e-05
6.960880622574722e-05
-0.00029821241609752054
-9.660420847852635e-05
-0.00014410555689378608
-9.308905645350612e-05
-6.0787640282752625e-05
8.734002857419259e-05
0.00012753620413252017
-0.00012984462007732765
0.00021562232434145994
0.0002138845806058071
2.165987807539754e-05
-0.00015388064291264154
-0.00018274363671848007
0.00017058738074495362
-0.00013789853394515368
9.290755705997051e-05
0.00012290177793129888
0.0002329408351328599
-0.00029029300861441615
-0.00011053103732656692
-0.0001765268074658349
0.000179602699117247
7.618005516549578e-05
0.0001949987000022274
-0.0001498279050848019
-0.0001841364202139287
-0.00018558954634082485
1.8046490243516216e-05
0.00013447995092012613
-0.00027035125817822885
-0.00023109318411172498
-0.0001415480871767669
0.0002900107792576097
4.3222582880464964e-05
0.0002976789030821638
-0.0001439817499681248
-0.00019275802509376464
-0.00012222170413232292
0.0002055269212892545
0.00028436941663658187
-1.588478208448829e-05
0.000219951796004702
0.00019823988652934533
0.00020096858841330473
-0.0002195724554774146
-0.00018188631315738715
-0.00016572806829627168
0.0001044632706569997
9.271993829125692e-05
-5.471126804398771e-05
-0.00010374987522251348
0.00011532334454858229
-0.00023268580630750145
-0.00022588853302891662
-4.08104031992077e-05
-0.00016033474039683226
-0.00026989782295381003
0.00012021554703641905
-0.00028414870314012096
7.90227705336267e-05
0.0002026885882975632
-0.0002750873989031187
6.524664746162742e-05
0.0002983336606949914
-9.729627065240974e-06
2.083854310881288e-05
-0.00026944599984458277
-0.0002552226929584798
-0.0001253730057479479
0.00015914102140077082
-0.00029744692687123985
-0.00011351674781073245
-0.0002177080012809777
0.00012063777074113491
-0.0002681244386017171
-0.00021981729158952659
0.00024856801160812143
-0.0002997957057148861
0.00019938950306270994
-5.10883443114271e-05
-0.0002957530607849171
-0.0002370742267857815
-0.00021813684468554814
8.09204433990628e-05
-0.00012314294271201036
0.00022716705031663548
-0.00024379954346831885
-0.00012265480346412974
3.4042566242229887e-05
-0.00027469468190281695
-0.00027627122704583913
0.00020035742339425544
-0.0002746439826318567
-7.27857126303741e-05
-5.7432588326331854e-05
-0.00015674547507142674
3.1283129292816096e-05
-5.773795221026033e-05
0.00023048766220019993
0.0002922482488014395
-1.7602603584141406e-05
-0.0002706514870576514
-3.49824169166237e-05
1.3242679768598242e-05
0.00028391269744078236
-6.59054941650384e-05
0.0002448364680894297
2.898988343297791e-05
0.00010996596960766939
0.0001737138065617282
-5.4454758953159275e-05
-0.00022557075110426285
-0.0002925478399333234
-0.00022170766499534085
0.0002466859581318484
-0.00022990238798070267
1.4357912967496685e-05
-4.073481998286281e-05
0.0002028657812203686
7.41862814873856e-05
-4.8704055956606644e-05
-0.00016078311627570622
-0.00015334347934660105
-0.00010259074161463605
-0.00011880938826871787
0.00016347404880573657
2.8079818484957897e-05
0.00015945686341603207
-0.00017656182946430257
-0.00013744859639387025
-0.00028750818028060876
-0.0002162334717278746
-0.00011590158259292433
-9.14617158010634e-05
-9.985676838409545e-06
-0.0002747965338554885
-4.304245851731632e-05
4.6245316432344833e-05
-0.00016746540102710667
-0.0002592659492218989
-7.679987197954974e-05
-9.365206733746907e-05
-0.0001417165844401554
-8.215265061834942e-05
0.00018626064310786237
-0.0001485865349073707
-0.00028258579808463296
-0.00011373870778918477
-9.268323623631331e-05
-5.503577880623293e-05
-0.00014899624430575378
-0.00020309325601291015
0.0002429443548383669
8.011181130721846e-05
-4.5093577615164476e-05
0.00013808245988450345
-0.00024101946522366626
-2.7209106769183003e-05
-8.139646010054693e-05
0.0001711697454887013
7.784213034076537e-05
-0.00021440190117788142
-9.718902932747114e-05
6.0726380794805614e-05
-0.00022694777774541375
7.54355677006134e-05
0.00020251214229964994
0.0002004053889340111
0.00013548286803993147
-8.933315651671642e-05
1.9331137435502576e-05
0.000264948193086054
-0.0002906892610616158
0.00012847896396242248
-0.00015347829359119893
2.275238871381755e-05
1.1192778307237761e-05
2.800685815819334e-05
2.2073643011285117e-05
-0.0001317540018631051
-7.172534704266839e-05
0.0001470715837216811
-0.0002155722605587287
-6.946821938446439e-05
-0.0002885615842433694
0.00022044397128507571
-0.00021459569790883943
-0.00013863003930441624
0.00017189011134806153
0.00010263103255041234
0.00019105005085852004
-3.452209253525354e-05
0.00018505816715333462
-9.266994210329802e-05
-0.0002148919741646194
9.364697398595945e-06
0.00017271956150667834
0.00023363846474650022
0.00011261288257715936
0.00013704245508108683
-0.00019957012076271102
0.00017880501800415826
-0.0002676147181607834
-7.621267180814585e-05
-0.00019878455540166316
-0.00011977018315276487
-0.00027892627472621566
-5.001044544741508e-05
0.0001819335380953032
0.0002428083497026039
5.369901423918686e-05
-0.00012150484010361136
0.00022305645406772348
0.00019821039362031184
-0.00019326955893065643
-1.9139438223955924e-05
0.0002122895725165421
-0.0002591339359039593
0.000261418067253785
-3.6409364873967896e-05
-0.00014263912545847294
-9.705004874902885e-05
7.222899980427428e-05
-0.00022912932516700536
-4.465605753151624e-06
1.090738618011349e-05
4.0957589608043915e-05
-1.3317277197278201e-05
0.0002196965228164523
0.00021063258809948365
0.0002931601792756467
0.000176034639282828
-0.00019883968762761172
0.00023953876264656788
-0.000256889825488743
-7.373111446121991e-05
-0.0001278548910385797
-0.00011167785936440035
0.00022297412792848635
0.0001799591115868024
0.00022475809256150857
-0.0002030221881873693
-0.00028251885040808515
0.00029602315472031037
0.00025220066419336925
0.0001830969637856831
0.0002877965889624845
0.00029745135320545204
0.00029516071982955684
-0.00029135270691200293
3.454949589540128e-05
3.185592204904661e-05
-0.00017793968371370022
0.00020964565907119291
0.0002865636010539755
0.0001746564938136779
-0.0002785682664066994
7.560576198198155e-05
-0.0001343967463303716
0.0002973549932102283
-0.000173553475827899
-0.00029196537079715935
-0.0002094901061328875
1.6030749778609148e-05
0.00010626276533898986
-4.204756527311637e-05
-9.371769602303478e-06
0.0002776400298861305
0.00011401474434861005
0.00015970472491562708
-0.00010253673056679206
-0.00011440387493272494
-6.942299504049057e-05
