1.4058088504665185e-05
2.896326011032333e-05
-1.3421961680639364e-05
2.5058731004036657e-06
-2.4950000030289576e-05
-3.276090520361021e-05
-4.7188800158993374e-05
1.559857127266729e-05
-3.14931808486307e-05
3.0417687051845873e-05
9.573650429801786e-06
-6.761456718480518e-06
5.454613884847306e-06
-1.2953766942441327e-05
3.2876199535760997e-05
9.616477772891966e-06
-5.805051449000689e-06
3.772675772944198e-05
-1.7312852218753208e-05
-2.0293388537566894e-05
2.558149389865821e-05
3.3462831851454384e-05
1.7293808629734968e-05
-2.2399261105375978e-05
1.0129778023126878e-05
-1.0048130381857969e-05
-4.2978812074673824e-05
3.72758634125624e-05
-4.150257598749875e-05
-4.942087554240359e-05
-2.8200121866255945e-05
-3.0867979084022815e-05
2.539451237186587e-05
1.5804190904489706e-05
2.499719783903986e-06
3.2874631488759244e-06
3.1207519131853513e-06
4.223617994663388e-06
-1.3007754820663966e-05
-3.601947987046419e-05
4.7991669327485094e-05
-3.434407033352757e-05
-3.452593239048466e-05
-1.3991898717947591e-05
-2.756112470208496e-05
2.296560462590875e-05
-4.670511300430477e-05
2.4607189588057964e-05
1.374230185143096e-05
-3.690466953557856e-05
-9.109038212127788e-06
-3.688942560990981e-05
9.979692866019747e-07
3.591853700805647e-05
1.309591950992022e-05
-1.9031457425217104e-05
-9.51248476325364e-06
-1.7032213390142215e-05
-1.3591317527561975e-05
-4.728219719128321e-06
4.7179112627735815e-05
-2.031743493051741e-05
1.101242528566215e-06
2.621107170790104e-05
4.603270801824667e-05
-4.620873853114333e-05
-2.4685486813678028e-05
3.208669201249739e-05
-3.623692975372191e-05
1.9374604789090507e-06
-3.079589271725798e-05
-2.1853522994398042e-06
-2.9457725952637304e-05
-3.5793463597921094e-05
2.026216150127511e-06
1.3288585483960486e-05
-3.721220754366278e-05
4.661505220163043e-07
-2.431672510860965e-05
-4.860674924518406e-05
-3.631303116073738e-07
-4.196736678883642e-05
3.8441512268413276e-05
-6.02307209786411e-06
-3.374567258588298e-05
4.4955123152237444e-05
-9.877618731131089e-06
1.6049439390081463e-05
2.389459421351656e-05
-3.876524991439197e-05
3.4787137869296895e-05
-3.8273317902891014e-05
1.3268804609727263e-05
-1.3122779321570188e-05
2.1605892067157733e-05
4.809660756199322e-05
2.1338195577064253e-05
-4.332683901855786e-05
-4.695808650400022e-05
1.4444300590087183e-05
-3.9830503540170135e-05
3.7338312623340864e-05
-4.616005551241664e-05
9.107937955143709e-06
1.8001526715994726e-05
-2.502229636752147e-05
4.63694711278294e-05
9.575879123889743e-06
-3.144426957841002e-05
3.5561161913385925e-05
3.3920737058349216e-05
-4.580783259683314e-05
4.321600625310649e-05
1.2532232890552175e-06
-1.832760736197935e-05
3.281415883569415e-06
-3.0267050185668965e-05
4.3900776492303714e-05
2.7308926065074753e-06
3.197913811578974e-05
-3.3207314992368264e-05
4.004047533421607e-06
-2.9883681360276073e-05
1.9375114532092283e-05
-4.632813166186617e-05
8.657666240608894e-06
1.2199872627082873e-05
-4.31291484135975e-05
2.0621219052117995e-05
-1.6775196574238462e-05
-2.921827090721805e-05
-9.890199477565307e-06
6.79573068801631e-06
-2.415671498371138e-05
4.6885977368369453e-05
-4.241937009291596e-05
2.499757679686675e-05
-1.8437506370533178e-05
2.048572629476455e-05
2.1161945269041646e-05
6.3994336394927265e-06
-3.9450258958426646e-05
3.383987646678902e-05
-4.6573838252087076e-05
-1.2123088787735931e-06
-1.4381232613047778e-05
-1.966364029907989e-05
-3.533678895957149e-05
-6.100907413909562e-06
1.4836584182278017e-05
1.0767198849877713e-05
4.919322185520532e-05
-4.799563947871833e-05
-4.002856518794303e-05
4.3116061229198475e-05
5.3217857157963655e-06
2.5873255208989515e-05
-1.788018257710671e-05
-3.972272288599418e-05
-3.303115919296135e-05
-2.2460485937278753e-05
3.408897116948028e-05
-1.772606180699513e-05
-2.571922193695142e-05
-3.0435750482256275e-05
1.3744704188862497e-05
-4.518120481657127e-05
1.0743490572392945e-05
4.9355963319096134e-05
-1.2349659114987436e-05
4.945705982484658e-05
-3.461386389801453e-05
2.6972585867890543e-05
-1.9848602089287732e-07
-1.0620295965621162e-05
1.2652987853424827e-05
-3.080949326980679e-05
-2.885062743928373e-05
-3.6126798824524065e-05
3.0497612196868594e-05
4.2081127075677644e-05
-3.340980000436705e-05
2.775077056425449e-06
-2.7342938873551983e-05
-4.094804829199752e-05
-1.1656443084046773e-05
1.2487003898719358e-05
4.955838576179745e-05
3.808072250817064e-05
-1.4065047388895625e-05
-2.6384830591465903e-05
-4.5821092418366804e-05
-4.8217846166585445e-05
1.9429795513779443e-05
2.928673607826862e-05
4.607352919243621e-05
2.176367797932197e-05
-4.2876082743678893e-05
3.0578845004501176e-06
8.558431331252469e-06
-1.7764124403715846e-05
2.5956859140479964e-05
-3.3141843029877684e-05
1.1886830275949671e-05
-1.686667239820587e-05
-2.3554733744453493e-05
-3.450060353194713e-05
2.1005789305714483e-05
2.0741030658151612e-05
2.2929807421904595e-05
3.8518022716268204e-05
-2.159819256134703e-05
-3.216811708645039e-05
-3.7126676334416975e-05
4.129397432986015e-05
4.829450839430368e-05
3.154434852305235e-05
4.8302190269195845e-05
3.8901612273045854e-05
4.893648570516848e-05
1.806556882913701e-05
-7.806429795000838e-06
1.6748960284476356e-05
-8.526552540932909e-06
-3.287761553185544e-05
3.8436627892960935e-05
-4.2338823215905674e-05
-4.630366496963435e-06
3.0349002302707284e-05
2.963543725374038e-05
-2.5046712789322012e-05
-3.182766508159155e-05
-3.7721814848642134e-05
3.707274592459609e-05
-3.678830707028435e-05
-4.0649729240926735e-05
3.301202915913136e-05
-3.3555164853355034e-05
4.382220630050277e-05
6.315157744903419e-06
3.0465872864242277e-05
2.814147072078026e-05
-3.6904200132893986e-05
-1.554437532997388e-05
-3.008570117994422e-06
-3.87736150562237e-05
-4.609785012129022e-05
-1.8316350809939243e-05
-5.719455725468651e-06
4.860279304030565e-05
-7.45835096576886e-06
-3.8199881512433786e-06
2.694134193090293e-06
-2.153808756822402e-05
2.094594728525107e-05
8.58912684391985e-06
-3.9858334480275485e-05
3.792434405304603e-05
1.1534443627957403e-05
-1.1174041071335276e-05
-1.7644482693985743e-05
-2.7652633051343224e-05
8.291169792039423e-06
-3.2996482145875356e-05
2.7170651317179923e-05
3.180527853562487e-05
4.366904430121856e-05
-3.1266012044817084e-05
2.645096141701814e-05
-2.629970780505796e-05
-4.185432902267725e-05
1.0279102580667642e-05
1.8178885878099414e-05
6.364677249904061e-06
3.8276772768928794e-05
-4.8519383244964356e-05
1.3214971523999723e-05
3.0839150061493654e-05
3.93848569230571e-05
1.1457756178739148e-05
-4.1735266941314986e-05
-5.603143865853658e-06
1.2802057342400045e-05
1.1604557695229406e-05
4.338503249466283e-05
-4.767277522637127e-05
-5.658461406693471e-06
-4.3299369417559795e-05
-2.720001317073101e-05
-1.5813435739850668e-05
3.7875771758109275e-05
-3.7759013037433975e-05
-5.019073206718452e-06
-9.882134377868802e-06
2.5071878810093284e-05
7.972901193453986e-06
-2.0233208218672682e-05
-1.547182751119983e-05
4.282635771682557e-05
3.0856728786626287e-05
9.230295228211694e-06
-2.754789964817618e-05
1.9520068319547484e-05
-4.618822741021487e-05
1.6117411080771096e-05
4.470502286981118e-05
1.9400023808916173e-05
-4.7262983623081256e-05
1.8773202881922875e-05
2.514023552559401e-05
2.605143568465245e-05
4.044331472608622e-06
2.9056958228436954e-05
1.7797236190989577e-05
4.3420619391702866e-05
-4.316529820589916e-05
-4.137108291325164e-06
1.0930331327624068e-05
2.5926459964699374e-05
2.549155471401763e-06
1.44357672187428e-05
4.31793151302125e-05
1.79693256886111e-05
3.210246772726041e-05
-3.159813632532419e-05
-3.9762106163726576e-05
-5.006503919399141e-06
6.934461635377309e-06
4.282004381789612e-05
3.215504836722697e-05
2.575219798977197e-05
-1.8422165246828374e-05
-1.674126830417729e-05
-3.188315705618215e-05
4.055788492732047e-05
-1.2011092091311204e-05
4.606548154270703e-05
-1.1436401212182689e-05
-2.5923611614018155e-07
-2.347512678586714e-07
-1.3966129938278861e-05
-2.1667228815541927e-05
2.722567274443166e-05
2.8521105351992145e-05
6.704300903842745e-06
-3.252876928182369e-05
2.5333948473978376e-06
2.598840937024631e-05
2.451083061530783e-05
-3.90815288570155e-05
2.174177440249779e-05
2.9165654766003633e-06
-2.7043621832321876e-05
1.9405053116196298e-05
2.9403803280528435e-05
-9.836104894138641e-08
-4.5223179417665645e-06
6.371387998657987e-06
2.9878995015372174e-05
-3.668927025151023e-05
-3.6603188702696564e-05
8.778026373257707e-06
2.7522349724869674e-05
-2.7277789244376413e-06
4.9975861026797795e-05
-3.47130779070553e-05
-2.848996141556308e-05
3.5613976720654137e-05
-1.7226371521856256e-05
1.0238300933383646e-05
-4.211162791877171e-05
2.3478377518802313e-05
-3.5374150909471474e-05
2.2151840608514334e-05
-2.041014747608766e-05
-2.126767944390031e-06
-2.6721942668688816e-05
1.7378379490495196e-05
2.9158855422903154e-05
-2.6356260694362988e-05
3.4617510721742435e-05
2.8507290204072073e-05
-2.898745983775414e-05
-4.5416239906468e-05
4.130993035622969e-05
4.573474023653964e-05
3.496475172924457e-05
3.9019225718685015e-05
-3.4239021858749276e-05
-2.523346211075551e-06
-4.940883835082786e-05
1.1051609929595958e-05
2.888404568591856e-05
2.1538416778246127e-05
-8.732887924925735e-06
-2.9937264003258804e-05
-5.068905014500847e-06
-2.092516349530518e-05
-4.171876405677817e-05
6.331343597738414e-06
4.914994329357553e-05
-4.359496032395351e-05
3.410519304891676e-05
-2.679518866595554e-05
1.0923043377592022e-05
1.613774028892961e-05
-4.5559006918138116e-05
-2.3569699965276303e-05
-2.988567905091858e-05
3.1913698213933025e-05
-2.3498752501616548e-05
2.8791991763011528e-05
2.3790312537386143e-05
2.266309303167678e-05
4.813737383595874e-05
-3.0149616383834177e-05
-3.257139414479745e-05
3.167993209650966e-05
1.998665737432572e-06
-4.413426347590733e-05
3.652713444547677e-05
2.8500632966668305e-05
-3.521646013660544e-05
-1.0218807792609465e-05
-3.3815652458231025e-06
-3.7753430415771976e-05
2.8074270895866864e-05
3.6462826358618534e-05
-5.649191971480162e-06
-4.827889700281126e-05
4.712884791924855e-05
3.396750438294993e-05
3.467780982814283e-05
1.881017175881183e-05
-1.9777444651071887e-05
-1.3987507484933979e-05
-3.439772377059065e-05
6.605300422995077e-06
-2.352794505955538e-05
2.4153670828939954e-05
-3.3060503941639766e-05
4.944527840545522e-09
9.724758211370652e-06
-3.004655907271083e-06
-3.534944701924815e-05
-2.8521510514557813e-05
-4.729687628615589e-05
-4.569235751740432e-06
-3.571745732997733e-05
-7.1044530746320434e-06
-3.879201795877881e-07
-1.457085492230428e-05
-4.8595302690761844e-05
-1.4326948759305614e-06
3.4916045043991455e-05
4.8332417742880764e-05
4.751477611294621e-05
3.499660548848461e-05
-2.0187517468097172e-05
3.417886471074953e-05
-2.2489737493521233e-05
2.024055329325971e-05
-4.0722630805712794e-05
4.3087559463989766e-05
8.242158972356072e-06
-3.302685026200473e-05
2.831259372564374e-05
-1.250536413112362e-05
-1.9268622149434265e-05
-3.957674760234681e-05
2.5999299538553696e-05
2.044540956630194e-05
-4.912564445127937e-05
-4.60383437021616e-05
-1.3620266585758434e-05
5.855361141391989e-06
1.4779868635317167e-05
-3.177257805568133e-06
-2.97176202605582e-05
-2.120023270067405e-06
2.0182030753440143e-05
4.6389799666684906e-05
-2.8927958812783173e-05
-4.1712855259159185e-05
2.2078453929313735e-07
9.84267422659999e-06
-2.5752267797768803e-05
3.304513435303187e-05
2.8064638080546524e-06
-1.9444857582158958e-05
-1.5141091134960902e-06
3.949016199448072e-05
2.021847841546223e-05
3.8949658384606087e-05
3.431207130123388e-05
-1.0678727929280521e-05
-2.369667528056254e-05
3.473759952006114e-05
-7.369701420313525e-06
-2.305477847516253e-05
7.902614945027022e-06
4.084736082957309e-05
4.220071404080023e-05
2.685667890713679e-05
-3.4513107206864994e-05
-4.7869738992962376e-05
-2.63980415902374e-07
-2.8664267119627143e-05
7.601678391697612e-06
-9.887490169924373e-06
-1.0271037710451668e-05
-4.749559357725138e-05
4.961736309547665e-05
-4.498345176281713e-05
2.2701206347578298e-05
2.5198944951297567e-05
-2.228267724918065e-05
3.8930723911921864e-05
3.3752948417856584e-05
3.376279441541912e-05
-4.9280988414597507e-05
3.2499613871396114e-07
-2.1804257485764267e-05
4.5252619209269254e-05
-3.9658452138316627e-05
2.1374823138118006e-05
-2.3063412845615427e-05
1.717277281479394e-05
-7.418724459414871e-06
1.9895869697881276e-05
-2.1637240508227086e-05
-3.750837481711264e-05
3.931417946426347e-05
3.7319494496269825e-05
-2.7836941116717362e-05
2.8683925031640455e-05
-2.9295369841599074e-05
-3.3616144607269306e-05
-4.998280010547082e-05
-3.8153816334427735e-06
-4.840038068003693e-05
-1.9124129227756705e-05
-2.3092149182953915e-05
-4.1743416785526925e-05
2.5883098248839046e-06
4.359926043442128e-05
3.094869155688208e-05
-2.024806740261166e-05
-1.3153624523987037e-05
-2.6376750302318366e-05
-3.1996674341592247e-06
-1.953291949546697e-05
3.039408815368101e-05
-4.308613369368486e-05
-2.8094757468264377e-05
-3.715623920900701e-05
-1.6781615925948977e-05
-1.641367425416882e-05
-2.599419741834417e-05
-2.651100994767688e-05
3.00887485406229e-05
-2.2767373499077838e-05
4.743936979640582e-06
7.821512745495427e-06
2.8073368088376016e-05
-3.74583198255839e-05
-4.555200214063048e-05
-1.8100912524630985e-05
1.2987538582070126e-06
-3.483249139591971e-05
-3.542078033705056e-05
-3.878963327403007e-05
2.8648302495346684e-07
-1.889699652100031e-06
-3.252666311163325e-05
-4.450524986427783e-05
3.66413606331462e-05
3.599820274616915e-05
3.7145454710579375e-05
-1.3697698921663323e-05
-4.047297254171255e-05
-2.36047075976875e-06
-1.936385036742781e-06
-1.3228266112279696e-05
-4.06219239557234e-05
2.4380107764280884e-05
8.511783481465429e-06
-1.9869907077561113e-05
2.296952971266449e-05
3.062250421505599e-05
-1.1009376111236694e-05
1.9917722374336454e-05
-3.5701205466483314e-05
-3.40785823549557e-05
-3.419511959029278e-05
1.9031574531526962e-05
-3.503766625602284e-05
3.624899737210144e-05
-3.196368465530217e-06
7.94561415631976e-06
2.5652326790339822e-05
-3.464182987147702e-05
2.5024609547322613e-05
3.3273870337419035e-05
-1.8846738116722076e-05
-1.1263472562071089e-05
4.5159702776186095e-05
1.5701933074517578e-05
-4.1493874777886756e-05
3.579742260425522e-05
4.934198316618633e-05
3.697955164208045e-05
-1.6905765315395314e-05
1.7744817701857944e-05
-2.6942165843739777e-05
1.967896857423792e-05
6.982569715581008e-06
1.9968142281664616e-05
-3.518876589259622e-05
3.254063406688445e-05
4.544890021487861e-06
2.8115070132175828e-05
3.508772772164692e-05
1.836317569512233e-05
1.527907631731497e-05
1.740644010467137e-05
3.618217426218276e-05
-6.002201530528086e-06
3.522089238699072e-05
-1.1222448457687972e-05
-3.5821611030506074e-05
3.576423247375364e-05
-4.174191906829023e-05
1.042578857838549e-06
3.7597352235316184e-05
-2.0936736267355563e-05
3.865288413777195e-05
-2.3949853051030768e-05
-7.281931566740618e-06
-1.7664436481318868e-05
-1.5186798034816682e-05
9.182593044383812e-06
-4.928537637577903e-05
-4.281307572577003e-05
-2.795719238680391e-05
-2.4538617978279942e-05
-3.102727199472856e-05
-3.747483492547271e-05
1.4395699757993527e-05
2.3451581435300686e-05
-3.610519905579711e-05
1.1935134971389188e-05
7.769758163821986e-06
1.6384734939016686e-05
-1.8930534105655614e-05
1.6942131776967398e-05
4.322442823866237e-05
-4.850438004750294e-05
-8.140759685495934e-06
4.6584765745743005e-06
-8.07658947726999e-06
-2.6528304211815848e-05
3.793312555757692e-05
-1.4705823712094893e-05
-7.315504514191627e-06
4.91871575954936e-05
-7.47534868917157e-06
-4.244155211822146e-05
2.426804397266268e-05
4.4970676030091246e-05
1.833506860415579e-05
2.868295917562488e-06
3.423779716788797e-05
-3.5422357177994525e-05
2.566705927267652e-05
1.977050351096628e-05
4.001771392531507e-06
-4.769416672796419e-05
4.892014283881538e-05
3.7183039521319736e-05
1.7316173451411154e-05
4.9096163188923473e-05
-4.652617871141629e-05
2.371298500638299e-05
-1.723040056034204e-05
-4.6110088743775556e-05
-2.753115712269032e-05
4.628631646569285e-05
-4.1119983473618255e-05
-2.8409819955407434e-05
-3.342902254544804e-05
-2.3464093954420752e-05
4.275446501660825e-05
1.374856122489422e-05
3.634896616071609e-05
-3.742627966520498e-06
2.803169671391686e-05
-8.076881859828808e-06
-4.5267414843716086e-05
-4.4402797339732846e-05
9.489661859219378e-06
-3.466876532974983e-05
2.4060520796004266e-05
-5.1599631914120414e-06
-1.856001683635706e-05
-1.9904903616365365e-05
-1.3176037546671729e-05
-3.212615444507435e-05
-4.5888454324592424e-05
-3.684087215021299e-05
-3.4140225621762926e-05
-4.467931009691265e-05
-3.4512136612404695e-05
2.4200191719992e-05
-1.0117969384262713e-05
3.2554521990938253e-07
1.7133865237440364e-05
1.2219818885991195e-05
-2.109029596770052e-06
-1.3575004243572065e-06
-4.077577226970628e-05
-2.3839919001702127e-05
-3.521639587552879e-05
-2.3489595460139636e-05
-4.157009141102031e-05
2.2191600360706527e-05
-4.699260092311195e-05
-1.6878265451095156e-05
4.5730814418402716e-05
-3.322085508389862e-05
1.8588441799501814e-06
2.4221898751980347e-06
8.627575986814963e-06
1.1403056676458197e-05
3.594686696301999e-05
-9.193959248714659e-06
4.413927235062229e-05
-1.605732688777382e-06
2.2591141996729947e-05
2.9923523984817447e-05
2.1617362076183895e-05
4.304776364019416e-05
1.9157843687778535e-05
3.16603809119618e-05
2.4438972025485057e-06
4.0272275487080485e-05
-6.674840698282004e-06
1.4679785500863606e-05
-3.8361052621520145e-05
-1.4042895285168123e-05
-2.1861904330029714e-05
-3.570374728616951e-05
2.3594151904282337e-05
-8.948391706952528e-06
-1.1039916126099895e-05
-6.5686883427624505e-06
-2.3714216199452753e-05
1.68009368473873e-05
-1.984709791452798e-05
1.561964271028405e-05
1.0706007670043795e-05
-4.481408935768817e-05
-1.3935717066298593e-05
2.569644440176479e-05
-2.48333058369148e-05
-4.0719543678625396e-05
-2.463060266934877e-05
-2.5968160242907627e-06
1.6072346009678386e-05
-2.6815025286999396e-05
-3.713004183973983e-05
-3.82624453744572e-05
-3.1726389256007744e-05
-3.0011751705748637e-05
4.5865806247026067e-05
3.878053488041707e-05
-4.57747038234725e-05
2.4761729737922062e-05
-7.773468381742735e-06
7.943479877192103e-06
-2.143785445825089e-06
3.6466995707894594e-06
4.063466227980624e-05
1.668966455372834e-05
1.1827341321047774e-05
4.4582412788573486e-05
-4.267522472074845e-05
-4.960458941911063e-05
3.666600612938618e-05
3.264335384254478e-05
-4.9626100366475306e-06
9.285035019259855e-06
1.645331444996202e-05
-1.0153836490809829e-05
1.0127383937590298e-05
2.4815839602552486e-05
2.948188802125348e-06
-2.47543002115437e-05
4.0940026492279146e-05
4.587334769505297e-05
2.9869021189312757e-05
1.0306672687658038e-05
4.498788252221228e-05
1.1997668326110105e-05
9.606509897622093e-06
-3.602529188408891e-05
2.1061133702377946e-05
1.6962500327597642e-05
-1.6169516582496757e-05
-2.7776419951876354e-05
4.048597837104687e-05
-8.464943845475828e-06
3.368824217357385e-05
2.777759736716334e-05
-3.526858292410585e-05
4.4704413306182035e-05
4.484813006679209e-05
2.0348528540817784e-05
7.771504928614217e-06
4.262039681983906e-05
-3.6931413903445266e-05
-3.0105261713937615e-05
3.7410556228263904e-05
3.123710608844e-05
-4.584106417155488e-05
3.815358928625946e-05
2.176350253048071e-05
9.999222631093652e-06
1.3505181187700104e-05
2.430167355501995e-05
1.5088788583248264e-06
-3.4648264882246465e-05
2.223700272614077e-05
7.380051868415894e-06
-2.5307428732361228e-05
-1.3524580221648744e-05
-3.434373916109662e-05
-1.3669718685922515e-05
-2.534712917525768e-05
1.5076296056220198e-05
4.058222716827766e-05
-1.8589380637666563e-05
-2.9835192910246545e-05
1.0944828863612676e-05
-8.71120417377794e-06
-3.5715374036287565e-05
1.5016714659090153e-05
-2.3581752098587107e-05
-1.8195073933065166e-05
-2.8358694964845188e-05
-3.0370187248016912e-05
1.0646696215367102e-05
1.996460310684728e-05
-3.738110216542721e-05
-2.949336296190932e-05
-3.9391604015940606e-05
5.119052999349297e-06
-3.630066517720786e-06
3.681946029750815e-05
4.827855501895466e-05
4.79626998042182e-05
3.6270674375958285e-05
-4.8456502249652246e-05
1.8669635705259375e-05
-1.9263019466489972e-05
4.912732743009374e-05
4.999418160551276e-05
-1.6366368995002948e-05
2.435169535541259e-05
1.336502550078284e-05
-6.9654543078472e-07
1.609836342552073e-05
1.597552415789719e-06
-3.500037175694608e-05
-2.139344423663735e-05
3.841497888490542e-05
-4.4707898334548924e-05
-2.6674965729913426e-05
1.0324810035440855e-05
3.7379383590499834e-05
-2.5954632048707682e-05
2.30557954627505e-05
-2.1070182557163298e-05
3.47167764908769e-06
2.0106834359607135e-06
-3.511811709945886e-05
2.0918204817626535e-05
-4.900840727838989e-05
4.4398012533141514e-05
4.629586227916964e-05
2.732875853112623e-05
-1.3024059483129877e-05
-2.7993952951173007e-05
-4.376238097140352e-05
3.231407550883338e-05
3.5624293152185676e-05
1.3701912778419719e-05
-1.6044908996866843e-06
2.8125457751000312e-05
2.9070584771802878e-05
-3.20669163511365e-05
-3.796309857521767e-05
4.224047698032664e-05
-3.569046472885268e-05
-3.492947868050911e-05
1.936866580275664e-05
-3.8284858321299345e-05
-1.928439270920908e-05
-3.17172121013773e-05
8.936484580327196e-06
4.125567609425197e-05
-1.6569937011858847e-05
3.645110694095566e-05
3.57743269227297e-05
-4.1752915748051556e-05
-3.6256176990623715e-05
2.5813350820669564e-05
4.555476569267677e-05
-3.0416476913412663e-05
-1.9240450767458508e-05
-4.688357934805454e-05
3.769965156732876e-05
1.169858268328769e-05
-2.627838702952332e-05
-1.0361259766083208e-05
4.160164207121837e-05
1.2004873643006214e-05
2.6941175533876563e-06
-1.7266436203959116e-05
4.905598053853112e-06
-4.353806152656249e-05
-2.9084219214082987e-05
1.8895119759521542e-06
-1.7598839945553767e-05
-1.5775194770785496e-05
1.4349007676582624e-05
2.8488423354867204e-05
-4.217750797983792e-07
1.8757029765620555e-05
-4.685656600625282e-05
-2.2302264171070274e-05
-4.308271967561663e-05
4.465583248580149e-05
2.3250444793867966e-06
5.842209140303209e-06
-1.697799589962466e-06
-6.718165794925212e-06
4.674209654982464e-05
-3.599525675302799e-05
-1.4428484797916477e-05
-1.6028737109963964e-05
-1.7318795946482524e-05
-4.4618583971733795e-05
2.3542003401752505e-05
-4.231213509622244e-05
-2.519210933744196e-05
4.1034794785408135e-05
4.008671369148967e-05
1.1018749945399084e-05
2.9876536940669217e-05
-1.2207085668597406e-05
1.2891751139663112e-05
-4.6768587288872634e-05
3.1375122629629945e-05
3.836638930237804e-05
1.1410343505927988e-05
-4.9745216591649305e-05
2.1665344917735253e-05
-3.363068509662715e-05
5.321572098469074e-06
1.6836719043093993e-05
2.9369181135290594e-05
7.254698668941104e-06
-1.064152147088404e-05
-1.783461987412949e-05
-4.057953525418908e-05
-4.7247924300323566e-05
4.018201305977049e-05
4.734340914935241e-05
-8.12564607373922e-06
-3.2770264737309955e-05
4.123272115612621e-05
4.572036744675286e-05
-2.8013587939412244e-05
4.112717670579211e-05
5.699395878683819e-06
-1.9488746266204726e-05
4.0140967568226276e-05
-2.3185817884706595e-05
1.1060012513484571e-06
1.9788158181357214e-05
-4.439837192494809e-06
1.775141833507068e-05
7.66533241322662e-06
-4.6133245455307745e-06
-4.939075541479142e-05
1.331971314910652e-05
2.8286923038478292e-05
-1.4801229414227967e-05
3.366636597175936e-05
