0.00010573814296061256
-0.00014858687390949035
4.163118123660063e-05
0.00016749345455431937
-0.00026488417541476725
0.0001525931601485069
0.0001793020286246865
-5.7813430157056686e-05
-0.0001976749480832635
-0.0002463654488183658
-5.865661308202959e-05
0.00027849532559457514
3.367207233402576e-05
6.501500011947716e-05
2.3189708553897532e-05
-0.00021996159529854913
0.00013330175742720652
-7.4255587437623e-05
0.0002916820368215096
-0.00019885357140739688
-2.9006284223439963e-05
-5.310104337830681e-05
0.0002548498156648952
-0.00016333773332545833
0.00024090661292634573
8.689995066809246e-05
-0.00014238130677319256
0.00012970273031019777
0.00021100800766920988
-5.388841010547647e-05
-3.324612401810537e-05
-0.00025717403508978263
-0.00024142969038610737
9.470633592388128e-05
0.0001931169003107723
-0.00010624711724594702
0.00019813419718536237
0.0001794224959821245
-0.0001856578109109774
-0.00016117272702966724
0.0001760635837105222
-0.00012862707364238253
-0.0001568518702370264
-6.797305050325179e-06
-0.0001180764558839175
0.0001938900466129662
0.00016827403273240966
-0.00016412566182332514
-0.00017900489258670084
-4.27471264841549e-05
-6.591460851129645e-05
-0.00020852347644334133
0.00015665808160543736
0.0002976069797248298
0.0002217300210826983
6.05231471028208e-05
0.00025794020284971073
-3.565326698179471e-05
5.304937866525296e-05
-0.00015445725431840495
8.817112417473365e-05
3.718155014248117e-05
-0.00020598211016031377
-0.00014722590560562815
-0.00022519941421647968
0.00022295634954166234
-0.00019824106881737347
0.000220735507821656
4.4344443498570585e-05
-0.00015878946545142407
0.00021303113290516742
0.0002437369449202371
0.0001748303327287223
-0.0002792295554328316
-0.00017751917346536423
-1.5236161260578473e-05
-0.00017863214893048418
9.94581101950398e-05
0.0002085734073580384
3.2685141567938866e-05
0.00023772468712113492
0.00013494306560545076
-0.0002396328431278605
-0.0001289475499451058
0.00024098549779514152
-7.704529107916325e-05
0.00024603645040026145
-0.00015942425901765942
4.6137347238423964e-05
4.814304388061887e-05
-0.0002720003113701315
-0.00023603472025527568
2.937346367400264e-05
3.618219512051778e-05
-4.974996729891748e-06
0.00011212013663004187
-0.0001290008881799734
-0.00025702489954003335
-0.0002254444335277294
0.00019591332716116186
-0.00010991794401907616
-0.00015608016935124522
-0.00019444600610736106
-0.00020576608475579046
-0.00010970352931649277
-0.000178486432020155
-0.00012464891444655558
-0.0002685055861336235
-0.00021387365941116324
-0.00026189471270622833
-0.0002136765977681701
-8.284743873057597e-05
-0.00019024295740399818
0.00021827846469480344
-0.00018346472060713282
0.00019399068083438817
4.4541256814581854e-05
-1.7271816481627335e-05
-8.083439366026729e-05
0.00027410991292328924
5.930948604867777e-05
0.0001935974873841319
-0.00023843797885747048
-0.000127301790251839
0.00012284874132292926
5.255005106495549e-05
-3.710598971304953e-05
-7.263086725760486e-05
-0.00014784612503484628
0.0002924186072272806
0.000182082930226978
0.0001336053528151242
6.97692766959427e-05
-7.651843273263892e-06
3.8551907347124576e-05
5.871382214820027e-06
-0.0002869468381992965
0.00026834556989357587
-7.095172268151669e-05
8.992923969190146e-05
4.813464546463874e-05
-0.00027182809079675027
3.0043415305267332e-05
0.000200144842325162
-0.00020575395374260782
0.0002711105397973002
0.0001356056394326001
-0.00017765545258458697
0.00022627937935030103
-7.665655274706598e-05
4.968721613890742e-05
0.00016372578125147506
0.00018636181814699564
0.00015305010879831596
0.0002527234877333332
-0.0001554248442913246
-3.3313770180464744e-05
0.00024931084699749887
-0.00021788216716579425
-2.620898750256345e-06
-0.00013510861373642257
0.00020543673325281955
-3.045965554559089e-05
-8.569912605051078e-05
0.00022409839395897535
8.163705224512822e-05
2.977102868034748e-05
0.0001743758811563676
-0.00021859532985035713
-6.286966443679284e-05
0.00011460414638828808
-0.0002855038584089697
-0.00010412117497131309
-1.4784549919380214e-06
-6.39643575284223e-05
0.00017387153738595174
-2.335163026940775e-05
-0.00024977946165670765
-0.00018767914573143254
-0.00017468155965278247
-0.00010990669164000284
0.00022977814253097192
0.00026050764401203147
-0.0002733306150384602
0.00018382815072200484
0.00027125371472871827
7.087684916926539e-05
0.00014187285197917224
3.4223406094068475e-05
-0.00024252264210215138
-1.92508774763674e-05
-0.00015964701928030265
7.798539444826716e-05
0.0002728135424880942
5.949846016888022e-05
-1.2207313057859557e-05
-0.00028956939784014087
-0.00012496856900557
-2.3597374035024888e-05
-5.720713677803197e-05
4.9391587056324426e-05
-1.25774422455182e-05
-0.0002676345484344491
-1.304105820237162e-07
-0.00015507208441063267
-0.0001982844224315984
-0.00013301708056680792
-0.00029944429537011823
-2.967730524315392e-05
-0.0001038566437474574
0.00018578006751256246
0.00010290290375199732
4.310244551131723e-06
-9.549541482027103e-06
-0.00010533910439171131
0.00011919865019322358
0.00023320019179444586
0.00029303477495403076
0.00025839027635238975
0.0002397872231186408
0.00015673583948285662
-0.0001577400914358818
0.00024221333110812558
-9.590839504068432e-05
-4.357029316202243e-05
-0.00025014459916733505
-0.00018810603032908089
0.00028504506333751545
-0.00019283485876523882
0.00017770621431046594
9.309552423826848e-05
0.0001993457773499904
0.0001638298011899133
0.00020718523534925937
0.00022219960807032187
0.00015561002573446814
3.093076516975945e-05
-0.0001057100920391571
-0.0002840910062360108
4.706598488667438e-05
-0.00018277612346196247
0.0002809963986392829
0.00020060676488394734
0.00019883167034193404
0.00020061906626430234
0.00021380169304322975
-0.00010056952599593372
0.0002719748988842903
-0.00012721111533653564
1.5794289834780272e-05
-7.595107159668213e-05
-5.314826741913717e-05
-0.0001751507606262771
6.621753202161972e-05
-0.0002793639461602531
-0.00014812968673315474
-0.00020744772602099675
-0.00021095288370412603
-0.00017906908193141875
0.00027518650634857745
-3.1260036354599746e-05
7.892996643657691e-05
-0.00021839861886957442
0.00014571636255493258
-4.902790342981424e-06
0.00010614820168132298
-0.00013831234745151466
-0.00013090462539958365
-0.00018135350732414557
0.00028883603478906437
0.00010610846664040627
0.0002095881595958529
0.0001806161804498495
-7.494775341299184e-05
-0.00015409395580878707
-0.00029028723058696464
3.3248615851111634e-05
0.00017219646442045636
0.00023260063823590723
0.00026527155188352155
-0.00018616718501453334
4.7502109861080025e-05
-0.00021981981655549705
0.00026334847607743637
-0.00019871406369297001
-9.026547191330026e-05
0.00029068821973623934
0.0001395236999268467
-0.00018043193947848198
-4.3396699281312504e-05
-4.6171552936791205e-06
0.0001346175768035155
-0.00017581292402563556
-0.00019234093609744993
0.00024287646076621587
-0.0001498911418979546
0.00012475627151642188
-3.166884092846889e-05
0.0002816179185722894
0.00023392636303473522
-0.0002496933253472307
5.801303275427324e-05
-0.00016712099490318334
-1.2060845638297332e-05
-0.00023373298313247406
6.250615192172546e-05
-0.00022440440765395192
-0.00014047904377968617
-0.0002231816491450954
2.048298043723422e-05
0.00027992778474597715
-7.635156946870784e-05
-0.00025946830655913106
-0.00012089438102290677
0.00014497091897712228
-0.00022807039217677736
-0.00015969353728447492
-0.00013386297241717223
0.00023857663269638948
0.0001843294163542136
0.00022248474688037564
-0.00028390194395230486
-0.00023121527418375562
0.00020846378838906295
5.071097456060993e-05
0.00024715231540868755
6.536012475459466e-05
-5.94762715589879e-05
-1.3695026932210189e-05
0.00016698355368525438
-0.000273066048593116
8.38925736541137e-05
0.0002864707854938968
-9.840044005009706e-06
1.7020914725387093e-06
0.0002611138533380255
-8.855404885466797e-05
0.00012422074351589975
-2.39835336661513e-05
6.172079955708523e-05
-2.886808132759785e-05
1.1825944921346006e-05
6.208341191633768e-05
0.0001857866666171957
-0.0002421320740703738
-3.018519647292637e-05
5.510179737174936e-05
-0.00026506575493634395
2.9898366706017376e-05
1.4294180856378304e-05
0.0001869727899557334
-0.00019282201468532803
-0.00029030617843767137
-0.00015397672024508696
0.00013607012996957987
-6.600398652494108e-05
-0.00013280991501630926
-0.00013241685162219686
2.6823066347260406e-05
0.0001834109734370101
4.490066898688505e-05
-0.00017721529263007305
4.824123778776135e-06
-0.000180548957360014
-8.762257491060386e-05
0.00023813564442630816
-0.00020145290743433687
0.0002865116078082085
-0.000230444272250522
2.1219032888674478e-05
0.00014083316055401695
0.00010590847291985393
-0.0002624530235192947
2.0440040325513207e-05
7.882139948970664e-05
0.00013366345517278912
0.00022605573476694945
6.576511543290642e-05
5.414298079382926e-05
0.00017655470779460438
3.286841624330038e-05
3.559310080457985e-05
-0.00026074761424245565
-0.00029869869695261614
-0.00012358738571878247
0.00024464420896683957
-9.836676191710426e-05
0.00024581327124963934
-6.231607809781286e-05
-4.437074347016939e-05
-6.30439030574134e-05
0.00024998066437964935
-0.0002662948218149135
5.771306491448382e-05
-0.00017611153545192865
7.539629016996876e-05
4.9299080255975304e-05
0.00025840870609647833
-6.759416672452023e-05
-0.00014252235538229595
-0.00015707892528490867
7.89306797901923e-05
-6.169985869056399e-05
-0.00027899699009689965
0.00011191978309392362
-7.680889780755761e-05
0.0002176707371656865
3.8388996626864734e-05
0.0001354196846403556
0.00011317925197620193
-0.0001245900576888531
0.00014181630832499153
0.00013309539493252756
0.00029279248170734296
-0.000128898564599727
0.0002402190242968819
-3.4212061658281715e-05
-0.00013285659608234753
0.00010416620265172997
0.00017025296295214627
0.00010136277644373675
-8.204067800644314e-05
-9.505163632319991e-05
-3.570252235305754e-05
0.00022079079171678572
0.0002345914776908903
-0.00017398455718346088
-0.00018704293207258622
-0.00014990672573386599
0.00017341223961618417
-0.0002248825709478684
0.0001852002321187874
0.0001117055889883741
0.0002477036028636985
-0.00018446581767577852
1.2370318203629833e-06
0.0002781347800377564
-2.5612084069288096e-05
0.00012355294064977224
-0.0002326036811284881
0.00029598021533652313
3.9002362383483685e-06
0.0002591620960338454
-0.00016066489015377126
-6.838407855517484e-05
0.00025730014615223535
0.00012418698255670308
-0.00029311541697140265
-0.00022796634208444833
0.0001170480534360064
-9.955489033577894e-05
3.8901643478183646e-05
4.892184042263795e-05
-0.0002089415914718249
-0.0001200066269332835
-1.8427790552496734e-06
0.00019848534512498928
0.00010401658829682268
0.00025941487983393853
-0.00019740414115859987
-0.00014424832062249056
0.00010333194473246361
0.00012648729224028942
0.0002162231978118675
-0.00023319295916919162
-0.0002823356960865652
0.00019855248972363437
-1.6601120213004142e-05
0.00020925326467781125
0.00025313428246795643
2.1082858610402353e-05
0.00010540400413004046
3.130465281952593e-05
0.00011630902796232477
-9.422904417525659e-05
1.4094557042899632e-05
0.00027565372905116145
-0.00014362153667153764
-0.00015999634126873292
5.472913999885208e-05
-0.00015900310785400235
-4.291764629895176e-05
-0.00014817338651674396
0.0002895700979267933
0.00017075159544448156
-9.309024352883668e-05
-2.944824760216523e-05
-0.0002378065071747259
0.0002407383260217281
0.0001402097251347909
3.415303917969056e-05
0.00026601507119683427
-0.00015109743961019804
0.0002954598700648245
3.078914320519589e-05
-0.00015465226826870366
-1.022489452629573e-05
0.00028957310234096085
0.00012579306587045516
-0.0002188990089826571
-0.00025768983452391267
-0.0002845778740727583
0.000191808974050524
0.0002833921845786965
-2.6474726730578674e-05
-0.0001224010111777874
4.416363040231428e-06
7.639642751454585e-05
0.0002389214287610827
-0.00024397539451208105
-0.00020975758361961296
-0.00010040318389168676
-0.00029864519941784785
0.00013759721737057991
0.00025523465928788304
1.555297054822198e-05
-0.00011669545380120852
-0.00022618238228325676
0.00019056804478469826
2.6239131022927267e-05
8.267762260557703e-05
9.510077465371767e-05
-0.00010644691639656088
0.00019394736742468088
0.000293881333724128
-0.00022784976147917178
0.00014377204408265584
0.0001340480892413553
-3.332857508066674e-05
6.120269232680672e-05
0.00013537271722181295
0.0001221569014111051
-0.0002064489566994385
7.978819247711597e-05
-8.69670482240311e-05
0.00021777655423474055
0.000244625594966997
0.00017499889160505747
7.815073546553632e-05
7.844119836887217e-05
-0.00018753121984632133
-7.864935963362092e-05
-5.015449746721912e-05
-0.0002471765582368508
-0.0001803935088305429
-4.304489820971966e-05
-0.0002608756837543826
5.7176320683691335e-05
0.00025815464222036453
8.585213413698839e-05
-0.0002146904723969913
0.0002082606095240199
0.0001841364281538938
-6.709165206574347e-05
-0.0002075858078791828
0.0001755531546971434
-0.00022410883144820942
-0.0002821207471552876
-0.00012970494017525223
3.391865083638275e-05
-9.202047480780267e-05
0.00023134461878524844
-0.0002339277331713829
-0.00020988744141832265
-8.797958759401827e-05
-0.00013444718428732056
-0.00014773549897332527
0.00018629930868983472
-1.1287682118627386e-05
8.380537694989236e-05
-2.9447924041597787e-05
0.00028340474800910026
5.592126062314298e-06
-0.0002798847839300173
-0.00028923359098449427
-1.423561570157916e-05
0.00019067366040751045
0.0002587866883563919
5.921826799785794e-06
-0.00017244931377877572
0.00021561132321488643
0.0001793822288918104
0.00025828235889301343
0.00018308297742118885
-0.0002273271472983724
-0.00019320726669049668
-0.00029724568923535284
-0.00018623350089682668
0.00013017398907068037
2.9043374959613732e-05
0.00027738963541230796
-0.00021536353537413282
0.0001665267456150619
3.147596139797506e-05
0.00012489390390771414
-0.00013591554383744485
-0.0002789539228935487
1.5557526504202676e-05
-6.624823554147183e-06
-0.00025116934597993554
-0.00012877240221152963
0.0001492270062445009
4.0345312260295916e-05
-2.4598328449256857e-05
0.0002722672043927739
-0.00018271595267254547
-0.00012239224615327187
-3.376824718492286e-05
-0.00024402331040688596
-0.00015649523822243948
-7.040796778777047e-05
0.0002997721609359015
-0.00019317964665880978
8.59109999460271e-05
-0.0001556009933971854
6.0502363496416436e-05
-0.0001722700130585463
0.0001521341026789625
0.00022659306807462529
0.00029089379702772726
-0.00010976234062899372
-1.756317504594964e-05
0.00026507745240683043
0.0002381106669225728
-0.00019943901522858227
0.00013701640317825983
-0.00019704738443323202
-0.00018504445849449523
-5.457989004361278e-05
0.00016733299160043237
0.00011921036978182703
0.0002660492507834189
-3.2451291181530295e-05
-8.402444045581457e-05
-4.476945236271993e-05
0.0002775950189928802
1.4695865711486066e-05
5.0731020767435066e-05
-9.241846661964899e-05
-7.224521057575396e-05
0.0001600081600115454
7.855900815695473e-05
6.526080368093504e-05
-0.00014941821502000938
0.00017020835852925217
-0.00028744097340156603
0.0002896564761011077
0.0002068772008698017
7.575020338162081e-05
0.00020751519679358487
-0.0002499076170472651
5.4243646912624966e-05
0.00028238569373128234
3.9765347304168914e-05
-2.1779299173972362e-05
-0.0001842437943581796
0.0002357342517992805
0.00021706928929640315
-9.279222077314102e-05
3.05220990421452e-05
-5.752897899264278e-05
-3.5781513303199453e-05
-0.00027677028115144015
0.00017212016193185112
0.00015196893614079145
0.00022619675362820418
6.2409280772589455e-06
-0.00016947350731223468
4.6673282675772335e-05
-0.0002563339115524369
-0.00024673203398965554
-0.0002967214283931496
5.463855944865507e-05
-1.241969982377169e-05
-2.591080145946588e-05
0.0002774555652759188
5.824578376047352e-05
0.00011262767789283227
0.00016081163011796146
0.0002646647978247053
0.0002802233750438128
0.00014591370742283836
-0.0002623132797367318
0.00029748771665869504
-0.00021924063859531264
-0.0001898438139608735
-0.00011452840844903661
6.943468587185367e-05
7.973692556429796e-05
-0.00020424692665538588
4.364198697864196e-05
0.00011562059574981545
0.0002827665228316506
-0.00020721917815214204
0.00023684889593347688
-0.0002738967212336535
-5.6375716996729216e-05
0.00015837255143413663
-0.00019263396356719706
-0.00012449948378479142
0.00022926726072256795
-0.00023584344169783031
0.00020788493767558022
7.434653023849941e-05
-0.00014496024330781012
0.00019985438934671482
-0.00026163868293934686
-0.00020016359292415425
0.0002495864140872901
0.00017814423485636302
0.00023656720223338756
-2.8403832874148805e-05
0.00015807994642657355
-0.00016437931814366474
-0.00022722204909827873
-6.978165678565157e-05
0.00013015762814789025
-0.0001569788325079615
-0.0001815018758916115
0.00022845316517227672
-0.00011218488768130025
0.00028538279471382024
-0.00021713127895078526
-0.0002635880961997346
-0.00016736006730691785
0.00018195153238511578
-0.00026254030328472477
0.0002675657327109048
3.537224096008125e-05
-0.00017001292230130451
0.00015872613729216406
-9.953993692171423e-05
-2.031919862147775e-05
0.0002848970948099905
0.00014044602910968793
-6.725252122462551e-05
-1.1145786958215663e-05
-7.356165023544639e-05
9.46062725704841e-05
-0.000258188389117193
-0.00029858560301678074
1.5998998466132126e-05
9.041073687050919e-05
0.0001252061373257579
-2.7691565202038644e-05
3.5970688013744687e-07
0.00019933661266620617
-0.00018984012840252793
0.00018336623637817953
-0.00015029338312664133
0.00013460325202812565
0.0001431101157104188
0.00017391291169637028
3.749747751811858e-05
-0.00011890569532032756
-0.00011072737362436327
-0.00018464031842359911
0.00011736745344409488
4.88090704133914e-05
-0.0002160997923147695
-0.00029795727938815357
-0.00017710476284779782
0.00018485867347231132
-0.00020759209973808112
8.599136431320455e-05
0.00024911334171579083
-0.00014387311993204225
-0.00021569949043266206
0.00017554290293309905
1.5141212177936499e-05
0.00020687263105041888
0.00025905197070680725
-0.0001468367776553453
-9.81813602774637e-05
-0.0001081326246408797
7.698126438581494e-05
0.00020280773385302414
0.00013887993231583766
-0.0002703975101869675
0.00015016352168985297
-0.00020375272324529067
-0.00017871772143822156
-6.398189872695273e-07
-9.111892287477587e-05
0.00018754448825605938
0.00010773474719243537
0.00018678931314117724
0.00021402658111002861
0.0001646616879149859
0.00018214004187551658
7.895824969310252e-05
-7.034466465350003e-05
-0.00012149278663694773
0.00028931464146068577
5.702868157526306e-05
0.0002393413523093853
0.0002762208212048584
0.0001624849726672058
2.496220963098375e-05
0.00012028760979279803
2.5707270388539117e-05
0.000218829409390374
-2.0745142434739098e-05
8.365490586644203e-06
-0.00029470460719035167
-0.00023950298512081012
0.00025895537360212244
-0.00026614295023055063
0.0001806428210245443
0.00024230066665236562
-0.00015261263645149995
-0.00011558953074143025
0.00011614538690716468
-9.31470879299183e-05
-5.180179605561647e-05
-0.0002579517566855571
-0.00022495590459815847
0.000266857862044383
-5.3373955883733826e-05
0.0002754200109052329
0.00023724110179596615
-0.00028122549940340575
-1.580966993086451e-05
-9.08831381752483e-05
0.0001081477928604302
0.00011227430933835342
-0.0002809874072117437
5.913465399091846e-05
9.6643498556527e-05
-6.81075479774357e-05
-4.7768787909202245e-05
3.64222677350913e-05
0.0002128637397566542
0.0002337810553350946
-0.00014459232453901938
0.00026933156546726187
4.59871487928816e-05
0.00020349338282038342
5.450773483987333e-05
-0.00013781592823957942
0.0001837909142701249
-6.388408149925193e-05
-0.00014475375239151721
-6.800997682980748e-05
2.2093544719243555e-05
-0.0001958895380389287
-0.00015974583287069728
0.00021981617268314698
-0.0002635662905551595
-0.00016237044664380422
-0.00029792845363016483
0.0002615072956783857
-0.0001314951251709925
0.00013901778858853238
-5.789261158713557e-05
2.8122417968367652e-05
4.2536800323716994e-05
0.00011598563786769685
-0.0001800640509268597
-0.00011553309297873066
-3.95242494931362e-05
-0.0002389296491220411
-2.4986101900227413e-05
0.00023200677455623636
-0.00014804649810308415
1.7399198463479782e-05
-0.00018898001789202428
0.00022113435450329396
-3.465986454802739e-07
-0.0001586346405923238
-0.00018003650551026243
9.0356324005983e-05
-0.0002608375814661691
-0.00015648843033888105
0.00010827390938939
-0.0002081871528079804
9.650228678417848e-05
3.22597167971173e-05
0.0002332904532796795
0.00010765791611107772
0.00019728377031039715
0.0001728129758034986
0.00028634200691523925
0.00025123760599112677
-1.461261630031379e-05
-0.00021377252374175752
-0.00011874496996319516
-9.917813011697571e-05
-0.00026217364139219574
0.0002433956809373289
0.0001401987805399209
2.9563420292043872e-05
-0.00027882248264475426
0.0002068887388744118
-7.423534115714818e-05
-0.00017100363505569686
-4.469856928930214e-05
0.0001833941159821035
2.1602834961739954e-05
-0.00018706578241902658
0.0002417039528073474
1.9291652937214552e-05
-0.00029920483392067054
-0.000279962240980108
-0.0002193254576696261
0.0001943605062027
-0.0002157051323191269
-5.523010222835027e-05
0.0002478931648585453
0.00017157586671848733
9.48806014057172e-05
0.0002554269513256093
-8.847641425427282e-05
3.7924973564097556e-05
0.00026350671843241045
4.740892574664051e-05
2.056024081037352e-05
0.00010423470920646046
5.3608427671893904e-05
-9.536443596286652e-05
-1.4737390767889256e-05
-0.00013510893306128944
0.00028177381711445105
-0.00013752152444694097
-0.0001743455208301131
0.0002878566894543877
-0.0002798470670719481
0.00016310427864389866
-0.0002536256417746181
-0.00022613142631857484
-0.00029732614062612147
-0.0001994877560930009
0.00021608016963396926
-1.9876534357813204e-05
-8.914368662131153e-06
-5.769834777587311e-05
-0.00024009954063656982
0.0001571943563838226
-0.00020339599083322318
-4.902025117997416e-05
-0.00021437204580197425
0.00014852903667767923
0.00018235646262248183
0.00022351592532485496
7.720437175169669e-05
-0.0001227727863642308
-8.044061934660166e-05
0.00015478991621379278
-0.0002887230832636182
-0.0002465015031028426
-0.00022599059412860118
0.00022417505665491602
-0.00011568275617989063
1.5960821274483834e-05
-0.00010116871515683512
5.9814834256169836e-05
0.00015736015830972064
-4.844131348649293e-06
0.0002404201039102602
0.00011110450496529473
-0.0002931366256161286
4.541655088438336e-05
-0.0001527272149083156
-0.00011974879655954684
3.37904985122417e-05
2.0172139144328976e-05
0.0002352070661646132
-0.00022245252818797843
-0.0002716655799914347
-8.072786861912777e-05
1.706221568912442e-05
-6.969035878232941e-05
0.00022253281228020127
0.0001408220848688838
0.0002651496714941648
0.00024288131904717645
0.000233140452386783
0.0002681055651131174
-0.00011182345006843726
-1.2907329351318994e-05
0.00020910980391083148
0.0002676318442914587
0.00029843382315756036
2.2448564112919137e-06
0.00016927625462941016
0.0002706083462835494
-0.00019412913061834
0.00021834181448652856
0.00018521516997727831
8.36797586547868e-05
0.00025759241229360996
-9.618622220164191e-05
-0.00018201081030029399
-9.029844022615097e-05
0.00016591611114424523
0.00026797402750868834
3.5468880372389606e-05
-0.00016298773195422031
-0.00015207660377329168
-9.662678815714466e-05
