0.0002758220841822139
-0.000290526316665178
-0.00012130087854431151
-1.4692383510857309e-05
4.300477620500562e-05
0.0002936127958639324
-0.00022846662561659876
0.00022322435449984712
-0.0002603647049745655
0.00021391112145996432
-0.00021437114411428267
-6.343547657460268e-05
4.0008324206445775e-05
0.00017725620151564763
-8.445525815256117e-05
0.00022418223950222243
-0.0002887491014860247
0.00016351642366827727
5.720971928293721e-05
0.0002895542545386651
0.0001937511405455769
4.7622751786678794e-05
0.0002968195819249959
6.901618941176869e-05
0.00025195502331506954
0.00023889361197344507
-0.00027604124707451773
0.00017852394075838361
0.00010257643987716448
0.00012050525459641071
0.0002456993543516201
-0.00023196601828481098
0.0001735423939245165
-0.0001602087222161937
0.00010064100856057781
-0.00011469444837363866
0.00013844052005374414
0.00019884330394814165
-0.000262917693785371
-0.00027620234618356697
0.00020247368867542392
-0.00015809778339145379
0.00018385582481173814
-0.00021353891605826162
0.00020324811041083586
-0.00029910469274159956
-6.995875943617634e-05
-7.673808567209401e-05
-0.00018989393101923884
0.0001759980949650984
-0.0002456025914498527
0.00026460756384159026
-0.00010912644112660638
-0.0001904132649882136
-0.0001544476575226209
0.0002324878411528849
9.523116706582622e-05
-8.488463780204571e-05
0.00020173447550891904
-5.5755647569604274e-05
-0.00020126572167391746
-0.00027719167359011265
0.00010535441884005177
0.0002853554803924615
0.00010212227492532774
-0.0001316196102729988
-0.0002832701503228343
5.956314511708393e-06
-0.00028306100482962333
0.0001901323925641559
0.00026532413774773075
0.0002857167889639952
-0.00016287216913259524
-0.0002167545832305826
0.00020150872328395306
-3.938893149919604e-05
0.0001685522530862705
1.6087697029708444e-05
0.000292321873157514
-0.00010714105610401783
0.0001925010266091575
-0.00023942797207059292
5.516950052019651e-05
3.1205584685484893e-05
0.0002907760470446357
-8.674959559593906e-05
-8.771950647286776e-06
-0.00013104192204849597
0.00024622954335452445
-0.00029264491653801963
0.00016196704700554768
0.0002612050985590086
0.00016853289719095742
-0.00016716177781710156
0.00022354141580390195
-0.000261150902474372
0.0001627431354487056
-0.00027533057451019
5.525054696881948e-05
-0.00010089171915686555
0.00023930241656523803
-7.052831371698114e-06
0.00028151905606649583
6.625473712187273e-05
-5.6035854765283064e-05
-0.00026541618586975604
0.00021238389760950004
0.00027702327891185736
0.00025333859466017736
-0.00026468737735172506
-0.00018327511128230745
-0.0002835064476266645
-0.0001891439744380641
-7.15635917810237e-05
0.00017988657779989818
-8.069306754070635e-05
0.0002956579656513988
-0.00024382437683749094
-1.5906764604775917e-05
0.0002221097815618426
-0.00020066253682403585
0.00015598493586624053
0.0002654970495819691
0.0001315505488013007
0.0001242397759068067
-8.326672858193477e-05
-0.0002197297740178836
0.00021971269025123226
-6.710442246206895e-05
0.00029462910191066673
-0.00021786159828975825
-0.0001378526769309611
0.00014986896990991003
-0.00028767207016278833
0.00026163496552148124
1.1648278858644354e-05
-0.0002895375130856768
-0.00017641091323293348
-5.432446233435734e-05
0.0001481903440059789
-3.0518684053512126e-05
-0.0001244218776544649
-0.0002596319987519354
0.00023910633306300908
-2.5879317084428403e-05
0.0001696340167403606
0.00012205074970876248
0.00015969282789016508
-0.00020208633410322623
-0.00028858655047905965
2.701928686414521e-05
-0.0002805662447934161
0.00015956894780976499
-0.000290169227058424
-0.00012397181045756026
0.00022391299342769958
0.00023253428750025083
-8.992360948680873e-05
0.0002496132538740337
3.9440906820692445e-05
0.00021239386349843759
0.00016220383973193387
-0.00028029178232437385
7.591305228362349e-05
0.00023586184241539582
0.0002118158781041711
0.0001120018722470254
-0.00026896654665559003
0.00018974071822397046
-0.0001901170921905428
6.827829299622267e-05
-8.312825965098292e-05
-6.113074414085392e-05
-0.00023340214019476705
0.00024101848418203714
8.498740761062474e-06
-7.866886595694252e-05
-0.0001957517785989585
-0.00016956453972992642
-0.00026126628232653456
9.889313025481216e-05
9.772199456679317e-05
-0.00014448313528513037
-8.89641379754939e-05
-0.00014695772001333153
-0.00017234734914981222
-0.00013853327542254844
0.00017444853638296984
0.0001614381260535048
-0.00011165928449974671
2.5562281670599412e-05
-0.00021184125530835843
-0.00022167654151167022
-0.00015651581852338782
0.00015554890339149473
7.203702642773451e-06
8.458870759288546e-06
-0.00017127523913860419
-0.0002891336063314351
0.00010728599638007511
0.00011839703070008197
-6.1678755196062e-05
0.00028696998243360683
0.00023302392521490904
2.8667245258664088e-05
0.0002179627363608862
-0.0002586708457142571
0.00011765022781386913
-3.4901320463537214e-05
-9.81513044454734e-05
7.646614570378695e-05
-0.00023734343441709666
0.0002736071115852368
0.00023957442466762989
-2.8938400647952694e-05
0.0002501560649042398
-0.00012798343793524557
0.00013578066526771728
0.0002334782936262723
-0.00024716025404784316
0.00015094952893671528
-0.000269801276114135
-0.0001537996241808457
-0.00016165803084266278
-0.00013479638279319345
-0.0002909961821365189
0.00022217573075717793
0.00021335874960324962
0.00011137444709066415
9.847060970179212e-07
0.00029196240943917575
-0.00011002741516355824
0.0002235891639015192
-7.37645092066797e-05
-0.00026435089708980804
-0.00029173505810901705
-0.00010715161233995719
0.00014170084454861114
0.00010517588253833684
-0.00023591107143654407
-0.0002650790629057148
-7.6753314955864e-05
-0.00015093387002674662
5.256779187532757e-05
-0.000228720958779886
8.989345034286832e-06
-0.00026453370850582504
-7.020629604440881e-05
-0.00012091379346351996
-0.00011541471456795384
0.0001277329815127358
-0.00022651362733290027
-7.102545674785086e-05
-2.273621144140153e-05
-0.00016316919777785934
0.00013900424161480772
-5.4516432524606034e-05
-1.8442755647209e-05
0.00028318426780225386
0.0001717999183209284
0.0002845261282766887
7.404103690994987e-05
7.88516695328029e-05
6.322082603707355e-05
-0.0002211949127884153
-0.0001749921807848726
-0.00020778158254879803
0.00029996833937555827
0.0002031272725008054
0.0002552619631723618
3.967181241547763e-05
0.00023795446631998742
0.00021122951586716746
0.0002215525522232396
0.00015334461631440096
9.263024212069438e-06
1.3539310387334453e-05
-0.0002467252202915218
3.064238155719507e-05
9.675718859472273e-05
0.0001250413530640151
7.316504983385675e-05
0.00021878261912347633
-0.00028253181310866675
0.00013536924275815265
7.645295136905755e-05
8.684090278348667e-05
4.2157598832575944e-05
-0.0002599617082063829
-3.482379832028321e-05
9.490691538131151e-05
1.495172913345801e-05
0.0002156677233816165
0.0002742424471814452
-0.0002288662980017049
0.00023080054580790302
0.0002646995643404121
-0.00024513479835477664
3.081407817332431e-05
0.0002292629699798422
0.0001832478333949391
-0.0002450187820446739
9.999850445401498e-05
0.00014134686327496793
-0.000284360126861243
-3.376581332372288e-05
6.633185496027991e-05
-0.00023312955498733408
9.247637094653973e-05
-0.00022208042930564376
-0.00017485972644874645
-2.5279912189822497e-05
6.875662964096274e-05
0.00018448462732644194
0.0002144258132962652
9.995257261161296e-05
-2.606467836071451e-05
-0.00017804851738939574
0.00026162841135408634
-0.00012865630657902388
-0.00018717058115955403
3.6863474584181296e-05
-0.00014827233024188022
-1.1026831962652876e-05
-0.00026184642711189196
-0.0002735230323602449
0.0001963007176030243
-0.0002360538164014233
0.0002791724469971087
-0.00022986051914273151
-0.00013754699267340488
5.5406307057368767e-05
0.0002652653741471198
0.00013911096949508492
-1.145957929869876e-05
0.00022457412571648205
0.00017277566062802788
-0.0001317297671911854
9.642963707036709e-05
8.18171892378058e-05
-0.00020192112914798184
0.0001018024101149695
0.00014727593989643611
-0.00021393731041680105
0.0002075603413818384
-0.00019371949116005086
0.00014324478704398093
-0.00015905037295466787
-0.00024242675248279004
-0.000294341092532792
7.11239445937947e-05
0.0002526633338175831
-8.877453097618673e-05
0.00017974292540484335
2.7247692071809195e-05
-0.00015679692637585136
-4.658687930738026e-05
4.6446625999078484e-05
-0.00020372384736869008
-0.00027850446460324683
-0.00029406567268454585
-0.0002610208878310426
-0.0002236751077982496
-4.784022120806733e-05
1.5260524730157992e-05
-0.00016698922240145948
-1.1471232868705207e-06
-0.0002448866454025628
6.264757539219384e-05
3.514755093986444e-05
-0.00012315320763551222
-0.0002553772619268369
-0.00016209541389893613
0.00015430692602918248
0.00019557945677374842
-3.161384772743973e-05
-0.00013225084827472733
-0.0001416070925066676
0.0002573034714731728
-0.00028228163693260145
-0.00026563676271349704
0.00029542976907699327
-0.0002187491648338716
-0.0001628970023733576
-8.664694166040274e-05
-5.083832023867801e-05
8.185262750384548e-05
-0.00014916836415070339
5.290775501226385e-05
-8.79479782147399e-06
9.696861861912317e-05
0.00012758078645723334
-0.0002424077726737718
0.00026237451817056684
7.400716623271716e-05
-7.199106834772487e-05
-0.00015144195024291651
0.00018292336880495477
-7.370613266439671e-06
2.3512752205009653e-05
-0.00016767880738090523
0.00012932982572557333
0.00027663744486062196
-0.00012406823032800183
-0.00021939023707599824
-2.8895293436279914e-05
-5.7997079626900594e-05
-1.4744504943143525e-05
-0.00013105389439284294
-9.224752692845047e-05
-0.0002848996462026115
-4.700177730809996e-05
0.00019186667744661476
7.391353483831545e-06
0.00029633256040343493
0.00019282539757352058
-0.0001499211096765721
-0.00025979309419401313
-0.00017816194447575583
0.00013845944380703941
-0.00021220727643837676
0.00028734204117964796
0.00011053749022959299
-0.00019482142240430232
-8.413588700517145e-05
-0.00012374757210244347
6.857486985540305e-05
-0.00011174830275523348
0.00022059972278273664
-0.0001299353852585666
-0.00010358024606333156
0.00021518368739965025
0.00010778529856662558
-7.911813310073083e-05
-0.0002925031321936288
0.0001716422446661941
-3.0204272197065598e-05
0.00015857371966458667
-0.0001776254727433507
-0.00015923201705057128
-9.052264628873542e-05
4.746886590299492e-05
-2.523375529588388e-05
0.00018076023097819585
-0.00022632087537333812
8.322096634425137e-05
0.0001727235619671371
0.00028514217064712176
-9.116528705150413e-05
2.1527684404242832e-05
-2.9085532720946495e-05
-0.00011125091603921694
-0.0002648039501643917
-0.0001822773628773667
-0.00022101475485357083
-7.92598815283497e-05
6.651672373858937e-05
-0.00021218780246232523
-0.00013005546130046916
2.0302868108898605e-05
0.0001213383989883425
-3.447079370205692e-05
-0.00016100227508649017
-0.00010530794597215685
-0.00024120814020446867
0.00016905471628831558
-0.00025623993145384153
-0.0001870199223820367
-0.00011910507693409025
-9.216467447400079e-05
0.00026980133768539117
9.071171100659891e-05
0.00012780334096888242
0.0002716131791303575
-0.00011171084844803131
-5.902159546737108e-06
8.886768420025669e-05
-0.00012650122983057615
-0.0001676950441161694
-3.014869532558175e-06
0.00020694715657151305
0.000293449597661039
0.0001232633912305417
-0.00028414540901608676
-0.00018417529068770556
-0.0002236810830280425
2.403893949182493e-05
-0.0002958698522256418
-0.00013017231107687258
-0.0002522947830884282
-0.0002817594776766578
0.0002115307598366571
0.0001744653040741559
-5.50759624387773e-05
8.326857083211574e-05
-0.000255573083484603
-0.00019847596319431824
-0.00016241641954809125
-7.275466275665749e-05
0.00013670901933684305
0.00013198680812261376
6.023287584409621e-05
5.053916265199571e-05
0.00018034235626575008
0.0001561637687951867
-0.00010156340742253399
0.000218284275825101
7.584026551650487e-05
0.0002631504067999478
1.480190250776188e-05
4.528160445948652e-05
0.00023859078616200426
0.0001964143896479651
-0.00011603058535525527
0.00014085310510780763
0.0002044099023008978
0.00017150668480488699
-0.00019707197161116012
0.00022129336066129267
4.049188478798667e-05
-0.00028621492804836116
-0.00018562567090286608
9.861983664317557e-05
-0.000126556153406968
-0.00024949442583415733
0.00017908345970698436
0.0002101213695904595
-0.0002121649095173046
-0.00013892470704484803
0.0001700175273521677
0.00023379244587983845
-0.0002930118671152811
0.0002150102277436832
-8.595298445303616e-05
-0.00025613325920485384
1.5827157147389986e-05
3.3084427291336167e-06
0.000164898461508728
-0.00016857778191084312
-0.00013496834930972924
8.686770313837448e-05
-0.00023799471190285123
0.00012703228614122412
-8.924815250216611e-05
0.0001385419703910922
9.978352369735923e-05
0.00021408062977450144
0.00012463852085562149
-0.00014061965442729597
-0.00011952422045494375
0.00013001089429411924
-0.0001083093692623991
-0.0001552093053809143
-6.188507198448879e-05
0.00026707712443705924
0.00026999157370760754
-0.00020182763479052165
0.00014653992416393884
0.00024162224520002986
7.12129472013747e-06
0.000267942123422863
-0.0002188086517894773
-0.0002368711982922946
6.576839448353271e-05
-0.00019797995994482525
6.042662195611956e-05
0.00011329117788746979
-0.00021776466393444064
-0.0001991733827989641
-5.669972964231104e-05
-0.0002772087475908207
0.0001484286398371147
7.687481467203973e-05
-0.00017002480081791126
-8.37370136819817e-05
0.0002643210606921796
-7.133117951826099e-05
-0.00029243916714221107
-0.00019014775828968058
-2.7263091626304606e-05
9.705570463842115e-05
9.874365918682192e-05
-0.0001668300142087493
2.6876720198526364e-05
-0.00019839019049312692
9.453791615912985e-05
0.00011035442283855541
-9.975768284214574e-05
-0.00023994332795965157
0.0002253317959013856
-0.0001026656741859982
0.0001252065324854128
0.00015964898276015697
-6.39538823495631e-05
-0.00011511370679019855
0.00026904828779695
-0.00027909785020045134
-0.00010557240123797729
-0.00025429369409610996
-0.00011835033255922558
0.00024358688202314626
0.00017121262042454926
-0.00010644748649890693
-0.00012881477827140467
2.875586932194797e-05
-0.0001740316009188463
-0.00013211493062717777
-0.00013458936972627182
0.00020306020875143657
-2.0310610914333878e-05
-0.00012961240860510115
-0.00011792509915243003
-0.00019509179234396355
4.748366883279781e-05
-6.607097445349782e-05
-4.2908030070861196e-05
-6.823726692587639e-05
-0.00011998841967736655
-5.3302730114207074e-05
8.097585409418823e-05
-0.00024604288864804775
2.5446384367687513e-05
-0.00025703453666678475
-0.0002853306412067631
-1.345129411597397e-05
0.00019814926966540855
-0.00019402725304339027
-4.2281253998960344e-05
6.864013898180059e-05
-6.789718058190246e-05
-0.00018156165654002813
0.00017486832108179077
-0.00018389125617270937
0.00021305597377228256
-0.00026626485770953566
-5.649440986626607e-05
0.00016130667696973657
-0.00022301062872563275
6.0254569953237095e-05
0.0001105111923517394
-4.662345386377689e-05
6.949616865210774e-05
-0.0001932332919765605
-0.00020042103879971634
-2.015922142416948e-05
7.828563692590556e-05
-0.00025013346086705734
0.00012138698014917815
-1.755801806208046e-05
-1.4568376485563225e-05
4.830659817458123e-05
0.0002555549658154911
0.0002441803877589721
4.748842024452797e-05
1.5785848923435927e-05
0.00010129956978853125
0.00029787829796014913
-1.9647554838061532e-05
-0.00022816846710128354
-0.0001837516911892693
0.00016902827740606215
-0.0001354698954001369
-0.00011255248370561156
-0.00018940649658284427
-0.00013892923765260613
0.0001980387477369735
6.4894541252585956e-06
9.731723271644711e-05
0.00021206506180823447
0.00022108949859238168
-0.0001307101405455789
0.00027552735514942275
-0.00022914386278695387
-7.323689918231957e-05
0.000152141740592918
-7.67596892791309e-05
-0.0002937083463632669
-0.00015887499084062378
0.00028154470382668763
-0.00028765286394451934
7.471498216507413e-05
0.00017965862252132292
-1.4993648630189148e-05
-0.0002483938635677854
0.00016135730276283726
5.247954804162095e-05
-0.00019612040259876963
-0.0001453305502256554
-7.912931068161663e-05
0.0002723777942420282
0.00025349369423807033
4.982537175944829e-05
-7.957216939449128e-05
-0.0002994226242265979
-0.00024112827516371347
0.0001492851550220048
3.79110796721768e-05
0.0002797400269705062
-0.0002754410458567864
-0.00025136367375757854
5.961603656225829e-06
0.00010651319337648304
-0.0002135279179658918
0.00017372983713458937
-0.00022701291582426567
-0.0001125547630891808
4.668844128443507e-05
-0.0002568188353435416
0.0002391025841250234
0.0001326508665388814
-5.996172576244933e-05
-2.5020389731824505e-05
-0.00013391802326428084
2.0071231580343313e-06
-2.3677068933567564e-07
0.00010423320037854933
0.00020424734032659038
-1.8316855242852224e-06
0.00012439367807007344
3.6790411787510915e-05
0.00025609503609735175
-0.00017102782951130616
0.00017035276457089815
-0.0001534774916321471
0.00019651906113793074
-0.00012836729704505237
0.0002203047043461888
-0.00024097740947991484
1.555542105166651e-05
-9.446669430508838e-05
0.00027384062690317745
-0.00021741607349054764
-5.492243685694271e-05
0.00019570672693967726
0.0002183325280058481
-0.00021449517812488915
-0.0002934746270372454
0.00016629079979531795
-4.693584797977392e-05
5.815069944691719e-05
8.531364328392803e-06
8.054228588773288e-05
-0.000143046934629585
-0.00027348047874012593
-0.00029896082601113446
-0.00013014868812707674
-0.0001952746699872026
0.00016248786389882585
-0.0002998703067774712
-0.00023930569355083613
0.00016132819982666202
-4.797318456938965e-05
0.0001326504361206034
2.3407484784020085e-05
0.0002062220849550664
7.001635300857696e-05
0.00024312139554527303
0.00024162511362570632
8.250009103901557e-05
3.929876695445009e-05
-0.00022870596851473694
-4.730538083923909e-05
0.0002551842522178096
0.00013246975288239794
-0.0002724462481087055
-0.0002621282864344011
3.3467661299677856e-05
0.00017694913581687573
0.00013260723237229662
0.00017836598771786018
1.8635293428048163e-05
2.6711178930516734e-05
0.00023532702520959566
-0.00014848783112473342
-6.436779954827095e-05
0.00020513244772524172
-0.0001101655098466549
2.0226683610730827e-05
-0.00016318827946364416
8.176202728666661e-05
0.0001759090419740466
0.00010506950119969476
-0.00022441984636310396
9.702885479731532e-05
-4.678758260990559e-05
0.0002354392899681505
-6.308879356179065e-05
-0.0001623546704861496
-0.00026783810447271364
0.0001772420500217162
8.314134933354908e-05
7.064717696391224e-05
0.0001486946380212971
-0.00016724032042630632
0.00023462605665055023
0.00014286012735485802
0.00024833485394566923
-0.0002688239976371833
0.00014148822037842162
0.00017869147421221022
0.00011456324279705523
0.0002364747120424992
0.00013932515313906695
-0.00020100157284676766
0.0001606636890184964
7.882075273664613e-05
0.0002885830729014201
0.00020053950077895374
-0.00021816088631749125
2.2770075331226853e-05
-0.00011401701748659803
-0.0001571015138232609
0.0002318588787895975
-0.0001937618763726114
-0.00011352763020029149
-0.0001250011582489606
3.852691871799804e-05
-0.00010874931010021384
-0.00010037653211404266
0.0001480340172717659
8.242677282847437e-05
-0.00022879322975846304
0.00010551817030906126
-3.7383259980800605e-05
-6.461150685858777e-05
-0.00022759096187724315
0.00021268483849879127
-5.4628404263823514e-05
-0.00011768181951530017
0.0002671042700685844
0.00011812535036742681
-0.00015830493465184296
0.00018204027991725215
-0.00014798060366513215
6.726871222910468e-06
9.310104358631929e-05
0.0002961093647894716
2.4679949539937074e-05
-2.5467602000331466e-05
-3.7065272117402692e-06
-2.5544631988796865e-06
0.00013723743913038604
0.00018501237760924956
-0.0002829637390224792
-3.8082461877597304e-05
-0.00019748824555612278
-9.727955622669196e-05
0.000132703735919572
-3.3626555387800995e-05
4.416626068767614e-05
0.00025484976334250994
5.3445299349052545e-05
0.00020361615983659085
0.00016723434429077167
-5.767979177250733e-05
3.497987617769152e-05
0.0002694767790366772
-0.00012376742569571755
-0.00019778501168539865
1.8237449922352137e-05
-0.0002810809942318137
0.0001402260763132957
5.9982538444062e-05
0.00016756637495023862
0.00014592554417233586
-0.0001669700368288915
0.0002452893220049156
-3.9848053463528135e-05
7.126148078752647e-05
-0.00024415603582529595
0.0002773487833151609
5.797641980812918e-05
-0.00025007203179402255
0.00012261058730736154
0.00020077793166446738
0.00012931412159536448
-0.00017564110480052176
-0.00023330329305147038
5.4503664572981786e-05
-0.00015184303317064004
-0.00011275605981336025
0.000295213322447476
-0.0002705551165639257
5.4459472089795236e-05
-0.000273276476183796
-0.00020247947395758304
7.847469701412186e-05
-2.289158660248288e-06
-0.00025364218398121264
0.00013194406016762663
0.00011255050881863279
-0.00025582280150026487
0.00021384701019361876
-0.00028969830063300137
0.00011148022715543575
-0.00015569306903714743
-7.082773035801509e-05
-0.00020080132624841407
-0.00014548216188364318
0.000259718838806139
9.181033265145104e-05
-0.0001097648945042039
5.295388269652677e-05
-0.00028453341683459793
-0.00022265202980983114
0.00027526500408247705
-7.688110837090784e-05
-1.7657497192538087e-05
5.216831114802819e-05
-6.016960570143123e-05
-7.535337660163419e-05
0.00023834881783841238
0.00025061558136879814
-0.00011416716340559738
-0.0002200738063496722
-8.622137155220197e-05
0.00022864400149120605
-4.439104092919874e-05
-0.0002633254070314485
0.00015650869738720693
0.00016282739188618918
0.0001603157227177
-0.00016631993316696469
-0.00024300019974170256
6.212564318071692e-05
0.00015954573381460108
-8.687159441503214e-05
-0.0002399730238316594
0.00021682145047312431
-0.00011515436739544752
0.0001580450526212081
7.982862048925855e-05
-0.00028892016043426984
-0.00019801482643383062
0.00019384466692844914
0.0001301481567414428
4.75976938571244e-05
-0.00020344829856793953
-0.00010217712761340916
-6.5571519427141e-05
-4.6897871582288555e-05
4.718986539118617e-05
5.0802917235445494e-05
7.763372504864983e-05
-0.0002923654703419567
-0.00017906732421904716
-0.00025168872529588603
-0.0001971629293638378
0.00023126415238289045
-0.00017734265809009905
-0.00013777975448258688
-0.00013882450332855967
0.0002190692400748032
7.69857529830031e-06
-0.00012737360820819145
-0.00026618815676040733
5.7986670066783685e-05
-0.00020405240761953625
0.00018440514330343803
0.0001476059413220344
0.00029821986371859384
-6.882756855395165e-05
-0.00012985959438344667
0.0002833180894498229
0.00016352753159526868
0.00015406637487814617
-0.0002161492895135375
-9.183524183061471e-05
9.036419514332202e-05
-3.1836273289996087e-05
0.00022132974539075572
-0.00010440239308893423
-6.200076805733468e-05
-0.00020036191484645058
0.00017046114450390033
0.00023145474813443333
-0.00015670369745316936
-2.8235074830055716e-05
0.00022975881778111137
-9.993589862868175e-05
-1.4986413450679328e-05
0.00012548468638787767
-6.085527901045172e-05
0.0002915959483295743
3.518255251001005e-05
7.686402630995996e-05
0.00022725012630079087
-0.00016947696644651936
0.00018500138641294495
-0.00017364902856534234
-0.0001167800979975829
-4.497585908012729e-05
0.00016477606666175673
-0.00020271219399253408
-0.0001951529275520975
-0.00019302792347352987
0.00023238418436139781
0.00020300823946415545
0.00018123930942915903
0.00026492939126016366
