0.00010874820382111416
0.0002230092317693074
0.00016539210503400178
0.00017118219309561212
-0.0001679610572544743
0.00012652725680094832
1.3329237641793526e-05
-5.246494593849952e-05
-0.00022872059372475926
-0.00022457794733770763
-0.0001719372430705423
0.00029921061203551136
8.999273169100076e-05
-0.0001330844838817826
-0.00020627690308423855
-7.233232224586908e-05
-0.00016637599486646695
-0.00021159953482952158
-0.00022777378681618145
-4.893165935823142e-05
9.618567321834776e-05
0.0001637683748035472
0.00014754260425268447
-9.89834637288868e-05
0.0001445087918307074
-0.0002989232614445291
0.00010658168326590925
-0.00020761499968676063
-0.00024378425059595537
0.00022301094467032774
-7.74362003997612e-06
9.957866514521485e-06
9.774576252285095e-05
0.00029782315658593395
0.0001854268370407647
3.677450919167813e-05
5.752538120276749e-05
-0.00027290589002209253
6.626473558518035e-05
-1.7847896943910346e-05
0.0002877357281200386
6.582533345822169e-05
-4.527024689110498e-05
-6.97592983142081e-05
-8.499226547858008e-05
-0.00017335641980730757
2.3616370488255267e-05
-2.1979015101233836e-05
0.00011487455431040102
0.00021625034023594198
-0.00015784389828004696
0.00013654950376756973
5.450495567366209e-05
-0.00028538924725071506
-0.0002589913183982919
0.00020962428094238827
0.00016684675468999925
-0.00014323125447893506
-0.00017488711490892692
-0.0001337520109010572
-0.0001504993305370847
4.239178089741793e-05
0.0002892391730323735
-0.00022513370146005728
-9.044286352173975e-05
0.00013980576065520143
0.0001705224259610796
4.1696293412021e-05
-0.00026054108875267934
-0.00015738199404275222
7.234857269203509e-05
-0.0002241646014473129
-0.0002101172927355719
-0.00012590917495861203
7.218126937704616e-05
0.0001691139462043391
0.00024066525608705107
0.00012681320545985202
-0.00010908155339085053
5.3875489353636546e-05
0.00016739682613580836
-0.0002040702741383976
-0.00013149142289871953
0.00024199810626085975
-0.00028676767439528235
7.907454895017042e-05
6.673736594050845e-05
-0.00011061301674790709
-2.1499494779185903e-05
-5.8920282680658054e-05
2.4845848485792596e-05
-5.3234461763131135e-05
0.00019352094469094334
-0.00020187131314852212
9.296739474781045e-05
-9.266611380301777e-05
-0.00014006237977714323
1.183704413013542e-05
-0.0002988404350540215
3.2212153437904956e-05
0.00017285903537555376
0.00023371147610814293
0.000237970453962138
-0.00023377851513955257
-0.00010864349933196462
-0.00028225277051459276
0.00023971849295059856
-0.0002330361125541717
-0.00022242512128894866
-0.00010608545717766699
-0.00016844228921688502
-0.00022630172716641233
-0.00019533872552052975
-0.00011172740548913871
8.347799245003051e-05
0.00026625917485324405
-0.000296625182477387
-0.0002676879280109165
0.00023417046450587286
5.953341138380643e-05
0.00010102568996668142
0.00011069948249574027
-0.00014783335033400724
5.0497102746806385e-05
-0.00011479682528332585
0.00029904233292380513
0.00016016153221872512
0.0002489395346796254
-0.0002602979976791373
-0.00011967903148463017
-0.00012495855099043534
0.00010242495050537102
-0.00020659064610361894
7.68751120409373e-05
0.00014234132857734977
0.00023797505203598752
0.00016575830619146336
0.0002987661561028666
-5.611313578958102e-05
0.00024636652818103936
-0.00010821521451726584
-0.0002547002283151191
-0.00016126566857610426
4.891719655206948e-05
0.0001028864316479606
0.00015543521794424272
0.0002982259215685423
1.9965467857514872e-05
7.849827229538652e-06
-0.0002565843051172182
0.000299854475034087
0.00017578703954327567
-0.0001302395518702831
-0.00025476047770969177
-0.00029329314624182044
-6.506316817414025e-05
-0.00012629672663800435
0.00026850738203917994
7.542278050135242e-05
-0.0001633316691337795
0.0002289577454267255
-7.337743731940897e-05
-0.00015719835537716866
-1.1093740698374323e-05
-0.00010185709841717435
9.600829769724703e-05
4.708023123973945e-05
0.00020647955959837906
-0.00019547070121144416
-0.0002702412209249686
0.00017393259585011232
-0.00026194209201578164
-0.00024097604186581174
-0.00013930631393734686
-0.00024011576417901342
-0.00013810656208214196
-0.0002250230486692817
8.769502822576628e-05
0.00010326015222089066
0.00023089459236276744
-0.0002161179748113525
-0.00021429753997007214
8.549986214675574e-06
-9.437683155676962e-05
0.00016322207100198286
0.00013598583633492978
-0.0001395964342739457
7.5231818876866094e-06
-0.00021842031701179657
0.00015491515088529145
0.00012694386553051734
3.37811374012362e-05
-0.00015049441017332533
0.0002624212981114082
-8.396283833310981e-05
-0.0002159127156612177
-0.0001766263328591638
1.0039945466093372e-05
-0.00019318269460058402
-0.00011832812569562736
-0.0002406050555025278
-0.00018247420248086157
-0.00010909485611570259
0.0002983972827897842
-0.00012944868357967683
9.278032199414585e-05
0.00011071158554214032
-0.0002985508294164144
-2.1015459231566282e-05
-0.00014992683743766765
-0.0001595272301728066
7.028225311744011e-05
0.00022726393820266623
-3.76920487587172e-05
-2.1180793918638497e-05
9.430984293272069e-05
0.0002626899656553127
-6.770634370560315e-05
-0.0001504724855284587
-0.00014719188530990643
0.000246810784539936
-0.00023351684258265688
-3.705461600834201e-05
-8.295059078132358e-05
-0.000150936065255992
0.00015748564293039047
0.0002679892299384666
-0.0001515251640721585
-0.00023669798380728652
0.00029634448383499917
-0.0002004097336707283
-0.0002288498176689668
0.0001822328287468655
-0.0001989250550049754
0.00021143144996208868
-0.00010471104351259065
0.00029848418010911324
0.00015508838004685494
0.0002324208124961338
1.786590999385381e-05
0.00018336983022470882
-0.0001702283265178411
0.0001391912142021715
0.00012549720635542376
-0.00023565392271509774
-7.77750377104223e-05
0.00023274342396521736
5.865981802853241e-05
-0.00010369006788944876
-0.000137190416176913
0.00018132602685395438
0.0002565341524696984
0.0001682333074060841
-1.8013575665929576e-05
7.576391240303514e-05
0.00029292951070267783
-9.817949030743427e-05
-0.00010431062384630972
-9.178563340940442e-05
-9.070098784412837e-05
-0.00028926322307720384
-6.800037010324921e-05
-0.00010614690875017125
0.0002358620182711393
-0.0002984356778582238
-0.00012848608880787173
-6.849459498813477e-05
-0.0001258734035325851
0.00012384096013708557
-0.00011833695235509865
0.0002877240002663657
-0.00012684325298740784
5.62897084573465e-05
0.00025761857403248017
0.00011750028258894143
-0.00010562586466424245
2.416032243781046e-05
-0.00027962390991471877
-0.00012383527503164162
0.0002796100563258813
-0.00023157546130501687
-2.3187592601145706e-05
-0.0001070790819484404
0.00018610839408826293
-9.831696431268877e-05
7.984746844835229e-05
3.312365800642092e-05
-0.0002752692519680676
6.0848998643717265e-05
-0.00023715865169632089
7.903342734208641e-05
-0.00024285745275478825
-4.144247562525813e-05
0.00024771853108712406
-0.00016774471223093934
-0.00028730352652319737
0.0002849714266354373
1.4985041021179962e-05
-2.6998399497961162e-05
0.00023384442671852557
0.0001760089198052668
-0.00018812027768782858
0.0002749703505593416
0.00015180397007676712
3.622411827693215e-05
-0.00014379518279733584
-0.00027852363359674796
0.00011917001572472771
0.0001820746073987981
-7.13564088566984e-05
0.00019292171209931076
0.0002828488229811819
-0.00019801734128099396
7.445380286889798e-05
0.0002623054067246549
-9.34835688914476e-05
-0.00015657166820067393
-0.000215341436806286
-0.0001517878296858147
0.00027405193034878774
-0.00022051807348672338
0.00014665123537160402
3.144176488128846e-05
3.710659771054818e-05
-0.00022207809673133595
-1.1095524571501337e-05
8.612882392486354e-05
-4.0074386692113845e-05
-4.768909353155903e-05
7.887170521162174e-05
0.00028129259050222046
0.00029463345802223075
0.00016214681515297903
-0.00016271127518745508
-0.00020663243906585995
0.00029263186191202543
0.00028749372526505325
-0.0002452268472645316
-9.726725948483293e-05
0.00011057233236703431
0.00015575146781819833
-0.00012105597462695901
0.00015059568001014927
-4.67411227620329e-05
1.2947520310823963e-05
8.564345416306105e-05
-0.00010094715039365559
-0.0001273208597666281
-5.709068730557588e-05
-0.0002685590961278028
-0.00023197160672034717
-0.00012357503120988188
-0.00015423534633989786
-1.5275319139644648e-05
-0.0001431144617014827
1.041259560997205e-05
-6.694699413739073e-05
-0.0002344496098687348
-5.9202531016888074e-05
-0.00016622775582444073
0.00022989289855625082
2.1628971554934367e-05
-9.822956116212187e-05
-0.0002248062421435783
0.00014709317860611638
0.00012501763547466003
0.0002633966678680601
6.959116080824522e-05
-0.00011087534153559169
-0.00015059045252143385
-9.998875539274485e-05
8.379395742115286e-05
3.9151876999378736e-05
0.00018509603820454304
-0.00018006864286646034
-0.00015089662255463976
-9.649150525389908e-05
-0.00018322297492457822
-0.00024032711975459126
0.00010160013498345944
7.868597475856363e-05
4.1325723487390265e-05
-0.00022087792042227615
-2.3765134628646095e-05
-0.00029672395685061625
0.00017880903742051974
-5.030107408599319e-06
7.866060712429922e-05
0.00016036673527997385
-9.008805741494939e-05
-0.00019331491687945115
1.7059116089424302e-05
7.042567805884935e-05
0.0002678776802409008
4.336643082695715e-05
0.0002441175431272318
2.2826644592340267e-05
-0.00029775535160253395
-0.00027679737039435696
0.00021278775722059648
0.0002932687535214677
0.0001782735023030094
-0.00027445513096554863
-3.7180826598815105e-05
0.00011964037731933985
-3.8112267106289754e-05
-2.6385085519317077e-05
-0.00021673883482738985
0.0002212930214966048
-3.4065903467497545e-05
-7.811328636631967e-05
-0.00024074133582345603
5.9950175162419366e-05
-0.00020411106430159648
0.00012892294687150293
-0.00020499867649804141
0.0002452516472028539
7.891578261825095e-05
0.0002622198449832302
-0.00010086654539403291
0.0001769532190244681
-0.00015848205203965938
-0.00024957886169103843
-0.00018707579687080774
-7.908533717370446e-05
0.000129146708128138
4.977449652434447e-05
-5.4868798138295706e-05
-0.0002173120308901794
-0.0002759187682522821
0.00020567296896593581
0.00012350119954019186
0.00018463199550991825
0.0001978087792655682
3.787616067101843e-05
-0.0002476397122416071
-0.00025754823239527075
-0.0001850038702235705
0.00013435555551807014
5.3561553967099824e-05
9.853052857420935e-05
-9.649554432647795e-05
-0.0002748542490002582
-0.0002155043735071135
-0.0002071922482948043
-8.654897437813174e-05
-8.63001129304041e-05
-1.5816782981390755e-05
-0.00029539505415740594
-5.3447028789231394e-05
0.00024038898594770539
-0.00013119144643380793
-0.00013963011225528633
3.618099250075733e-05
0.0001611777708426803
0.00022251483648757267
0.00014340144061533543
-7.981240087412923e-05
0.0002776857628885119
-0.00017527280963063
-8.469718692216186e-05
9.418659370030556e-05
4.66155121252572e-05
-0.00012770452977747663
0.00015168336794567366
9.999524269665392e-05
-0.00028061113136435765
-0.00028806351279156244
0.00015691390677327724
7.784833854297863e-05
-0.00020143751864884176
-0.0001238306083129454
0.00014583454717268413
-0.0002659486696578427
-5.9338326777606554e-05
-0.0001426914636583994
-1.38547408170918e-06
-0.0002200347423370173
2.0880456111365992e-05
-5.421823124365137e-05
0.00013764789487056683
-7.709271270872408e-05
-4.7029227837773306e-05
-0.0001512144712000979
-0.00010133407912070656
-6.440201270959019e-07
-0.000113231277791718
0.00028294961534034894
0.00017816349194607498
0.0001504798769083515
0.00017779679640808458
0.00027131149524894726
7.090352115752906e-05
0.00011132843543493702
0.00021147516363605585
0.000263016910497117
0.00022832532367760325
5.932615226719306e-05
-0.00010238199346101443
0.000197018070288643
-0.000136654728332695
0.0001465816282230953
-2.7345475297435812e-05
0.00022897454912718904
0.00016564364937995057
-8.869818472209782e-05
0.00015962061685341516
-0.00028625749380422824
-0.0001240132502732203
-9.378816708984866e-05
-7.834817610847229e-05
-0.0002451886051329476
9.063167671443371e-05
2.156206571491857e-06
0.00010156527721416527
-0.00025992749842518835
-6.73404897834014e-05
-0.00025670541674795627
0.0002693471466891729
-0.00022820317970710324
-1.683200434427596e-05
-0.0002357323438912976
-0.00011094589782171318
-8.697932526672582e-06
1.1307942836657819e-05
-0.0002964948584461841
-5.591479510616429e-06
0.00023167493402654243
-0.0002967026124862103
-0.00028479110728224424
7.893734841667638e-05
6.814916843502785e-05
2.62837969553138e-05
-9.050962988015572e-05
3.6211337634086945e-05
-4.4985142011214735e-05
-0.0002588856674370539
1.9081139182376835e-05
0.00021679806274370323
5.3154100354053815e-05
-7.490634070188802e-05
-0.00022225397509735757
0.00016114837349220045
0.00016458366845662674
0.00023496487390047878
9.027965574157987e-05
-0.0001524712497955618
0.0001998370103939322
-5.9493593505910875e-05
-0.00029304272382870957
-8.681371015782505e-05
-1.038406050629198e-05
-9.365055605614012e-05
-0.0001320896805618638
-1.9787128168512213e-05
-0.00015470596566257908
6.622638362151857e-05
6.742290150391463e-06
-0.00014443837349756847
0.00014252554121142893
-0.00017821133319646955
6.15074180352976e-05
0.0001001957913055496
8.322237927533096e-06
-0.00029662041440121223
-6.308575285753298e-05
0.0002656336621019546
-0.00021812516131651587
7.997841390575621e-05
0.00019526795250024187
0.000267244691432007
0.00011933978428648183
-0.0001425631989974538
0.00021565056002044854
-6.8491421498783635e-06
-1.866473458805916e-05
-0.0002433155752258682
0.00010494545557621272
-0.00018518232086129184
-0.00021201724731753012
0.00025992917211405873
0.0002501781128643815
-0.0002108196649672409
0.00013456902438989784
0.00018640565672548053
0.00027459513071406016
3.345207198597963e-05
0.00023060603486041155
0.0002992454672907842
-3.936432458434688e-06
-9.105842977450514e-06
2.9512251878609317e-06
-0.00012949070464019811
0.00021191997602847714
0.00020687471212068378
-4.07083870408155e-05
0.00010150521529094409
-6.280356471471987e-05
0.00026081758433221287
3.67602962072401e-05
0.00023780830362816688
-6.699022684034377e-06
0.00028925435911190776
-0.0002927313333427231
-0.0002906041351938433
-0.00010411624825695315
-0.00013727640574157145
-0.00010010705300184965
0.00015055706593428608
0.00019910936204251077
-0.0001778574108308589
-0.00013642806575979368
-0.00018927644181926395
-0.0001989681723798056
0.00020443716231051255
0.0002448197391713771
0.0002635033185321893
1.5380261273114423e-05
0.00015499198624183526
0.00013231005148624052
0.00014813680635707708
0.00023657967809574335
-0.00014685855033248936
0.00013007657096578124
-6.18845501594089e-05
4.5313981701514084e-05
-5.379574706416659e-05
0.00028206791712993194
0.00014398425156721562
-0.00022450933398382824
-7.866870836061788e-05
6.69504524689973e-05
-0.00024652834516805953
-0.00022438972723530295
-0.00010001938172037381
0.00024267867520373474
-0.00010933733185377803
0.00019248758353161162
-0.00024262255418792679
3.3701976894609715e-05
4.642983703145062e-05
-0.00014205132440883134
0.0002137738706179556
0.00028173853319594754
0.00019277839265656737
-0.00012744631244562588
-0.00019937507220734834
-1.899131573884896e-05
0.00023602799263162775
0.00025375080060466374
-0.0002959200958931783
-0.00016457241847670875
0.0001834686070332456
0.00022894270829901324
-0.0001129169199012604
-0.00015747994918636587
8.593787705744426e-05
-0.00010220049505961138
-0.00026051511802113487
0.00013431444312882618
-0.00025075058314412104
0.00021114286803167545
-0.0002834556919599237
-0.00013296591216843155
-0.00027038629460790557
-5.664324451535273e-05
0.0001265931486577365
5.4639684476871656e-05
0.00028329693154585585
0.00019863766853428765
0.0001805768572148077
0.0002993742713911285
-0.00017220053840182845
0.00015745570694809032
0.00017563620186187613
-0.00022269991048186506
0.0001668042403766479
-2.614023947206871e-05
-0.0002848246760422098
-0.00016211112951960722
0.00011975509275838125
6.89698019609421e-05
-0.00026842100836067513
0.0002655739537521016
-0.00013109162816703486
2.1844901718472923e-05
7.896847391787235e-05
-0.000150665712179297
0.00018994058453330114
0.00014612758282539495
0.00024067497622644877
-0.00014942042133288163
-7.01273026926946e-07
0.0001371723895845695
-1.9548731840975445e-05
0.00013884899180199178
-2.2032411209683934e-05
1.3981062342044545e-05
0.00014836295491990847
-3.669277082535364e-05
-8.05747738683977e-05
0.0001771321074343161
-0.0002023206537232293
0.00012122967073248077
-0.00010713181932154093
8.958442392493305e-05
0.00019353513231453015
-0.0002789666939373211
0.00020554776668806545
-8.08108592564762e-05
0.00018735716615086062
0.00017140281285285666
0.0002491472426928363
8.267671632453268e-05
0.00024340896257491108
0.000274129858204547
-5.9717373447645865e-05
0.00020553647499891512
0.00010395552853949296
0.0002101535201255369
-0.0002058921071952042
-5.93793713170471e-05
-0.00029602880075308053
-0.0002676235187570267
5.676728501525575e-06
5.7643586656610406e-05
0.00013384237289138808
-7.233000353202754e-06
1.8095533457900828e-05
7.597206921661296e-05
-1.014752068185089e-05
-8.583010443414946e-05
0.0002162211812433478
-0.00013615950564768142
3.726239805639626e-05
-2.542796388569095e-06
0.00014338228627090727
3.767348195259898e-05
5.41809257945282e-05
0.00020069146426066276
0.00016092286892513657
-0.00015055718738701595
5.6597350885361755e-05
0.00015485728508242842
0.0001626781476720588
-0.00017830139398256333
8.604331160294478e-05
0.00020396433563850278
-2.0084833209617152e-05
0.00022222739221777445
-9.67477415141912e-06
0.00010029897223188725
-0.00020435091605048504
-3.868279842575526e-05
0.0002560332941112365
-0.00019382297503157123
0.00014695707587668387
2.9299690527946718e-05
0.0002566447160372472
-0.0002760654672381761
-0.00016349279165302566
-0.00026572112262863415
-0.0001125243420575912
-0.00010044421149191598
3.979583892856097e-05
0.00027862915803415013
-7.351980455090298e-05
0.00021393557257785894
0.0002891553250922154
-0.0002747535370678445
-0.00026949562348713044
-0.0002698876541993191
0.00012049476463303095
0.0001912690018303276
-0.00021993835434376492
0.00023427927436084844
-0.00011655182889997408
0.00020391455233160664
-0.00018088279887329165
0.00029503023746304977
0.0001702464695880653
-8.282625497234007e-05
8.697192409157283e-05
8.53629538048454e-05
-0.00020619696422727058
-8.59060618922822e-05
-0.00017626679462916632
-0.000128771131553538
-5.207478010747535e-05
-0.0002485272910241835
7.22885772729844e-05
-9.142994810443374e-05
0.00014096546743837875
0.00011164899688780673
0.0002585669812381224
-0.00022039619874085709
0.00018522237756096163
0.0002908616739519994
-0.00014468630194338944
0.00016295003224015605
-0.0001753503028145614
0.0002926844631807944
0.00022562768077133362
0.00018925850312222784
0.0002553608176644381
-0.0002749896402269667
-0.00014496522505218706
1.8703702740755792e-05
-0.00010207519089711235
-0.00029782082631040553
0.00010403774849342167
-0.00012868726047209062
0.00022980773229073836
4.6386613415167876e-05
-0.00010983711972608511
-2.394498167746981e-05
-0.0002677726150473258
0.0002698434191071671
-7.298930512137177e-05
0.00018184114935895448
9.336746681914564e-05
-0.0002515377821253482
-0.0002971706378475313
-0.000294535634649925
3.519482518374653e-06
-0.00019505393916878716
0.00016151597077935267
7.295786528431844e-05
-1.670995725827374e-05
0.00014793294200081452
-0.000128215660353981
0.0001625365107066383
-0.00019127181200325754
4.734591633426044e-05
-0.0001710911651964625
0.0002405712664535601
0.00019662358821044237
-9.981571003978072e-05
-5.464894496262353e-05
-0.00023026104746176753
0.00023921868280262572
0.00015833062121178447
-0.00021673414650203175
1.4490144802292368e-06
0.0002454648104537181
-3.48975196155988e-05
-0.00010457814225889851
-4.359121907470569e-05
0.00011970423985927745
0.0002790243569035542
-8.65085652825301e-05
0.00021601867590986319
3.394866523863529e-05
3.2426268750562445e-05
-1.6715691285944603e-05
-0.00020713885411026233
0.0002926061524802435
0.0001864429094941725
-0.00011602681804761064
0.00024725618710365983
-0.00024091177234797094
9.298021938332845e-05
0.0002840716972454521
0.0002559074267526518
3.950466862586181e-05
-0.00017959217106938854
2.1647991063051576e-05
-0.00022084080436129603
-0.0001658454815981084
0.0002000540896168269
0.00019102581204930312
-0.00011698864315646531
0.00022136875597706713
0.00015931246071081671
0.00016050901435595103
7.356455393461056e-05
0.0002253709949298017
0.00017570906236780528
-0.00020110021696125417
0.00023749433493977496
4.74652284523116e-05
0.00011130469015425775
0.00019830599377576732
-0.0002684152370455035
0.0001057865696840519
8.61546757439241e-07
1.0981571584318852e-05
0.00012054101053886914
0.0001234363225122908
0.0002252266351973321
-0.0002843925457681701
-8.594561632158286e-05
0.00029483359286528013
0.00016457346019522193
0.0002872521522003365
0.00015177905815441227
-0.0001681019427709208
0.00019346118539532883
-1.821693650795104e-05
-0.00023040710739126772
0.0001104055110769775
-0.0002784279201012111
0.0001461563467490123
0.00025956573620274066
-0.00010070022564035564
-0.00012996723564684542
0.00018846988246852726
-0.0002886083600797114
2.3920651066545973e-05
-0.0001080441676731013
-0.00024663666279070047
-7.046813400425118e-05
-0.00014610841003896385
-0.00021995869264680902
0.000145531990031437
-5.9315406161804734e-05
-0.00011740358993028624
-0.00026818135100494255
0.0001413216744259094
0.00021302738487133393
0.00021360866269344098
0.00020125316783141742
0.00010373484884246845
-9.584584494895011e-06
6.221960442178527e-06
-0.00016771000612097615
-3.5001501389547826e-05
0.00023649218013893034
-0.0002067258764756604
0.00016912725112064238
-0.0002807210572377471
0.00011577691507186751
9.779203179691837e-06
-1.0385813758821954e-06
9.375227345911847e-05
-0.0001321251715318598
0.0001221327527361641
0.00027155710129490206
6.24024244408461e-05
7.804491456999443e-05
0.00021569034951857813
-0.0002601070402431078
-0.00014762187184411363
-1.6825177791594207e-06
-0.0002004757638583287
0.0002169721512013144
0.0002962444367354304
0.0001428859750697175
0.00019824396874350286
0.00028878052884855396
3.586320092658149e-05
1.3994285656283162e-05
-1.7278408755885767e-05
-7.661160247256346e-05
-9.184474463901841e-06
-0.00017762351897501465
0.00024433829489595925
-0.0001885090235291399
-0.0001966528757346729
7.139735449803212e-05
-0.0002925576450843968
5.811885142912763e-05
7.625861500296511e-05
0.00016866489393983737
1.118562237664776e-06
0.00011196780118622417
0.0002991916757635492
0.00017160494956606473
0.00012306047045782567
0.0001397581183542341
-2.030415434574822e-05
-0.00014390789851923046
-1.81925561171643e-05
0.00021100034223330146
-4.777698729697499e-06
-5.475647127107402e-05
-0.00011625641894415218
7.536556506908439e-05
-7.413569133001656e-05
0.0002993217962163834
0.0001823778281040408
6.223339448542607e-05
-0.00011293668494732385
5.7203439242226495e-05
-0.0002729167989372555
-2.9354130171753954e-05
8.043271900445132e-05
-7.333247112863251e-05
-0.00024322158457212314
0.00016785987361594187
-0.0002578076175898093
0.00022879770786820116
0.0001602319998165136
8.18639256222395e-05
-0.0002860889930719459
-0.00027225480113103227
-0.0002150517798465688
-0.00023499055109378942
7.556209086683662e-05
-3.063675857988495e-05
