0.00016302749644953203
0.0001958128416223931
-3.246120257321657e-05
0.00018647902209658598
-6.605831934514389e-05
2.2733258852492542e-05
0.0002944622332484189
9.188527911179975e-05
0.00011623479779497597
6.783500579200357e-05
-2.2773437693246847e-05
-8.355205398083567e-05
3.697385654775258e-05
5.020174524605469e-05
-0.00022955278057690292
0.0001926573109270339
0.0002449701806019748
0.0001944032268183516
0.00010512242894543443
0.0002779130552830055
-0.00029661182702041624
0.00015392147200778237
0.0001983195715485894
-4.888517800269698e-05
0.0001117352512391578
5.648888133799081e-05
-7.713601031498346e-05
0.00011324544569670973
-0.00029280898197782233
0.0002319242957764765
-0.00026356915018643047
-0.00025638806729929415
-0.00020354591714551092
-2.835205892388838e-05
-0.00019533425543242383
-0.0002384857668734394
0.0001962734898217628
-8.382543916335034e-05
4.4665031859083344e-05
6.022013972832325e-05
-1.1839716909171764e-05
-0.0002266721767436709
-0.0001533929252393503
0.00025756310320318654
-0.00014659335602642312
0.0002785134064072406
-0.00011392570786683835
-4.863628747186772e-05
-2.4228108591726214e-05
0.00027693207731677643
0.0002505010988246926
-0.00012274899926778695
9.241157299947955e-05
0.00019714281524361765
4.3928912100104744e-05
-0.00017630616161111462
0.00023881239520714357
0.00018571229275577263
-7.247617638777808e-05
-0.0002468865238788807
0.00019888432395231628
-0.0002848468980047387
-9.81189787204739e-05
7.567310363961003e-05
0.00012676651889779723
-2.81242376799999e-05
-0.0001348603580556599
-6.183283852167947e-05
-0.00020917173091297668
-7.439854547409801e-05
8.791816728217518e-05
-0.00018329902162375736
-0.0001385928154818196
4.3905902523303495e-05
-0.00020783519464241969
0.00012663031850737529
-0.00027253007159208165
-0.00026308411387877774
9.381762836388203e-05
0.00021771408348067006
0.00014675120219241025
-9.1394908964001e-05
-9.202232050341933e-05
0.00019390604495124567
0.00013931185106893118
-0.0002350819714716877
-0.000295514386349092
0.00029842801255994304
-0.000185321346550111
0.00024820876951362766
8.77187587380563e-05
-0.00022042825566311568
-0.00012814388514724944
0.00013458219686439068
-0.00021107848945201707
0.00022037826165881004
0.00022511790184831585
0.00013820150607665163
-2.1794735179005782e-05
0.00022995221067729723
-0.00014864270390298225
-0.0002405469809789148
-0.00023826049617004013
-0.00019522726533673023
0.00015557873263917314
-0.00024318084649680284
-0.0001081634637770998
0.00024882921829998003
9.386867746422653e-05
-0.00015312712765210438
-0.00024743397149220165
-0.0002479627016922333
0.00019197389855332372
5.532839440123904e-05
0.00011287639526207506
0.00025471153162802347
-0.00018585017701696371
-0.0002106759691379722
-0.0001817846771054393
-0.00028824526380934076
7.613096626993911e-05
-0.00015805166979219182
0.00020218416442808676
0.00016237984775543734
-1.838404152276562e-05
6.301421946376223e-05
0.00012100485946426313
0.0002786391586722153
0.00029243892011170607
0.0001760519972768584
0.00017913432773367907
-0.00027595196480628616
0.0002661007354710178
-5.820927851305852e-05
0.00015362418644491294
0.00011240679863907079
0.00021580776706186367
-0.00020071190358057555
-7.878782138078235e-05
1.0206854579527928e-05
8.798458831065203e-05
0.00015957006410481785
-2.1219679769090953e-05
-0.00022628876518167844
0.0002493809375482576
0.00021971252146815913
0.00024052537136523745
-0.00019682037627587534
0.0002998278236877332
-7.921983160731033e-05
1.7554389529762533e-05
-0.00012869634295756074
0.00024393145528364652
0.00025569090583661176
4.021465580011853e-05
-0.00010462581948428472
-3.261407999161141e-05
-0.00021393448494317764
6.475665950082923e-05
0.00022961669425148717
9.015423501081404e-05
-0.0002041262421813441
0.00016637892459556928
0.0002593502711535159
-0.00014264690310336172
0.0001656508891796681
-0.00013592918920626393
0.00020280267485407922
8.149986937840901e-05
-0.00025233146112075395
0.00011720879071002723
-0.0002753501087034607
-5.9144857951532316e-05
-0.00023316318326766812
7.063698854570889e-05
-0.00020700983193030267
-0.0002080461351397867
-0.00018814789453835807
-0.00017892833916353072
0.00016741930249266018
-1.2992941327346936e-05
-4.9022942824531845e-05
-0.000234772959542867
-0.0002687625396489658
-3.483548195574792e-05
-8.710031008489681e-05
0.0001760816402800057
-0.00024540762986940474
7.393750537195868e-05
-0.00018545005567385266
-6.539965052885057e-06
-0.00024182931957295742
-0.00021447643017485284
-0.00015486753429473014
0.00015832830831698035
-0.00016981813709285572
0.0001629550663770651
0.0002913867147405944
0.0002801267985748247
5.714831760061028e-05
0.0002700501375986968
0.00016762131324564965
0.00024234785926875979
5.6246044656999266e-05
-0.0002753917485081982
3.367306740825033e-05
0.00021759533430091806
-0.0002000143412040953
-0.0001887188907707534
-7.001140210564086e-05
-0.0002872374120248797
-0.00023326388737206298
-0.00010294984871329254
0.00011541993531435029
-0.0002788197044557152
0.00021596966393080816
0.00021507293743980332
6.171931324805001e-06
-0.0001394168148265758
-5.526484427001763e-05
-0.00025481620117635964
-1.2161586435633243e-05
0.00010219752811443922
0.0002597829453757045
-9.41606579202662e-05
0.00015620761823856657
0.00021500479541446165
0.00010626140340336688
-2.5975934557278917e-05
0.00011954341453751088
0.0002676758509350773
-0.0002587660623365069
-5.8528136313680415e-05
0.0002313088007810451
1.7546301445381634e-05
-0.0001579989121265667
-0.0002141016977762314
0.0002922570221736774
0.00018266370144857062
4.170762790560933e-05
6.747290229011958e-05
-1.718633138828821e-05
-0.0001385070247264498
-1.6805383454875165e-05
6.876031631370603e-05
-0.00010475039107711207
5.227678332632061e-05
7.98191848080435e-05
0.00025383189600129745
-6.511282841813626e-05
3.360063035515637e-05
-0.00020306093077112995
3.453870406740949e-05
-1.3675203673494838e-05
8.342856814550783e-06
-0.0001781059031942954
-0.0002971545829506941
-0.00021966336365137788
8.483376482392493e-05
0.00016292515488024764
0.00023732835945335188
7.800487031862365e-05
-0.0002932429049451551
0.00020903467402874106
4.846506056442818e-05
0.00015649749255555197
-0.00012681520768215065
3.688050254299592e-06
-0.00013608609324786445
1.2452978047172638e-05
-0.00025343007090877935
-0.00025389503241623557
7.89845003545701e-05
-6.33541203339284e-05
9.204302049846055e-05
6.0867480485289345e-05
5.9942441354394224e-05
-6.261610921783997e-05
-0.00023333330572728643
0.0002167505209410662
4.1882738466293516e-05
0.0002723102736863535
0.00029495928389219206
0.00029164329568460724
-0.00012495624305533992
0.00022377823288573516
-0.00024410162578625163
-9.399410608859605e-05
-0.0001700911069804452
4.990227611812115e-05
-0.0002365488226507355
5.728065356016724e-05
0.00023202990062144696
-0.0002546170390714872
-4.9571436982136555e-05
-1.1924338803085755e-05
0.00024947042148981783
0.000245278853732434
-0.00024138768409132387
-0.00014712789345212185
0.0002298228445631628
9.982548756066047e-06
0.00015525327199342192
0.00027311149618422184
0.00017485912372825976
-0.0001981212584318117
0.00028361145264364605
-0.00024088177485060745
0.0002082226439455844
-0.00014087040024474847
0.00012836063392338974
-9.995351938581109e-05
0.0002064606796559429
-0.00026024663786432495
-4.468525626989938e-05
-1.9586624085413812e-05
-0.00014031471124255075
0.00018052303465074677
-9.159904308876331e-05
-8.667031351661857e-05
-0.0001752184230554741
0.00010606311129305077
-8.509965181668173e-06
0.00010273424620672406
0.0001425853600809931
6.325815166389814e-05
-2.913177702032482e-05
-1.623179663434455e-05
0.000257805565374458
7.018992296881456e-05
-0.00028688245814940114
-0.00010978644219685759
-0.0001197594921591602
-4.8833785368157035e-05
-0.0002755443127576935
-0.00022557945405444628
-6.0698978530789364e-05
-9.688621833246853e-05
0.00010337032313999635
0.0001427995878232509
0.0001961327236582085
0.00016486701769512094
0.00016716972151393193
9.701328254213911e-05
1.4208716388592853e-05
0.00025450374684480524
-6.057431798507854e-05
-4.755580837844265e-05
-3.298209981430155e-05
-9.919133537499543e-05
-5.043702120374424e-05
-2.6863947678068306e-06
0.00011575109645328528
9.8516272240325e-05
-0.00015922746788928473
2.1486883269103722e-05
0.00016067460187773274
0.0001290251525265231
0.00023421261504897808
0.00025038483255236714
-5.747000142740846e-05
-2.5558363891684e-05
4.2011081248747315e-06
-0.00015598402633709653
0.00016498506997839177
-4.8786809360427084e-05
0.0002348177816303394
-0.00014825272577555524
-0.00021301757624592492
-4.443501487526362e-05
-9.349217173738815e-05
0.00017611639338162017
0.00022449510228651255
-2.9856310044825568e-05
-0.0002186741809367271
-0.0002238402343796861
-0.0002464944266003515
-0.0002330080467159456
-0.0001786104039368532
-0.00011114029374873269
-0.0001117243490452315
-0.00013709419353628323
0.0002050889201922359
0.0001888232023245703
7.620479784043095e-05
-6.413062121758551e-05
-5.1577764288228325e-05
-0.00019672901638173118
-0.00011451687870759708
-5.840673418060205e-06
-0.00013861936418727976
-6.464965192901336e-05
0.00010008598829163763
-8.97067860732268e-05
-0.00023011642113146248
2.724840082240815e-06
6.0936178764167735e-05
-6.310768904201159e-05
-0.00029424005149863915
-0.00015498393757881092
-6.819129870387579e-05
-2.439975852692761e-05
-0.00020621814505307752
3.2772193614418474e-05
-4.4289605710722284e-05
0.00029682280056704096
-0.00016997395600752975
0.00021327080313839503
0.00015339458708671627
0.000285952257153919
2.8875311621907678e-05
5.387896201108856e-05
7.20224758356564e-05
-0.00012760377665785785
-0.00017239612302228898
6.306403763051339e-05
-9.297365855221818e-05
0.00023493523973509926
0.00028419246241100706
0.00023835540286914488
-5.473164308771386e-05
0.00011778139202678144
0.0002476569027512842
0.0002476896646711377
-1.7588117334956064e-05
-0.00012957473734340061
2.5934237816313923e-05
0.00025118007864077834
0.0002042780022060865
-0.0001993044278469706
-0.00011103175215971834
0.0002692258108403384
0.000174375783547316
-0.00012961169085643637
-0.00021516572211800416
-9.741104094690306e-05
5.955110275568821e-05
0.00023456555551909058
1.8293526835011823e-05
0.00023332089013906177
-0.00015714994497432983
0.0001964019271554636
9.124323279660802e-05
9.141612353152223e-05
0.00011527480706958402
-0.00017969422288019324
-0.0002744083287968242
0.00015729976487454858
0.00029062419585925277
-0.00011754820838160926
-5.66189820482005e-06
0.00025718530610186087
0.00019902889240884552
-4.159729591045059e-05
-0.00014124868908272294
-8.480125314459707e-05
0.0002214860454025764
-0.00024333797912020033
-0.0001920560758585966
2.91995085665194e-05
6.6690642300600185e-06
-6.666050042405711e-05
-0.00022438693726806264
0.00017731428880433394
-0.0002948690616820534
-0.00018538028110912384
0.00016146052609971646
0.0002512164757705124
-4.3222038314766006e-05
0.00022283318632172966
0.00012500218183521245
0.000234859969350196
-0.00021498197445030652
-4.73829649701685e-05
-0.00020406626616645908
-0.0002935511521184179
-9.675097095223427e-05
0.0002018678884014692
-0.00023041467437239567
4.6024754552616276e-05
0.00010358995501519064
-9.326900336124245e-05
-0.00012583706745263303
0.0001247094283724795
0.00016224280628415988
0.0002652756757380087
0.00011837014598618486
-0.0001687079857559479
-0.0002655441796498313
7.05396748165015e-05
0.0002258890324446313
0.0001711216672845639
0.0002193132876257507
7.948478677938996e-05
0.00014170988331553753
-0.00016840373938335797
-3.5135216129425766e-05
-0.00021746920555847045
-6.628722152554666e-06
-0.00027443162589033425
-3.3790467682403885e-05
-3.0970565513252285e-05
-0.0002963335613617881
-3.9973404465593564e-05
-1.810154203830684e-05
3.1859794544049174e-05
0.00018854644921343077
9.050369394613268e-05
-0.0001745303182948525
0.00015926822517717222
-5.393962814407731e-05
-9.861542877259599e-05
-4.368621409127035e-05
8.490765341997682e-05
-0.0002105929570856533
-0.0001300145079119647
-0.00024569631212846446
-0.00013154256919893515
0.00022140798213306207
2.0113622495092516e-05
0.00013929750232285918
0.00020845208356906072
5.890725531246103e-05
-0.000240510488375912
0.00018724011954367496
3.0190225133394438e-05
-0.0001359483984635676
0.00014678412729934485
9.851838101284635e-05
8.640739666142375e-05
0.00012642142865573248
-3.628941409862231e-05
-1.6070424049602317e-05
-0.00012023149254882786
-0.00015976782486481169
1.8488274470601998e-05
0.00013274707669766087
-0.00022582993881811015
0.00012139969995013508
0.0002997990152179653
-0.00016865659294342626
0.00020864492963662773
-0.00027535187132105574
7.951578038930098e-05
-8.785122118261807e-05
0.0002211185835428278
-0.00029851099455151573
-0.0001402672976886397
-0.00017647191892115644
4.0143657096987416e-05
-0.00011473938860574539
-0.00010490656462997837
5.488497084085362e-05
0.00018571675851994666
-0.00019665538199714172
0.00021156816793062777
-1.570202484933069e-05
0.0001634199095328699
-0.0001731177008045255
0.0001412365759088398
-7.533905199728056e-05
8.774206131596205e-05
0.00023367662413673458
0.00020320727873962948
-0.00018432315643016783
-0.00014282350820562506
0.00010254221113496342
0.00015508899733376554
-0.00021757973779486565
-0.0002526763038407747
-1.679206562053934e-05
0.0001127785377173663
0.00017498848715936715
-0.00011622507201788926
0.0002984304053927633
7.135142292697479e-05
0.000185655109411491
8.2517166361383e-05
-0.0002953096946018634
-0.00010675980705437748
1.032941261983934e-05
-0.00016163172054214605
0.00029127209586169903
-0.00020103454277919323
0.00028001454846210216
-0.00011744184948079536
-4.0013388114009665e-05
-0.0001511312336798861
0.0002977974110090342
-0.00021171677004244764
-0.0002694124532988364
-2.8754159322033623e-05
-6.433578347873236e-05
-3.3580527148087186e-06
6.405033038157904e-05
-0.00016486118758762472
-1.4822513385756163e-05
-0.0002608329516823447
0.0001967361177750288
0.0001938901461020222
-0.00017419114898538647
-0.00021117306126464743
-0.00025566110159648455
-0.00024244777302348687
0.00022901589613980288
-4.0978834952119596e-05
8.411736349581204e-05
0.0001476287608233903
0.00021049566588428537
-0.00011598646463785111
-1.9519684569665942e-05
-0.0002985403400190209
1.8083120942558766e-05
-0.00017673046322073927
-2.2997759704235145e-05
0.00018080902058307575
-0.00013552356401489127
-4.683438480751717e-07
-2.6992395638991554e-05
6.884754392489365e-05
-0.00010174307673569853
-0.0002980011789254126
0.00013556403329881376
-0.0001689279705013151
1.3471224157866673e-06
7.77378865026671e-05
-0.00026552736654749493
-2.2033797904282113e-06
-6.0406682724107816e-05
-0.00013676879003792218
-0.00013055523003482615
0.00010843853443966769
-0.00026826726913488775
0.000135816441028394
0.00025692212433451033
-0.00025231423282993807
0.00010960537120974917
-0.0002707652578654011
-0.0001505046519790916
5.750202256815461e-05
0.00018353311473702337
0.0002571955671112661
6.0902603573536576e-05
0.00010687304904117147
6.453669779993575e-05
-0.00018605127687602386
-5.741983738909173e-05
-4.691572173750539e-05
-0.00018812748428679205
0.000215692244546712
-0.00010190762811120358
0.000215783566029585
0.00017065020134170487
0.0002259601910266686
-1.18855934003363e-05
-0.00022183302857567622
0.0002578356432841007
0.00021223948658631787
1.487504014137988e-05
2.298834081423094e-05
0.0001361766029869819
-0.0001256328584886811
-0.00013515954727964043
-0.00028286993186657993
8.747184518140462e-05
0.00017051887874130372
-0.0002381532537407335
4.952052439331366e-05
-0.0001356774231172294
0.0002972913811327206
0.00019182719596196458
0.00020150044179470544
0.00011902514039374202
0.00013706265116883323
-0.00019264492470679424
-0.00014005580553209875
-0.0002858451081602004
-0.00027043652747486504
-0.00024106372363174477
-0.00023137620272858938
0.00019409752886910184
0.00016470463235787695
-0.000193700684014844
0.00012911378543623237
0.00014835833267118695
8.540356580063487e-05
-2.9936612414929254e-05
7.946701733700602e-06
1.3657691041721657e-05
-0.0001358061572123161
-0.0002318793701272354
6.138838196585749e-05
-0.00028116320269591427
5.20303965363084e-05
0.00027070436906483623
-0.00022158149870952972
0.0002728148060764281
0.00011817993372063124
0.00019103154895124783
0.00017797901417045218
-8.57043908992746e-05
-0.0001963118249581191
5.452699122271209e-05
-9.119817938207226e-05
-9.869891331102103e-05
1.4083746080897604e-05
0.0002620792645015438
-0.00025729273017573113
9.453381916428518e-05
3.3706601859147093e-05
5.6793281058833674e-05
7.33907721450842e-06
-0.00025552046383949987
-8.100933878866444e-05
6.412986987758187e-05
1.6159394850134812e-05
4.254750634980419e-06
0.00026297337499753764
-3.8310508173335935e-05
0.00013370325314889864
-5.7838485952390874e-05
-7.266760589367413e-05
-0.00028261000835103236
-1.4853576045299353e-06
0.00012093209295843178
-0.0002590366375351592
9.776825608772522e-05
9.404527500771811e-05
0.00022175503207337864
-1.1363377717505622e-05
-0.0002815598721982473
0.00028591282211545165
-0.0002892514683635453
8.316546878511859e-05
0.00019330495971566338
0.00024350725181901005
0.00012700747414044593
-0.0001947109776017536
0.00029065202450259344
0.00018028327996740494
-3.388448031196693e-05
-0.00010584523380821834
-0.0001808966894451203
-6.155986399334688e-05
2.2669016360476405e-05
-0.0002840904604974151
-0.00014376934943207575
0.00015480143912488666
-0.00017622936406712472
-0.0002550636460343538
0.00011781990272441184
-0.00012223018060740094
-5.3005840730387447e-05
-0.00024309718029608468
4.006230000976518e-05
-6.496158982251501e-05
1.7009088449622693e-05
0.00023408133080499654
0.0001976823731743395
1.28026162934546e-05
-3.775731410544795e-05
0.00012401854665630642
-9.401845959264264e-05
0.00013991842430325773
-9.193901384109491e-05
-0.000221609038032672
-0.00024412557857642335
-0.00020859248363028695
-8.690946008259575e-06
-0.00015948375698666343
-7.151184589041103e-05
-0.00013505147706460892
0.00013962314434957885
0.00026960753163239685
4.9888075128513105e-05
-0.0002861276212149195
-0.00015049005310811304
4.094167473327095e-05
-0.00021393150313533602
-4.0982323175016596e-05
0.0002003594222104496
-1.7086106627303265e-05
-1.4480783046967962e-05
-0.00027110366958560167
-3.989540424047792e-05
-0.00023009542031456835
0.0002595011014333005
-0.00026938039091215047
-0.00010948876515971131
-0.00022219653150473836
-0.0002715422744575043
0.00014934762564605838
-0.0002228720103585835
-3.834580261520722e-06
0.00017694217353686226
0.0002683387003457901
-7.15268051385553e-05
0.0001302076318240368
0.00027081452436370006
-0.00025653854884070536
-0.00010663091239604023
-0.00015462631753775707
0.00021260651211119666
4.300782785938734e-05
0.000232727249729437
0.00016553523963535075
5.4697558181315386e-05
-0.00028122936963298625
-9.380451980985292e-05
0.00018373135181354495
1.09306133220175e-05
3.0784583102955686e-05
-0.00020858872199843223
6.264130096081118e-06
-5.553582270006904e-05
-0.0001039071369186969
8.48679695358512e-05
-0.0002619963374379953
-0.000295755572433623
4.571194611572031e-05
-3.883722731569075e-05
0.00015957271997205964
0.00023837979847064788
-3.39311783179044e-05
0.00013779181070043057
7.543387636105411e-05
3.7994630726126454e-05
0.00028008910722579315
0.0002718820936341868
-9.058017864304403e-05
-0.0002554286595115187
1.6235649343146388e-05
-1.3972361248055674e-07
-6.176230454284307e-05
-0.00011401472410778145
-0.00014184644717584794
0.0002870352690392992
0.0002778613190996916
-0.00012646164911997475
0.00029596946029684853
2.555415136618294e-05
-8.437539319303112e-06
-5.967280616365239e-05
3.711857661864177e-05
-0.00011497718203789392
0.0001261059414529031
-0.00029507850707435017
0.0002475917298684326
-0.000173830491212113
5.2552868328199635e-05
-0.0001271423737007462
-0.00021235665422326456
-1.1415162984659214e-05
4.5347452225514954e-05
8.698138564606367e-06
-0.00019025575249062468
0.00011557876395885795
0.0002578305805814284
0.00022975961350055332
-0.00010446808457799435
-0.00018205976884536488
4.6662999460091235e-05
7.575152142807204e-05
-0.00021453723505016978
0.00016519265449748083
0.00024943104326499596
-4.40394055444652e-05
-9.96113000179026e-05
-0.0002606975400643037
-0.00021293518342967957
3.200802971633978e-05
0.00014523875211289888
6.536600832978984e-07
-0.00011209984129297566
1.5433297655918386e-05
-0.00026733389568754466
-0.0002802207200637741
-0.00028530371928994975
0.00015638690566205935
0.00028514462137939535
-5.356394201312789e-05
-0.00021736161289119288
-6.62449167330757e-05
-9.177164591723125e-05
0.00029695935803898335
0.0002040555003382202
-0.000271540081373341
0.0001481154241319908
0.00011539171028880185
-0.00026562901448024434
-0.00018741309773136563
0.00020742563912070467
7.700629628953551e-05
-0.0002290606672007332
8.097425553641157e-05
3.8518657985599084e-05
-0.00016964466250225717
-0.00017014260499375087
0.0002557932384775707
0.00020729096819996899
0.0002425508294663247
5.684555493541807e-05
0.00013666240275827114
0.0002539243884140038
0.00014003975327371376
0.000159144884203156
0.00023212657949600975
8.083340969483122e-05
0.0002271338368460334
-0.000293767019243231
-0.00014154864457839903
-0.0002660762284525739
1.573772719304714e-07
-0.00027676452652989334
0.00018753497669876082
0.00029752765058413806
0.00023944919956626448
0.00012654866379758177
-0.0002493394689107758
-0.00011756678653020237
4.0785930642838505e-05
0.00023530327660622221
0.00016157352866317062
0.00029071885019439034
0.00012482230793993014
-7.281212470073792e-05
1.2510889460971646e-05
5.959549588208579e-05
-0.00027355815585252877
-0.00028092250384639355
-2.249287140872842e-05
5.452451045388269e-05
8.1530699697009e-05
0.00019555967572543724
0.00012948903256636426
4.5211347856673504e-05
-7.770333847286935e-06
0.00010587857680029086
0.00029067696189304175
4.976830543209742e-06
-0.00011920957891836182
9.928274897622491e-05
-0.00021788058064607925
-0.00014432288931272468
5.1013800602371705e-05
-0.00019982153265235499
9.083301972297251e-05
0.00023768707472754006
0.00011170985557626146
-8.578098138280169e-05
0.00016720682443496055
0.0002432950181483321
-4.4133228182380616e-05
0.0001103767673344162
-0.00010087844009427463
-9.262004645131718e-05
0.00012072754322278804
0.0002700532086592034
-0.00021551733675138885
-0.00022292160098788454
0.00010698818542385007
-7.030557277204114e-05
9.439193972498564e-05
4.713082960751316e-05
0.00023979568386887955
0.00023554166475511378
0.00012861484755664226
5.0736125567251865e-05
-3.0062739866054135e-05
-4.523457426891704e-05
1.15451404099956e-05
-2.510000631444052e-05
-0.000178590895750837
0.00016685327681937543
0.000156645032396887
-0.00015993040581740184
-0.0001072647358604902
-0.0002374795265369258
-4.98639403512973e-05
-0.00020118322257764142
0.00017394653853411104
0.00017838211661488776
-0.000253467187814533
6.97395805318654e-05
9.777766645325853e-05
0.0002777282607760155
-0.0001833358353170096
0.00010500397751946663
7.525536747649193e-05
0.00010519904873697582
1.5048728217496486e-05
0.00029758372575763853
5.605499301405341e-05
0.0002680649153137678
-1.8461462988319448e-05
-7.417042691410249e-05
0.00016433136003098298
0.00010043283520299521
-7.609181465242134e-05
5.8745631191475356e-05
