-0.00020755951628466526
0.00012146087064732902
-3.0279882799154117e-05
-0.00011075363303949217
0.00012250370967150547
-1.321139922668633e-05
-3.073161919167508e-05
0.0001235957355274385
0.0001820583545548054
0.00010839336843827081
-0.0001668409956650754
3.336710674881348e-05
0.0001286053339556311
0.00018405380733726648
0.00013262799994632855
-7.690832703691918e-05
0.00018710766460070536
0.0002997444673256139
-5.815031900273328e-06
-0.00010139589464112057
-0.00018833552145571046
0.0002447816821682058
0.00027850177964087417
0.00025888907587467573
-5.518320859114055e-05
1.2705110758767129e-05
-5.924878658685609e-05
0.00027177764619255705
-6.679619686374865e-05
-0.0002523427924531969
-0.00011308784090888118
-0.00023265262789195346
-0.00018283400412788997
-0.0002582077257392415
6.470678476557895e-05
0.0002826367105178978
0.00026182887333036823
4.0082088359598054e-05
-0.00013319076797108185
-0.0002858291657541643
-5.074238529874077e-05
0.000232067531063091
0.00016193904649427365
0.00023043279244009735
-0.0002980083339730349
-0.0002041056382843367
-1.972965201941173e-05
0.00023768337530201156
-0.00026575868212159234
9.38260805278301e-05
0.00014354334265203342
0.00025920632812489493
-0.0001932171267715847
-6.0852600984651604e-05
0.0002081323286123611
0.00020390979649817265
0.000248949661889312
-0.00028175524359421876
0.0002487576295007473
-0.0001809809212360648
-0.00025150828817765953
2.4087981990688094e-05
4.668700545449765e-07
-0.0001559661250754413
9.959695051634101e-05
-0.00021588847059615543
2.6870843235994666e-05
-8.966104525383385e-05
0.00012689243016584671
-2.8674925250503185e-05
5.650077238817232e-06
-0.00023318631236609276
-0.0001012652951221689
0.00016887551326158972
0.00020218631723475027
-0.00013174542689568016
-2.2640025348898477e-05
1.3453464880241962e-05
0.00025475004704845827
0.0001932955553859711
-3.313475253741068e-05
0.0002785180817828805
8.48451625801039e-05
-8.265456516349005e-05
-0.00014796102468507633
-0.00016633349396473192
5.77636041661448e-05
7.535130060422319e-05
-7.419434570294598e-05
-0.00026779943173607375
0.0002136544447989992
5.786707697141082e-05
2.6978374024901205e-05
-0.00010681900413770845
0.00023052716328788838
0.00019768447669208338
-0.00023075887918572657
0.00023550532203684072
-0.00012120375340066625
-0.00015766522358958676
0.00015549935615622227
3.323409790349975e-05
0.00010116168999465251
-0.00019806511737788425
0.00015697012916592083
-2.23428523481729e-05
-0.00011013412535940367
7.881421673184506e-05
-0.0001286920075366332
7.04304953290606e-05
0.00012196055212003904
-0.00011989611655938322
0.00013739708612245632
-9.678654436136948e-05
-0.0002704316014932707
-0.0002034557526921579
-0.00025858945614894304
3.747033522661107e-05
6.264408588762589e-05
0.0001934555461939942
-0.00021420284820630032
9.843034006380258e-05
-0.0002872245231800866
0.00015581230279744718
-0.00024040539507081543
0.0001280896850162982
-0.00028509339795825423
0.00013616788173625495
-0.00029988200766170353
6.467221617771423e-05
0.0001940837576251461
7.637927594954935e-05
-0.00010706241356871134
0.0002304560561425906
0.00024333740305306336
-0.00026284331431371803
0.0002627775038735486
0.00012943416994015894
-0.0002649520457800497
-0.00025559901227392446
0.00014784439890137027
0.00020935518924323468
-0.00018905735728792376
0.0002628239170900355
-5.040969365287755e-05
0.00017685603958666075
0.00017100732796221005
0.00017373239432437736
4.180435881889587e-05
0.00013903506662190436
-0.000142731150273212
-0.00014103062527627346
0.00011479471389307214
0.00018127682448798544
-0.00018362274161060803
0.0001268125388284611
-0.00018591759865269948
-0.00013315065984513576
0.00014158298149215503
0.00022715148245560718
0.00021975528500835071
-0.0002778063404345676
6.11925863463564e-05
-3.600465056847384e-05
-4.5282077209349324e-05
-1.1963893603289218e-05
3.39611094605868e-05
-3.9901113778470596e-05
0.00017276845990394404
-9.791297994312767e-05
-5.7946484171446795e-05
-0.0001478506519596519
-0.0002473592283441357
3.953734197508174e-05
9.327913497506301e-05
-0.00017441063024350707
-0.00012200980863699684
-2.629264478340367e-05
0.00016993595161196812
0.0001920895259751579
-0.00017318361226609182
0.0001446655790869497
-7.363035457507211e-05
-3.379278207262188e-05
-0.00015470083344738464
-0.0001750589734185172
3.765262491333874e-06
0.00026604010501956574
-0.0002193056512355751
-9.628695116759099e-06
0.00010013640962335224
-0.00011246867327628198
-5.209987206470241e-05
0.0001934910149175146
-4.654789250241266e-06
-0.00028426857357821944
0.00022117363333815245
0.00012077904398291866
0.000261547661988987
8.847900933934937e-05
9.584941058433607e-05
9.483367374817092e-05
-0.00020809610571622886
-0.0002385990168831291
-0.0002633823446927103
-0.00014926416590380832
-0.00015483458126934154
0.00018894750227390868
9.832352644699818e-05
-0.0001893109146566105
8.566175506340693e-05
-7.382885972722546e-06
0.0002103903528541949
-0.00029213778740704905
-0.0001288780147781877
-0.00026548013743401123
-0.00014944146805320426
-8.034320851437612e-05
-0.00019925364314154678
0.00011982870388158598
5.840995212936498e-05
-8.407186235377694e-06
-0.00022753071661730015
0.00012677820637350002
0.0001492673421663047
-5.048499034415472e-05
0.0002305665887906776
-0.0001786201277261267
0.00013283149127918907
0.0002093213680268076
0.0002516698211356405
-0.00026649068660128714
-2.655835323359709e-05
-0.00012987267929208887
0.00022240765385921562
0.00022318082008623412
-0.0001714024473906028
-0.00015651351204366943
-9.343770038184373e-05
0.00020840217782605765
0.0002798322611870069
8.070889606304432e-05
-8.197134522944032e-05
0.00010761824305043549
0.0001818307094954979
-0.00016359668965634883
4.752226289497422e-05
2.6184097512330952e-05
-3.355461795172791e-05
2.920294767944174e-05
0.00022717008388831427
0.00011255666739325642
0.0002782396814371982
0.00017142172467902187
-0.00013115261796448253
0.00024957361380347837
5.33297244010827e-05
-3.1322432476497725e-05
0.0001423817761465977
0.000208396192375506
-0.00026117333406754225
-0.00011777688459005232
0.00015481262442073625
4.264165856471649e-06
0.00014003002123739387
0.00024251465806324435
5.95651797975026e-05
-0.00017566812066577666
-7.34897987587038e-05
-0.00023068836325632283
0.0001296748973592142
-0.00017553918396649867
-0.00014506966457665857
-0.0002765567683192331
-0.00020952000142169798
-2.8482472100712394e-05
-0.00024094682880865703
0.00018655032328837476
-0.00018293426615477326
0.00010572662172661122
1.5335758535318814e-05
-9.072180255810552e-05
-0.00011532814035975015
0.00014467765661563443
0.0001437944408706774
2.1419103476797503e-05
-0.00018703253497664768
-0.00015490489332163707
0.00021182205159444933
8.957788168400231e-05
9.611598859917889e-05
-6.622426736046694e-05
0.00019624470518040798
3.786304988385796e-05
0.0002922425191812286
-4.172748651681867e-05
-1.0776464645335167e-05
-0.00011213177351046937
-0.0002319639641120149
0.0002507376746238806
0.0002753772329237367
-0.00026674277731333776
-8.681794388235064e-06
-0.00018090245249427944
-8.181542081989627e-05
-7.85813804946308e-05
-4.20203179840141e-05
-0.00022803642998686332
-5.817833750721961e-05
-0.0002486230048036043
0.00020276589283124675
-0.00028590728770555156
-5.7178256957961e-05
-0.0002837330621335019
-0.0001659881564317559
-0.00014477566343504397
9.487936499327413e-05
0.0001272648070874575
0.00023462929463787023
-0.00015238918604108158
-0.00026869012115075125
0.00017768920737193427
2.7350942798029358e-05
0.0002965127489013777
0.000214208822515523
-0.0002658143431067609
8.02076450273847e-05
-0.0001652304558149391
0.00024054954779218748
0.0001350247085309749
8.144188077904873e-05
-0.00023860073239452372
-0.00015553356626330192
8.02476217504019e-05
-0.00029909301445080346
0.000292379966920031
-3.5307579793524056e-05
-0.00025117169627669587
5.649944763159076e-06
2.4355581854316566e-05
-0.00024225939399243762
-0.00010351343009561506
4.7382769667161386e-05
0.00011044025252954877
-5.1785449323048975e-06
0.0001469637249544365
-0.00016414921127516313
-0.00010254865214706283
0.0002009665954336249
-1.3275070783048948e-05
-7.04051859431486e-05
-0.00013196112879726736
-6.146032883037542e-05
-0.00022695318326664942
-0.00018702100652816985
-0.00011027730628183305
-0.0002480339708364985
8.830669469181673e-05
-0.0001728825328222845
0.00014027913165412303
-0.00028846246591783043
-0.0002848599773214031
0.00029123705314625933
6.209662966438355e-05
0.00013337990242236197
0.00026291085050679817
2.7574012431808503e-05
0.00026842591438676794
-5.511305578501406e-05
-0.0001723981740005342
-0.0002197656658494335
-5.691835279166319e-05
0.00025433330748393857
0.0001448232978401218
-0.00021512289768697683
-0.00021092986798734264
8.421677110666623e-05
-2.4509515668940578e-05
0.00016047177682529336
-0.0001673282702764449
0.0001689313787054504
-7.048618498834238e-07
0.0001347192545155602
-0.00022140728826165637
6.801565453391355e-05
0.00021520037577607115
0.0002127277248794648
-0.00025354259694941963
-0.0002172141114365551
0.0002585349701216009
-4.077262233211261e-05
-0.00016557201977488969
-0.00028872325359518663
-0.00014931412997668152
-4.106751828677124e-05
-0.00028048990904880073
0.00018447310257617042
0.00011257386574147887
-0.0002483493731259166
8.785075842581471e-05
7.792873748364534e-05
0.00010128258440923093
-5.6177893361669825e-05
-0.0002601399727610811
-0.0002658240026423955
4.248610232212972e-05
-0.00027057135273365863
-0.0002323931828953368
0.00021625355100553825
0.00011115770604385242
8.618050732761003e-05
0.00014923617547192103
2.55561781315755e-05
-0.00015467665021057117
-0.0002981659729498767
-3.0323249721884353e-05
-0.00016560914994141908
-2.5382541695445507e-05
-5.999626104507237e-05
-9.563190059273777e-05
-0.00015720610490122674
-0.00015197195455005183
0.00010549739923969628
0.00013281764352411065
0.0002665786674176254
0.0002714710828248521
-0.0002636370116419399
0.00020116848414373844
5.284100114539463e-05
-9.47649963233356e-05
-0.0002653593269793225
2.8320171260983124e-06
-0.0002197652703135482
5.1451574722080574e-05
0.00015869402204447917
3.726026548452787e-05
-0.00019226981326192532
-0.00024326103257496778
0.0002182809937810053
-5.5840927078143346e-05
3.658316060557395e-05
-0.00022233873278310425
0.00029889438437482506
-0.0002502156421354958
-0.00026461961207198864
-7.543379112483247e-05
1.004082736189108e-05
1.9713024469181597e-05
5.646612153742728e-05
-9.548589832243553e-05
-3.7438513719495264e-05
0.00021021406492105222
0.0002015350472726883
-0.000231685646930629
0.0002239291411263561
-0.00021254419076834844
0.0002133376748418916
-0.00028633417821934386
-1.1731913841975684e-05
-0.0002262192394596954
-6.366152736178476e-05
0.0002174499707356359
-0.0002704211260345776
-3.717535791868218e-05
0.00020509467725629414
0.00014102172459548113
-0.00029121920811261406
-0.00022151478410368337
-3.5427779588925626e-05
-8.679900330131203e-05
-0.00024015096648745532
0.0001340168864586184
-0.0001867262951546105
-0.0002780839838667702
-0.00016703237455798793
0.00011579465174154632
-0.00017403563819031663
0.00012765307449792652
0.0002517279661326736
-0.00023577031535734863
0.00017964161742752954
-6.914906658521197e-05
-0.00020502862563739985
-0.00018088287386707023
-0.0001613483583874958
-0.0002562846102065454
-0.00012122577057048709
0.00012232307837271584
9.56914771448562e-05
-6.184148816183968e-05
-8.93105398646658e-05
-0.000139819428815589
-0.00020154337934795332
0.0002149179617965433
-4.456595444880709e-05
0.000116761489351821
6.195959673095728e-05
-0.00024816020755068354
-0.00010406024153948926
-0.00024395311877607327
-0.00011004740275784557
-2.7297022378009134e-05
-0.00013262117386176808
0.0001385913997409988
0.00010773724747913826
-6.429275514674846e-05
-0.00020414334407770017
-0.0001328756856135949
0.0002784305716653377
0.00011699014868026675
-7.429919337213371e-05
-5.50155983887177e-05
0.00016706077694865267
0.00011288419840326381
0.00013779526852189847
9.712118763378495e-05
-0.00012606911152859626
-0.0001151699921853587
2.0056140450135367e-05
-0.0002625125199744723
2.7864256427383128e-05
1.1690054148234038e-06
-7.066085001394544e-05
4.9783942718493134e-05
-0.00012746672276688146
0.00018195809612713817
-0.00016274187403192788
-3.855666141082658e-05
-0.00029845861399752587
0.00016342473522013305
6.787049712639055e-05
0.000186260949128617
-0.00028219135664760787
-9.019767883821446e-06
2.1446680257437237e-05
-0.0001320843042650714
0.00014082638396032505
1.4262988791720072e-05
-0.0002688985207047618
-0.00028580775202305294
0.00023608948254024055
8.288171574936617e-06
0.00012540576389329138
0.0002930395637972411
-1.2385134369243824e-05
0.00025757788995371054
0.0002704089027759558
-0.00015474233023352732
0.0002897938220984189
-0.0001654982347959025
0.0001641143213672762
0.00010888528379061245
-0.0001255322522133605
0.0001523131087596997
-0.0002619557169185121
-0.0001971415380424428
0.0002536991865812434
0.00013348662399387002
9.897671233893287e-05
-6.966921817971259e-05
0.00015662722796666475
-1.9832606774294176e-05
-0.0001742761971479134
-0.0002618313994131565
0.00026266225890204264
-0.00016688785803945525
-0.00021803410365730776
0.0002900651978736312
6.364663845028612e-06
-1.4013902546492136e-05
-8.716169595818102e-05
0.00025901423203492075
0.00011551341431289424
-0.00025486790960847094
-3.618976232380391e-05
0.000208774116942881
-0.00015382040869401566
0.0002234747346714253
0.00027545547052790085
6.705931077381695e-05
-1.2371949257628293e-05
-0.00016024383367800436
0.0001135994569166454
-5.079409883583627e-05
2.4770171970665974e-05
-0.00013301750422661064
0.0002357153731977661
-0.00027638827718406376
0.0001572977992806164
-0.00017710419315118608
-0.0001404606112673761
-0.00021416380609852654
-0.00029926947951963023
-3.9087138547064216e-05
-9.68706154054683e-05
-0.0001790899178073281
-0.0001948964606868674
0.0002637476263615591
-0.00016486103600002797
-0.00010491583865448166
0.00025158478357650106
-5.156977606138595e-06
2.165688582522773e-05
-0.00022279969163507889
-0.00022282526947908478
-0.00024291935534313225
0.00016487684115543827
0.0002524399315084138
0.00018659326309572737
0.00020512524354876315
3.863985089083341e-05
-0.00023941146472209674
-0.00024183270914568346
0.00015792805768177054
-1.9746982794657244e-05
-4.614211436516685e-06
5.7199027887372606e-05
-0.00018773539365006748
-0.00014253314755286663
0.00027969872964172935
-0.00028035438520324915
0.00017106226230664075
4.080133744041722e-06
0.00025823364854248276
-0.00029775169663411136
0.0002956111949889175
0.00017674785586190397
0.00021761181862345178
-3.942460078287395e-05
-0.00013355311931443416
-0.0002878214077392496
-0.00021226726734218044
-0.00024134081745949193
0.00011102115504271455
-0.0002701833717740237
-0.0002740236170646148
0.00011684272219926028
0.00018523247444725537
-0.00025172094943244183
6.65633035261736e-05
-0.00013018446916576064
2.817808994698412e-05
0.00022170816626049646
0.0002974781853396791
9.739951885345897e-05
0.000268574749886974
0.00015381499832308078
-0.0001379606056381093
8.90102333301815e-05
-0.0002323965201050898
-4.7830947307113294e-05
0.00020973295960366396
0.00012761654358685396
0.000272386050616423
-0.00029926004350194096
-0.00021752085322666013
-0.00011030197111529534
0.00011540606688062037
0.0002332630433522221
7.322675787663419e-05
0.0001302884147172796
0.00018405165822029903
0.00020206983590628764
-0.00022543973587955328
-0.00023422983126106614
-0.00022993747310913953
-0.0002606696976776462
-0.00025274175022439613
7.160848074086039e-05
-0.00011486303737157658
-1.5068467192180313e-05
-0.00027431347756453717
0.00023610004694294518
-0.0002904352652867433
-7.440099157654469e-06
-0.00023492566439539488
-0.0002490490034486257
0.00020606197363812884
7.206724851356589e-05
-6.467868829467763e-05
-0.00019246653824410656
-5.512775987078872e-05
-2.7156031254374708e-05
-0.000289757723198224
-2.5880364906962275e-05
-0.00023736233343889208
-6.191405120036582e-05
4.817190677308187e-05
4.5184580915548446e-05
0.00029526342249561064
0.0002621039891359586
7.527517442424444e-05
-0.00010594826991317343
-0.00015017543985749058
-2.8238599216542308e-05
6.907997652689992e-05
6.351373535254921e-05
-0.00017090592229438337
-0.000252272363699914
0.00011093204985377253
-0.0001748851920863998
-0.00024021961210320329
-0.00017190677637719302
0.00012172619803713997
0.0002181328498878095
-0.00029224085819179826
9.815388070485742e-05
0.00011688187200710758
-0.00013144758071360449
0.0001851684970405806
-0.00018356498470509572
-0.0002878508620931999
0.00014522179982570617
-0.00018113897154904224
8.989106805337704e-05
0.00014468670989815007
6.312646095016892e-05
-7.940110363398591e-05
7.983430526871567e-05
-0.00014475187209909724
-0.00016779384988728458
0.0001304492785771502
-0.0002376482026074224
9.68220025043672e-05
0.00022604129652148154
0.00014314308116544116
-0.00020955627165557676
-0.00016381634871337835
0.00023057742019077354
3.594362226959141e-06
-0.00014471137622016226
0.00010130624502223737
-0.00023841787839890216
-0.00012277156330572187
-0.00021001984769753644
-0.00018352529545019602
0.00026150138334270705
0.0002623841176100181
9.596485939355196e-05
-1.32582245018315e-05
0.00010741482299377026
-0.0002109825629794556
0.00015148816359607763
-0.0001622156833958647
-0.0002840074138650906
-2.3233303854778415e-05
-0.0002658275081214369
-7.004570816014256e-05
0.00022886434770601026
-0.00016317753376962456
0.00024579386513398903
3.160131886169917e-05
-0.0002386712316843175
-0.00010046338758321345
3.3872242122700744e-05
-0.0002999296307541287
-0.00026211896071588617
0.000298278251448688
6.26093449200691e-05
0.000140316708495732
0.00028350229223465595
-0.0002579385548697898
-0.0002911590445845427
-5.552095555664996e-05
-4.76874956633375e-05
-0.0002760044765926693
0.00010228539070299575
0.00014930076954107517
-1.703625925015455e-05
-8.929798361103052e-06
-7.417072938270465e-05
-0.0001721723045553391
-0.00021146238756003695
-0.00023540917738728822
5.366459030106528e-05
-0.0002739647659429108
6.533253905556291e-05
-0.0002508527003063603
-1.312128644913313e-05
0.00010348079959096189
-0.0002688100980239026
0.00015832430532358304
-0.00021814432250670898
-8.027760599312514e-05
0.0001301199495439547
0.0002345065017976779
3.458391008759462e-06
0.00024320276400031248
-0.0002035137791075519
-0.00019721942465729598
-0.00023553336038436787
0.0002296741165915568
1.4060835181404542e-05
0.00019571954191309357
6.777078142226797e-05
2.3197311718089033e-05
0.00010296044926558218
-4.122324910680892e-06
0.0002896109788816975
-3.821603516221991e-05
-0.00016539759987499507
-8.477200028249662e-05
0.00010663597189821566
9.614314501048314e-05
-7.612370498431641e-05
-3.435967443813281e-05
-4.566885896396377e-05
-6.446860345485684e-05
-0.00023569160581616763
8.957560827802132e-05
8.636130790654154e-05
0.00019157824558700703
0.00020157018449952008
-0.00017865215617456678
0.00015913641864912648
-0.0002190720207418237
-0.00011400249004054518
-0.00014611490373361112
0.00022994129743593444
0.00018997598570698082
-0.00026968734146582757
0.0002995536216351061
0.00028009138361039936
0.00013460714740282955
0.00020413386706744557
-7.459881710917968e-05
-0.0002700346708961594
-0.0002606342596290225
0.0002685546293267282
0.00011054484365505556
0.00024737674675996284
-0.00018401646870501676
-0.00028420269942045986
-1.176745621853483e-05
-0.00016912640862859647
0.00025562579208128516
4.956456724552425e-05
-0.00022335919576284475
0.00014733899274584235
0.00010339134122955957
8.070518393169879e-05
-2.476271833922936e-05
-0.0001019318774061427
0.00029007196850840117
-0.0002065249452858228
-0.0002651370207469476
2.9765840731959864e-05
0.00018600825339835025
0.00017468180770842552
0.00024545198723458856
0.000103632179256927
-2.9517455086216062e-05
-0.00028485626142282127
0.00019837207699051454
0.00010810331418775726
0.00016232029330161973
-2.6329032694865544e-05
0.00027501709260302644
-0.00020509537362466495
-0.00019662162846344766
4.262975747091073e-05
2.9213995513343357e-05
0.00018939475232186053
0.00020251568357402416
-5.485056585991405e-05
-0.00019442023961788502
-0.0002724849423974624
0.00015795768969256426
-0.0001966046435143815
-0.000237066700979267
4.856757879504012e-05
0.00015627051428116368
8.134343907532579e-06
0.00014164329101593037
-0.0002900819548718488
-0.0001340774880171051
-0.0002539843235097271
-1.0668701920836044e-05
0.0002247981493774727
0.00015553372865335452
0.00019138806156844833
3.246244983203726e-05
0.000188881208115086
-5.321991414269559e-05
3.057734335497504e-05
-9.2348759224013e-05
1.651739107917682e-05
-0.00016895305133072746
0.00019723061994195444
3.1749934398122594e-05
0.0001928775777227312
0.0002243044740476273
-0.00019945819018336131
0.00018142684699053288
0.0001657944709117738
0.0001746864762536393
0.00010010949744643964
-0.0001852275352327825
0.0001894538876812271
-0.00015194090849078503
0.00012939939575582848
-3.944870142226969e-05
0.00018939189668432766
0.0001906818486395009
3.685688125004054e-05
-5.016681875514542e-06
-0.00029220738572967173
0.00021294901027414447
0.0002341563862205324
3.4979194118923604e-05
0.00017973676298824637
-0.0001776296176275964
-9.33289241120244e-05
0.00024389797173647603
0.00027702075064291236
-7.499546901641732e-05
-0.00010153959127113697
0.000244656892311653
-2.2435930204554888e-05
-9.254491875950843e-05
-0.00017497260658652685
-0.00018574643832412622
-0.00024526211851831604
0.00018346055501857725
-0.00024911358984737957
0.00017221900546381341
-9.66819849318874e-05
3.7368345051057305e-05
-9.106154794801831e-05
0.0002863041624871434
0.00026341747061147373
0.0001453277125699385
-2.836818200487425e-05
6.124008047305232e-05
1.1042152562891797e-05
-0.00022128949579838195
-3.94797315777575e-05
0.0002827959492622628
7.542606397448816e-05
-0.00020525043638839092
8.912271587973962e-05
2.569406633034019e-05
-0.00013063428303642218
-0.00019913586339954053
-0.00022315237970809158
0.00015290935460269395
8.561181002789115e-05
-0.00013306090909492665
0.00018682197564030508
0.0001822695664284226
-2.5383811780626197e-05
-0.00021879446186053763
-5.289548076966655e-05
-7.776530102196382e-05
-0.00027400882023372904
8.142282333454133e-05
-0.00016837119871777247
-6.518637423263068e-05
0.00015609910963080323
-3.150633828629686e-05
0.00022591489928959718
-0.00021318530247673752
8.942993950892956e-06
2.977995787225771e-05
0.00018710813247348342
-0.0001391366078716477
0.00014942529649271093
-2.5274207561513376e-05
-9.056325654432175e-05
4.062770260255508e-05
-0.0002671544817390623
-2.561752729988016e-05
-0.00017689081523352825
9.280522361671076e-05
0.00012124402736840388
0.00012681143607010245
-6.160049926116887e-05
0.00016048248429323034
-0.00021854606247441157
0.00020382413975681925
-0.000142429555812128
-0.00020528100720945572
-3.635819948335649e-05
3.845622059081555e-05
-4.269455441328906e-06
-0.00017003621946686323
-3.277053615286229e-05
0.00013888963786242846
-1.4171559066753988e-05
3.420847308131851e-05
-1.3289507659007267e-05
-0.00025221759416914027
-0.00015582631182736026
0.00018594514808496863
-7.444869063943962e-05
0.00023870705149358105
5.7178123586941476e-05
0.00027694809231402785
0.00020897541590752844
0.00011168642707608744
