     Energy         Kx              Ky       F.Density    GA.Brill.       Flux  Tot.Power  Nat.Size  Nat.Div.    Size.x    Size.y     Div.x     Div.y   Coh.Flux  Coh.Power   CohFrac.x   CohFrac.y
         eV          -               -  ph/s/mr^2/0.1%  F.Dens/mm^2  ph/s/0.1%         kW         m       rad         m         m       rad       rad  ph/s/0.1%          W           -           -
4.35133e+03  0.000e+00       8.000e-01       1.987e+17    3.410e+20  1.256e+14  4.270e-01 4.124e-06 5.499e-06 1.898e-05 4.885e-06 1.074e-05 9.371e-06  6.922e+12  1.375e-03  1.1128e-01  4.9526e-01
4.19313e+03  0.000e+00       8.600e-01       2.574e+17    4.357e+20  1.681e+14  4.934e-01 4.201e-06 5.601e-06 1.899e-05 4.951e-06 1.089e-05 9.545e-06  9.522e+12  1.892e-03  1.1377e-01  4.9793e-01
4.03580e+03  0.000e+00       9.200e-01       3.220e+17    5.370e+20  2.175e+14  5.647e-01 4.282e-06 5.710e-06 1.901e-05 5.020e-06 1.105e-05 9.728e-06  1.267e+13  2.517e-03  1.1637e-01  5.0063e-01
3.88039e+03  0.000e+00       9.800e-01       3.907e+17    6.416e+20  2.732e+14  6.407e-01 4.367e-06 5.823e-06 1.903e-05 5.092e-06 1.122e-05 9.920e-06  1.637e+13  3.253e-03  1.1909e-01  5.0334e-01
3.72777e+03  0.000e+00       1.040e+00       4.616e+17    7.460e+20  3.344e+14  7.216e-01 4.455e-06 5.941e-06 1.905e-05 5.168e-06 1.140e-05 1.012e-05  2.063e+13  4.098e-03  1.2190e-01  5.0604e-01
3.57866e+03  0.000e+00       1.100e+00       5.328e+17    8.471e+20  4.003e+14  8.073e-01 4.547e-06 6.063e-06 1.907e-05 5.248e-06 1.158e-05 1.033e-05  2.542e+13  5.050e-03  1.2482e-01  5.0872e-01
3.43362e+03  0.000e+00       1.160e+00       6.025e+17    9.421e+20  4.698e+14  8.977e-01 4.642e-06 6.190e-06 1.910e-05 5.330e-06 1.177e-05 1.054e-05  3.071e+13  6.100e-03  1.2782e-01  5.1137e-01
3.29306e+03  0.000e+00       1.220e+00       6.693e+17    1.029e+21  5.419e+14  9.930e-01 4.740e-06 6.321e-06 1.912e-05 5.416e-06 1.197e-05 1.076e-05  3.646e+13  7.242e-03  1.3090e-01  5.1398e-01
3.15730e+03  0.000e+00       1.280e+00       7.319e+17    1.105e+21  6.154e+14  1.093e+00 4.841e-06 6.455e-06 1.915e-05 5.504e-06 1.218e-05 1.099e-05  4.261e+13  8.465e-03  1.3405e-01  5.1654e-01
3.02653e+03  0.000e+00       1.340e+00       7.894e+17    1.171e+21  6.896e+14  1.198e+00 4.944e-06 6.593e-06 1.917e-05 5.596e-06 1.239e-05 1.122e-05  4.913e+13  9.760e-03  1.3727e-01  5.1904e-01
2.90089e+03  0.000e+00       1.400e+00       8.410e+17    1.225e+21  7.636e+14  1.308e+00 5.050e-06 6.734e-06 1.920e-05 5.689e-06 1.260e-05 1.146e-05  5.596e+13  1.112e-02  1.4054e-01  5.2147e-01
2.78040e+03  0.000e+00       1.460e+00       8.865e+17    1.268e+21  8.368e+14  1.422e+00 5.159e-06 6.879e-06 1.923e-05 5.786e-06 1.283e-05 1.171e-05  6.305e+13  1.252e-02  1.4385e-01  5.2374e-01
2.66507e+03  0.000e+00       1.520e+00       9.256e+17    1.300e+21  9.082e+14  1.541e+00 5.269e-06 7.026e-06 1.926e-05 5.884e-06 1.306e-05 1.196e-05  7.033e+13  1.397e-02  1.4722e-01  5.2603e-01
2.55482e+03  0.000e+00       1.580e+00       9.584e+17    1.321e+21  9.775e+14  1.666e+00 5.382e-06 7.176e-06 1.929e-05 5.985e-06 1.329e-05 1.221e-05  7.778e+13  1.545e-02  1.5063e-01  5.2825e-01
2.44957e+03  0.000e+00       1.640e+00       9.850e+17    1.333e+21  1.044e+15  1.794e+00 5.496e-06 7.329e-06 1.932e-05 6.088e-06 1.353e-05 1.247e-05  8.535e+13  1.695e-02  1.5408e-01  5.3039e-01
2.34918e+03  0.000e+00       1.700e+00       1.006e+18    1.335e+21  1.108e+15  1.928e+00 5.612e-06 7.484e-06 1.936e-05 6.194e-06 1.377e-05 1.274e-05  9.299e+13  1.847e-02  1.5757e-01  5.3246e-01
2.25351e+03  0.000e+00       1.760e+00       1.021e+18    1.330e+21  1.169e+15  2.067e+00 5.730e-06 7.641e-06 1.939e-05 6.301e-06 1.402e-05 1.300e-05  1.007e+14  2.000e-02  1.6108e-01  5.3446e-01
2.16240e+03  0.000e+00       1.820e+00       1.032e+18    1.319e+21  1.227e+15  2.210e+00 5.850e-06 7.800e-06 1.943e-05 6.409e-06 1.427e-05 1.327e-05  1.084e+14  2.153e-02  1.6461e-01  5.3638e-01
2.07566e+03  0.000e+00       1.880e+00       1.037e+18    1.301e+21  1.282e+15  2.358e+00 5.971e-06 7.961e-06 1.946e-05 6.520e-06 1.452e-05 1.355e-05  1.161e+14  2.306e-02  1.6817e-01  5.3822e-01
1.99311e+03  0.000e+00       1.940e+00       1.039e+18    1.279e+21  1.334e+15  2.511e+00 6.093e-06 8.125e-06 1.950e-05 6.632e-06 1.478e-05 1.382e-05  1.237e+14  2.458e-02  1.7174e-01  5.4000e-01
1.91458e+03  0.000e+00       2.000e+00       1.037e+18    1.253e+21  1.383e+15  2.669e+00 6.217e-06 8.289e-06 1.954e-05 6.746e-06 1.504e-05 1.410e-05  1.313e+14  2.609e-02  1.7532e-01  5.4171e-01
1.83989e+03  0.000e+00       2.060e+00       1.032e+18    1.223e+21  1.429e+15  2.831e+00 6.342e-06 8.456e-06 1.958e-05 6.861e-06 1.531e-05 1.438e-05  1.389e+14  2.758e-02  1.7891e-01  5.4334e-01
1.76883e+03  0.000e+00       2.120e+00       1.025e+18    1.191e+21  1.471e+15  2.999e+00 6.468e-06 8.624e-06 1.962e-05 6.978e-06 1.558e-05 1.467e-05  1.463e+14  2.907e-02  1.8251e-01  5.4492e-01
1.70125e+03  0.000e+00       2.180e+00       1.015e+18    1.157e+21  1.511e+15  3.171e+00 6.595e-06 8.794e-06 1.966e-05 7.096e-06 1.585e-05 1.496e-05  1.537e+14  3.053e-02  1.8611e-01  5.4643e-01
1.63696e+03  0.000e+00       2.240e+00       1.003e+18    1.122e+21  1.549e+15  3.348e+00 6.723e-06 8.965e-06 1.971e-05 7.215e-06 1.612e-05 1.525e-05  1.610e+14  3.197e-02  1.8972e-01  5.4787e-01
1.57579e+03  0.000e+00       2.300e+00       9.890e+17    1.086e+21  1.584e+15  3.529e+00 6.852e-06 9.137e-06 1.975e-05 7.336e-06 1.640e-05 1.554e-05  1.681e+14  3.340e-02  1.9329e-01  5.4918e-01
1.51758e+03  0.000e+00       2.360e+00       9.739e+17    1.050e+21  1.616e+15  3.716e+00 6.983e-06 9.311e-06 1.980e-05 7.458e-06 1.668e-05 1.584e-05  1.752e+14  3.480e-02  1.9689e-01  5.5050e-01
1.46218e+03  0.000e+00       2.420e+00       9.577e+17    1.013e+21  1.647e+15  3.907e+00 7.114e-06 9.486e-06 1.984e-05 7.581e-06 1.696e-05 1.613e-05  1.821e+14  3.618e-02  2.0049e-01  5.5178e-01
1.40944e+03  0.000e+00       2.480e+00       9.407e+17    9.769e+20  1.675e+15  4.103e+00 7.245e-06 9.661e-06 1.989e-05 7.705e-06 1.725e-05 1.643e-05  1.890e+14  3.754e-02  2.0408e-01  5.5300e-01
1.35921e+03  0.000e+00       2.540e+00       9.229e+17    9.409e+20  1.701e+15  4.304e+00 7.378e-06 9.838e-06 1.994e-05 7.829e-06 1.753e-05 1.673e-05  1.957e+14  3.888e-02  2.0766e-01  5.5417e-01
1.31136e+03  0.000e+00       2.600e+00       9.047e+17    9.054e+20  1.725e+15  4.510e+00 7.512e-06 1.002e-05 1.999e-05 7.955e-06 1.782e-05 1.703e-05  2.023e+14  4.019e-02  2.1123e-01  5.5529e-01
1.26576e+03  0.000e+00       2.660e+00       8.861e+17    8.707e+20  1.748e+15  4.721e+00 7.646e-06 1.020e-05 2.004e-05 8.082e-06 1.811e-05 1.734e-05  2.089e+14  4.149e-02  2.1478e-01  5.5636e-01
1.22228e+03  0.000e+00       2.720e+00       8.672e+17    8.368e+20  1.769e+15  4.936e+00 7.780e-06 1.037e-05 2.009e-05 8.210e-06 1.840e-05 1.764e-05  2.153e+14  4.276e-02  2.1833e-01  5.5739e-01
1.18082e+03  0.000e+00       2.780e+00       8.483e+17    8.038e+20  1.788e+15  5.156e+00 7.916e-06 1.056e-05 2.014e-05 8.338e-06 1.870e-05 1.795e-05  2.215e+14  4.401e-02  2.2186e-01  5.5838e-01
1.14126e+03  0.000e+00       2.840e+00       8.294e+17    7.718e+20  1.806e+15  5.381e+00 8.052e-06 1.074e-05 2.020e-05 8.467e-06 1.899e-05 1.825e-05  2.277e+14  4.524e-02  2.2538e-01  5.5933e-01
1.10351e+03  0.000e+00       2.900e+00       8.105e+17    7.409e+20  1.823e+15  5.611e+00 8.188e-06 1.092e-05 2.025e-05 8.597e-06 1.929e-05 1.856e-05  2.338e+14  4.644e-02  2.2888e-01  5.6024e-01
1.06745e+03  0.000e+00       2.960e+00       7.918e+17    7.110e+20  1.839e+15  5.845e+00 8.326e-06 1.110e-05 2.031e-05 8.728e-06 1.959e-05 1.887e-05  2.398e+14  4.763e-02  2.3236e-01  5.6112e-01
1.03301e+03  0.000e+00       3.020e+00       7.733e+17    6.821e+20  1.854e+15  6.085e+00 8.463e-06 1.129e-05 2.037e-05 8.859e-06 1.989e-05 1.918e-05  2.457e+14  4.880e-02  2.3582e-01  5.6195e-01
1.00010e+03  0.000e+00       3.080e+00       7.551e+17    6.544e+20  1.868e+15  6.329e+00 8.601e-06 1.147e-05 2.042e-05 8.992e-06 2.019e-05 1.950e-05  2.514e+14  4.995e-02  2.3924e-01  5.6269e-01
9.68625e+02  0.000e+00       3.140e+00       7.371e+17    6.277e+20  1.881e+15  6.578e+00 8.740e-06 1.165e-05 2.048e-05 9.124e-06 2.049e-05 1.981e-05  2.571e+14  5.108e-02  2.4266e-01  5.6346e-01
9.38522e+02  0.000e+00       3.200e+00       7.195e+17    6.021e+20  1.892e+15  6.832e+00 8.879e-06 1.184e-05 2.054e-05 9.257e-06 2.080e-05 2.013e-05  2.627e+14  5.219e-02  2.4606e-01  5.6420e-01
9.09714e+02  0.000e+00       3.260e+00       7.022e+17    5.776e+20  1.903e+15  7.090e+00 9.019e-06 1.203e-05 2.060e-05 9.391e-06 2.110e-05 2.044e-05  2.682e+14  5.328e-02  2.4944e-01  5.6491e-01
8.82134e+02  0.000e+00       3.320e+00       6.852e+17    5.540e+20  1.914e+15  7.354e+00 9.158e-06 1.221e-05 2.066e-05 9.526e-06 2.141e-05 2.076e-05  2.736e+14  5.435e-02  2.5280e-01  5.6560e-01
8.55719e+02  0.000e+00       3.380e+00       6.687e+17    5.315e+20  1.923e+15  7.622e+00 9.299e-06 1.240e-05 2.073e-05 9.661e-06 2.172e-05 2.108e-05  2.789e+14  5.541e-02  2.5613e-01  5.6625e-01
8.30406e+02  0.000e+00       3.440e+00       6.525e+17    5.099e+20  1.932e+15  7.895e+00 9.439e-06 1.259e-05 2.079e-05 9.796e-06 2.203e-05 2.139e-05  2.842e+14  5.645e-02  2.5945e-01  5.6689e-01
8.06141e+02  0.000e+00       3.500e+00       6.368e+17    4.893e+20  1.941e+15  8.173e+00 9.580e-06 1.277e-05 2.085e-05 9.932e-06 2.234e-05 2.171e-05  2.893e+14  5.747e-02  2.6273e-01  5.6750e-01
7.82869e+02  0.000e+00       3.560e+00       6.214e+17    4.695e+20  1.948e+15  8.455e+00 9.722e-06 1.296e-05 2.092e-05 1.007e-05 2.265e-05 2.203e-05  2.944e+14  5.848e-02  2.6599e-01  5.6808e-01
7.60541e+02  0.000e+00       3.620e+00       6.064e+17    4.506e+20  1.956e+15  8.743e+00 9.863e-06 1.315e-05 2.099e-05 1.021e-05 2.296e-05 2.235e-05  2.994e+14  5.948e-02  2.6923e-01  5.6865e-01
7.39108e+02  0.000e+00       3.680e+00       5.919e+17    4.326e+20  1.962e+15  9.035e+00 1.001e-05 1.334e-05 2.105e-05 1.034e-05 2.327e-05 2.268e-05  3.043e+14  6.045e-02  2.7244e-01  5.6919e-01
7.18526e+02  0.000e+00       3.740e+00       5.777e+17    4.153e+20  1.969e+15  9.332e+00 1.015e-05 1.353e-05 2.112e-05 1.048e-05 2.359e-05 2.300e-05  3.092e+14  6.142e-02  2.7563e-01  5.6972e-01
6.98754e+02  0.000e+00       3.800e+00       5.639e+17    3.989e+20  1.975e+15  9.634e+00 1.029e-05 1.372e-05 2.119e-05 1.062e-05 2.390e-05 2.332e-05  3.139e+14  6.236e-02  2.7876e-01  5.7016e-01
