     Energy         Kx              Ky       F.Density    GA.Brill.       Flux  Tot.Power  Nat.Size  Nat.Div.    Size.x    Size.y     Div.x     Div.y   Coh.Flux  Coh.Power   CohFrac.x   CohFrac.y
         eV          -               -  ph/s/mr^2/0.1%  F.Dens/mm^2  ph/s/0.1%         kW         m       rad         m         m       rad       rad  ph/s/0.1%          W           -           -
5.33781e+03  2.758e-01       2.758e-01       0.000e+00    0.000e+00  0.000e+00  1.015e-01 3.723e-06 4.965e-06 1.889e-05 4.552e-06 9.958e-06 8.468e-06  0.000e+00  0.000e+00  9.8243e-02  4.7949e-01
5.25727e+03  3.042e-01       3.042e-01       0.000e+00    0.000e+00  0.000e+00  1.235e-01 3.752e-06 5.002e-06 1.890e-05 4.576e-06 1.001e-05 8.532e-06  0.000e+00  0.000e+00  9.9176e-02  4.8072e-01
5.17158e+03  3.326e-01       3.326e-01       0.000e+00    0.000e+00  0.000e+00  1.476e-01 3.783e-06 5.044e-06 1.891e-05 4.601e-06 1.007e-05 8.602e-06  0.000e+00  0.000e+00  1.0019e-01  4.8204e-01
5.08137e+03  3.610e-01       3.610e-01       0.000e+00    0.000e+00  0.000e+00  1.739e-01 3.816e-06 5.088e-06 1.891e-05 4.629e-06 1.014e-05 8.677e-06  0.000e+00  0.000e+00  1.0128e-01  4.8345e-01
4.98724e+03  3.895e-01       3.895e-01       0.000e+00    0.000e+00  0.000e+00  2.024e-01 3.852e-06 5.136e-06 1.892e-05 4.658e-06 1.021e-05 8.758e-06  0.000e+00  0.000e+00  1.0246e-01  4.8492e-01
4.88980e+03  4.179e-01       4.179e-01       0.000e+00    0.000e+00  0.000e+00  2.330e-01 3.890e-06 5.187e-06 1.893e-05 4.690e-06 1.028e-05 8.844e-06  0.000e+00  0.000e+00  1.0370e-01  4.8647e-01
4.78963e+03  4.463e-01       4.463e-01       0.000e+00    0.000e+00  0.000e+00  2.658e-01 3.930e-06 5.241e-06 1.894e-05 4.723e-06 1.036e-05 8.935e-06  0.000e+00  0.000e+00  1.0502e-01  4.8807e-01
4.68729e+03  4.748e-01       4.748e-01       0.000e+00    0.000e+00  0.000e+00  3.007e-01 3.973e-06 5.298e-06 1.895e-05 4.759e-06 1.044e-05 9.032e-06  0.000e+00  0.000e+00  1.0641e-01  4.8972e-01
4.58332e+03  5.032e-01       5.032e-01       0.000e+00    0.000e+00  0.000e+00  3.378e-01 4.018e-06 5.358e-06 1.895e-05 4.797e-06 1.053e-05 9.133e-06  0.000e+00  0.000e+00  1.0786e-01  4.9141e-01
4.47821e+03  5.316e-01       5.316e-01       0.000e+00    0.000e+00  0.000e+00  3.771e-01 4.065e-06 5.420e-06 1.896e-05 4.836e-06 1.062e-05 9.239e-06  0.000e+00  0.000e+00  1.0938e-01  4.9314e-01
4.37242e+03  5.600e-01       5.600e-01       0.000e+00    0.000e+00  0.000e+00  4.185e-01 4.114e-06 5.485e-06 1.898e-05 4.877e-06 1.072e-05 9.349e-06  0.000e+00  0.000e+00  1.1096e-01  4.9490e-01
4.26639e+03  5.885e-01       5.885e-01       0.000e+00    0.000e+00  0.000e+00  4.620e-01 4.164e-06 5.553e-06 1.899e-05 4.920e-06 1.082e-05 9.464e-06  0.000e+00  0.000e+00  1.1260e-01  4.9668e-01
4.16051e+03  6.169e-01       6.169e-01       0.000e+00    0.000e+00  0.000e+00  5.078e-01 4.217e-06 5.623e-06 1.900e-05 4.965e-06 1.092e-05 9.582e-06  0.000e+00  0.000e+00  1.1430e-01  4.9848e-01
4.05512e+03  6.453e-01       6.453e-01       0.000e+00    0.000e+00  0.000e+00  5.556e-01 4.272e-06 5.696e-06 1.901e-05 5.011e-06 1.103e-05 9.705e-06  0.000e+00  0.000e+00  1.1604e-01  5.0029e-01
3.95055e+03  6.737e-01       6.737e-01       0.000e+00    0.000e+00  0.000e+00  6.057e-01 4.328e-06 5.771e-06 1.902e-05 5.059e-06 1.114e-05 9.832e-06  0.000e+00  0.000e+00  1.1784e-01  5.0211e-01
3.84706e+03  7.022e-01       7.022e-01       0.000e+00    0.000e+00  0.000e+00  6.579e-01 4.386e-06 5.848e-06 1.904e-05 5.108e-06 1.126e-05 9.963e-06  0.000e+00  0.000e+00  1.1969e-01  5.0392e-01
3.74491e+03  7.306e-01       7.306e-01       0.000e+00    0.000e+00  0.000e+00  7.122e-01 4.445e-06 5.927e-06 1.905e-05 5.160e-06 1.138e-05 1.010e-05  0.000e+00  0.000e+00  1.2158e-01  5.0573e-01
3.64430e+03  7.590e-01       7.590e-01       0.000e+00    0.000e+00  0.000e+00  7.687e-01 4.506e-06 6.008e-06 1.906e-05 5.212e-06 1.150e-05 1.023e-05  0.000e+00  0.000e+00  1.2352e-01  5.0754e-01
3.54541e+03  7.874e-01       7.874e-01       0.000e+00    0.000e+00  0.000e+00  8.274e-01 4.568e-06 6.092e-06 1.908e-05 5.266e-06 1.162e-05 1.038e-05  0.000e+00  0.000e+00  1.2549e-01  5.0933e-01
3.44840e+03  8.159e-01       8.159e-01       0.000e+00    0.000e+00  0.000e+00  8.882e-01 4.632e-06 6.177e-06 1.909e-05 5.322e-06 1.175e-05 1.052e-05  0.000e+00  0.000e+00  1.2750e-01  5.1110e-01
3.35339e+03  8.443e-01       8.443e-01       0.000e+00    0.000e+00  0.000e+00  9.511e-01 4.697e-06 6.264e-06 1.911e-05 5.378e-06 1.188e-05 1.067e-05  0.000e+00  0.000e+00  1.2955e-01  5.1286e-01
3.26049e+03  8.727e-01       8.727e-01       0.000e+00    0.000e+00  0.000e+00  1.016e+00 4.764e-06 6.352e-06 1.913e-05 5.437e-06 1.202e-05 1.082e-05  0.000e+00  0.000e+00  1.3164e-01  5.1459e-01
3.16976e+03  9.011e-01       9.011e-01       0.000e+00    0.000e+00  0.000e+00  1.084e+00 4.831e-06 6.442e-06 1.914e-05 5.496e-06 1.216e-05 1.097e-05  0.000e+00  0.000e+00  1.3375e-01  5.1630e-01
3.08127e+03  9.296e-01       9.296e-01       0.000e+00    0.000e+00  0.000e+00  1.153e+00 4.900e-06 6.534e-06 1.916e-05 5.557e-06 1.230e-05 1.112e-05  0.000e+00  0.000e+00  1.3590e-01  5.1799e-01
2.99506e+03  9.580e-01       9.580e-01       0.000e+00    0.000e+00  0.000e+00  1.225e+00 4.970e-06 6.628e-06 1.918e-05 5.618e-06 1.244e-05 1.128e-05  0.000e+00  0.000e+00  1.3807e-01  5.1964e-01
2.91116e+03  9.864e-01       9.864e-01       0.000e+00    0.000e+00  0.000e+00  1.298e+00 5.041e-06 6.723e-06 1.920e-05 5.681e-06 1.259e-05 1.144e-05  0.000e+00  0.000e+00  1.4027e-01  5.2127e-01
2.82958e+03  1.015e+00       1.015e+00       0.000e+00    0.000e+00  0.000e+00  1.374e+00 5.114e-06 6.819e-06 1.922e-05 5.746e-06 1.274e-05 1.161e-05  0.000e+00  0.000e+00  1.4246e-01  5.2277e-01
2.75031e+03  1.043e+00       1.043e+00       0.000e+00    0.000e+00  0.000e+00  1.452e+00 5.187e-06 6.916e-06 1.924e-05 5.811e-06 1.289e-05 1.177e-05  0.000e+00  0.000e+00  1.4471e-01  5.2433e-01
2.67335e+03  1.072e+00       1.072e+00       0.000e+00    0.000e+00  0.000e+00  1.533e+00 5.261e-06 7.015e-06 1.926e-05 5.877e-06 1.304e-05 1.194e-05  0.000e+00  0.000e+00  1.4697e-01  5.2587e-01
2.59868e+03  1.100e+00       1.100e+00       0.000e+00    0.000e+00  0.000e+00  1.615e+00 5.336e-06 7.115e-06 1.928e-05 5.944e-06 1.320e-05 1.211e-05  0.000e+00  0.000e+00  1.4925e-01  5.2736e-01
2.52627e+03  1.129e+00       1.129e+00       0.000e+00    0.000e+00  0.000e+00  1.699e+00 5.412e-06 7.216e-06 1.930e-05 6.013e-06 1.335e-05 1.228e-05  0.000e+00  0.000e+00  1.5155e-01  5.2883e-01
2.45609e+03  1.157e+00       1.157e+00       0.000e+00    0.000e+00  0.000e+00  1.786e+00 5.489e-06 7.319e-06 1.932e-05 6.082e-06 1.351e-05 1.246e-05  0.000e+00  0.000e+00  1.5387e-01  5.3026e-01
2.38810e+03  1.185e+00       1.185e+00       0.000e+00    0.000e+00  0.000e+00  1.875e+00 5.566e-06 7.422e-06 1.934e-05 6.152e-06 1.368e-05 1.263e-05  0.000e+00  0.000e+00  1.5619e-01  5.3166e-01
2.32225e+03  1.214e+00       1.214e+00       0.000e+00    0.000e+00  0.000e+00  1.966e+00 5.645e-06 7.527e-06 1.936e-05 6.223e-06 1.384e-05 1.281e-05  0.000e+00  0.000e+00  1.5854e-01  5.3302e-01
2.25850e+03  1.242e+00       1.242e+00       0.000e+00    0.000e+00  0.000e+00  2.059e+00 5.724e-06 7.632e-06 1.939e-05 6.295e-06 1.400e-05 1.299e-05  0.000e+00  0.000e+00  1.6089e-01  5.3435e-01
2.19680e+03  1.271e+00       1.271e+00       0.000e+00    0.000e+00  0.000e+00  2.154e+00 5.804e-06 7.739e-06 1.941e-05 6.367e-06 1.417e-05 1.317e-05  0.000e+00  0.000e+00  1.6325e-01  5.3565e-01
2.13709e+03  1.299e+00       1.299e+00       0.000e+00    0.000e+00  0.000e+00  2.252e+00 5.884e-06 7.846e-06 1.944e-05 6.441e-06 1.434e-05 1.335e-05  0.000e+00  0.000e+00  1.6563e-01  5.3691e-01
2.07933e+03  1.328e+00       1.328e+00       0.000e+00    0.000e+00  0.000e+00  2.352e+00 5.965e-06 7.954e-06 1.946e-05 6.515e-06 1.451e-05 1.353e-05  0.000e+00  0.000e+00  1.6801e-01  5.3815e-01
2.02345e+03  1.356e+00       1.356e+00       0.000e+00    0.000e+00  0.000e+00  2.453e+00 6.047e-06 8.063e-06 1.949e-05 6.590e-06 1.468e-05 1.372e-05  0.000e+00  0.000e+00  1.7040e-01  5.3935e-01
1.96941e+03  1.384e+00       1.384e+00       0.000e+00    0.000e+00  0.000e+00  2.557e+00 6.129e-06 8.173e-06 1.951e-05 6.666e-06 1.486e-05 1.390e-05  0.000e+00  0.000e+00  1.7280e-01  5.4051e-01
1.91714e+03  1.413e+00       1.413e+00       0.000e+00    0.000e+00  0.000e+00  2.663e+00 6.212e-06 8.284e-06 1.954e-05 6.742e-06 1.503e-05 1.409e-05  0.000e+00  0.000e+00  1.7520e-01  5.4165e-01
1.86659e+03  1.441e+00       1.441e+00       0.000e+00    0.000e+00  0.000e+00  2.772e+00 6.296e-06 8.395e-06 1.956e-05 6.819e-06 1.521e-05 1.428e-05  0.000e+00  0.000e+00  1.7760e-01  5.4276e-01
1.81772e+03  1.470e+00       1.470e+00       0.000e+00    0.000e+00  0.000e+00  2.882e+00 6.380e-06 8.508e-06 1.959e-05 6.897e-06 1.539e-05 1.447e-05  0.000e+00  0.000e+00  1.8001e-01  5.4383e-01
1.77045e+03  1.498e+00       1.498e+00       0.000e+00    0.000e+00  0.000e+00  2.995e+00 6.465e-06 8.620e-06 1.962e-05 6.975e-06 1.557e-05 1.466e-05  0.000e+00  0.000e+00  1.8242e-01  5.4488e-01
1.72474e+03  1.527e+00       1.527e+00       0.000e+00    0.000e+00  0.000e+00  3.109e+00 6.550e-06 8.734e-06 1.965e-05 7.054e-06 1.575e-05 1.485e-05  0.000e+00  0.000e+00  1.8484e-01  5.4590e-01
1.68054e+03  1.555e+00       1.555e+00       0.000e+00    0.000e+00  0.000e+00  3.226e+00 6.635e-06 8.848e-06 1.968e-05 7.134e-06 1.593e-05 1.505e-05  0.000e+00  0.000e+00  1.8725e-01  5.4689e-01
1.63779e+03  1.583e+00       1.583e+00       0.000e+00    0.000e+00  0.000e+00  3.345e+00 6.721e-06 8.963e-06 1.971e-05 7.214e-06 1.612e-05 1.524e-05  0.000e+00  0.000e+00  1.8967e-01  5.4785e-01
1.59645e+03  1.612e+00       1.612e+00       0.000e+00    0.000e+00  0.000e+00  3.466e+00 6.808e-06 9.078e-06 1.974e-05 7.295e-06 1.631e-05 1.544e-05  0.000e+00  0.000e+00  1.9206e-01  5.4871e-01
1.55646e+03  1.640e+00       1.640e+00       0.000e+00    0.000e+00  0.000e+00  3.590e+00 6.895e-06 9.194e-06 1.977e-05 7.376e-06 1.649e-05 1.564e-05  0.000e+00  0.000e+00  1.9447e-01  5.4962e-01
1.51777e+03  1.669e+00       1.669e+00       0.000e+00    0.000e+00  0.000e+00  3.715e+00 6.982e-06 9.310e-06 1.980e-05 7.457e-06 1.668e-05 1.583e-05  0.000e+00  0.000e+00  1.9688e-01  5.5050e-01
1.48035e+03  1.697e+00       1.697e+00       0.000e+00    0.000e+00  0.000e+00  3.843e+00 7.070e-06 9.427e-06 1.983e-05 7.540e-06 1.687e-05 1.603e-05  0.000e+00  0.000e+00  1.9929e-01  5.5136e-01
