Simulation Number SU.numberRays SU.photonEnergy PG.cFactor SU.electronSigmaX SU.electronSigmaY SU.electronSigmaYs ExitSlit.openingHeight
0                 1000000.0     150             20         17.15             2.43              0.81               0.001                 
1                 1000000.0     155             20         17.15             2.43              0.81               0.001                 
2                 1000000.0     160             20         17.15             2.43              0.81               0.001                 
3                 1000000.0     165             20         17.15             2.43              0.81               0.001                 
4                 1000000.0     170             20         17.15             2.43              0.81               0.001                 
5                 1000000.0     175             20         17.15             2.43              0.81               0.001                 
6                 1000000.0     180             20         17.15             2.43              0.81               0.001                 
7                 1000000.0     185             20         17.15             2.43              0.81               0.001                 
8                 1000000.0     190             20         17.15             2.43              0.81               0.001                 
9                 1000000.0     195             20         17.15             2.43              0.81               0.001                 
10                1000000.0     200             20         17.15             2.43              0.81               0.001                 
11                1000000.0     205             20         17.15             2.43              0.81               0.001                 
12                1000000.0     210             20         17.15             2.43              0.81               0.001                 
13                1000000.0     215             20         17.15             2.43              0.81               0.001                 
14                1000000.0     220             20         17.15             2.43              0.81               0.001                 
15                1000000.0     225             20         17.15             2.43              0.81               0.001                 
16                1000000.0     230             20         17.15             2.43              0.81               0.001                 
17                1000000.0     235             20         17.15             2.43              0.81               0.001                 
18                1000000.0     240             20         17.15             2.43              0.81               0.001                 
19                1000000.0     245             20         17.15             2.43              0.81               0.001                 
20                1000000.0     250             20         17.15             2.43              0.81               0.001                 
21                1000000.0     255             20         17.15             2.43              0.81               0.001                 
22                1000000.0     260             20         17.15             2.43              0.81               0.001                 
23                1000000.0     265             20         17.15             2.43              0.81               0.001                 
24                1000000.0     270             20         17.15             2.43              0.81               0.001                 
25                1000000.0     275             20         17.15             2.43              0.81               0.001                 
26                1000000.0     280             20         17.15             2.43              0.81               0.001                 
27                1000000.0     285             20         17.15             2.43              0.81               0.001                 
28                1000000.0     290             20         17.15             2.43              0.81               0.001                 
29                1000000.0     295             20         17.15             2.43              0.81               0.001                 
30                1000000.0     300             20         17.15             2.43              0.81               0.001                 
31                1000000.0     305             20         17.15             2.43              0.81               0.001                 
32                1000000.0     310             20         17.15             2.43              0.81               0.001                 
33                1000000.0     315             20         17.15             2.43              0.81               0.001                 
34                1000000.0     320             20         17.15             2.43              0.81               0.001                 
35                1000000.0     325             20         17.15             2.43              0.81               0.001                 
36                1000000.0     330             20         17.15             2.43              0.81               0.001                 
37                1000000.0     335             20         17.15             2.43              0.81               0.001                 
38                1000000.0     340             20         17.15             2.43              0.81               0.001                 
39                1000000.0     345             20         17.15             2.43              0.81               0.001                 
40                1000000.0     350             20         17.15             2.43              0.81               0.001                 
41                1000000.0     355             20         17.15             2.43              0.81               0.001                 
42                1000000.0     360             20         17.15             2.43              0.81               0.001                 
43                1000000.0     365             20         17.15             2.43              0.81               0.001                 
44                1000000.0     370             20         17.15             2.43              0.81               0.001                 
45                1000000.0     375             20         17.15             2.43              0.81               0.001                 
46                1000000.0     380             20         17.15             2.43              0.81               0.001                 
47                1000000.0     385             20         17.15             2.43              0.81               0.001                 
48                1000000.0     390             20         17.15             2.43              0.81               0.001                 
49                1000000.0     395             20         17.15             2.43              0.81               0.001                 
50                1000000.0     400             20         17.15             2.43              0.81               0.001                 
51                1000000.0     405             20         17.15             2.43              0.81               0.001                 
52                1000000.0     410             20         17.15             2.43              0.81               0.001                 
53                1000000.0     415             20         17.15             2.43              0.81               0.001                 
54                1000000.0     420             20         17.15             2.43              0.81               0.001                 
55                1000000.0     425             20         17.15             2.43              0.81               0.001                 
56                1000000.0     430             20         17.15             2.43              0.81               0.001                 
57                1000000.0     435             20         17.15             2.43              0.81               0.001                 
58                1000000.0     440             20         17.15             2.43              0.81               0.001                 
59                1000000.0     445             20         17.15             2.43              0.81               0.001                 
60                1000000.0     450             20         17.15             2.43              0.81               0.001                 
61                1000000.0     455             20         17.15             2.43              0.81               0.001                 
62                1000000.0     460             20         17.15             2.43              0.81               0.001                 
63                1000000.0     465             20         17.15             2.43              0.81               0.001                 
64                1000000.0     470             20         17.15             2.43              0.81               0.001                 
65                1000000.0     475             20         17.15             2.43              0.81               0.001                 
66                1000000.0     480             20         17.15             2.43              0.81               0.001                 
67                1000000.0     485             20         17.15             2.43              0.81               0.001                 
68                1000000.0     490             20         17.15             2.43              0.81               0.001                 
69                1000000.0     495             20         17.15             2.43              0.81               0.001                 
70                1000000.0     500             20         17.15             2.43              0.81               0.001                 
71                1000000.0     505             20         17.15             2.43              0.81               0.001                 
72                1000000.0     510             20         17.15             2.43              0.81               0.001                 
73                1000000.0     515             20         17.15             2.43              0.81               0.001                 
74                1000000.0     520             20         17.15             2.43              0.81               0.001                 
75                1000000.0     525             20         17.15             2.43              0.81               0.001                 
76                1000000.0     530             20         17.15             2.43              0.81               0.001                 
77                1000000.0     535             20         17.15             2.43              0.81               0.001                 
78                1000000.0     540             20         17.15             2.43              0.81               0.001                 
79                1000000.0     545             20         17.15             2.43              0.81               0.001                 
80                1000000.0     550             20         17.15             2.43              0.81               0.001                 
81                1000000.0     555             20         17.15             2.43              0.81               0.001                 
82                1000000.0     560             20         17.15             2.43              0.81               0.001                 
83                1000000.0     565             20         17.15             2.43              0.81               0.001                 
84                1000000.0     570             20         17.15             2.43              0.81               0.001                 
85                1000000.0     575             20         17.15             2.43              0.81               0.001                 
86                1000000.0     580             20         17.15             2.43              0.81               0.001                 
87                1000000.0     585             20         17.15             2.43              0.81               0.001                 
88                1000000.0     590             20         17.15             2.43              0.81               0.001                 
89                1000000.0     595             20         17.15             2.43              0.81               0.001                 
90                1000000.0     600             20         17.15             2.43              0.81               0.001                 
91                1000000.0     605             20         17.15             2.43              0.81               0.001                 
92                1000000.0     610             20         17.15             2.43              0.81               0.001                 
93                1000000.0     615             20         17.15             2.43              0.81               0.001                 
94                1000000.0     620             20         17.15             2.43              0.81               0.001                 
95                1000000.0     625             20         17.15             2.43              0.81               0.001                 
96                1000000.0     630             20         17.15             2.43              0.81               0.001                 
97                1000000.0     635             20         17.15             2.43              0.81               0.001                 
98                1000000.0     640             20         17.15             2.43              0.81               0.001                 
99                1000000.0     645             20         17.15             2.43              0.81               0.001                 
100               1000000.0     650             20         17.15             2.43              0.81               0.001                 
101               1000000.0     655             20         17.15             2.43              0.81               0.001                 
102               1000000.0     660             20         17.15             2.43              0.81               0.001                 
103               1000000.0     665             20         17.15             2.43              0.81               0.001                 
104               1000000.0     670             20         17.15             2.43              0.81               0.001                 
105               1000000.0     675             20         17.15             2.43              0.81               0.001                 
106               1000000.0     680             20         17.15             2.43              0.81               0.001                 
107               1000000.0     685             20         17.15             2.43              0.81               0.001                 
108               1000000.0     690             20         17.15             2.43              0.81               0.001                 
109               1000000.0     695             20         17.15             2.43              0.81               0.001                 
110               1000000.0     700             20         17.15             2.43              0.81               0.001                 
111               1000000.0     705             20         17.15             2.43              0.81               0.001                 
112               1000000.0     710             20         17.15             2.43              0.81               0.001                 
113               1000000.0     715             20         17.15             2.43              0.81               0.001                 
114               1000000.0     720             20         17.15             2.43              0.81               0.001                 
115               1000000.0     725             20         17.15             2.43              0.81               0.001                 
116               1000000.0     730             20         17.15             2.43              0.81               0.001                 
117               1000000.0     735             20         17.15             2.43              0.81               0.001                 
118               1000000.0     740             20         17.15             2.43              0.81               0.001                 
119               1000000.0     745             20         17.15             2.43              0.81               0.001                 
120               1000000.0     750             20         17.15             2.43              0.81               0.001                 
121               1000000.0     755             20         17.15             2.43              0.81               0.001                 
122               1000000.0     760             20         17.15             2.43              0.81               0.001                 
123               1000000.0     765             20         17.15             2.43              0.81               0.001                 
124               1000000.0     770             20         17.15             2.43              0.81               0.001                 
125               1000000.0     775             20         17.15             2.43              0.81               0.001                 
126               1000000.0     780             20         17.15             2.43              0.81               0.001                 
127               1000000.0     785             20         17.15             2.43              0.81               0.001                 
128               1000000.0     790             20         17.15             2.43              0.81               0.001                 
129               1000000.0     795             20         17.15             2.43              0.81               0.001                 
130               1000000.0     800             20         17.15             2.43              0.81               0.001                 
131               1000000.0     805             20         17.15             2.43              0.81               0.001                 
132               1000000.0     810             20         17.15             2.43              0.81               0.001                 
133               1000000.0     815             20         17.15             2.43              0.81               0.001                 
134               1000000.0     820             20         17.15             2.43              0.81               0.001                 
135               1000000.0     825             20         17.15             2.43              0.81               0.001                 
136               1000000.0     830             20         17.15             2.43              0.81               0.001                 
137               1000000.0     835             20         17.15             2.43              0.81               0.001                 
138               1000000.0     840             20         17.15             2.43              0.81               0.001                 
139               1000000.0     845             20         17.15             2.43              0.81               0.001                 
140               1000000.0     850             20         17.15             2.43              0.81               0.001                 
141               1000000.0     855             20         17.15             2.43              0.81               0.001                 
142               1000000.0     860             20         17.15             2.43              0.81               0.001                 
143               1000000.0     865             20         17.15             2.43              0.81               0.001                 
144               1000000.0     870             20         17.15             2.43              0.81               0.001                 
145               1000000.0     875             20         17.15             2.43              0.81               0.001                 
146               1000000.0     880             20         17.15             2.43              0.81               0.001                 
147               1000000.0     885             20         17.15             2.43              0.81               0.001                 
148               1000000.0     890             20         17.15             2.43              0.81               0.001                 
149               1000000.0     895             20         17.15             2.43              0.81               0.001                 
150               1000000.0     900             20         17.15             2.43              0.81               0.001                 
151               1000000.0     905             20         17.15             2.43              0.81               0.001                 
152               1000000.0     910             20         17.15             2.43              0.81               0.001                 
153               1000000.0     915             20         17.15             2.43              0.81               0.001                 
154               1000000.0     920             20         17.15             2.43              0.81               0.001                 
155               1000000.0     925             20         17.15             2.43              0.81               0.001                 
156               1000000.0     930             20         17.15             2.43              0.81               0.001                 
157               1000000.0     935             20         17.15             2.43              0.81               0.001                 
158               1000000.0     940             20         17.15             2.43              0.81               0.001                 
159               1000000.0     945             20         17.15             2.43              0.81               0.001                 
160               1000000.0     950             20         17.15             2.43              0.81               0.001                 
161               1000000.0     955             20         17.15             2.43              0.81               0.001                 
162               1000000.0     960             20         17.15             2.43              0.81               0.001                 
163               1000000.0     965             20         17.15             2.43              0.81               0.001                 
164               1000000.0     970             20         17.15             2.43              0.81               0.001                 
165               1000000.0     975             20         17.15             2.43              0.81               0.001                 
166               1000000.0     980             20         17.15             2.43              0.81               0.001                 
167               1000000.0     985             20         17.15             2.43              0.81               0.001                 
168               1000000.0     990             20         17.15             2.43              0.81               0.001                 
169               1000000.0     995             20         17.15             2.43              0.81               0.001                 
170               1000000.0     1000            20         17.15             2.43              0.81               0.001                 
171               1000000.0     1005            20         17.15             2.43              0.81               0.001                 
172               1000000.0     1010            20         17.15             2.43              0.81               0.001                 
173               1000000.0     1015            20         17.15             2.43              0.81               0.001                 
174               1000000.0     1020            20         17.15             2.43              0.81               0.001                 
175               1000000.0     1025            20         17.15             2.43              0.81               0.001                 
176               1000000.0     1030            20         17.15             2.43              0.81               0.001                 
177               1000000.0     1035            20         17.15             2.43              0.81               0.001                 
178               1000000.0     1040            20         17.15             2.43              0.81               0.001                 
179               1000000.0     1045            20         17.15             2.43              0.81               0.001                 
180               1000000.0     1050            20         17.15             2.43              0.81               0.001                 
181               1000000.0     1055            20         17.15             2.43              0.81               0.001                 
182               1000000.0     1060            20         17.15             2.43              0.81               0.001                 
183               1000000.0     1065            20         17.15             2.43              0.81               0.001                 
184               1000000.0     1070            20         17.15             2.43              0.81               0.001                 
185               1000000.0     1075            20         17.15             2.43              0.81               0.001                 
186               1000000.0     1080            20         17.15             2.43              0.81               0.001                 
187               1000000.0     1085            20         17.15             2.43              0.81               0.001                 
188               1000000.0     1090            20         17.15             2.43              0.81               0.001                 
189               1000000.0     1095            20         17.15             2.43              0.81               0.001                 
190               1000000.0     1100            20         17.15             2.43              0.81               0.001                 
191               1000000.0     1105            20         17.15             2.43              0.81               0.001                 
192               1000000.0     1110            20         17.15             2.43              0.81               0.001                 
193               1000000.0     1115            20         17.15             2.43              0.81               0.001                 
194               1000000.0     1120            20         17.15             2.43              0.81               0.001                 
195               1000000.0     1125            20         17.15             2.43              0.81               0.001                 
196               1000000.0     1130            20         17.15             2.43              0.81               0.001                 
197               1000000.0     1135            20         17.15             2.43              0.81               0.001                 
198               1000000.0     1140            20         17.15             2.43              0.81               0.001                 
199               1000000.0     1145            20         17.15             2.43              0.81               0.001                 
200               1000000.0     1150            20         17.15             2.43              0.81               0.001                 
201               1000000.0     1155            20         17.15             2.43              0.81               0.001                 
202               1000000.0     1160            20         17.15             2.43              0.81               0.001                 
203               1000000.0     1165            20         17.15             2.43              0.81               0.001                 
204               1000000.0     1170            20         17.15             2.43              0.81               0.001                 
205               1000000.0     1175            20         17.15             2.43              0.81               0.001                 
206               1000000.0     1180            20         17.15             2.43              0.81               0.001                 
207               1000000.0     1185            20         17.15             2.43              0.81               0.001                 
208               1000000.0     1190            20         17.15             2.43              0.81               0.001                 
209               1000000.0     1195            20         17.15             2.43              0.81               0.001                 
210               1000000.0     1200            20         17.15             2.43              0.81               0.001                 
211               1000000.0     1205            20         17.15             2.43              0.81               0.001                 
212               1000000.0     1210            20         17.15             2.43              0.81               0.001                 
213               1000000.0     1215            20         17.15             2.43              0.81               0.001                 
214               1000000.0     1220            20         17.15             2.43              0.81               0.001                 
215               1000000.0     1225            20         17.15             2.43              0.81               0.001                 
216               1000000.0     1230            20         17.15             2.43              0.81               0.001                 
217               1000000.0     1235            20         17.15             2.43              0.81               0.001                 
218               1000000.0     1240            20         17.15             2.43              0.81               0.001                 
219               1000000.0     1245            20         17.15             2.43              0.81               0.001                 
220               1000000.0     1250            20         17.15             2.43              0.81               0.001                 
221               1000000.0     1255            20         17.15             2.43              0.81               0.001                 
222               1000000.0     1260            20         17.15             2.43              0.81               0.001                 
223               1000000.0     1265            20         17.15             2.43              0.81               0.001                 
224               1000000.0     1270            20         17.15             2.43              0.81               0.001                 
225               1000000.0     1275            20         17.15             2.43              0.81               0.001                 
226               1000000.0     1280            20         17.15             2.43              0.81               0.001                 
227               1000000.0     1285            20         17.15             2.43              0.81               0.001                 
228               1000000.0     1290            20         17.15             2.43              0.81               0.001                 
229               1000000.0     1295            20         17.15             2.43              0.81               0.001                 
230               1000000.0     1300            20         17.15             2.43              0.81               0.001                 
231               1000000.0     1305            20         17.15             2.43              0.81               0.001                 
232               1000000.0     1310            20         17.15             2.43              0.81               0.001                 
233               1000000.0     1315            20         17.15             2.43              0.81               0.001                 
234               1000000.0     1320            20         17.15             2.43              0.81               0.001                 
235               1000000.0     1325            20         17.15             2.43              0.81               0.001                 
236               1000000.0     1330            20         17.15             2.43              0.81               0.001                 
237               1000000.0     1335            20         17.15             2.43              0.81               0.001                 
238               1000000.0     1340            20         17.15             2.43              0.81               0.001                 
239               1000000.0     1345            20         17.15             2.43              0.81               0.001                 
240               1000000.0     1350            20         17.15             2.43              0.81               0.001                 
241               1000000.0     1355            20         17.15             2.43              0.81               0.001                 
242               1000000.0     1360            20         17.15             2.43              0.81               0.001                 
243               1000000.0     1365            20         17.15             2.43              0.81               0.001                 
244               1000000.0     1370            20         17.15             2.43              0.81               0.001                 
245               1000000.0     1375            20         17.15             2.43              0.81               0.001                 
246               1000000.0     1380            20         17.15             2.43              0.81               0.001                 
247               1000000.0     1385            20         17.15             2.43              0.81               0.001                 
248               1000000.0     1390            20         17.15             2.43              0.81               0.001                 
249               1000000.0     1395            20         17.15             2.43              0.81               0.001                 
250               1000000.0     1400            20         17.15             2.43              0.81               0.001                 
251               1000000.0     1405            20         17.15             2.43              0.81               0.001                 
252               1000000.0     1410            20         17.15             2.43              0.81               0.001                 
253               1000000.0     1415            20         17.15             2.43              0.81               0.001                 
254               1000000.0     1420            20         17.15             2.43              0.81               0.001                 
255               1000000.0     1425            20         17.15             2.43              0.81               0.001                 
256               1000000.0     1430            20         17.15             2.43              0.81               0.001                 
257               1000000.0     1435            20         17.15             2.43              0.81               0.001                 
258               1000000.0     1440            20         17.15             2.43              0.81               0.001                 
259               1000000.0     1445            20         17.15             2.43              0.81               0.001                 
260               1000000.0     1450            20         17.15             2.43              0.81               0.001                 
261               1000000.0     1455            20         17.15             2.43              0.81               0.001                 
262               1000000.0     1460            20         17.15             2.43              0.81               0.001                 
263               1000000.0     1465            20         17.15             2.43              0.81               0.001                 
264               1000000.0     1470            20         17.15             2.43              0.81               0.001                 
265               1000000.0     1475            20         17.15             2.43              0.81               0.001                 
266               1000000.0     1480            20         17.15             2.43              0.81               0.001                 
267               1000000.0     1485            20         17.15             2.43              0.81               0.001                 
268               1000000.0     1490            20         17.15             2.43              0.81               0.001                 
269               1000000.0     1495            20         17.15             2.43              0.81               0.001                 
270               1000000.0     1500            20         17.15             2.43              0.81               0.001                 
271               1000000.0     1505            20         17.15             2.43              0.81               0.001                 
272               1000000.0     1510            20         17.15             2.43              0.81               0.001                 
273               1000000.0     1515            20         17.15             2.43              0.81               0.001                 
274               1000000.0     1520            20         17.15             2.43              0.81               0.001                 
275               1000000.0     1525            20         17.15             2.43              0.81               0.001                 
276               1000000.0     1530            20         17.15             2.43              0.81               0.001                 
277               1000000.0     1535            20         17.15             2.43              0.81               0.001                 
278               1000000.0     1540            20         17.15             2.43              0.81               0.001                 
279               1000000.0     1545            20         17.15             2.43              0.81               0.001                 
280               1000000.0     1550            20         17.15             2.43              0.81               0.001                 
281               1000000.0     1555            20         17.15             2.43              0.81               0.001                 
282               1000000.0     1560            20         17.15             2.43              0.81               0.001                 
283               1000000.0     1565            20         17.15             2.43              0.81               0.001                 
284               1000000.0     1570            20         17.15             2.43              0.81               0.001                 
285               1000000.0     1575            20         17.15             2.43              0.81               0.001                 
286               1000000.0     1580            20         17.15             2.43              0.81               0.001                 
287               1000000.0     1585            20         17.15             2.43              0.81               0.001                 
288               1000000.0     1590            20         17.15             2.43              0.81               0.001                 
289               1000000.0     1595            20         17.15             2.43              0.81               0.001                 
290               1000000.0     1600            20         17.15             2.43              0.81               0.001                 
291               1000000.0     1605            20         17.15             2.43              0.81               0.001                 
292               1000000.0     1610            20         17.15             2.43              0.81               0.001                 
293               1000000.0     1615            20         17.15             2.43              0.81               0.001                 
294               1000000.0     1620            20         17.15             2.43              0.81               0.001                 
295               1000000.0     1625            20         17.15             2.43              0.81               0.001                 
296               1000000.0     1630            20         17.15             2.43              0.81               0.001                 
297               1000000.0     1635            20         17.15             2.43              0.81               0.001                 
298               1000000.0     1640            20         17.15             2.43              0.81               0.001                 
299               1000000.0     1645            20         17.15             2.43              0.81               0.001                 
300               1000000.0     1650            20         17.15             2.43              0.81               0.001                 
301               1000000.0     1655            20         17.15             2.43              0.81               0.001                 
302               1000000.0     1660            20         17.15             2.43              0.81               0.001                 
303               1000000.0     1665            20         17.15             2.43              0.81               0.001                 
304               1000000.0     1670            20         17.15             2.43              0.81               0.001                 
305               1000000.0     1675            20         17.15             2.43              0.81               0.001                 
306               1000000.0     1680            20         17.15             2.43              0.81               0.001                 
307               1000000.0     1685            20         17.15             2.43              0.81               0.001                 
308               1000000.0     1690            20         17.15             2.43              0.81               0.001                 
309               1000000.0     1695            20         17.15             2.43              0.81               0.001                 
310               1000000.0     1700            20         17.15             2.43              0.81               0.001                 
311               1000000.0     1705            20         17.15             2.43              0.81               0.001                 
312               1000000.0     1710            20         17.15             2.43              0.81               0.001                 
313               1000000.0     1715            20         17.15             2.43              0.81               0.001                 
314               1000000.0     1720            20         17.15             2.43              0.81               0.001                 
315               1000000.0     1725            20         17.15             2.43              0.81               0.001                 
316               1000000.0     1730            20         17.15             2.43              0.81               0.001                 
317               1000000.0     1735            20         17.15             2.43              0.81               0.001                 
318               1000000.0     1740            20         17.15             2.43              0.81               0.001                 
319               1000000.0     1745            20         17.15             2.43              0.81               0.001                 
320               1000000.0     1750            20         17.15             2.43              0.81               0.001                 
321               1000000.0     1755            20         17.15             2.43              0.81               0.001                 
322               1000000.0     1760            20         17.15             2.43              0.81               0.001                 
323               1000000.0     1765            20         17.15             2.43              0.81               0.001                 
324               1000000.0     1770            20         17.15             2.43              0.81               0.001                 
325               1000000.0     1775            20         17.15             2.43              0.81               0.001                 
326               1000000.0     1780            20         17.15             2.43              0.81               0.001                 
327               1000000.0     1785            20         17.15             2.43              0.81               0.001                 
328               1000000.0     1790            20         17.15             2.43              0.81               0.001                 
329               1000000.0     1795            20         17.15             2.43              0.81               0.001                 
330               1000000.0     1800            20         17.15             2.43              0.81               0.001                 
331               1000000.0     1805            20         17.15             2.43              0.81               0.001                 
332               1000000.0     1810            20         17.15             2.43              0.81               0.001                 
333               1000000.0     1815            20         17.15             2.43              0.81               0.001                 
334               1000000.0     1820            20         17.15             2.43              0.81               0.001                 
335               1000000.0     1825            20         17.15             2.43              0.81               0.001                 
336               1000000.0     1830            20         17.15             2.43              0.81               0.001                 
337               1000000.0     1835            20         17.15             2.43              0.81               0.001                 
338               1000000.0     1840            20         17.15             2.43              0.81               0.001                 
339               1000000.0     1845            20         17.15             2.43              0.81               0.001                 
340               1000000.0     1850            20         17.15             2.43              0.81               0.001                 
341               1000000.0     1855            20         17.15             2.43              0.81               0.001                 
342               1000000.0     1860            20         17.15             2.43              0.81               0.001                 
343               1000000.0     1865            20         17.15             2.43              0.81               0.001                 
344               1000000.0     1870            20         17.15             2.43              0.81               0.001                 
345               1000000.0     1875            20         17.15             2.43              0.81               0.001                 
346               1000000.0     1880            20         17.15             2.43              0.81               0.001                 
347               1000000.0     1885            20         17.15             2.43              0.81               0.001                 
348               1000000.0     1890            20         17.15             2.43              0.81               0.001                 
349               1000000.0     1895            20         17.15             2.43              0.81               0.001                 
350               1000000.0     1900            20         17.15             2.43              0.81               0.001                 
351               1000000.0     1905            20         17.15             2.43              0.81               0.001                 
352               1000000.0     1910            20         17.15             2.43              0.81               0.001                 
353               1000000.0     1915            20         17.15             2.43              0.81               0.001                 
354               1000000.0     1920            20         17.15             2.43              0.81               0.001                 
355               1000000.0     1925            20         17.15             2.43              0.81               0.001                 
356               1000000.0     1930            20         17.15             2.43              0.81               0.001                 
357               1000000.0     1935            20         17.15             2.43              0.81               0.001                 
358               1000000.0     1940            20         17.15             2.43              0.81               0.001                 
359               1000000.0     1945            20         17.15             2.43              0.81               0.001                 
360               1000000.0     1950            20         17.15             2.43              0.81               0.001                 
361               1000000.0     1955            20         17.15             2.43              0.81               0.001                 
362               1000000.0     1960            20         17.15             2.43              0.81               0.001                 
363               1000000.0     1965            20         17.15             2.43              0.81               0.001                 
364               1000000.0     1970            20         17.15             2.43              0.81               0.001                 
365               1000000.0     1975            20         17.15             2.43              0.81               0.001                 
366               1000000.0     1980            20         17.15             2.43              0.81               0.001                 
367               1000000.0     1985            20         17.15             2.43              0.81               0.001                 
368               1000000.0     1990            20         17.15             2.43              0.81               0.001                 
369               1000000.0     1995            20         17.15             2.43              0.81               0.001                 
370               1000000.0     2000            20         17.15             2.43              0.81               0.001                 
371               1000000.0     2005            20         17.15             2.43              0.81               0.001                 
372               1000000.0     2010            20         17.15             2.43              0.81               0.001                 
373               1000000.0     2015            20         17.15             2.43              0.81               0.001                 
374               1000000.0     2020            20         17.15             2.43              0.81               0.001                 
375               1000000.0     2025            20         17.15             2.43              0.81               0.001                 
376               1000000.0     2030            20         17.15             2.43              0.81               0.001                 
377               1000000.0     2035            20         17.15             2.43              0.81               0.001                 
378               1000000.0     2040            20         17.15             2.43              0.81               0.001                 
379               1000000.0     2045            20         17.15             2.43              0.81               0.001                 
380               1000000.0     2050            20         17.15             2.43              0.81               0.001                 
381               1000000.0     2055            20         17.15             2.43              0.81               0.001                 
382               1000000.0     2060            20         17.15             2.43              0.81               0.001                 
383               1000000.0     2065            20         17.15             2.43              0.81               0.001                 
384               1000000.0     2070            20         17.15             2.43              0.81               0.001                 
385               1000000.0     2075            20         17.15             2.43              0.81               0.001                 
386               1000000.0     2080            20         17.15             2.43              0.81               0.001                 
387               1000000.0     2085            20         17.15             2.43              0.81               0.001                 
388               1000000.0     2090            20         17.15             2.43              0.81               0.001                 
389               1000000.0     2095            20         17.15             2.43              0.81               0.001                 
390               1000000.0     2100            20         17.15             2.43              0.81               0.001                 
