0.0002054328429556999
-0.00047706448780795795
-0.00021560729828144445
7.11797558634094e-05
-7.485626983718308e-05
-0.00021587018161035735
-0.00044859589250455635
-0.0003807563944060263
0.00017114981473939086
0.00016054009284049476
-0.00036940084470530866
-0.00026445240662547
-0.0001299301847246833
-0.00039900745572600527
0.00028387680889050435
-0.0001583667233851653
-0.0004981074405700196
8.128928115723542e-05
0.0003051073138748279
-0.00021506393239174984
0.0004081835251736899
-0.00015091681349522644
9.082960446521145e-05
0.0004181539739931783
-0.000345551715919766
-0.00030288532303320524
-0.0001236116719989667
-3.611868501400252e-05
0.00037304167493256216
0.00026095525128436853
-0.0003075026523168585
2.7205284377990538e-05
0.00016423437803046097
0.00034230260382992557
-0.0002322584589914116
0.00046153696667315105
-0.0001651236801375372
0.00030501300445379175
-0.00017944822728539192
3.3167766913920786e-05
0.000168070394571886
-0.00026530682171037627
-0.00042627099555682944
-9.119442836932955e-05
-0.0003785935790245938
1.4879077522275469e-06
-0.00011972790090901642
-0.0003964387230924058
0.0002984805713094799
-0.00032645225723344274
0.00018873404545283559
0.0004254860587514479
3.173132028186463e-05
0.0004281868101247428
-0.0001965432120725735
-0.00013221783353556702
0.000481939901571433
-0.0003857497591239286
-8.66755962273369e-05
5.181529215960367e-05
6.848640466013589e-05
-0.0002518371167845399
0.00013013748980519283
-8.700647070599966e-05
-7.75714818662977e-05
-0.00017245078302357864
-0.0002266084581671005
7.728992106966577e-05
0.0004976958383019481
-0.0002027794928791137
-2.7841040568515527e-05
-0.00013330307512219686
-5.844579689336972e-06
-0.00043742343445161036
0.0003581606147564551
0.00031617223749204576
0.0004977148175028569
-0.0002563612348581443
-0.00044289701109964273
-0.0002987518136215062
-0.0004782310339237722
-7.532579994263942e-05
0.0004996077806715242
0.00018236936439678276
4.2045105207739433e-05
-9.844408620932098e-05
0.00044691223025969916
-0.00015337305604739236
-0.0004904572999635244
-0.0002872184157835498
-0.000445991491054863
0.000360151806429647
3.6407239567996645e-05
-4.767906445337923e-05
-0.0004969773577316495
-0.00036422861328800173
-0.000336259367578458
-0.00017001402519522402
4.975452655749308e-05
-0.0003775436255122884
-0.0003266843981889787
-0.000463923639886365
0.0004496170437158719
0.000291079139901687
-0.00021570026570291533
0.00021887639504225456
0.000451180387501566
0.0001507271717444324
-0.00047612245343989435
-0.0001595672184036753
-0.0001983032794980626
0.00011565088952936447
-0.00017652473436849213
-1.953111202985478e-05
0.00015950551552686403
-4.703803981771039e-05
-0.00032793391333504505
0.00028556828682361546
0.000236739849504521
0.00014250666556511716
-1.0075781101054945e-06
0.00011257764510135416
0.00022035526479095824
9.195283628250566e-05
0.0004504605558981593
-6.859987574500546e-05
0.00023521539302108366
-0.00028138738888699755
-0.00031300574727402054
-0.0002307700718713004
0.0004733149689624995
0.0002724858834085329
-0.0004909275831245922
0.00029983403390851295
1.8021700854931608e-05
-0.00032478091049529666
0.00030851906861162316
-0.0004553105890714321
0.0004531934632312411
0.00012420389378474893
-0.00016423161803342867
-0.00022547315695473357
-0.00024861952089099993
0.0003126779555149722
-0.00044102849788469223
0.00014163374591342494
-6.0073938349089896e-05
-0.00011401178182475524
-0.00045086418131957165
0.00029138453242342
-4.1786760171223314e-05
0.00019789635779084722
0.00040978728056082663
0.00011573530979262032
-7.608354631309964e-05
0.00040138328856996757
-0.00033553076122408844
-0.00015103666655197015
0.00020664701236325226
-0.00013837152450188304
0.00015524088983885024
2.8911150337379977e-05
0.00036193403806614546
-0.00012683856427480635
0.0003894197934103294
-8.365954799489353e-05
0.0003074039385878715
0.0001908051857808414
-0.00021967342271495926
-0.00041503195566784266
0.00015652866884824953
1.4141994033789267e-05
0.0001453069123722358
-6.293171124113506e-05
-6.72485021082996e-05
-0.00038852054108040845
-0.00047767805981704004
-0.00012122701180345097
0.00029181171992133967
3.4592226072370415e-05
-0.00020513753736233967
0.00022495967563411414
-0.00037285120731691645
-0.0001730266329477508
-0.0002782832056211536
-0.0001943066262939602
0.0003582251168991385
-0.00025311670809375855
-0.0003316653512241051
-0.00011515575511556532
0.00043761728965706413
0.00019551180496333827
-0.0004531421935503257
-6.578485886984687e-05
0.00010838788047828614
0.000434404524635333
-0.0002688811551937381
7.506936506692101e-05
0.0002570476690963396
-3.810438190463803e-05
0.00014557959220497436
-0.0001376564234827796
0.0004909200664283127
-0.0001339250911118781
3.3842860286132986e-05
-0.00034916079077637705
-0.0001956514102636208
0.00012219628880869515
-0.00018402506130297782
0.00043788192350346325
0.0002540090194292395
-9.613536539853853e-05
0.0004173544300269959
-8.135021022289004e-05
0.00015136414793709202
0.00023714109883001986
0.00046312356610562534
-0.000470911666883424
-0.0004938624412507432
-0.00011706241495517279
0.0002597625187501484
0.00038985972454335814
-0.0004253364393689414
2.436133896461005e-05
0.00025979896164734573
-0.0002700040758472423
4.7172708270441376e-05
0.00029593706032831637
-8.534572335614811e-05
0.0001487417498209257
3.3159388060507284e-05
-0.00036679676716803967
-0.0002544252952149845
0.00011723286575210671
0.0001435432793871486
-0.0001410203262377768
0.00013845446807962767
0.00022524800515611202
4.75941157411379e-05
-0.00023497702262052203
-9.621923321487383e-05
8.787948313395018e-05
0.00022115051677784267
0.000152306751023691
0.0003711161346369533
0.0001880225273145535
0.00042217932690685256
0.00029816800897982797
0.00026173343562826057
0.00014440373581823987
-0.00028907546473017087
9.847870192263171e-05
-0.000446796433286048
0.00036019507323155526
0.00024128372982408508
-0.00014897057237646616
0.0004775703655404823
-5.037743643910187e-05
0.0003439614525130403
0.00041425213074428567
8.931156658047406e-05
-0.0001701482239022346
0.00013403042880255265
-0.00040883916418286623
0.0002150102854542958
0.00014395000271207254
0.0004809822172749205
-0.00043665564369523566
-0.00016933756023291803
-1.4581114266788416e-05
-0.00024075820995013707
0.00035362571013546247
0.00015979449909131146
0.00046719182704539847
0.00031327217502249906
-0.00024895984360220425
0.00030234341538347344
-0.00015541768904336884
6.592687628183117e-05
0.00028901854886927917
-0.0004111337868144509
0.0002941619202990781
-0.00028809446632691537
0.00010399738964427896
0.0002943252362380297
-0.00037972907572606207
-5.633843599900113e-05
-9.681403817286973e-05
-0.00023882925840848404
0.0003418892307993181
9.894172297619179e-05
0.0003196083147456022
-0.0002357628066269383
-4.712672685377138e-05
-0.0004894071181947584
-0.0003803068235955228
0.00048617355193204294
0.0003863082039707896
0.0004286527287785401
-0.00010827468249678484
-0.00037218871370481884
-0.00040452640163950415
-0.00033413311295487426
-0.00047172489541335997
-0.0004043341598506687
0.00044146996344799315
-0.0003360469176269787
-0.0003603105561902133
8.16893112494466e-05
0.00039760750868335175
-0.0004790273404386817
-0.0004106343212681274
-0.0002586359645191656
0.00033792454603483613
-0.0001918357712552056
-0.00042611815547965537
-0.00031722077646927896
0.00022565451672306868
0.00016914203658050637
-0.0002339025368226352
0.0001809529198273217
0.00010230529123907595
-0.0003786456682731823
-0.0004012676112972956
0.0002632497962061619
0.0002524893629068111
0.00016481070712972288
0.00038499229441340437
-0.0004026752459856008
-8.924499514949226e-05
0.0003081819151007092
-0.00023892923448772798
-0.00012148668367231496
8.496829815651244e-05
0.0003229029326267479
-0.00020515362252481996
-0.0003542876462064203
0.00026997770527058653
-0.0002469773114700401
-0.00043135550012685586
0.0003065755615916263
0.0004295241525194848
-5.072747962263569e-05
0.0004504113374482325
0.00039370748688183127
0.0004551836234270003
-0.0002885593220228907
0.0004786736820020566
0.0004834423179590182
-7.888121808673887e-05
0.00020408808658518786
-0.0002953983365608679
-0.0001739415707074372
0.00021768936403356162
-0.00031783333105858745
0.0002545447468458704
0.0002352527427016732
1.5747950024254994e-06
0.0004954854431870174
-0.0003552571713174292
0.00034756073660362164
0.00042741320401930413
-0.00024050388534533105
-0.00026504822707586087
-0.00023234777839599462
0.0004919866758440693
8.126614812424939e-06
-2.3890513170675702e-05
0.00045793488703253565
-3.5932345137104085e-05
0.00045278246416533626
-0.00032470816071536224
-0.00019679033738022832
-5.3978122763684733e-05
0.00012103849841192649
-0.0002017742091378121
0.00011875020798448948
0.00013330231290969356
0.0001317528490750432
-3.6224890996257254e-05
-0.0003702711627204913
-0.0002925194037623187
-0.00034808374595884364
4.893154884639552e-05
0.00042410282788924955
-0.00020410704939502158
7.143083188281885e-05
-0.0002836456475532592
-0.00025349622226134494
-0.00033171849356475346
-0.00043610956460154337
0.0001489780668536702
-2.6175659971835563e-05
0.00015820024478421096
-0.0003319987528703068
-0.00035920875994318745
-9.124184081678988e-05
-0.0001317381433412674
0.00013691793823478258
5.20478139772021e-05
-0.0001283206671243985
-8.248100084884592e-05
-4.472161905596714e-05
-0.00042000758212682544
-0.0002020784239539858
-0.00023811263295802032
0.0001993968802895418
0.00038706332753112136
7.934633348840692e-05
0.00017773269551331155
0.00021552655140719525
-4.17475046207759e-06
-0.00010662788261984324
0.00031387546671796085
-0.0001428992554973899
0.00025879712747351965
0.00013633750881898298
-0.0004243332748353739
-7.038378205009822e-05
-0.00040420453125123866
0.00040284741856980665
-0.00033089466319262195
0.00035050919022287666
-6.015694555185915e-05
0.0004186314827046092
-0.0004067623237166934
0.0003012877488553971
0.0003707020466741089
-0.0004488093679811328
4.633298487428819e-05
-0.00010416643060522633
0.0004404607752504907
9.045217198890834e-05
0.00030571152174675026
-0.00017030556522754824
-0.00026859869637614446
0.000483252736944299
0.00022892437594895093
0.0004897545617189815
0.0003119755450882273
-0.0001743112574805128
-0.0003261000292713688
3.687469384325748e-05
0.0002375949886553397
0.00019591679838902468
0.00027112245517555366
0.0002990631400122851
-0.0003134439308357425
0.0004425387153727538
9.457649531100496e-06
0.000160292886636479
-0.000451394199171562
5.932689854186847e-05
-0.0003206179034345207
0.0003380161601786722
-0.0004406851299800025
0.0003063237098497026
-0.00035863809225460564
-6.0561685249496894e-05
1.047165421179711e-05
0.0004280554638301953
6.209232789833124e-05
-0.00038606143570776256
-0.0002581518312268052
6.359346312930967e-06
-0.00019743640287496434
0.0001705505264303185
0.00041871519646068816
0.0001256966675104638
0.00011118583176959848
-0.0003622681063103369
0.00042738432592886034
0.00041866533183554865
-5.672956171739427e-05
-0.0001307971235092117
-0.00025778283273023884
0.00038869455439988524
-4.707410247746589e-05
-0.00040249906292560045
3.676920100836119e-05
8.738361327421734e-05
0.0004708590464500348
-0.00042235148590226976
0.00024247841705299714
-0.00045575172156762033
-0.00039794298543112015
-0.00020325236502208798
-6.777183655269723e-05
-0.0004969149845579773
-0.0002206299778174168
0.00012680127938122503
0.00046012516013810994
7.479843924657623e-05
0.00046291386170133335
6.414884418816586e-05
-0.0003783982481718141
-0.00043013205805390555
-0.0004204565219752473
-0.00020131065820511238
-0.0001470677171035468
0.00020887540283239805
0.0003584914228220755
-0.00023935080644576313
-0.0004924364387741383
-0.0004576229361848675
-0.00027616581458655965
-6.304382370000614e-05
0.0004027116376956418
0.0002551192236397654
0.00022159927113913724
6.633460200480823e-05
8.0661362140302e-05
8.336853872845595e-05
-6.436267965466593e-05
0.00014335494173715153
-0.0003780004810155118
0.00011668276166075476
-0.0003715824021200195
0.0001823326315186745
-7.31680376418319e-06
0.00019860398127290733
0.00016761290448316136
0.00042478270099861935
-0.00011282341877519943
-0.0002112399089226449
-9.582237140556095e-05
-0.00012901254850264252
0.00043639837043997487
-1.2934175404359801e-05
0.000361057549860138
0.0002048955702049324
-0.00042608743404846716
-0.0004008255815058588
0.0004923207746224366
5.531689907466088e-05
0.0002373884616770791
-0.00033010882330466193
-1.3089579175796335e-05
9.267113332334749e-05
0.00048612224352490756
0.00038640066322636886
0.0002132266826519887
0.0002932119767958951
0.00038782373648749363
-0.00028045499316709134
-0.00023469941001232655
0.00016566084810421466
-5.604920367070299e-05
0.00046882906571751317
0.0003360589425585953
-0.0002018785559824026
-0.0002645812049669723
6.903467425013298e-05
-2.5595763210469217e-05
-9.822128889950979e-05
-0.00016866434750681126
0.00016532905052440213
-0.0002353104032249077
0.00023857480520050802
0.00040472662938862683
0.00017528061484294846
0.0003367495642075031
2.7466227118708142e-05
-5.585839049017437e-05
0.00036380700894224
0.00035930728077603557
-7.196420658242851e-05
9.201488850708666e-05
0.00032497668332946976
0.00010480282042197415
-9.077839472779832e-06
7.552733850676985e-05
-0.00019837615714420374
-0.00014683888692759294
0.0001531515616336127
-0.0002831387328050181
0.00010128315350158837
-0.000330003159548233
6.86121662748587e-05
-0.0002117711913760858
0.00046318311191420136
0.0003955175166530596
-5.0487771558103804e-05
-1.6162217803679347e-05
-0.00018614906630315262
0.00021319184587276262
0.00041545112756249025
-0.0004478041954032094
-0.0001550382985657256
0.0003863900035224239
-0.00025846438417121743
-0.00044526626584286914
0.0003498683170747039
-3.7822929966548665e-05
0.00031136994978099336
-3.1829421742886636e-05
0.000420562278436372
0.00043789455172444085
-5.4575464872968365e-05
-0.00026852689262058394
-0.0004510529180300447
0.0002730255404542163
0.0004944886127258856
-2.701306031333597e-05
-0.00021709352780988734
0.00039767564888694483
-9.612046411437583e-05
0.0003200416980569784
-0.0003541087405711917
7.421093139396598e-05
-0.0004569535282591498
-0.00011050232397932558
7.302008766964956e-06
5.7572120061749154e-05
-0.00024325989884362075
0.00023885202530616646
-0.00019004600750434765
0.00026641458722082164
-0.00035550530502646106
0.0003662966284994544
5.296570787481972e-05
-0.0004735949243022398
-0.0004304747474223206
-0.000322385831818579
-0.00016568825714433587
0.0004993810428382255
-0.0004066007961436586
6.555318439189378e-05
0.00031214185711707213
-0.00031151310836416
0.0004137992156251005
0.00036950985490040217
0.0004224879601182859
-0.00027928688024053016
-0.0002154186448061881
-0.00046822249738587995
-0.0002794315586611894
0.0002206594095315068
-9.121437385322106e-05
0.0003422150528789149
-0.0002689506192505099
4.88430213328358e-05
-0.000258406232383845
3.6665255770539367e-05
0.00047708082314355067
-0.0004315568057454069
-0.000286441700305142
0.00020144154165447053
-0.00013443009095891846
0.00012587407105785057
-0.0003404199426163641
-0.00015838402041786626
0.0003093253913107044
0.00014813290913943532
5.163740825098401e-06
0.0001602202948931715
0.0003922148688460578
-2.9675059330508283e-05
-0.00023161348177414898
0.0004983951633281563
-3.47335836968393e-05
-0.00013491937302155055
-4.239078158535059e-05
0.00011642908292117126
-0.00032808925109187824
0.00017114086711493028
0.00030477855690090854
0.00042708455637255045
-0.0004055241462820968
-0.0003542195020681378
0.0002105972961672307
-0.00033749776734742564
-0.0003967391982662787
-0.0001136788366041831
0.0004591470486256596
0.0001679614499782283
-0.00022626462772083023
-0.0002551687731593455
0.0003566952450319191
7.207965907320764e-05
0.00014589149377618074
-0.0004254845042932982
-0.00010180460087990583
0.0003328813535886121
-0.00041193195283341876
-0.00019155983756717387
0.0003486441661467335
0.0003614442561913784
-0.00043477670513408
1.5979972132413038e-05
-0.00020495114950982242
8.732519494825477e-05
5.795328121550132e-05
0.0003903005522012343
0.00037504336967638665
-9.106468318061459e-06
6.602045007100029e-05
0.0003266806420077806
0.0004558597406288502
-8.692758520172528e-05
0.0003394099901975094
-0.00014933332578773796
-0.0003054900650595065
0.00010968847617977978
0.00011603724666148306
-0.00010700564476625018
0.00026975315422059947
-0.0003851021869321167
0.00027105621663733165
0.00031716549707664363
-0.0002671800932037749
-0.0003316212096128677
-0.0002255079038953447
0.00032620071521325214
-7.255584860619782e-05
-0.0001504088005923404
0.0004195392961776096
0.0002566043705524444
0.00010548289944131261
-0.00033925770201632033
-0.00018451978510617095
1.6356306598547254e-05
-0.00012536503922528763
-0.0004564692473303937
-2.4659866906635787e-05
-0.0001283582525898308
-0.00032683376936529186
-0.0004589024809527814
-0.0002579325586291439
-0.0003776303412382835
-0.00010998701606455076
0.00016347103823779715
0.0002503733077794058
-0.0002948305424955233
0.00027081071568831906
0.0004809141888489424
0.0004452586732882442
-2.2038939171031412e-05
0.00032711367753777184
0.00021956673371052433
0.00041128616209094805
-0.00039405206009394744
-0.00023444963167649693
-0.00010808660311529075
-0.0004292820028253934
0.00020667792639881904
0.00025193427902131223
-0.0002845408137071732
-0.00021304268337322155
-0.00025665831897085114
-0.0001945422864369092
0.0002808903970563895
-0.00028485555393343307
-0.00018334454655785458
5.890193492520397e-05
-9.194253173231749e-05
7.355332330825025e-05
0.00028966669584963025
-0.0002694332286977701
-0.00027682878181367767
0.00019725951762405427
0.00019145132889210196
-0.0004263205041039887
5.220326699686463e-05
-0.000490245952178416
-0.00024220442260190246
-0.0003756398615364335
-0.00016305726500989048
0.00037669858426123387
0.00014016385569119954
-0.00033586034672028876
-0.0003661445681393624
-0.00024897063881244033
-5.506094223730793e-05
0.0004917931459153175
0.0004674427889129227
0.00039762141207477027
-0.0002552930564804241
-0.00011854949952837691
-0.0001542036805128524
0.00035589626447976683
-0.0001849576837529665
0.00026930571356029284
0.00010858750568246167
-0.00041968836650380873
-0.00038876007286989625
0.00016033215369033694
-0.0003391603548751718
0.0003069178334406369
0.0001421365607825834
-0.0004443634356282157
-0.0003121863702802098
-0.00024156678786566412
0.00019267591123264555
0.00016005178106678496
3.493909803151368e-05
0.0003522901366431249
0.0002419753080940885
-0.00017685531560136716
0.0002510213738363328
-2.992999341892323e-05
-0.00029073670001178746
-0.00023045524012423767
0.00047226247211792243
0.00020129736017802707
0.0002101206349588529
0.0001424573239993753
-0.00021542707694798756
0.0004411171664442037
0.00031288486771043555
-0.00037828610117751773
-7.568538033918471e-05
0.0002794945704865708
0.00037277526235439027
0.00020841333814200535
-0.0003526099314605846
-3.712239667958881e-06
0.0002840000721549844
2.6601905875618995e-05
0.0003608410162912612
0.0003773979142931142
9.1828053945833e-05
-0.0004289971523919468
-6.806575276515606e-05
0.00010157615929486444
-0.00039729367929842855
-0.00046561363360636467
-0.00048652069121208556
-0.00014347605981125325
0.0004368773581273213
0.0004221309207451388
-5.132682083678074e-05
0.00024025147781315517
0.000275908378402752
0.00045244096429356495
-0.0004684476060839642
-0.0003011709063461099
0.0002859385430668811
0.0004774687217945822
-0.00030696516074497427
0.0002016947742985261
-0.00034668836727793284
0.00037191673688178445
-0.00029380374026157516
-0.00030996358114650447
-9.376381875700026e-05
-0.0003831132922444388
-0.0003177561343026015
-0.00021660306130002636
0.0004029418986874324
-2.9981019204213682e-05
0.0003034960252382031
1.1501918395171785e-05
0.00013138023811879872
0.00015975485476421168
-8.176752437613432e-05
0.00043042323807965146
0.00043946401399792845
-0.00010289342214453125
-3.0069432304717604e-06
-8.708945048481589e-05
-0.00028350322201402
0.00010987499691277774
0.0002408840908775672
0.0004941016386555747
-0.00028461204655564785
-0.0003470767171806175
0.00044855853329713296
-0.00029824273583948016
-0.00022577763924719807
0.00010266197855535826
0.0004509969264781372
-0.0001894063138383463
0.00043621734986661195
-0.00038517554196764294
0.00016883424197986386
-0.00023598299088058638
-7.026595503847253e-05
0.0004495442202452556
-0.0002691637116347588
-0.00013168774511138504
0.0003726861483792012
0.00019357180922203988
-7.288254164379673e-05
0.0003362508150671472
-5.4561319980877415e-05
-0.0003847672330867683
-0.00033755715173529896
0.00031329263678702866
0.00010364529266114638
-1.2086376184616192e-05
-0.0003207167980137746
0.000471652269120089
0.00031281852205096905
-5.8887414054175204e-05
-0.00048667782657678226
-0.00015097472056634656
-0.00012197654679760983
-0.00015541510567904603
-9.928033626485633e-05
0.0004941239980047363
-4.7318859938817336e-05
-6.004069296915317e-05
-0.0002443176027562227
-0.00015981532859173477
0.0001020680969171621
0.0002858274318047381
0.0004792103930075233
0.00012690510961870535
0.00048764267503891056
4.3856689984664234e-05
-3.804506449630549e-05
-0.00014860675558351044
0.0002654410796677177
0.000377700582472301
-0.00035115824510448094
4.47831877839343e-05
-0.00035173244125339623
0.0003657755146447751
-0.0003212355177503698
0.0004166291825882173
0.00032545970447642376
-0.0002201279004933675
7.10675559059316e-05
-0.00014361085044681834
0.00031138529542364677
0.000294242246198248
0.00018149890071880086
0.00017902681588229346
-0.00017097408360430258
-8.924834877349988e-05
-6.053425334232612e-05
-0.00018191181364616562
-0.00017265460514668174
0.00027383002511933085
-0.0002069467884078633
-0.0004913753578007929
0.00035495438107715355
-0.00044795789716393176
0.0002935194737261527
-5.248163701134255e-05
-9.189419207805872e-05
-0.0002230123289164726
0.00013531635146886748
-0.000377844572648218
-0.00010449977788006925
-0.0002543326317294741
0.0003239055892834535
-0.0003359985270860382
8.909859959570221e-05
0.0003209305290115261
-0.00011532354304596157
-4.2413081838819076e-05
8.991081596141975e-05
8.397721171809016e-05
-0.0002329342002644842
-0.00026430434436613715
0.00039353891271069394
0.00016095178449052668
0.0003374747808123226
-0.00033989858018538654
0.0003250051764693134
-0.00010887671960823232
-0.0003579488047546751
-0.0004765677054762201
0.0003262805589557098
0.00025192050120560717
0.00010738805601264833
-6.280825612539745e-05
-0.00036843626670770755
-0.00014562031271461305
3.7461858591890645e-05
-8.885362276857457e-05
0.00022162815891034926
-0.00029805776923723403
-0.00011369507224195106
0.0001796123450216263
0.0004437604792486465
0.0002603043565083277
0.00013204838830935153
0.00016505626152490212
0.00021823079050853897
-0.00015426549526229862
0.00046776738486906545
-0.00010936958282502587
-0.0004587486201296246
0.00047739790192890055
0.0003871955525068052
-0.0003471719111761961
0.000332507112525053
0.00041369919302679096
-0.0003971335218022013
-0.00044592843466607327
0.0004254049669604077
-0.00015978473862730857
-0.00016777887822051328
0.0002810343992958131
-0.0002661040003118986
0.00020068885387422618
-0.0004358369793295193
