7.966136144812043e-05
1.7894678558967765e-05
0.0002548812290517899
0.00011410256652901916
-0.00030868779000701476
-0.00042372331646232096
-0.0002325570157713709
0.00017844114012936752
-0.0003929840873147457
0.00021480205219785384
0.0003789057301453447
-0.0002718178606810629
-0.00035630325525095306
-8.821702006896138e-05
-0.0004561458112446202
0.0002785625855336631
-0.00034850099125972834
0.0003319987293371511
-0.00022639702678289755
-0.00013964052913793059
0.0004172952918223763
0.0004181597622742129
-0.00015915257966383703
-0.00014204338228709804
0.00028159928778457807
-0.00020735424335254025
0.00040368215964605
0.00035474200629318116
3.776748553414129e-05
0.00015927585284205344
-0.00017016111087942288
-0.00023316223312659412
0.0002535487298498553
0.0004505270696660346
-0.0003365560936011678
-0.00023828952367801326
0.0004477588922375675
0.0004230283324000005
0.00042000492028687034
-0.00023532687437578158
0.0004576767148290157
-0.00048644582719835285
0.0002202357293683621
0.00024990894793439696
-0.0004137258757105662
-0.00019606078581530618
-0.00018159104989288712
0.00040786609318285813
-0.0003309535828131295
-0.00046272215196633095
-0.00034003291183715823
-0.00010286993173892701
-0.0004983941756823
-0.0002498296251975447
0.0002662074480966189
0.0002503345922859327
0.0002959609922469998
0.00031281137156494014
-0.0003692775395572462
9.962769924637871e-05
0.00018761639020879912
0.00026325794301526096
0.0002012066394514227
0.0001593598877169636
0.00028054446373249715
0.00029632766510314626
-0.0002717892887350679
-1.8768731160923046e-05
0.0001380100886470446
-0.0002780088289319083
0.0002478739523367791
0.00026310731815855815
-0.00032795282886671914
0.00021919830032381506
-0.0003380986097467416
0.00038526090613758804
0.0004371228330859963
0.00014032742399224007
-0.0004557904684768821
-0.00029450086108071693
-0.0002066061935189434
1.2914373264350573e-05
4.879371913206639e-05
0.00019585115256015877
0.0003515325836430767
0.0002958843303531042
0.0003317284776430774
-2.911486637146145e-05
-5.65621612092273e-05
0.00012340020257398446
-0.0002470267665175784
0.0004913392528986438
5.66953794440292e-05
-0.00015447265638989394
-0.0004435306733850023
-0.00015771666389626638
-0.0004544559088849884
-0.0003364445097223665
-4.866858035441234e-05
-0.0001435466577745671
-0.00019988022114235203
-0.0004229760390362198
0.00040189265417327343
-0.00022863603455452363
0.00031977791133849787
-8.60853261716328e-05
-0.00012592379706965795
1.9117598602637537e-05
0.000105479775030172
-0.0004346732028020412
-0.0002929588366108549
-0.00021218736390040739
-0.00023991314553278343
0.00040490241012297167
0.0001008307979743719
0.0002599419714014895
-0.0003185144894306925
-0.0003456620630199247
-7.220512221206663e-05
2.857068831473486e-05
0.0002286458916239012
-0.00014422022516471258
0.0001913436141656509
0.0004620427251460375
1.582194208657483e-05
-0.000310700301369799
-0.00040509116976116314
0.00019821815547963818
0.00027268062561859976
-4.057276147095026e-05
-2.2649088565235515e-05
-0.0002578825523685211
0.000476875142921999
-0.000353072363393555
-0.00039804818109725315
0.00045337713545790654
0.0001066911977165891
-6.803317491848351e-05
-0.00047328891575106215
-0.00011836261694498463
0.000333196450845727
-0.000293506045595582
0.00013270100919061283
4.7017667184455904e-05
1.8695311295389744e-05
0.0003286077698081211
0.00016615195127492343
0.00011750382315352053
0.00042376927325066325
7.779906366528857e-05
-4.1152088019217215e-05
0.00010779452737104151
-0.00035916545771182205
-0.000468924229392644
0.00047566130996726664
-0.00016479735933794628
0.00030831485859258425
-0.00025250410548264803
-6.669895375051717e-06
0.00018141111555475622
-4.7954079821571616e-05
0.00010875127336145167
0.00014585568758941018
0.0003778462391932888
-0.0004236037858933269
-0.00048456602858810874
0.0004154766298864311
0.00045452926128253647
1.662780694301942e-05
-0.00012923317806529756
0.00017597690317374217
0.00015163325769220544
-0.00031283951211981723
-0.0003762475027443735
0.00024191345158938347
-0.00023902357657081588
9.95221018518451e-05
-0.00048162682801164127
0.0003219135047402307
-0.00012646619296236748
-0.0003164646457779259
-0.0003932863985135451
0.0002555778012173929
-0.0004874679672425859
-0.00014988710058221521
0.00017510586029210605
0.0004346937304024014
0.0003389452948048024
0.0002932782197868681
0.0004822884123497184
0.0002539836916514032
0.00031725193162187985
0.0004470735773328769
0.00025565775954700456
5.251573073970957e-05
-0.00023730969076290564
0.00018063746482279016
0.0002740043630601838
-0.00046685244684880646
-0.00029029742243578185
0.0004168013256814324
-0.0003610515832671988
-0.00015599701147004622
0.00039624531846617914
-9.836271958046526e-05
-0.00027339452757732866
2.0628748522117627e-05
0.0002513630659951939
-0.00022076638335210332
-0.0004932743556442707
0.0002081230819579046
0.00013737931976895998
0.00048705092272885377
-4.028927384323199e-05
-0.0004324461323630403
0.0003015963915851957
-0.00022996542655032983
0.00018926032904955086
5.969055655388592e-06
-8.575599249503995e-05
0.00022418068272448473
-0.0004244915879903978
-0.0001996691963007983
-0.00026716154994058485
-0.0001361370849623227
-8.166388248190303e-05
-0.00024764459663042913
0.00011177187093602532
0.0002789541843314767
-0.00044773783828800376
2.7812931034764256e-05
-0.00017617739986428894
-1.3781070947720879e-05
0.0003850751497579551
-4.6953518428222846e-05
-0.00043553048328798407
0.0002378733828168957
0.0004787081835620204
8.577070089195015e-05
0.00017690914080378654
-1.7983397341153748e-05
0.0002652475688553022
0.00012861857281743763
0.0003223768707959969
0.00014454844491886964
-0.00021214432480012359
-1.9679887321897096e-05
-0.000270386413900784
0.0004890990247907278
-0.00029652609085161993
-4.439263291414517e-05
0.00045438506361834385
-0.0004883044085387814
0.00014761178335799638
0.00032962388959620033
0.00043861065689750794
-0.0004985498474555418
0.00017377598922904767
-0.00044503806429416627
7.73717425620737e-05
0.00044395794988140143
0.0004136151341016668
-0.0003370724296246865
1.6202537853318732e-05
0.0001921705464822444
-0.00046476110920591585
-0.00024258061341068726
0.00021913618048822515
-0.00012633491132549226
0.00047747657691869934
-0.0004688606364601898
-0.00012390268601426558
0.0001617553952437601
-0.000458321479805821
-3.925409190824779e-06
-0.00041604710862875704
0.00011995341632836025
0.00011662014330491145
-0.00027538815717127973
-0.00031591460238026073
-0.00012378354373835434
0.0003527569920263987
-8.554262750069266e-05
0.0003317600412619182
-0.0004006103759548262
-0.00022949488002070687
0.0002261277129405458
0.00011663977021627767
-0.00042829553554998156
0.00022673956208869297
-0.00012681580606195108
-0.00046158684644338613
0.0002728545237839368
0.00023411786746265937
0.00045333017284806816
9.837776363767954e-05
0.00021044008542013255
-0.00022131185799650942
9.652437711272078e-05
-0.00021119229378886782
-0.0003622128274221282
0.0002587454803570459
-0.00041339308274607666
0.00020402773381050505
0.00043401828058403245
-0.0003102481925821946
-2.1904474376246183e-05
-0.00018987709054381
-0.0002375134908204828
5.37158518396693e-05
-0.00036117623801392964
-3.102553795074147e-05
0.0004270931235648731
0.00022009721568814838
0.0002446464323064691
-0.0003870950114184734
0.00019348641362010712
0.0004961498579099781
-0.0003188487304740754
-7.9470483582316e-06
-0.000147452303452809
-0.00040131886408297944
0.0003542681005760935
-0.0002554724316244028
-0.0002784755001906975
-0.00047779956668615655
-9.779153000466923e-05
-0.00020463668640063106
0.00038208702784206516
-0.0004455122574027108
0.00025064157505534006
-0.00019991386519808665
0.00036448403728689285
-0.00046136560246239723
-0.000448173901364888
0.0001718637121698774
-8.863823809568671e-05
-0.0001062098172077043
-0.00022860085992506797
-0.0004249239739211045
0.00022196199627622863
0.0003848617655840879
0.00022588136333013436
-0.00025731279877953437
5.4474416383908466e-05
-0.00037969772991650606
4.760144288735177e-05
0.0001343961882569587
0.00028878324616820954
1.3562914559593913e-05
0.00013183769143888574
0.00036404810080297866
0.0001664850551617961
5.982175764278851e-05
-2.9130234960011016e-05
-0.00034878538984899
0.0004967184295864889
-0.00014041415025881478
0.00023600820867447202
-0.0004962190475461297
0.00035596015576352816
4.919591591154098e-05
-6.6586852735156564e-06
-0.00015430380389835994
0.00033561578820219464
-0.0003070360775872545
0.00033985517823868056
3.629694755172123e-06
-4.5899621852928975e-05
-0.00010401801898664179
-0.00043890830329568556
-0.00012059857691200848
0.0001932776647558639
-0.00018093157006586372
0.00043434468583039066
0.00032816718619399987
0.00013923915882317617
0.00046458179227636923
0.00026798912640978645
-0.00028839561921458715
0.0003618389603459299
0.00044271566693891565
-0.0004977080828793209
-0.00010240515650917283
0.0002909702078260078
0.00020483865856500694
-2.8293139539400144e-05
0.0004887099247838109
-0.0003995136240553958
-0.00023703672663055806
0.00010182944543751348
-2.256894847081116e-05
-7.477816267116832e-05
-0.0002800347335230331
-0.0001209351909366683
-0.00013539870517319366
-0.00015773173390097952
5.7118392033089034e-05
-0.00032537582834148246
-0.0002850498498738549
-0.0004237381698736064
0.00021784546327823667
0.00046373183614377
-0.00028468633589640057
-0.00012108658032016905
-0.00036150796365349246
0.00030728348800605895
1.7792182902711296e-05
-0.00013265932732299757
0.000450803951181717
0.00033314326444173613
-4.175612490838821e-05
-0.00017634123585573148
-0.00047031645026490487
0.00047214266920229465
-5.43566090519607e-05
9.915531940037005e-05
-0.00011278911008858752
2.6108487771508786e-05
0.00027394694692586634
0.00011613531284980624
-0.0004629404950815508
-7.065533272569523e-05
0.0003403733018695926
1.9898286616040978e-05
-0.0003216705038433876
-0.0002724936386684517
-0.00033342234556334605
0.00019883354863445626
-4.47614086328515e-05
0.0002213885293894046
0.00017654281014833884
8.100093836479181e-05
0.0004116225418111701
-8.557371627368639e-05
0.0001290270244970335
-0.00030899144391172384
-0.0001354486943273996
2.441872660367936e-05
0.00031688619709153043
-0.00048797705134970303
-0.00029434989258859316
0.00014036884085113339
0.00032893057607968944
-0.00031885518036986894
0.00013839356017426776
-2.7977003706015848e-05
-0.0004524613159952472
7.280835989452016e-05
-8.063476703664405e-05
0.0002015567635393436
-0.0003639239922955342
0.00043249044826592167
-3.117942714659917e-05
-0.00010493594659410942
-0.00018366609037423997
0.00011733760509768053
-0.00042384785984461026
6.115285293703066e-05
-0.000354531130674671
-0.0004989021761961982
0.0004268993299375003
-3.061584549506768e-05
-0.0002153074678994742
0.0004645102986456076
-0.0004561456556065767
-0.0003142974849298903
0.0004317946833927532
0.0004835485298114767
0.00028110358711984915
0.00040885316145856433
-0.00040406214962257226
-6.22519647923655e-05
-0.00013027387562328642
0.00039611388781828256
0.0003667175944544311
0.0002419917000584575
0.00034080455640945616
-0.00029739517519396187
0.000248038288715722
9.26340525482319e-05
0.000395643985044306
-0.0002907472829477371
-0.0002759699933547324
-0.00042768436422090594
0.00011650339996040183
-0.0003222825218729907
-0.00043943041837525034
0.00043493913597725524
0.0002403880978749148
0.00028719378202833417
-5.080303150744068e-05
-0.00014872690732353224
0.0004460977228611583
-0.0004899209613275468
0.0002174835338665845
-0.00043596996626789575
-0.0004112599272823755
-0.0003688344227853799
0.00037726985740037255
0.0004734168130800711
-0.0002518357285311552
-0.0004816872836084929
0.0004892694730638768
0.0004410485565157138
-0.0004103967441949892
8.912004574895707e-05
-0.00032910640819128857
0.00018485550948783792
0.0002957363493005298
-0.00047747771496323875
-0.00019873522683510882
0.00026141658397834994
0.0002673087534324659
-0.00040810807758241176
-4.4770438206231955e-05
0.00043476094651811667
0.0004528239754130486
0.0003192200716542197
-0.00032664557740924496
0.00011087443813608813
0.0004857266138771784
0.00041667827749624167
0.0003424878641795757
0.00026238634543471976
-4.797503500590173e-05
0.00025190623404816527
-0.00018452406377259656
-0.000295858716245064
-1.9161281630026064e-05
6.44296017832238e-05
-0.00018327920441342304
0.00011934941374031267
-0.00031563796258734947
0.0001491809710258648
-0.0002377426176300216
8.909996721537174e-05
-0.0003087110792154762
-0.00011121906104996594
-2.385546027872744e-05
-4.419936885150601e-05
0.00048581561250679627
0.00024004720774122338
0.0004440027391477265
0.0003495821508531582
-0.00038446528724669617
-6.012485001996213e-05
-0.0002349836713118926
-0.00020096065730793077
0.0004544283376572715
2.5813972230597643e-06
-0.0004983172229496995
-0.0002598924886067039
0.0004596501572670949
-5.660116590184037e-05
0.00041336952951553105
-0.0004423992484765502
-0.00039523243944626754
-0.00018747772976395496
-1.1076747414745492e-05
0.00040566940297096996
-0.00031846973402967004
0.00019771723928905616
0.00045327508467260817
0.00014151268459491526
-0.0001525582200845772
-0.0003773363809833327
-0.00030920891285122663
0.00013000394089331623
-0.00045366443860146477
-0.000402948359738837
8.354728778184957e-06
4.1698526663502366e-05
7.730817419183945e-05
-0.0004834840000697217
-8.775177434112557e-05
0.0004237221939456423
-0.00016932709942228273
0.00023963786539084677
0.0003371155115076439
0.00012746327481553054
0.0003012084897526069
0.0004316667000991857
-0.00014151269481277052
0.0002345720947134007
0.00025218374627359826
0.0002783216166511406
-0.00013327128292262258
0.0001362310360168155
-0.00018393607957986347
-0.0003709680514639703
-0.0003131886407898173
0.0002843797244972059
0.0003476781233362048
0.0001927830931851964
0.0004557791129047988
0.0003825295139575119
0.00046744617299079915
0.00015833588913274747
-0.0004734418148886783
0.00024078353390730037
-0.0003583050713281586
-0.00016192341210889948
-0.00043792018032938175
-9.367613392770389e-05
-0.0002087888163693795
-0.00018013894595618273
-2.8759571329680994e-05
-0.00025105894643887884
-0.00047918349471687597
-2.892095099860071e-05
-0.000496548713036243
-0.0004047027085906977
-0.0001278856449194573
-0.00011657043113996393
-0.0003992767808831115
-0.0003097337708389245
-0.0003233841876192194
-0.00031477126321373394
5.7869239821421075e-05
0.0003720226083641958
0.0001049479355735122
0.0001750010568546881
0.00040376908080133687
-0.00029038432278849903
-0.00024243431216666988
-0.0004018592813861354
-0.00018716810300185903
-0.00035632487480267603
0.0004443081392535884
0.00014469016963634192
0.0003273513381467305
0.00021743810997367234
-0.000466394232249965
-0.000124699043305075
0.0002903594649278202
0.00034176299860971804
0.0003029936670125281
-0.00028361403504839324
0.0003409785542004502
-0.0003237244943617336
0.0004989653482008296
-0.0004932123177622768
0.00019013729652047197
-0.00046169397321077455
-0.00023131553306081343
0.00023619283185202225
0.00011227780152937242
0.00018861642288303573
0.0004836781429621961
-0.00027848413417229975
0.00022324122811647005
-0.00031894661601886414
-0.0001880110139304516
-0.00029640158015844034
0.000323836386713359
1.4621930465156022e-05
0.00017038955907504717
0.00022944161359360056
-5.2694989871306065e-05
-0.0002419800149778881
-0.0004897526495130589
-0.00029624233855434065
0.0003387658602082305
5.8515505249628354e-05
0.0002557068866199634
0.0001393613176043203
-0.0001464663096888118
0.0002750723071476772
-0.0003705777806900281
0.0003180070363232001
-0.0003077245740787863
-0.00027887364311407904
0.00013559156475958449
-0.00034596334898336745
0.00045655554628223807
-0.0001250949178292189
-4.022967832773938e-05
-0.0004738490890629147
0.00038980809674152804
-0.00041082050002364234
-0.00045598298506303024
0.00044906177276105236
-0.0002070616856286445
0.0002217857597281547
0.000459228424913152
-0.0002874781600301153
0.00016390473468462876
0.00046984511457927715
0.00028497253306302686
0.00027052717673128977
-0.00024084099328309838
-0.00036677541137463136
-0.0004405236007727421
0.0004883506146768702
0.00029960745204915215
4.046040418804867e-06
0.00037606179920812786
0.00029924424840943327
-0.000170797696810169
-0.00023334492728060508
-0.00019699819013672905
-0.0004494217047899198
-0.0003932725574381818
0.0001129219603739288
0.00040647387554120656
-5.687609582847751e-05
-0.00013209186927495663
-0.000262759166378886
0.0002014679047772839
-1.688130880266004e-05
-0.00022726757989232163
5.419812362337942e-05
2.4431855106112435e-05
-0.00016871263037381766
-0.0002224825602584107
0.00042539260520648326
0.0003378092548007363
5.326183358737022e-05
-9.579524623433932e-05
-0.0004433674212194253
0.0001697688358357906
-0.00024022914338307566
9.659635553306025e-05
-2.74541035985283e-06
-1.5853566323012383e-05
-0.0004643408352188254
-3.416713911946767e-05
-0.0004038546454724947
0.00013915716286840019
-0.0002718306479401845
0.00014961845505314275
0.0001385164023311597
-0.0002661546368993577
-1.865058949603092e-05
-0.00020330651075435146
6.637620429117788e-06
-0.0004725225249226255
2.6067907054446913e-05
3.386461702744627e-05
-0.00013524141382684652
-0.0002969737589917272
6.360294484994921e-05
0.00031843329523290954
-0.00030750813705121625
-0.00013769587375616233
0.00017477581311478065
0.00013751532351002926
-0.00028432833904335993
5.081675667858456e-05
-0.00046379187871108433
0.0004911778214015388
8.813116148114993e-05
0.0003054479881609315
0.0004694590065126642
-0.00018279928503840595
0.0004849185694226017
-0.00016702423443257762
-0.00031404550463203266
0.00031123682391676825
0.00021817990760148798
-0.0002881859644001108
-4.3545055377163335e-05
-0.0003398836270401256
-0.00027312093390137416
0.0004342258104403031
-0.0002019902864951543
0.0003219053121735553
0.00032197602855384383
-0.00030579007169409566
0.00017519386968043696
0.00021092518983465672
-2.0739049229599922e-05
-0.00025696718940948916
-0.0002442115281224296
0.0001135496841840961
0.0001641442519449874
0.0003589640990696697
-0.00038581468832235376
0.00046745516014502244
-0.0003449406079173745
-0.00028860899977880953
-0.00031864368401155504
0.00021176929650161026
3.211911470234739e-05
0.00029850754865357856
2.204654003755814e-05
-0.0004626893857552511
0.0001732861513309798
8.372321866750008e-05
0.00032838862138319543
-0.00028679081710918477
0.0004382012704272065
3.0333341169670757e-05
-0.00021907067998790689
-2.4671272396481925e-05
-0.0002526101662158615
-0.00011919427746338287
-0.0002500429169370839
0.00036883286710828137
-0.0001333312668606075
-0.00039778896129462663
5.6302207680183425e-05
-0.00014731000815459126
-0.0003085271717781998
-0.0003025635297223701
0.0001920544046464551
-0.00041727550337052245
4.113813992274551e-05
0.00017329343028864438
0.00043176923356844077
0.00047858726513999345
0.00033293949293084716
0.00022253872739688588
0.00043971287351191784
0.00012968242759519872
-0.0001891644496061601
-0.00030901553319364597
-0.0002707040495662901
-0.00037339166991371076
-0.0002921288673555201
0.0002508384891200538
-0.0003003152064281789
0.0003862143759882315
-2.5341750352642393e-05
-0.00042189486965677625
6.869094026700254e-05
-0.00047488062143308376
-0.0003716127433829297
-0.000284490817271761
0.0003339425193067502
-0.00046431056512480617
-0.0004146277631668033
-0.00016274515284526558
0.00020720860935850328
0.00021179482086934197
-5.1264614536601486e-05
-7.143878337786204e-05
-0.00022241613638718737
-0.00021280997199310113
0.00016338742709666823
0.00016293818300341153
-0.00016545299554432836
-0.00035830769388597763
-0.0003404369682672638
0.0002810298011219893
3.7831988499751994e-05
-0.0003146029496290235
-0.00023200372713705255
-0.00024468411213089816
-0.00033437594679163374
0.00021490661052074155
-0.0002215412800128115
-4.380556550267654e-05
0.00028662464390900183
3.825365530483592e-05
0.0004926023770268075
0.0004667557517718425
-0.00042867830980117337
-0.0002665338389880339
7.078864015270961e-05
0.00042455444598703
0.00048107998423457506
0.00037004576927948684
0.00033017339065498493
-0.000355638787857782
-0.00013136099968460638
6.510592908177211e-05
-1.0892634109235366e-05
0.000427553391254789
0.00046516244399377347
-7.767820721569406e-05
0.0001562629442197316
-0.0004805530148736037
6.781390469676489e-05
-0.0002860552638624561
0.0002624575659443657
-0.0003800258728620603
1.928702191059009e-05
-0.0004710843482659194
-0.00012164005566620408
0.00022334688046340154
-4.7143807925866595e-05
0.00033264172997785133
0.0003649578083298353
-0.00015017865201701178
0.00013339029843523794
-0.00011783431221616756
-0.0003759574340639016
0.0003336695889015088
-5.9427243203281975e-05
-0.0003670344853564276
0.00039991625350127113
0.00019537838318966095
-0.00022408594644075455
-0.00039144168110968945
-0.00038598538558545315
6.520561470846841e-05
-0.0004031817978892086
-4.274089194776108e-05
-0.00019367237679591498
-8.925387903624637e-05
-0.00036187111457867884
0.00028867004311121565
-0.0003998975613592801
-0.000318412887144129
0.00038548218539282287
-0.00012171401484291166
-0.0004584913952859038
-0.0001038912125836582
0.00018585864416008856
0.00016897548025272032
5.6351637907748925e-05
0.00012396675877313047
-0.00021251595765738875
0.00015405967262803542
-0.00045163233132946835
0.00019627423686496847
0.00033774305921560805
0.0003036294902510619
9.650415375670558e-05
-0.0001552258737247656
0.00016396831839834058
-0.0004761044173875776
0.00021199979428782815
-0.0002870200684439528
0.0002531919846042572
-6.167719094140201e-05
-0.0004656257640821977
0.00042150566791483376
0.0004494415021318273
0.00043116716481818437
0.00022379210430146005
0.000204622032821136
5.466836558339538e-05
0.000453568531129691
-1.021058639409547e-06
0.0002755290760895878
0.00039689450041757333
0.0003682509640675607
0.00026851443588671894
-0.0002481040206183075
0.0004971635132238572
-2.811719866087516e-05
8.584856469637779e-05
-0.00024771301289086025
-0.0003790323103925659
-1.0169670914509797e-05
8.45643512244462e-05
-0.00015274258890129788
3.9436039890623905e-06
-0.00018062473718363027
5.805367697397901e-05
0.00037723934664966787
-0.0004494170201494262
-0.0004468448561653825
-6.378802947885155e-05
0.0003852029254974462
-9.010308382504219e-05
0.0001228877375933805
-2.422280562302604e-05
-0.00028837691992844973
-0.0004668043479451132
-0.00014507986296148845
0.00029071705553669256
-3.664233597546482e-05
-0.00015801841696591113
0.0003707384698646495
0.00035206182633070664
0.00045530997391051353
-0.0004180252646241556
0.00022546261739166443
0.00046506313724268915
9.02914145134489e-05
-0.0004967414313122926
0.0004532092953380024
0.00019426779563889334
0.00031703053407889726
0.0003672146346509768
0.00012356039628363188
0.00021094030549876274
0.00022264442750244038
-0.00013949252972672886
2.8604213507470925e-05
-0.0002418765745363468
0.00021484214767941733
0.0004933246731305598
0.0003028161801491494
-0.00038839480575463545
0.00033183165610528446
-0.00047783115415787013
0.0002266762891318762
-0.00047451773182563697
-0.0003826676153728425
-0.00021375986774602694
0.0004428509425887688
-3.5272438985260236e-05
-0.0002576264780971892
0.0003615350383928852
0.0002436820160252411
