0.0012768640228732198
0.0002579235002908753
-0.0023283122519803636
0.0016507775149599288
-0.00011802130013261521
-0.0016715371193266736
0.001165456081460627
0.0011005303377907474
0.0005951065166330902
0.0026019255410450505
-0.0027927703996593616
-0.002617559309994645
-0.0022639483020805077
-0.0015652142707070409
-7.891602079811199e-05
-0.0007371543525067654
0.00021111316942339867
-0.002279772657474671
-0.0009833852252101555
-0.0027005065957831594
-0.0019621948837167387
-0.0004329071609347353
-0.0005196344732094496
-0.001741601090304307
-0.0007074894129392014
-0.0007978613387945722
0.0013999814077621485
0.002259518503301871
0.0022221304084339083
-0.002834013313167359
0.0028565800375646606
-0.00033100837374627854
-0.001595790023645208
0.0008135437729086029
0.0027153791763287983
-0.0008258892259107014
0.000294163855521618
0.002484608858649663
-0.00044456749163781367
-0.0018359269760041775
-0.0023981622844413287
-0.002495482195030451
0.0007469998267632394
0.0011235945635489943
-0.0021524918037290996
-0.0011547162223211524
9.057035593138798e-05
-0.0001750439716676484
-0.0028236594622143524
-0.0017591765629123082
0.0010553918756890787
0.002654916553681206
-0.0021962494486244995
-0.0003421158664053572
0.0018230936072151163
0.0007026662883480692
-0.0029204784580195535
-0.0007703768961507748
-0.0013214740971247197
0.0012231297491505679
0.00017914998702623936
0.0023364433439219184
0.002280702875968558
-0.0013611515663741048
0.0028517569680594646
0.0029000202648473148
-0.0005974595449805557
-0.0014009327739998097
-0.0020220151366996527
0.0008478784452447398
0.0024935372262164237
-0.0028020601909521936
-0.00029031110075715275
0.0015534292222163402
0.002625649684707694
7.614360145780184e-05
-0.0024057656641875715
-0.0009505431494817823
0.002535124616883668
0.0019279091689141277
0.0022917027774991532
-0.0015360742864367568
0.0013066721272846941
0.0029544861843405767
0.0011418309634370549
-0.0004672942291855807
0.00015025436799993679
0.002679445446998464
-0.001861345313093848
-0.0008468731203862098
-0.0015917328735211372
0.002409609917227361
0.0013398065454059398
-0.0029103132914341545
0.0006705645779217875
-0.0017619386092684389
-0.001853639030645915
0.0005377532772878509
-0.0006056752430013508
0.000276463089845328
-0.00016104616904525195
-0.0013652898882736387
0.0009358473224668285
-0.0006896210485562008
0.0001416223616526385
-0.001601010954450102
-0.0005919836089051966
-0.00037702269450593916
0.0014620310076365337
0.002913119124650836
-0.00019695819260776622
0.0022969941642600744
0.00133623470567813
-0.001463578449217075
0.0001411064256044022
-0.001448374449611959
0.0010135143018089382
-0.0009456470182890365
-0.0007229147646142455
-0.0027368517979673816
0.0014762115647210155
-0.0020760105341901423
0.00040271083474535457
-0.0006825770030463286
-0.002848273441337407
0.0028615367612632534
0.0006387659772674132
-0.0005280385127715576
-0.001862220552372951
0.0025777082461133837
-0.0011951451530429235
0.0022931766150796314
0.0004915712772290727
0.0022577847328598194
0.000762924941545872
0.0015107302095240362
-0.0015716656696498435
-0.0017541376268356606
-0.0009336939112029644
0.0014896733708403822
0.000365308133012139
-0.0024803160251687818
0.0008744972511133021
0.0013469791880009584
-0.000982040355103801
0.00021533254246879335
-0.0006541351168890658
-0.00021079630302420606
0.0003923676718435489
-0.0020130702716317024
-0.0006452218911454158
-0.0008006747858068509
0.0020278520396646077
-0.001231407868462545
0.0008632216978527673
0.0020481543471131975
0.0012309866282065231
0.001918951744515814
-0.00046182503007451874
0.002863100792196545
0.0024956007161753306
-0.002066410135558827
0.002595217576409033
0.001362895606701056
-0.002232738632021437
0.0013863607245552002
0.0016158485513425962
0.0029201902487815045
0.0008244885955845985
0.002253112045319595
0.0024466787037783046
-0.0029032054106695603
-0.0020638737938519914
0.000910509718848455
-0.001284154498852067
2.9626745106762793e-05
0.00115970156508516
0.002614189057290172
-0.0017355473032314459
-0.0018555286644575178
0.0003987924859676006
-0.00033402864503973484
0.0007012646697388781
0.0009799428772195628
0.0008319859832201714
-0.0001563828364081082
-0.0018497194669882802
0.0014663194157457458
-0.002175368768289762
0.001022012402264287
-0.0016411720049118955
0.0006590341030450939
5.724164882779962e-05
0.0006687457744698842
-0.002614728281948366
0.0009646792272566818
-0.0018506687582295588
-0.001878869739402248
0.002067289809265356
0.0021715061474702046
-0.0010637640349775773
-0.0022423709064574903
-0.0020098806047651628
-0.0017070572827798342
0.001619700135258943
0.0022802157164237835
0.0015751139836100228
0.0013697236335450964
0.0014958486236848487
-0.002528953628932339
0.0019871394102477426
0.002624926560207367
-0.0011968955929255222
-0.0024264323079072215
0.002468777762204984
0.0014213450324948576
-0.0029333370273384313
0.0027687198394939104
0.0017351666355312472
0.0003204011260775118
-0.002726170825144813
0.00030780260876226307
-0.0008712250089999243
-0.0011981962895595798
-0.0013784350727949805
-0.002355855710386681
6.950583006858427e-06
-0.0008216862960877492
-0.0002188217390350928
0.0024367976314909525
-0.0027452397335564274
0.002980955340682023
2.8637714516781005e-05
0.00013548487449594263
-0.0008306514153375633
0.0024828918190986492
0.002887766503857017
-0.0009119229805335171
0.00033041968677385803
0.0026848180283157927
0.002179481700721609
-0.0004136028592120807
-0.00015051880578878822
-0.0002719780933757615
0.000893806431900122
0.0026956560919710344
0.00047605390460607423
-0.0003015287059520257
-0.0025257596319718653
-6.343155557855893e-06
-0.0007958121485695741
0.0015148034544469275
-0.0008438638476855817
-0.0018294485123826407
0.0024379870451427853
-0.0029608608338214065
0.0024627336876595005
-9.453908058374523e-05
-0.0022025520760416356
0.0020549428948014974
0.0027765609330942347
-0.002720351001095802
0.001961780246099878
0.001367343291363684
0.0010761097557325273
0.0019013370855811215
-0.0028297739988522126
-0.0016854954705378962
-0.0021516574329783923
0.0029891789670599906
-0.0016250311862810046
-0.0015728420451902607
-0.0016319551347451936
-0.0018034914960608037
-0.0007694182111260125
-0.0002872233147097692
0.0023855759730170437
-0.0013060215133865877
-0.0012763339846643654
0.0019003231178016953
0.0019926036438426336
0.00043186071577111995
0.0003462930366170715
-0.00021917261266165677
-0.002968458562772724
-6.949340202418858e-05
-0.002727909803407684
7.344538471996953e-05
0.0008477964079000645
-0.0014852090881877433
-0.0027568927079161926
-0.001678038184237074
0.00021737383833757848
-0.001921286914065934
0.001580080591032879
1.7863795508747757e-05
-0.0029020862978599835
-0.0005201500773658976
-0.001301672164474707
-0.002982491348118613
0.0028267908680499167
0.0008264954753396743
-0.00020152701156730913
-0.002678467395821779
0.001609006125362274
-0.0013130964666491333
-0.0004914946916286878
0.00015485405877755948
-9.658462144458962e-05
0.0019112490579398667
-0.0017184710809055176
0.0014484172568430854
-0.002063850930756925
0.0009230932025504372
0.000650834720955347
-0.0009117932570517646
3.4436140867902514e-05
0.0003331571185577163
-0.002203411546394802
-0.00028146203498384407
0.0028200466174875165
0.0014556078626576955
-0.002290063000999378
-5.652082440304584e-05
-0.0012212235725486058
-0.002519618927188021
0.0014511622758118107
-0.0019738173033124
0.0016922094613254944
0.0016366075528463113
0.0018766073524353229
0.000617698799968455
0.002765942805725818
-0.0021448835126423077
-0.0024386362594990404
0.0029872762425098755
-0.0011573829837978485
0.0016392553412341642
0.0029756747950472236
-0.00247009934037663
0.002374925066557513
0.00017899149267188883
-0.0004090995734543053
-0.002368734066386353
0.0022254422822243283
0.00022111488478388517
0.0019727082399991266
-0.0018440881093710632
-0.00243233638006019
0.0029142388459476457
-0.0025173295544558146
-0.0026935305072616116
0.002193092828694736
0.002022510762017875
0.0004147792528374889
-0.0020927850065806633
-0.00012757389238042234
0.00206137575914975
0.0017489743742744182
0.002864490505123299
0.0010015159422449875
-0.0028640040519443
0.0024567886284977683
-0.0027710336900504573
-0.002907658762289925
-0.0008007977166143427
0.0004867281874675706
0.0027948238709390137
0.002262237602571147
-0.0004849562745824344
0.0012935297732290614
0.0012916916663610264
0.0005270786198446485
0.001721589878277246
-0.0023970565394366037
0.0028193980578330342
7.906150778729274e-05
-0.001182786242316378
0.00011341632853677707
0.001064949169837761
-0.0029003406578139647
5.857079701267979e-05
-0.002253306568249908
-0.0022335323781019533
-0.0022909679728371985
-0.0005987025622308847
0.0028583708726165587
-0.0009000238518479344
0.002261075160779189
0.002217527575696098
0.0028532344256552763
-0.002777168355572024
0.0011799496593688586
-0.002897420011500422
0.0015524235398375946
0.0011198625376439468
0.0017157802024255148
0.0026057443579487654
-0.00029942626123006773
-0.002415652504328774
-0.0022770210587163557
0.0023984057500015064
-0.0008334587762014148
-0.0005770192069912711
0.00265494715252515
-0.0014466427508844717
0.001296569681144743
0.002227282445827777
-0.0012980548977928438
0.0004781681170435339
0.0009301751341147775
0.0015219188921145555
-0.0019670998841751376
-0.0013408579208750084
4.041991333425098e-05
-0.0005505052377928156
0.00236450440334613
-0.0026598687225043408
-0.0011775572273514424
0.0012862292788202055
0.0028665387700396268
0.002490836717262369
0.0016658333747176044
0.0024276801195956014
0.0018165405165157193
0.0026328733695774164
-0.00036792009735442345
-0.0014005805416923971
-0.001044913914797052
0.00044175338464580525
0.0018569651144441984
-0.0012578472104339982
-0.0008768892326170763
0.0012923285434446492
-0.000401875515426467
0.0007502622612554593
0.001679031306846073
0.0021647037577267056
0.0014361495365496383
-0.002230498166278205
0.0020588495862690175
0.001950272548589073
-0.0007606215727329062
-0.002709454778547512
-0.0027682467152720562
-0.0011110744853801166
-0.0006803497791487388
-0.0019216670282468304
0.0007536140396611499
-0.0002532377034316271
-0.00026127827378901684
0.0004552480521813696
-0.001348060825463564
-0.0024200020008159815
0.00014113376711647222
0.0016208257623371346
-0.0004502658230555578
-0.0017917298476342674
-0.0018790854655025932
0.002542654469176781
-0.002690023646883974
0.0027920191379722905
0.0028646221639644313
0.0013319532202162232
-0.0019415014916754924
-0.002809421007600568
-0.0029694033307636177
0.0007032979095587984
-0.0028054318586118467
0.0009157950393301074
-0.0012823205101627642
0.0021831755742998567
0.0025905921913926327
0.0028434047864783233
-0.0028049106823110105
-0.0016889667575048274
0.0010270583956714366
-0.0026168034826526514
-0.0020615062145876266
0.002456174882285977
-0.0015525456621782328
-0.0025196835288784918
0.0011991436763806257
-0.0008955843263859773
-0.0006265507850079519
0.0021776735528767415
0.0012112249916663188
-0.0009677893255626907
0.0005141184177099357
-0.0003293593496312406
0.0008861317168283368
-0.00122987181421133
0.0006583728729362675
0.002966633925031009
-0.0006116338378902163
0.0020744926526316786
-0.00023361137949357447
-0.0013427911773781775
0.0012681628032856279
0.001381277382594988
0.00017863865652252738
-0.0023422933334014432
-0.0024399739137544547
0.0011291956081565472
-0.000274312025784376
-0.0015567968443480507
0.002536140713931657
-0.001996845675131592
-0.0023544203620260097
-0.000842754685058364
-0.0016487736318177505
-0.0009670124415817236
0.0014954110298731295
-0.0013067780936598847
-0.0019935366449763997
0.0028383062712021307
-0.000798426862512483
-0.002842295390340945
-3.122266519908464e-05
0.001945254933758485
-0.0015534252980707144
0.0017286470244152934
-7.987640123827047e-05
0.00026523258945550026
0.002069488203072516
-0.0001445136505707138
-0.0016648529784140489
0.0003291033833037597
-0.0029164939592120605
-0.0010532403529308295
-0.0022290402391318236
-0.0011204932493609388
0.0009211419284516848
0.0019214725779100102
0.0019223082413688131
-0.002223163007841687
0.0013647119346908024
-0.002019282742905649
-0.0005107677586230555
-0.00048544512509585917
-9.748070735249434e-05
0.002059727357453893
0.00013137855094743668
-0.0002571401255770608
-0.0013847312201752911
-0.0022000817275695875
-0.0004042867083001232
0.0005860551504258261
0.0001605674254330459
-0.0013072544398813556
-0.0028068325594692487
0.002013403021635089
0.00040056523123322167
-0.0006108797925478198
0.002291716353742231
0.0029115663055511356
0.0010106804225691185
0.0005672370583666734
-0.002030198831577351
0.0024210993792999277
-0.0020095681493586147
-0.0006182482847175096
-0.001265739428904739
0.002871960683048045
0.00026666496503749415
-0.0018549926279215366
0.0022297048845403367
0.0020637379914352034
-0.0010856827338067386
-0.001186611972632478
-0.0010977172149948373
0.0009542963275278914
0.0009941776007611324
-0.00045372366140278026
-0.0020888676466500134
-0.00022102611044776295
-0.001196921775942859
0.0016754629009381218
-0.0016765138914526388
-0.0006855532361292032
0.002670808172335121
0.002674226626752667
-0.0026532044228327256
0.002447735669983032
0.0012909449222858064
0.002536203925612892
-0.002246200109815853
0.0004536964304054326
-0.0023048908514670553
0.0007668344240027319
-0.00010965081375402704
-0.0023828638908145803
-0.0004419928001359163
0.002043516968784448
0.0015791679129742685
0.0029139381543905477
-0.002031576582346015
-0.001584541092141319
-0.002844239126104278
-0.0010712411363567335
-0.0007822018964600275
-0.001484204287948424
-0.002289979451854097
-0.0017492490916972885
-0.0019164390126986104
0.0013896701261140862
-0.0019238330467924824
-0.001957844755245729
0.002812938935849372
0.0020559254904650532
0.0018180859390128402
-0.0023713684821676604
0.002662412398969473
0.002212768824629221
0.0023472600448799005
-0.0006798030002080533
-0.0004892603109777132
0.0007841381725343225
-0.0009826790932475366
-0.0028165280244388385
-0.0017260036729488295
0.0015136825660263305
-0.0022401014507770376
-0.001120197699500425
0.0022896831875776538
0.0027587736387398388
0.0011833599882513637
0.0003796530184696414
0.00179775081644689
-0.0005871456493933046
0.0005956181238126758
1.1731746726671016e-06
0.002860141066782746
0.0026738356383977724
-0.0017933364318384404
-0.0009684979833036373
0.0023902996563451434
0.001905875866942527
0.0001636024806930909
-0.0027516414553382463
-0.0016733886666232985
0.0022475538960005786
0.0016639465129659825
0.0024728172576622904
0.0004638783773752188
-0.0016324797975354208
0.00165807504005234
-0.0005670527021707276
-0.0003382485759339227
-0.0008768228895416979
-0.002873498987240003
0.0024070432900342676
-0.0025174878954646357
0.0007900083740006699
0.0027166618315215534
0.002251877361655637
-0.0011150003933227308
0.00011584515251457242
0.0026641029498362034
-0.00012102624774631976
-0.0005329771709443733
-0.001008919006862057
-0.001203063563495418
0.0023889191088200127
0.00030449954906603977
-0.0020114697508879257
0.0023383504816854297
-0.0016682229646608272
-0.0007032131305505854
-0.0016749452914513448
0.0021140635157761278
0.0009015419086252415
0.0010977752662614595
0.0011673282341706599
0.0014383653562166747
0.0029339367290262767
-0.0027665450630912597
0.00013420313359192122
0.002135159705775937
-0.0020476459508915867
-0.002545508087074
0.00289708563999472
0.002381338593370367
0.0018259700840472853
0.002962482946212058
-0.0002558000607040729
0.0021404067803191167
0.0001879401349747429
0.002180831872082729
0.000987971574675851
0.0007711408776333506
-0.00245737091164912
-0.0005492513568004283
-0.0012470909217659428
0.0018804380082702316
-0.0015946669910400263
0.0010967204002370638
8.219892988417434e-05
0.00036709794280179956
-0.00047081788951038126
0.002931621931282268
-0.0008055957195750945
0.001500425598132106
-0.0018646400429651643
-0.0017424164974224894
-0.001475178869854175
-0.0016029801770708638
0.002131354457517964
-0.0028211357345609687
0.0021408014372685307
0.0007206218400852829
0.0010293380567505594
0.002845453006384469
-0.0017761794819629508
-0.0020420491101475597
0.002475961883267116
-0.0019301028189440362
0.0015414675766893668
-0.002583397403547158
0.0003729325667971885
-0.0008212186134500788
-0.0003520848039310965
0.0011884784210181394
0.0006713384863750024
0.001657682943820754
0.0009232677353505983
0.0016298899358925907
0.002090105068058794
-0.002640284706644184
0.001217788349927116
0.0001283966137152646
2.2564395265015254e-05
0.0004715911720223824
0.0016866112834887318
0.0011215559984842569
-0.002246805697742063
-0.0024681981770099492
0.0016044707552296247
-0.0022274760953276225
0.0027574299181734128
-0.001594670269743108
-0.00011034436980877221
0.001187396913684454
0.0023037127263995563
-0.0020701566360821566
0.002348876722877676
-0.0008850406593598906
0.00035653291229176005
-0.0007057639535445904
-0.001742008976479072
0.0012232852451083444
-0.002019462802262805
-0.002203468024463723
0.0010625715946475855
0.0026498203136758637
-0.000642881974761594
-7.831747750967509e-05
-0.0011396133699488797
0.0012674880397891396
0.0006009774036468611
0.001862526640779038
0.0014524850326746658
0.001828547562615905
-0.0003362315931634465
-0.0016920057954085454
-0.00271498335241882
0.0027870674966596187
0.0008824339741705456
0.0006852156269626071
-0.0003163701201128093
-0.0026734112870436073
-0.0013707071153012292
-0.0025939390671768643
0.0014643760780788011
-0.0003469923883356323
0.0013829449366472664
0.0012813100543729887
-0.0019235592078822377
0.0015889603499814262
-0.0017958633898195815
0.0011287248100076731
0.0010149311015955464
0.0015256989659848457
-0.0012886223830359913
0.0018223042575840629
-0.002030739703895228
-4.324618627353895e-05
-0.0028910057418422117
0.0011577583110019742
-0.0009804341899138846
0.002261987023482218
-0.0010018933582300097
0.000791278717241117
-0.001109302523879585
7.002220840565936e-05
0.002421704501788563
0.00222202295259753
0.0005479000572744101
0.00039098047721724443
-0.0028758591502452222
-0.00037600244327682655
-0.0007254665991853594
0.002701887307352934
-0.0012272803608474046
-0.0023151320989702674
-0.002402472158343837
-0.0005604532046824418
-0.0001326786614100359
-0.0026290354200651208
-0.0003627649911134771
-0.0012925691678305413
0.0010455149911219519
0.002349407034854401
0.0019966184561588454
-0.0017588666486118556
0.0003518406274738645
0.0027504213294969257
-0.001923221196394537
0.0017913511863551224
-0.0028846063389454113
0.0008496422724572411
8.314756721686375e-05
-0.0024893952823529368
-0.002695755536096009
-0.0006522354759375816
-0.0027117516670223884
0.0029832922890882805
0.002112600561348053
0.0007811276002918192
-0.0020919243854041142
-0.001143260660614083
0.00039757997496250126
-0.002197579881129953
0.0005377221587390176
-0.0006975853088667305
-0.0014305975578692448
0.000938210088472136
-0.0023698549309102714
-0.002809229607718536
-0.00205862415862196
-0.00022814831183659394
0.001940825930936225
0.00197748895702425
0.002323944315566426
-0.0010612978012697737
0.0028454473502155008
0.0018173749696588967
-0.0006016353466726286
0.002564513500810028
0.00021059693566282886
0.0026422481502246624
-0.0015062295979642022
0.0019165388306874986
0.0005866802144929434
-0.0011814190269166327
0.00021588374068253792
-0.0011646295766229464
-0.0018794334800815754
-0.0014658443528584976
-0.00048482259997134104
-0.0002699383293479911
-0.002485367492109266
0.0008252639148285854
-4.417631991608835e-06
-0.0012338764894275645
-0.002560503428934221
-0.00038081815099743656
0.0008787893254037214
0.000977224607707947
-0.002215533828547234
0.0021116408359460456
-0.0005127991393908422
-0.0012363191522603934
-0.002877701355380223
0.0005937734157876635
0.0006572230800943068
-0.0027943104171520303
-0.0005978642701851282
0.001067087202214964
0.0009958657145929346
0.0004811489787758588
-0.0024534976673646473
-0.00024969411103913704
0.002610727924130041
-0.0003030106367231948
-0.0014581058651768602
-0.0007154348802019019
-0.00042230260037174217
-0.0017557894426648984
0.0008285253888511823
0.001788044810618528
-0.0017562702126422774
-0.001795662227610015
-0.0014861092135209383
0.0012886856923875843
0.00126309103358121
0.0013410204017891298
0.0005370308699738555
-0.0015033747894990048
0.0004589354605715498
-0.0003994359984378984
0.0008409157684882884
0.0009797841769206266
0.00013856431516621895
-0.001610693880802849
-0.002156083725504024
-0.0018335365473243308
-0.0002222937216571413
0.0006216917574807545
-0.0009277494827833479
-0.0015016387895774586
0.0017628381874108456
-0.002960119703536562
0.00025780263218581076
0.00212297590550239
0.00016032317931606544
0.0021875202164780023
-0.0013551412486501888
0.002406053096353616
-0.0018364661177586996
-0.0026344707752301876
0.0008699537512983318
0.0003903142046496515
0.0015910307132462765
0.0003144990326730988
-0.001993475930702057
0.0008553005773852132
-0.002787562133283944
0.00099996233551461
0.0010491984780989748
0.0002757614920498065
0.0021772711508147597
-0.0025451049097273797
-0.002189907438992883
-0.0012114477100882085
0.0028862750196394843
0.0003667770119757906
-0.0008584107365617877
-0.002295660382637685
-0.0002901457785926642
-0.0020089388855019956
0.00281940573030791
0.0008999175594140083
-0.0006319747447073852
0.0029453852898370294
3.0282153944509883e-05
-0.0029202898217459967
0.0008445352259120521
0.0008430392401618677
0.00016831517876263148
0.0007320093012018274
-0.0015406498445159243
0.0005876384586727783
-0.002852762450689877
-5.723218467197991e-05
-0.00015206104708708054
0.0003355148289173179
0.002345743796206996
-0.001091598372011559
0.0016252939810079596
0.0006684561573258732
0.0003765789638335631
0.002181373381547836
0.0009262157356428749
0.00044156700653212805
0.0012421932334579907
0.001824955301849362
0.00243206489983478
0.0019146965127537054
-0.001710576387706305
-0.000436227168168349
-0.0010214260208283622
-0.0022735483941535932
-9.103245590279816e-05
-0.002557118844557695
0.0017799706847322523
0.0002918852710730043
0.0018767003537000747
-0.001342391591139708
-0.0011429673378398647
-0.0003847654865876248
0.00026522841393832215
-0.0016855613851756274
0.0004984291158439268
8.961235835054432e-05
-0.00037199252524126435
-0.0020478176521360972
-0.0015126720390311937
-0.0019171375010064722
0.002529357045311059
-0.0028662378520715533
0.0008105203736393928
0.002126306632618367
-0.001456606465614833
-0.0013958120083954295
0.002297896786455174
0.002589752543074443
-0.0012947834109375243
-0.0024768739140084255
-0.0016070490311797506
