0.00039564368507871727
-0.00035027262451899446
-6.07935085700575e-05
-7.126241146088028e-05
-2.4713311349746758e-06
-0.0003141418966220143
-9.312481433101905e-05
-9.865109219107346e-05
0.00018730041686818748
-0.0002879687668584393
7.54683023001815e-05
0.00020716356148750364
-0.00011826401494348648
-0.0002838806460365147
-0.00024154447049388626
0.00026567575002825114
-0.00038006568862604916
-0.0004682074579301346
-9.226451097063646e-05
-0.00023995178192260015
5.8665023337539754e-05
8.340807257913203e-05
-0.00025696592782110104
0.00014254175204966217
0.00022092526863887695
-0.00035909650609470867
0.0002697770147629588
-6.500871675054197e-05
-0.00022507823295072037
-0.00043606162555698356
0.0004856580890378534
0.00042018733872771356
-0.0004638032227868937
-5.475736384580012e-05
-9.71594976734189e-05
0.00043654885769770695
-0.0004958227529850304
0.00013389050474538818
-0.00044690411203682944
5.003000438983925e-05
0.0001349297964118488
2.165607207674225e-05
0.00036086048041967253
0.00041079814613640255
-0.0003706491837433206
-0.00042264350224885394
4.2081673792086815e-05
-0.00040891437987056347
-0.00016471174713669914
0.00021901529693562044
-7.446654242302086e-05
0.00013788549966492676
-0.0001388256517072526
5.6676277828363476e-06
-9.322094074722511e-05
0.0003339103210699216
-6.480290611770754e-05
-0.00011588550580914048
-0.0002921894964173395
-0.0002512088006392648
0.00023044383750708082
-0.00012932001847350028
-0.0003980891437259445
0.00032757686725991264
-0.00043299199596146253
-9.888536971422825e-05
0.0003443145299830043
8.218707972023384e-05
0.00023077476471624963
7.726311142147637e-05
0.00047841257728020357
-0.0003362285404733275
4.708623762406648e-05
-0.00018252565506155606
7.089624516843837e-05
0.0004131106343418944
-0.00018702553872450203
-9.732370716953242e-05
-0.00042759509387532024
-0.00018453089895054342
0.0004131051905258569
-0.0002657048336739469
-0.00043875479707136466
0.00022592570528553655
0.0002942668719558833
0.00039590735642402715
-0.0002703621525742486
0.0003798904404133305
0.00042749024647217393
0.00016669357866606405
-0.00037948057268713986
0.0003132472435624235
0.00022278512837653312
-0.00019283349888852717
0.00010915141159714161
-7.657792033593792e-05
-0.0003373742935365956
-5.5839746522854186e-05
0.00018920918674164718
9.086018464071787e-05
-0.00044497476069142895
0.00029109653353802866
-8.699407466997952e-05
0.00025553279149469297
-0.00020901780828709213
-0.00035759982746081363
-0.00012316966171426478
8.213093925640749e-05
0.00023412972186348622
-6.209333041989353e-06
2.469598432826357e-06
2.0305832437512127e-05
-0.0002554857715035891
-0.00035729185144844455
-0.000381706450813513
-0.00015848950877913915
-7.079821961336895e-05
0.00032049064559995814
0.0004183010935869554
0.0003728161482190385
-0.00019437950415680761
0.0002777862569930396
-0.00027083134682093023
4.1101934676769994e-05
-0.000439483414042499
-0.00021711644080875446
0.0002732077760271549
-0.00021263664660323758
0.00010692385108594725
0.00048726464115199657
0.00041610076818767436
-0.00016538512570063034
-0.0003648163419179706
0.00014030678371627816
-5.780700579908983e-05
4.206287498219438e-06
-0.0004615307366707677
-0.00033633421628709526
-0.0003331566071118261
5.4363373554242966e-05
-0.0001850948402858491
-0.00010458286898493553
0.0004932289595609414
0.0003976637307121953
0.00048058862819567224
6.463429810026219e-05
-0.00032001101317572726
-0.00045981069137919506
-0.00044093968643368366
-0.0004885077500711738
0.00035701043990625763
-0.00012427935943605875
-1.3560888204128816e-05
4.6070995816170786e-05
0.00047956652614320914
-0.0002233900686737014
0.00042099800937272906
5.0547365795797585e-05
0.00044827196786843034
-8.516327208701294e-06
-7.722814497413587e-05
-0.0002495909741060611
-1.917933758230372e-05
0.0002836057098935369
-0.00019425950135928304
-9.974012636963602e-05
-0.00034077601325985566
-0.00027773916939164615
-0.00014407313378560248
0.00030830630219846476
-0.00027043607615441967
0.00029845295960203525
-1.140563908303045e-05
9.631782178685098e-05
0.00042556014248735943
0.00035671078449325225
0.00039658702513631014
0.00015301232754535998
0.00010556879073293454
0.00039151609373104437
0.00017562193678052418
0.0004001741414195601
-0.00035529483192571644
-0.00023600720005107222
0.00012984307833220805
0.0004358427028794275
0.00021325511333624336
0.00022627167146877208
0.0002702287776142514
0.00024103774554023636
-0.0002467770686291355
-0.0003074424414521917
0.0004827363299438887
0.00021494158471655768
0.0003611442651570595
4.1527280777770145e-05
4.7393580224920693e-05
-0.00041341958520159605
0.0002006182691012883
-0.00022179285273792303
0.00020305359995977286
-0.00012966232502074524
-0.00040079875487314566
0.00030479385809562606
0.00041790717216369305
-0.00018695207206085885
-0.0001494790097219325
4.9317145001238015e-05
9.25079636259603e-05
-0.00018214416115745405
-0.0004614967102830161
0.00037809381389678506
0.00016454860960576163
0.00030660923944391435
0.0001392147287366856
0.0001231172347287453
-0.00036890031554851746
-0.00012430950426710032
0.0001313976710442614
0.00038513365760387724
-0.00016046287469971478
-0.00012787213733261448
0.00034367940739854345
2.4028594422111516e-05
0.00034759806977120386
0.00021698657067549824
-0.0003291897793677945
-0.0003003565364369281
0.0004420854837436527
0.0003058981890476629
-0.0003802323144502641
-0.0003401492560269748
-0.00022006808723376602
0.00026358997136714996
-0.0002317671198861686
-0.00038617106648847346
-4.4289466349407315e-05
0.00012194921723613175
0.0004461263850038756
-0.00019794498540973116
0.0003019039781255665
-2.3078490537481455e-05
0.00028498290432305473
-0.0003831620043687155
-0.0003396856077714667
0.0003030497370054634
9.373248975352941e-05
-0.0003167462159984147
0.00039458102978033995
0.00048474710504996504
9.599419688773936e-05
0.0004838429922026115
0.0002661954052607261
0.00012222908969967104
0.00011913976637807676
0.0003532008054639871
0.0002816121610034558
0.0004731731660908926
-0.00048078694582468894
-2.5418800918145966e-05
-0.00019508318216358622
0.000179628757525676
0.0003578721578467336
-2.149878212007216e-05
-0.00024149094391627866
-0.0004173097600236593
-0.0004555707182240674
-0.00018932514783620157
-7.784866148833849e-05
0.00016558005533345453
-0.00024286700910217243
0.0003611000897756257
-2.586486780591145e-05
0.00042457127957417923
0.0004424964082170649
-0.00023082679063085002
6.767563111012868e-05
-0.0003732141987915623
0.00020492838099735113
2.1964513367173392e-05
0.00016828632164369358
-0.0004635542349766132
0.0003867293755720927
-0.00015109583902277266
0.00042143091089403835
-0.00030963821366839276
-0.0001795658512394702
0.00019613819050253887
0.00048580864064245283
0.00037754651944220754
-3.985171187152406e-05
-0.0001760815387938508
-0.00034691415127047296
-9.100089077934361e-05
-0.00022183554293637742
-0.0003669358217550272
0.0002364987246265285
0.00017515058202866843
-0.0004923177112283124
0.0002207123676125802
0.00024772803699473476
0.00014936441182952678
0.00029162870129739347
-8.551337533084345e-05
0.00020221149912549462
0.00014536784649754717
-0.00030033568715244664
-0.00013383559248462284
-0.00033466479922069086
5.169576265211511e-07
-0.00041756242863604545
0.00010651009237799185
-0.00011342912992738365
0.0002737251125710479
0.00029836452014858996
-0.00048542029557294776
-0.00029964140942968635
0.00025488479885729166
6.253329792178927e-05
-0.0003012789731900303
-0.00041222793239465674
-0.0003688248730523689
0.0002833906943875108
-7.23730900206747e-05
-0.00010054067360044418
-5.896722576503909e-05
-0.00018294637671700532
-0.0001567051756357768
0.0003710007308587496
-0.00047338603536649436
0.0004883883207347213
5.611466337338109e-05
-2.7083749330004904e-05
-0.00039014570427360395
0.00023197383401383793
-0.00014110875233778753
3.055432114139301e-05
-0.00027017592827427005
0.00031181523204590767
0.0001237178760939454
3.23614121901381e-05
0.0002913917479648952
2.969543999715085e-05
-5.8025481780267334e-05
-0.00017346155781820815
0.00043954870128681833
-0.00031493230861017016
0.00040424904641158505
-0.00019229477673266416
0.0002630484399126781
-0.00032272190258001544
0.0003804667806459871
-0.0004866747900255611
-0.0003399925514852805
0.00038362489013138467
-0.0003278292061290803
0.00034827375043037677
0.00047084352659204523
-2.482711588313257e-05
0.0003411264180499152
-0.000286142068113005
0.00010091418118510437
-0.00014340401677596172
-8.553264029312422e-05
-0.0003687875817640577
-5.639159294255235e-05
0.0003100598418241334
0.00047416288255073267
-9.892556609389114e-05
-0.0004290396387891846
-0.00042347250878475563
-0.0004685065912129839
-0.0002659616278028828
-0.0002191568970053357
0.0002070828955409485
0.00031408790126939766
-0.0003485167287609814
-0.00031316339857275134
0.00032916386631877295
-0.0001400139777773912
-0.00034827102730651283
-0.00029941957971174886
-0.0001937740380244084
0.0003871548471806014
0.00027888745633545436
0.0002585915012945987
0.00020363098924095532
8.526860520172825e-06
-0.00037787730441070144
0.00020956319250758882
-0.00010290883847722453
0.00018612539502064563
0.00023503955771909143
0.0003906141183386032
-0.00036356652229297494
0.0003117538494682525
-0.0002018474604577775
-0.0002488956360842167
-0.0003398624655464777
0.00043703243577971707
1.8632303082660945e-05
-0.00011033841744760732
0.0004902471580561824
-0.00042963759186379535
-0.0004396365598898886
0.00028314408357503094
-9.76875088534108e-05
-0.000459670676997344
0.0004108017860986246
-0.0003365743650879676
0.0004410632056479388
0.0001499702442979674
0.0003238009382457248
-0.00021065982525079986
-0.00017343082435229983
-0.0002564363804110116
3.3624778253251125e-05
-1.5730277012538383e-05
0.0003108789053265804
0.00010020618748344916
-0.00024523012770751306
-5.982823174275541e-05
0.000410606055324651
-0.00015066650045264074
0.0001132226753312104
0.0004490296402333562
-0.0004807273511383469
0.00019996777991455406
0.00024596331721924477
-0.0004263665172568504
-0.00026939516171190284
6.89042793517653e-05
-5.376461027998842e-06
0.0004076172315855207
7.315161495427297e-05
-0.0004911896929506054
2.0653697099016024e-05
6.501912385534756e-06
-0.00022458579990023233
0.00019920548320439646
6.547590240310933e-05
-1.2057004674234629e-05
7.67167234177762e-05
-0.00045198216326716766
-0.0001335046128294274
-0.00016668858475459968
0.00032725797346312116
-3.4457359628647824e-05
0.00019297364852759202
9.261676871437276e-05
0.00015438046781561087
-0.0004136620398344726
0.00046622527453558927
-0.00037145917255922015
-0.00012618138150166858
0.00036069609860858785
0.0004237916146353671
0.00018246218672988957
0.000321634385432448
0.0003510656458899056
-1.9357220638516746e-05
-0.00041757075455540706
-9.221864513794874e-06
-0.0004188773416417556
-2.184969052957433e-05
0.00022520789524450489
-7.261965873708545e-05
0.0004745678325762514
0.0001897473491263077
0.00034766683520686217
8.732187119064112e-05
0.00046220689140957316
0.0003461023016486372
0.00044145529578997074
0.00037406676359530585
-0.00035993778214266406
-0.000208546249849367
-0.00021925946996587895
-0.0003191737590092402
7.03111383450729e-05
0.00046544541909517587
-0.0003131417968790866
-0.0003434786225943883
-4.570449041293621e-05
0.00018962846150553621
0.0004106846450002067
0.00014251793897065946
-0.00043813454612456524
0.00014634665839133862
-0.0001058445892236052
-0.0003802140527606156
0.00024437030861872004
-0.00019056571765989518
0.0003851105848140156
-0.0001092412214949954
0.00022622359682975815
-0.00044062916299310176
7.093732338089018e-05
-5.06032798697775e-05
0.00047331541460701786
-4.983002145957625e-05
0.00044201028063612583
-0.00020186235872847035
-0.00016576387738213096
-0.0002986741441823355
-0.00023609254961893254
4.0559101606939783e-07
-8.168640652469707e-05
-0.00010751244379291603
-0.00025002401211831303
-0.0003004886045291414
-0.00031295646831226167
-0.00042913328971425747
-4.723652517527754e-05
0.00037221765203253744
-0.0003549548147200431
-1.8956618620707868e-05
0.00034874926272689
-0.0003439768025208967
-0.0004047825104878724
-0.000462032222889378
0.00036319492291194766
-3.4045576077410564e-05
0.00038060719621284874
-0.0004689229100817521
0.00023441576503024485
0.00034684086605624436
-0.00014960854355540286
-0.00048582079793746657
0.0004125850773344144
0.0003110995998281355
-0.0003468361094126975
-0.00017823840472817323
-0.00017127865805764155
0.00047074288425231635
0.00048037795966308634
-2.5262111588600464e-05
-0.00033172341133565295
-0.00018908343409961595
0.00042209742738964057
4.843863411410556e-05
1.9313720669680043e-05
0.00042592059836186135
-0.00011791395298378459
1.3587262427492298e-05
0.0002921081708567813
0.00020371419383719393
-0.00012515864217425545
0.00024539688761980106
-0.0003419301817599536
0.00047647015189786234
-0.00023717565180915044
0.00015120229145092591
-0.00020104199965485515
-0.0002680098580786723
8.935190859696274e-06
-0.00027086340177312176
-0.00013126163819986625
0.00039082666748398805
6.011473605877621e-05
-0.0001281528015667208
0.00015379805390356262
-0.0001739314452934473
-2.05085894798217e-05
-0.0001286561032985405
0.0003330085741910652
-0.00023798821558951576
0.0004215826930030073
-0.00025982909619386054
-9.169892233767832e-06
0.0004072082720015641
8.555775744603037e-05
-7.870707472808615e-05
-0.0002433977458412617
0.00046353173143489084
-0.00012046973059618446
0.00021217905726649867
1.5050063272454943e-05
6.123367787486188e-05
-0.0003525399507945686
0.00046792015847916917
-0.0003987196281709943
0.0004044528394872123
0.0001975423722870458
-0.00013469207027813466
-0.00031768307960694563
0.0003390221876422286
1.7018162741881757e-05
0.00012334755435932146
-1.5860314740205226e-05
0.00020262125085161059
0.00021531620794831017
0.00018942868916709682
0.00011922595718956463
-0.00011630951817531054
-0.00037161330197036014
0.0003777978329848901
-3.508666234248157e-06
-0.00039377205602858777
-0.0003087194136423117
-0.00026879695687914804
-0.00020768079471522496
-0.00020569182669487974
-0.00014319605595161222
6.296829842402567e-05
0.00011295139896251984
-0.0004969378967907304
0.00040494814039312174
0.0001366660669723887
-0.00014560982849796858
-0.000490305227292293
6.979954940203466e-05
0.00015208492240660328
-0.00031209403063999565
-0.0003084840155395433
0.00035808302950951824
0.0004923065524571938
-4.1529792042041764e-05
3.678837393512565e-05
0.00020734575006973077
0.00011129626155095482
0.00014004195422476695
-0.00042191256124025103
-0.00048118405442257653
2.912047646937599e-05
-0.0001740242879107913
0.0002239187848823652
0.00032018459536353803
0.0003677773696491559
0.00048279854211654436
0.0002290160735265791
0.00043838841023597535
-0.00015068878126884243
0.00043278055703134923
0.00023020664651891723
-0.00019972738376979385
-0.0004238484674063615
-7.291095989242301e-05
0.0004621008439752891
-0.00024162097714788865
-0.00047635560068888175
-0.0004926368506722572
0.00018995572813697466
0.00024251268073366872
-0.00020715295369335053
-0.00044417630397426114
-0.0004759054901065253
0.0001156627699190519
-0.0002920251336748644
0.0002316917383410721
3.461298162224112e-05
-0.00024244571144441687
-0.0002512365286665734
-0.0001632634952844709
-0.0003134956547727757
-0.00012202782813240285
-0.0001620575371208598
-0.0003282999512823066
-0.00022729183161309562
-0.00024363180052252973
0.00020202598903132775
3.5803752444627814e-05
2.4637868913707684e-05
-0.0003821789797070946
0.00017713996783435128
7.103607023372174e-05
0.0003887163154267261
-0.00021428031814002633
6.213135972763905e-05
0.00024890215762694064
0.0004160250618955866
0.00045080641655182124
7.981139388540406e-05
0.0002757770505609368
0.00030031408785249176
0.00028407819466179005
-3.8793641368348045e-05
-8.824178003155391e-05
0.000368202640414463
0.0003761342270528149
0.00027514876998767346
0.0002654302171821982
5.490472215633911e-05
-0.0004598820483265743
0.00042331514225218427
-0.00020445009120543292
-0.00011700313061775811
2.5289170050871775e-05
0.00041189120072546105
-0.00029405132335105907
0.0001020487369773512
-0.0003735043535588244
-0.00025771475665011825
-0.000498015612168286
0.00020505118212102208
-0.0003143876011362815
-9.079526644993076e-05
8.76072796668955e-06
0.0003748186247034045
0.00029089257262795553
5.4241843582785235e-05
0.000460376748296081
-0.00016914104475773028
9.528907886558662e-05
-0.00015189909185403825
0.00021333507048387377
-0.0001279556439293118
-0.00018052890372011898
0.00036044360350897446
-4.804255180623448e-06
0.00025922418339590844
0.00016465965191410446
-0.0002719989907726027
0.00010303879532431884
-0.00025295868396273027
4.523832760511357e-05
0.00019995038577269857
0.000490389076501204
0.0003553979481539191
0.00021754894083349664
0.00048371950984696377
-0.00046673440245595946
-0.0001912794401946054
-4.7829143068965684e-05
-7.230709845845073e-05
-0.00032469139898053416
-0.0004904069633325411
0.00023636804860687984
-0.00035992112312490965
-5.327160594610468e-05
0.0004003895102140389
-0.0004162411950734386
-0.00012628208982970126
-0.0001587862353662185
0.00013785202821597312
-0.00023129083794510408
-4.701192563660427e-05
-0.00025048217442064227
-0.00012573616438847879
0.0002995249508152422
-0.00033795240194357557
-0.0004905936073052306
-0.00037997809227679515
-0.00013815109038646756
0.00033872555637012175
0.00046969070079873245
-3.567047588140136e-05
-0.00039507234661048153
5.699945468929128e-05
2.2542734070906995e-05
-1.955954628516521e-05
0.00016913025053351383
6.819386886973986e-07
-0.0003159749251176427
0.00032240906275638706
-0.0003527304094606982
0.00010814133094339093
-0.00019486695452794635
0.0003387712822020989
-0.00048393007678426795
0.00023488437668802158
-0.0004183279557240894
0.0001185781386087003
0.0003368133357551787
0.0004233413180499343
-0.00046625582029533486
-0.0002642841037033554
-0.00014363915244072192
0.0004033140533710166
-4.7727436246238094e-05
-0.0003792677859503364
0.0002822617418524085
0.000103230499070976
0.00021842290044122507
0.00013762599710072723
0.00047916064887263353
-0.0003090808650065923
-0.00042486283354686106
-0.0001868079245755815
-0.000292789908733615
0.0003178410094454954
0.00025538954022858514
-0.00012729948217396746
4.374229234465536e-05
0.00015469195788562183
0.00019230095051687166
-0.0001952660261724798
-1.3420729758989339e-05
0.00030223151165378686
0.0002563727156116776
0.00016409757957913792
0.00048178206570950103
0.0002880288887525738
-0.00018307069796300523
0.0004027035850047362
-0.00043271300043124997
0.00023737281611940265
-0.0003251599482472326
0.0004886977598133209
-0.00038464060643043755
-0.00044637673807150404
-0.00019538473401541957
-0.00031422603122786564
-0.00021653580477793712
0.0004866174878807377
-0.000330609103238702
0.00016610802593856823
-0.00032708388030273277
-0.0003499670495610782
-0.00027242420635092214
-0.0004039473676350154
0.0004830869359031002
3.894887525385379e-05
-1.5798774728140934e-05
-0.00039907891935598075
0.00046321514441828365
4.7482181272122045e-06
0.0002470944354458594
-0.00015477769495930417
-0.00021218140395147934
1.3046315932116579e-05
0.00048621847789160483
-4.46767791587287e-05
0.0004984069620026731
-0.00013576716638340935
-0.0004915374947593884
-0.0003047715712281782
-0.0002098286805187208
0.00011126242432272972
-0.00010429464355243259
-0.0003596899777852455
-7.109641068826067e-05
0.00027426393718375417
0.00034758116321459876
-5.9797064075036506e-05
-0.00018247967802745844
0.00012010259149394906
-0.00012303201215023673
-0.00018187789438832305
-0.00044607014493641304
-0.0004935644650495372
-0.0003604205206151868
-0.0003099900622653309
9.778579637961576e-05
-0.0003530786855908519
0.00040127128395567335
-0.00041748751519515436
0.0004123902653611417
-0.00044247571875756866
0.0002303953163879343
0.0001896334359762328
-4.828676442763082e-05
0.00017635491707027062
-8.843989882615023e-05
3.514684202147219e-05
-0.00046764508050126086
0.00038195164534951195
0.0004494777303481139
-0.00012825524665003142
1.7288247163970024e-05
0.00044911558836489493
0.0004775174695167343
-0.0004964108436428845
0.0001779779332710369
0.00035116431644655727
-3.603786383753394e-05
-0.0004246077903283103
0.00011053309906955736
8.94562510830772e-05
0.00048626774442487707
0.00014782693897133806
0.00021478249331135255
-5.8053322315981164e-05
-2.4951266260689873e-05
-0.0001701318041996882
0.00040690504533274943
0.00019065407343432368
6.316882058315335e-05
0.000303549199079323
-6.69439564524e-06
0.00039020975410794425
0.0002575470986373043
0.00039383306294202584
7.62613676650232e-05
-0.00017143100880927497
-0.00011394880430790912
0.0001376787255669042
-0.00012410835385173957
-0.00013894132592630516
-0.0004374623622065861
6.391478376519249e-05
-0.00014143792181940608
-0.00027880384814744756
-0.00016638774773727438
0.00022759746319462194
-0.00020411164829119502
-0.00032399341125587057
-0.00034954082685470175
-0.00018443541273142108
0.0004227916193751028
0.0004115525612106598
0.0004892194122432375
-0.0003581890419588537
2.055488364254639e-05
0.00019528458086224372
0.00010394219430971815
-0.00029860157994788985
-0.0004492204689237681
2.1722097746285736e-05
0.0004404113732091653
-0.00010592424890180653
-0.0003443343050201977
0.0004435385061100647
-0.00022463555671185798
-0.00013166579829333356
0.0004573522244479246
-9.517513882216277e-05
0.0003189006713798729
-0.0003836235000620517
0.00017089221840202624
-2.033628736042249e-05
-0.00027141924469735224
0.00018056922589828966
-0.0004965058663885285
0.00029776049798403
0.0004233254078681468
4.788630371546643e-05
0.000448970847800191
-7.979213592260821e-06
-0.00024000939522609633
-0.0004665716081604394
0.0004554603221370467
5.29408645323343e-05
0.0001890606749742151
0.00013155252354290863
-0.0002682724884235378
0.00019221436390829663
0.00011578944061458403
-1.3537332279083577e-05
-0.0004662217469169348
-9.257622827834932e-05
3.207210862396688e-05
-0.00017433370276302327
-7.72427268898145e-05
-0.0001549995438455546
0.00043540584619694903
-0.0004675053716754536
-3.196613555561591e-05
0.0002371832333667483
0.0002917320489367241
0.00046786191354061086
3.0789431225648e-05
0.0004179785955513278
3.1563270752994646e-05
-0.0002448528829733988
-0.00012088128110413496
7.70478315980889e-05
3.452048480066393e-05
0.00018973578062963343
-9.437317487384758e-05
0.0002662745039289598
0.00046046569482389576
0.00022259673656537123
4.8944473152933484e-05
-0.0003831515621610231
0.00034640072834370443
0.0002836071436830305
-0.0003568857349186876
-3.187291286860526e-05
-0.00038765489653136474
-0.00014510708038468714
-2.9614312740244527e-05
-0.00018447321306445241
0.00017554836320777764
0.00014495038108169368
9.151890752339764e-05
-0.0003256435017331091
-0.0003149161855146881
-0.00012841821736712564
0.00032878075911830563
-0.0002645325633716558
0.00021270120730107651
-0.0002509398801677264
-0.00031461532825209485
0.00017464396835575088
3.3436532987222794e-05
0.00013192602732432941
0.00032085664789698433
0.00039297190282711026
-8.404155391419899e-05
2.074147342038797e-05
-5.2577797346797794e-05
-8.094551656357552e-05
-0.0004000026535984065
-0.00017115334048075037
-8.75232815365985e-05
0.00028410059548369677
-0.00034805574950935335
-0.00026458012776266437
-0.00048368811405728843
