-0.0028217405425576872
-0.002797375480832459
-0.001348593354014215
-0.0014268725547554944
0.0008064171812354297
0.0003015151640256
-0.0015459618820691666
0.0025323777523221652
-0.0028824729077138143
0.002254257947068629
-0.0021639928418669373
0.0013677243233236542
0.00043870281628162564
-0.002387746802790865
-0.0003304301059701459
0.00036977436627400224
-0.002753226422428183
0.0017330261478094916
0.0028373088455168035
-0.001278493159689733
0.0004517158425475674
-0.002962284499598394
0.0017831658133813212
-0.0006000031185089908
0.0013263419908710675
-0.0015781027019907052
-0.0015093094712396908
-0.0007124549608757908
-0.0029175543279848022
0.0008546013446680861
0.0018920145939926277
0.002176707903679913
0.002647611243027032
-0.0023643996109232253
-0.00039842363554626293
-0.0013627732832406437
-0.0017334804665275615
-0.00022155121633063261
-0.00020492646291482
0.0021418534444902918
-0.0015058403474218364
0.0015427101404458686
0.0028311871249575675
0.0021141692477704126
-0.002106080245572714
-0.0001863252014860082
-0.002846205364419543
-0.0029917141161547407
-0.000994857333912472
-0.0010769444803623008
-0.001887980076649065
0.0016233814663710157
0.002990977779058523
0.0005039401034259965
-0.0006858144584648844
0.0009247578741986033
0.0022209206643399653
0.0023767546654472702
0.001219612821056714
0.0019306791571771873
0.002427627626168419
0.0007540054651730332
-0.0016078878739381182
-0.0011689756582723004
-0.0015022690248612885
-0.002261244591714208
-0.0003701747457219304
-0.0001844484141956368
6.11079124156087e-05
0.0027027175809948177
-0.000637466520757462
-0.0023410353232795407
-0.0008701815757291018
0.0012363989978298132
-0.0010638411067248096
0.0016769658732368707
0.0009988373152812913
0.0023501871505989588
0.0008089231629689799
0.0012170894942618669
0.0009989727104798276
-0.0016306705115891646
-0.0006111518064096889
0.00017587583815725652
-0.0026428552434373765
-0.00022960720938897117
0.0013802477512856052
-0.0003034905825586797
0.00018144001292304604
0.0017126367546415047
0.0022554319167579166
0.0004828723917743925
-0.0019178838928234087
-0.0009077413420554804
0.000567263011886318
-0.002020549920241801
0.00014679707821562945
0.002838303365663386
0.0010738205480147677
-0.00014138436381971658
-0.0028242608729526714
0.0028043953554107845
-0.00022978913533742377
-4.5484734037302445e-05
-0.0021771795401475612
-0.0029866164401454423
-0.0013899678758937791
0.00030840508833931057
-0.001663454676680428
0.0029046822057979755
-0.002710602252388075
0.00031295767280886807
-0.0001444541643133533
0.002730880024387544
-0.0019289497293435486
0.001313637820618269
-0.0015165542606117286
0.000614682302507461
-0.002106459780075283
-0.0002830329451940436
-0.0023970072852562987
-0.0026804254855396933
-0.002838427672303412
0.0012268173876582326
0.0006199263349251161
0.0013958081336415233
-0.0016195124456722869
0.0017272794426991317
-0.0016218157142852802
-0.0012653472015043098
-3.36177567231157e-05
0.0015622604040635216
0.002740656962644387
0.0006503402906473266
0.0003383117884477359
-0.0011172135455830108
-0.0023654303861969186
0.00027224759388458754
0.0011671193894091233
0.0006210327501714442
0.002668190135550738
-0.0018934699503985962
0.0025624792215512395
-0.0016992541007278018
0.0014143496749014347
-0.0007890047515981525
0.0016854382589013119
-0.001914117725457279
-0.0012280747630531636
-0.001196290112560641
-0.0005442729510244568
-0.0010763764167572628
-0.00019482372727733146
0.0021364406583406943
-0.001348425051861943
0.0006330301978845865
0.0016816688742822125
0.0015368684218771758
-0.001456071071149647
-0.0010413874115698055
-0.0015347934208788444
-0.0026384708810505923
-0.0023538406010539126
0.002224999022444582
-0.0001912610864123949
0.0015919283122214816
0.0026206268663023303
-0.0005533965000885039
-0.0028538857111046786
-0.0029576082214213296
-0.0022819217779986006
0.0019936538685887076
-0.0016739284128080957
-0.0021760989472296628
-0.002528563952264818
-0.0012798815669887943
0.000977488479305317
0.0015692681028989007
0.0016666520475531682
-0.0025568972189370645
0.001781940377419051
0.00013505183053686906
-0.0010413186975890935
-0.0026161440476500483
0.0004169809078811283
0.0016554131247713258
-0.000916507135357879
0.001980714544095893
-0.001198438134806041
0.0010866456361897509
-0.0020235221516006863
-0.002295004689539154
-0.0018702684661920756
-0.001220167537275846
0.0025316033826904925
-0.0006301844528334671
4.7348780741401225e-05
8.974145767635467e-05
-0.0017530043913838527
-0.0007664087349036346
0.0014797885427459126
0.0007411501418139832
0.0020483644083573354
0.00011511257414593534
0.0008350098347652307
-0.0016894614489432775
0.0023638523763661722
0.001971621404349649
-0.000980871002976457
0.002983796254545263
1.0358519606735485e-05
-0.000926409932431177
0.0005925297557473163
0.0015240161535861538
-0.002318126973933608
-0.0011902109323915036
0.0011715015054215103
-0.0021157279044912644
-0.0015182049576211783
0.0021680088982137706
-0.0026614301777645967
-0.0027082499826786453
-0.00295942659582182
0.001443648304662675
-0.0018679071654909268
0.0008024626266787066
-0.001770350527546411
0.0009030322317599942
-0.0022448029336258383
-0.0010558459396394874
-0.0024604381350672023
0.0026223073814972435
-0.001673591023142602
0.0010064571993568293
-0.00017244000791064853
0.0021229108670800774
-0.0015037734894103188
-0.0013743769633128126
0.0013874373248548514
-0.002007233704638839
0.0018972367918344626
-0.002201515654588943
-0.002031877751694494
-0.0017551297834644919
0.0005572476468904798
0.000675915177603909
-0.001197837796054193
0.002738425672572561
-0.0011769282626476658
-0.0014347959820981094
-0.0016119287615706849
-0.0022269350584024302
-0.001904533683363338
0.0006771914643007174
0.0016338473655389766
-0.001657898141025331
-0.002242616386385559
-0.0020017464342965553
0.001179182443159405
0.0007956497396364877
0.0023774360269804987
-0.002574128675571448
-0.00257561766000714
0.00032038355939179985
0.002044805365970512
-0.0025893298694957094
0.001730111747259044
-0.0016043121366893787
-0.0013542871436647511
0.0002857905653007005
-0.0009483829769560059
0.002833788247254906
0.0021846442712089185
-0.0016718157817486516
-0.00036487816595103103
0.0001287308310371272
0.0006474105056502098
-0.0020809537096466097
0.0015450947559344508
0.0004902809189713162
-0.0018369554228947992
0.002204980868473371
-0.0022563143714777155
-0.0015806408209725247
-0.00038688159701802654
-0.00032329116160102235
0.0018062176415851129
-0.00014917192890898188
-8.853474440139895e-05
0.0029091043753879118
0.002746012893981918
0.0014126155213719498
0.0012398670009598533
0.001735645470141026
0.0009323069984605546
-0.0024090546461427833
-0.0019229194130239518
0.0025619827876163497
-0.001731596850862206
-0.0023355816928267237
0.0013481333566663272
0.0008202448176614337
0.001331400882908046
0.0017799361499789366
-0.0022286570863816755
-0.0021594956247903835
0.0021903161820598085
0.00024134163443452657
0.0009720737696813182
-0.0014540705862951706
0.0016975636958276776
-0.0028683914470386688
0.00046206734588249325
-0.002115845734566061
0.0019318769777251308
0.0021674285533712055
0.00011480254177480666
-0.00016520376915472998
0.00028800975504719413
-0.0015254685830690378
-0.0016675064269107386
-0.0009317859083910144
-0.002596449106566863
0.000667750775996484
0.0026702910951573724
-0.0013526486508689097
0.00030988831384410557
0.002712245729940544
7.485157315718655e-05
0.0008530286772998048
0.002720216820482798
-0.0024487363570903104
-0.002961529520350721
0.0013700447256768155
0.00033800871797277704
-0.000801654997361644
0.00016323735161110405
0.0009742455973631922
-0.0007052617558279809
-0.0020948360207958187
-0.002615710734593671
-0.0011380150010206309
0.002394182353895027
-0.0014593986820438164
0.00014587325257013357
-0.0027820491204097126
-0.00041634428050087765
0.0003699837630701647
0.0026404009830604345
-0.0009566188693017489
-0.0021379558465706243
-0.002669335814025396
-0.001405294749017072
-0.0015705343820067252
9.615293295467614e-05
0.002838727542966002
0.00028376668430225805
0.0011056852974893642
0.0027187583293042453
-0.00037503271849075254
0.002728985467796685
0.0011108200035874448
-0.0029684337231467685
-0.0013443505421432238
-0.002653459174133564
5.299150039491697e-05
-0.0024980156112131714
0.0020250139758184104
-0.0001582145385125816
-0.00015450087732129126
0.002609882543901717
0.0017783855077761791
-0.0002623545780624146
0.002550433661647261
-0.0020684039260852735
0.0010309743688849586
0.001644390025823502
-0.0016557433198112104
0.0009788037231852377
0.0019191838526300955
-0.0025382334944761983
0.0006317139109405377
-0.0012303758205421285
0.002698236401444493
-0.002670087387460552
-0.0008295073679799041
-0.0009930196812985674
0.002873446620595449
0.000972394440204109
0.00010394812522994575
0.0013514754002493584
0.00031700583844832637
0.0010291792954651886
0.001843826604185625
0.0022917504880015267
-0.0012686000792740968
0.0012935862346270992
-0.0007274548225161231
-0.0027909514037593943
-0.0006973400768153569
-0.0029057090963463253
0.0015691890005314294
-0.0009271669646919722
0.002770954217923072
0.0014960093125874173
-8.931700179693044e-05
0.0006389785109112379
-0.00028172813185106844
-0.0015595366401813244
-0.002226773883553874
-0.002911178920055859
0.0012467697464925058
-0.0016508227901357853
-0.0003086236376426154
0.0026471399056640418
0.0011532024760560157
-0.002004858383360499
-0.0026225935204883546
-0.0008311204558667058
0.0018622179686825164
0.0006368765912038543
-0.0015763335282478583
-0.0022643479408392337
0.0009539269649802918
-0.001835299537558071
0.001941681947645749
-0.0021685912976031185
-0.00013615182211714448
0.0017725826811824186
-0.002880137958238972
0.0013326273565909194
0.001957495265516057
0.0029093410878229184
-0.002666633811124912
-0.0028907291861902467
0.0021908636878435472
0.00032976012048978884
0.001036209742169017
0.0023953113638968924
-0.0007880530399607525
-0.0016887392412233985
0.0026535581437388328
-0.002910279048554748
0.0005705496812662032
0.002898904859655849
-0.0028778882632113294
-0.0013593529359522698
-0.0009361226882416457
-0.002405771430672393
-0.0011587354624914184
8.60317228823836e-05
0.0013834436939689915
0.00016996690637069043
0.0029477660116316046
-0.0029546291328582342
-0.002258288894376441
-0.002116531795258597
0.0021838288417785016
0.0012844207503770605
0.0010932594922077972
0.0028006835400529962
0.0014040241804018066
-0.0012781762975315146
-0.0029854277164674406
0.002696298250582066
-0.0020141526322777483
-0.0027651375161714905
0.0002487162925964054
0.0008345747170519168
-0.00038013370913589275
-0.00028893903358096894
-0.0018453517925707374
0.0015966871407556435
0.002010093609483036
-0.002687529704227186
-0.0004415942394313359
0.002953655412497728
-0.0006005019324538735
0.002458282386138012
0.0012508168304776381
-0.0005249570439739381
0.0011232289004253233
-0.0016704835531580835
-0.0012589529770532547
0.002178071602002979
0.000558815779162078
2.3053103871412215e-05
-0.0011660340250834182
0.002604709981073163
-0.000443857497018859
-0.0002116258659409392
0.0014324913396395137
0.00023235195997696684
-0.00031677601989297567
0.0027581236956787554
0.0005273491388746374
-0.0013474792246582872
0.0004045749114517639
-0.0013613955530376197
-0.002471602597153082
0.000819430753753389
0.00012713168871389272
-0.0025179370400611814
-0.0025821979729178145
-0.002996461436791041
0.002061387246053761
0.0019896164368489256
-0.0027940558708067836
-0.0010398487630413071
-0.0017998860759204703
0.0012249504269047466
0.0021229993583490245
-0.0026886273638589684
-0.0018230574777606196
-0.0009778077709120627
-0.0012245626246235194
-0.0018020727568265262
0.002006908993532149
-0.00023446780684174178
-0.00230098671063482
0.001848718942744347
0.0016121754343456345
-0.00030180255739923386
0.0024202556116455654
0.002309098519193813
0.0009035512833297965
-0.0010075717005487272
0.0011303525117564057
0.0007228388091599165
-0.0018847777745383966
-0.002726550667559049
0.00096963218134125
-0.0011101444535358846
0.002720428036696777
-0.00048145181379866857
-0.0008263919358334278
0.0006044330477901166
-0.002241379705710989
0.000614909854252397
0.0004159666703275797
-0.001076901091071314
0.0026149738538287894
-0.0016008416401830533
-0.0015976620780036302
0.0014899635514157347
0.002722843375626397
-0.0017584018052075677
-0.0026590275066980962
-0.002462127601067444
-0.0018143205422301064
-0.0024533606938710413
-0.00017041100265557767
-0.002345739345322743
0.002328589834926579
-4.056920129783242e-06
-0.0022488839536658643
-0.0004941414792828994
0.0028837699895846326
-0.00031461124994442953
-0.0015055214595128521
0.0009897868585516736
-0.0005489609591721404
-0.0024386007494439236
-0.0008229866505727029
-0.0024006122013407946
0.001267780839769618
0.0014289089567191791
-0.0014291031494409832
0.0009391769079943654
-0.0016614021632457901
0.0006584920293179189
-0.0014301077926106012
0.002217867653034577
-0.0005994417042508252
-0.0026272266876535603
0.00024901181974481493
0.00020598277342476776
-0.0012188398327061265
0.0012632655347324532
0.002916202512652309
0.0015542479148965387
-0.001722193597828085
-0.00016798048079615406
0.0026744952586675013
0.0011575219315773325
-0.0029877023970749845
0.0009776484090950653
-0.0024917030602730297
0.0027636513116315
-0.0002467297556091679
0.0010070166990986899
-0.0019855257954312995
0.0008980203363045005
-0.0001611911649479058
-0.00036124391693607245
-0.00027276236067221623
0.0025116846944085924
-0.0007017577543588587
0.0009545817917320934
0.0010648679196861603
0.0009951535241934399
0.0012671868631305705
-0.002240066633611088
-0.0008987113557522111
0.002720691011202445
-0.000636699690421337
0.0023065314609409865
-0.0012758864580715381
0.00047739403315516515
-0.0016653727564943537
0.0006164603186494507
-0.0012511942652418204
-0.0013261066212174762
0.0009057842605693961
0.0003117578289838492
-0.0005906509368293132
-0.0012662782921238458
-0.0017555437263649975
0.0002975460004526441
-0.0005770699913121504
-0.002009996818984757
0.0013097672403627686
0.000741508490411259
-0.0016140428634714744
-0.0008981961886626007
0.0024108875097729847
-0.0015666013431445609
-0.0003376770135164035
-0.00172054974498932
0.0027556342818761273
0.002695760235231195
-0.0016822183324751066
-0.0019058057548862189
0.0008674404257761896
-0.0015980690316161014
0.002670338528573445
0.0005446068285710035
0.0009585709542168329
0.0005660824378509047
-0.0009858796290028748
-0.002883609153794768
-0.002810937837002622
-0.00028127869146999307
-0.000378991680266626
0.0005589605377443623
-9.260047345638388e-05
-0.0015994873920622172
0.0025769758615466973
0.0009785340367460035
-0.002045056907973652
0.0021449811263306792
0.00273870325284777
-0.0016525926413061096
0.00034327275018550176
0.0023068738312145903
-0.0014910489409206006
0.00038880924182570133
0.0009707134355965577
-0.0015297309419676402
0.001300824086490007
0.0014252038269954772
0.0009364098215001171
0.0006118828187689227
-0.002619739230739167
0.0010679712135850082
0.00044869223527497625
3.184947489516272e-05
-0.0006493996680673351
0.0011873070002856954
-0.0020292579789767265
0.002683598979324609
0.0010793315503069244
0.001604463969606361
0.0003576973787328937
0.00016338099936191904
0.0004566337938035291
0.0021858371292997805
0.002407301553175165
-0.0027363619599238215
0.00040497727682728326
-3.0437059721463797e-05
0.0019709872327239456
-0.00039839568544389886
0.00011567040410715356
-0.0007660950600127704
0.00037210864013679547
0.00016046055118067648
-0.0010721264889209053
-0.0027883479650917657
0.0028571073808291636
0.002025128260480436
0.0025388793075459184
0.0016305182366443492
0.0007680573011328053
-0.0024207092141949778
-0.0022386553456040736
0.0022651039029569896
-0.0027247390276342355
-0.0024325830662261
0.002831055382594509
-0.0024647440212557576
-0.0013132406575690754
0.0018035700467916912
0.0003358154364319615
-0.002502493843590176
0.0017624903440518237
0.001578217557929279
-0.0025949295160707336
0.0020106469379984207
0.0027732252141298977
0.0024456968179263653
-0.0005231687300424137
-0.0008431030055068285
0.0005599851641429586
0.0008244450043335821
0.002757852566029475
0.002419106643597844
-0.0013093493767955752
-0.00218037006169817
-0.0029306708159077158
-0.0003907410177967914
-0.0008130748878831017
-0.001245113148198953
-0.0008882799078501862
-0.002304713999499319
-0.0019475885447269926
0.0015282654079171731
0.001725069726951297
-0.0021580128531440913
0.0005415701422398634
0.00014591795098026
-0.00017160441212855882
-0.0025482979457727077
-0.00040514784571163594
0.0014915572628388793
-0.0021366737550728423
0.0019017161668961717
-0.00042048588735658834
-0.0010441855744202362
-0.001517728734648714
-0.001997437343574544
0.0026735842778770743
0.0021314404322100716
-0.0013773376800915213
0.0020462643246023024
-0.0017967849907229154
-0.0010257235385643139
-0.0009475443328986169
0.0008407218839418047
0.002719080731317048
0.0010650019769047926
0.0004742059895016231
-0.0018688851772379628
0.0025615886859610233
-0.0012622563100363434
0.0018835900812140998
-0.002832374015121293
0.00016673990426733934
-0.0014546522631605837
0.0005602942474154373
-0.0019446162819925772
-0.002203185921314264
0.00022796133076025994
-0.0027280773756167367
0.0025189239744185495
-0.0004856869140876913
-0.0026244138119697314
-0.0009158827225404509
-0.0003066347058336438
0.0013346746550066992
-0.0007191523369157239
0.00130498624304349
0.0019282816743257632
0.0008525742055967853
-7.436649428613305e-06
0.0002626354390276881
-0.0004442624513073378
0.0023466215189493402
-0.0014635644864464034
0.0005843064110762201
-0.001212650254729104
-0.0029611333756750595
-0.0026847177836910475
0.0003393976271684725
-0.002587770976312141
-0.0020329827386131464
0.0013310533675462612
0.0018617895302699746
-0.00032375568126675244
-0.0017974373026322682
0.0014637388116901188
-0.0005758633027102564
-0.0004824933871274747
-0.0016962368978368696
0.0015209928607939393
-0.002935648591486006
-0.0024008955149032556
0.0005759352057054055
0.0007149006084396512
0.00026025711044084295
0.00107768100957128
-0.002441836413604625
0.0015032212073596007
-0.0021455918848121637
0.002917455858191265
0.001425402737670476
0.00034101786201917684
0.0028746603930114873
-0.0009459023801855716
0.0013047673877589405
-0.0015611915721998083
-0.0008001529786443654
0.0025635364226883764
-0.002971270900803136
-0.00027141111942314503
-0.0003728772962647191
0.0028921534497212686
-0.00036636135492746236
0.0014119998759016539
-0.0023993467371543394
-0.001381987316462852
-0.0007462056144176619
0.0023784174663481067
0.0027510721141523475
0.0012611658033503583
-0.0014374171811503153
-0.0029569675956824847
0.0009046847064049278
0.0013910019258365743
7.232581920213216e-05
0.002764326916080211
-0.002238301012276238
-0.0008822873383720112
-0.0015275708925015829
0.0018375153852833925
0.0011146973360375567
-0.0020307117510047134
-0.002517611169100415
-0.0003601751713511606
0.0021661082888635597
-0.0023540454573685605
0.0005432402905261946
-0.0027289257331505556
-0.0029765334930812203
0.0016688238681980497
-0.0018819554880464076
-0.0007121568377394852
-0.0001221627981146077
0.0010022044400613012
0.0008975240126913538
-0.0014852855753958198
0.0020795775781939745
-0.0013031432258898406
-0.0013773163340682288
0.00030932856358642817
0.002963911171833657
-0.00253929055239228
0.0020027340914513933
-0.00039264099282633295
0.002111762444675592
0.002246939496931127
0.0005263656437991117
0.0024998522194328637
-0.002959919988887737
0.0006288113979036245
3.545020603819499e-05
-0.0006360308765790221
-0.0028857485246541843
-0.0009487665657088497
-0.0013839353373182677
-0.002197990397714106
0.000817059779096926
0.0029980465799460086
0.002368005973226211
0.0026676184806019264
-0.002629318281304068
0.0013708216245863708
0.0024195112867746614
-0.0006142458491231019
0.0026452901619604258
2.070105143410798e-05
-0.0004100005182761696
0.002977465706924469
-0.0003277785199024578
-0.0023045557497025832
0.0023538140840090533
-0.002896056380709156
-0.0013421542145164857
-0.002664756349198125
-0.0029083476898520756
0.0017126298376455643
0.002149034664605725
0.0012016608648639307
-0.0018794142243471897
0.002776414073097735
0.0010751353403690624
-0.0011807479509860937
-0.002366814399925603
0.0014916830279702578
-0.0017643873562741758
-0.0029605966517235478
-0.0022667525014530314
-0.001066519457565933
-0.0013071322383890575
0.0007356855579996359
0.0021204143175625433
0.002313160907753087
3.97283166466136e-05
0.0003091517976111088
-0.001929444428466741
-0.00041566033969826083
0.00248453381611961
-0.0005215438417250436
0.0005424992360883894
-0.002995310207680597
0.0017012815001271175
0.0018078286928704347
0.0010169937994968827
-0.0026615935199747888
0.0020571182064120976
-0.0023344893693221435
0.0017502470262427215
0.0006944304661959453
0.0006430328802512603
-6.151688789442136e-05
-0.002183333844186595
0.0005553005662817675
-0.0009805552197967378
0.0029558894263728612
-0.0028413625549072717
-0.0009661857073691841
0.002515483022140704
0.0027952815245825347
0.0009414108098574955
-0.0023003197348387735
-0.00029514287041652355
-0.001759286328670511
-0.00162998301809844
-0.0008019993120978591
0.001994387552242188
0.0019914705148845763
0.0003815754215975948
-0.002343313929424092
-0.0025655375517225814
-0.0007328664900650103
-0.0009887569703350518
0.0016510727550491187
-0.00033765728831064564
0.0008366230787400504
0.0016428280225093978
-0.002877915965308235
0.002197806643935294
0.0027076135077944785
-0.000312872848280864
-0.0005605096267714436
0.0024317646068792156
-0.0028561519377379397
-0.0017057773615014283
0.002473992389056462
0.00023380291873097842
0.0024825777692917056
-0.002878704090968121
-0.00038459864614951876
0.0026408850556150975
0.0011045537996569842
0.00269827869406319
-0.0029020537186931275
-0.0021475593839987996
0.0013752893949195615
0.001079484359523179
0.0015260605260916695
-1.070228900697896e-05
0.0023314739710291847
-0.001367114263984696
-0.002369505465211395
-0.00019656212707561908
-0.0023197855337355874
-0.0004199495692805838
0.0024864356874357675
-0.0019202421152400358
0.0014019235802077337
0.0012899693164167654
-0.002585856830268118
-0.0005498402659241831
0.002987546858601097
0.0006849834591089589
-3.2746645085685554e-05
-0.00101740253353135
-0.0008309398998403556
0.001141066678593177
0.00039055055639686384
0.0014416704216898262
0.001356050062543761
0.0013780477995757514
-0.0018825558036161592
-0.002676595970104904
0.0012090765835550904
-0.0009359171831852618
-0.0009908100701148128
9.145172252016413e-05
