-0.00033521994749694374
4.32544975221519e-06
0.00012811596038870524
-0.00021849379413424285
-0.0004823503981878081
-0.00045247627252851207
0.00035054205480913295
-2.1479581993485552e-05
0.00037799112056354737
-4.31096422138626e-05
0.00013134228256539491
-6.765672488801347e-06
0.0003634067599092871
7.595966114833422e-05
0.00022891168627765237
0.0003766478108179664
-0.0004158666168806728
0.0003180281052480487
8.698677809664424e-05
0.00039314136882381584
0.00020609152105486325
0.00026002858141828996
-0.00021095082531222476
-8.432927638320708e-06
-0.0001859978891615228
-0.000404323848150741
-0.00018954379377064803
-5.228883875630952e-05
0.00047664456588404364
-0.0003416543597654421
-0.00035032814362674733
-0.00032730855361728115
0.0004887989973596592
-0.0002825759922006492
0.00022337085451793338
-0.00036948283539134656
0.0004418817872039084
-0.0003632563178994093
0.000421919497279308
9.553001807109164e-05
0.00038715536235427216
-0.00015939534773904053
-0.0004393118799685213
-0.00012957790443734432
-0.00016699478653219913
-0.00033405360307731726
-0.00047594857596391016
0.00020034923351426213
-9.692041411484453e-05
2.3122259075261664e-05
0.00042446177589942804
-0.00031333044626887673
-0.00018366824382922418
-0.0001309861680646067
0.00041990579026632367
-0.00010170621367634058
0.00039623470897956047
0.00011859248606209047
-0.00018936984484848565
-0.00047535879715931983
-0.00033620502921816544
-0.00034853262273436514
-0.0003467992558522685
9.490872027404624e-05
-0.0004209548357290395
-0.00044246292536349885
0.0004828123019144197
0.00016660036449648913
0.0003452275908965661
5.2869121225787314e-05
-0.0002095220224462955
0.0004884194942309213
6.892731053719219e-05
0.00023155527176369297
-0.00015417243652997704
0.00031985270691695794
-0.0003521038163294811
0.00012291677310648122
-0.0002805651180914308
0.00042635255478474686
-5.2330555063267114e-05
-0.0001758095482301101
3.724737473184963e-05
-0.000283990191356406
0.0001918629588214322
0.00036336617161559213
-1.006885565681668e-06
-0.00013852524224769572
0.00020869962934597704
0.0004744352045855096
-0.0003765414818297782
0.00047818018378420805
0.0002062144488473287
0.00046383385167416075
0.00033606654395599493
0.00032439512674737356
-0.0003156855447349518
-0.00020686330817617273
-2.7587101827722177e-05
0.00018008183821990843
-4.174944896410927e-05
0.00046697682439978024
0.00016796274221560117
-0.00045606129669906913
-0.00048825545147739756
0.0003912947963529942
-0.00014165811970353904
-0.00048660638695041235
0.0002638296762413659
-0.00012314369435331018
0.00010963284322487038
-0.0004718797384936525
6.651702332067632e-05
-0.00026383356099775877
-0.0004989810804755338
-0.0004779353498563409
0.00020418321928556142
-0.0004610988253200752
0.00016591484300178044
3.43140140328694e-06
-0.00014288347092845553
0.000255734155241781
-0.00031898881740620953
-0.00011865047949864905
9.911620471523316e-05
-0.00044306283709203597
0.0003987918378037772
0.0002932894721198253
-9.047690236051398e-05
0.00018413374472260689
0.0003988690363583076
0.00023318380566785023
-9.379986407123388e-05
0.0003857693575704933
-0.00043603093687388285
9.881181159261318e-05
0.00019870288627372133
-0.00029279167648347425
0.00046928240830523566
-0.00021018676078850718
-0.0001249179173597672
0.00033545948251258574
0.00020498456256996984
-0.0004330710188250812
0.00021642338937947017
-0.0003447260043211311
-0.00033017867042305874
-0.0004936623288718603
-0.0004955645420398574
0.0004264415328943469
0.0001796305406116176
-0.00029645273597229515
0.0004098937900262657
-0.00011393821085760525
-0.00048533143822934634
-0.00013898957732435402
-0.00045360105877464973
0.0002529606606430409
0.00034455046902126746
-0.00038076744075052674
0.00030983396183375807
0.00019542170015509263
-1.9295152746783277e-05
0.0002869686712693171
-1.2416910466284733e-06
-0.000488454716357615
-0.0002681177566055017
-0.0003367033511640872
0.0004333567597735354
7.5053165029248785e-06
-0.00043715885338510373
4.636803611636118e-05
-0.00026071729908878883
-0.00014174708374027379
-0.00014139640218299818
-5.69295809453303e-06
-3.944489909404235e-05
-0.00031154782769512025
-7.701213608339764e-05
-0.00010720317811016111
0.00043444501060068265
0.0004059882385774597
-6.197423650631997e-05
-0.00027763695792817135
-0.00025802784224198143
0.0002504109904486058
-0.0004952988572906895
-0.0004937932698817481
-0.00011384093573090637
-0.0001119992850577163
0.0002043732641834493
0.0003552516795346251
-0.00017256511621151427
-1.6303282189845773e-05
-0.0004165174602969408
-8.136233859476981e-05
-0.0004567520171074833
-0.00015579833827206202
0.0003546601337170652
-0.00039254262466751613
-0.00028832154672491525
0.0004342563432166512
0.00039521284810408374
0.0001843131260525063
0.00042244000144213065
-0.0003787671955890486
5.345971428799556e-05
-0.0002685380107969774
-0.0004974732220736764
0.0003194206765175006
0.00019713193049538942
-0.00017683340118370127
-0.0002251989764651399
-0.0003975347839871757
3.9801995132390886e-05
-3.250001705192186e-05
0.0002992862047710063
-0.000346436680862233
-0.0002027922846907615
-2.1021345227330366e-05
-4.166137193680706e-05
-0.0002932825374338311
0.00031272349317098007
-0.0002220694032652205
6.492538444240062e-05
0.00014191403900515028
-0.00027479715789463467
0.00016822818559693927
0.00048270151435000734
-0.0002457495342045193
9.331004695557375e-05
0.00041709815387642297
-0.0002785044077105955
-0.0003458106977188342
-0.0003651243075689179
0.00031630051298122254
-0.0003829953114489623
-0.0003898159670541651
-0.00040182288547806324
0.00024000048330834048
-6.14292724686736e-05
-0.00011770826915542733
1.2818021783745541e-05
7.252272765903437e-05
0.0001183221418196962
3.8497990344750835e-05
0.00018569314658685226
0.00028795507324804294
-0.0001294411432448911
-0.0003507042883550343
0.0004236219342282654
0.0002630385455997886
-0.0003413802502654426
0.00020752134418365261
-0.00016312631285842497
0.0002311984419478345
-0.0004987483199262027
0.000416909294860132
-0.0004297062882736647
-0.00022232198192797392
-9.339589437302922e-06
-4.981738606690334e-05
0.00014010060272004422
0.0002797154218167659
-0.0003009820056198428
-0.0003244814097105926
-4.0805594617967155e-05
5.831094109095983e-05
1.3370220584632228e-05
3.855950300077533e-05
0.0004409015199212103
0.0004398684627713455
-0.00025224371557895663
1.5767272237207685e-05
-0.0003211514828442945
0.00011937602974010342
-0.0003571471684565762
-0.00016520162058148422
0.0003967421873265674
-0.0001968899807941906
1.6601710230619094e-05
6.8601091762325334e-06
-0.00044039052767708354
0.00024221028255283592
0.00034762850619036816
-0.00025003285247899985
0.00026428200885105196
0.0002586615794176781
0.0003251756613702407
-0.00027865551107467525
-0.0004910966945166428
-0.00029280018828023213
0.0003557716070750522
-0.00048519448932442987
-0.0001787587823002079
0.00014727467013824348
0.0003591489669420526
0.00022935718427688175
-0.0002303993933305669
1.3499852638354927e-05
0.00046391354611722234
-0.0002441248723864392
3.0669249559987354e-05
-0.0001543316879820006
-0.0003183885238431397
-0.0003256624612177269
-0.0002650069488773074
3.4117397636626925e-05
0.0002791797078198913
0.00045965688340174967
-0.00043603086116784885
0.00014778937248225246
5.2756816993960814e-05
0.0003235148632327338
1.7482187090867084e-05
0.0004996588589737173
0.00015375526769587967
3.234490959018129e-05
1.1663523747999695e-05
0.00016206095884747484
-2.907703167750851e-05
-0.00031408843297092194
0.0003839438079048346
0.00021858500861160718
0.0001803290087065909
-9.861656084893256e-05
0.00011838636094038115
0.00040978159363775875
0.00010100028924366837
-0.00045143231928338
-0.00033752653434755697
0.00043458286514509964
-0.0002539676206142078
-0.00034201920566703174
0.0001341776865519418
-0.00015861042844504903
-1.954141082169636e-05
-0.0001299773807502861
-0.00028127161122949165
-0.0004331808919701782
0.00020892287273772817
-4.415752333638889e-05
0.00032853817946607564
-0.000462090686821121
-0.00013808731748276816
4.973326314379684e-05
-0.00020422113512789285
0.00012383219842794697
0.00010090928970418593
0.00044635312111280395
4.186759746027159e-05
0.0004235807258064555
0.00010823373315445891
0.00040051672001112945
-0.0003329044915870075
0.0001267323840270767
0.0002317035239087085
0.0002848826154516587
0.00044515143987143395
-0.00046340343151704023
-0.00040963959538781007
-0.0004929473484045864
-0.00034496527383921164
5.337187208478717e-05
0.00039964629042082544
0.00034869219551071304
0.0004596421447234688
0.00034613262638284444
5.084727849750774e-06
8.330729326980137e-05
-0.00038862280875792546
-0.00018615975188898437
-0.00027946071761505243
0.0004997097916570757
0.0004243477209747399
0.00035458967199299097
-0.00025530576345194543
-0.00034863723693208105
0.00012153376646360781
-0.0004293788312213431
0.0001394377822857227
-0.0004987825207888286
-8.56729133485349e-05
-5.558838339875618e-05
-4.8868825478915346e-05
0.00019992968373908407
-0.00039786380216854034
0.00044540690621395704
-0.00033477222917976154
-0.00045714548738241844
0.0004244925005412269
-0.00017830525680983747
-0.0001345134634954297
-0.0004544291993850898
-0.0003312064386833916
-0.0004137801805631639
0.00030881000959199264
0.00019140104621566346
0.00031211746879951797
-0.00024770880214273073
8.149599161850173e-06
0.00040629512644071606
-0.0003361608724530948
0.00027943609678605377
0.0003030260126818874
0.0001130073179244251
0.00015761547616669727
-0.00038766283242856726
-0.00029755949349953646
-0.000351132772373551
8.910158433169356e-06
0.0003161036956305704
-0.00028327117290851523
0.0004475152639177233
-0.00030303590009501155
0.00017798020168096425
-0.00039418991244591996
-0.0003866303400775112
0.0002564445621087646
-0.00022723129170957256
0.0002478202352948056
0.00037736385688688667
0.0004180216536933095
0.00010309343598602968
0.0002801349777359997
-0.0002604064166980624
-1.0434475608640716e-06
-0.00027988958323123004
0.0002641235820193982
-0.0001214172692092974
-0.00034395630543907017
7.663872558955412e-05
-0.0002713084991204975
0.0004550363343534218
0.00029671096623603535
0.00031049215268007116
-0.0002991615550825664
0.00017750336274707822
0.00029585688333558095
1.0500893542902089e-05
-0.00034920298961524544
-4.695917286587467e-05
0.00019560457392518553
0.0003287672674913974
-0.00047424196261025944
0.0004545915412350202
0.0004268042398821387
-2.346920501836169e-05
-0.00014017072670151066
-0.00023010827488861705
-0.00048218192678859296
-0.00023083786122203532
-0.0004771598911174564
-0.0003313896802607863
-7.29544991521973e-05
-0.0004295262091600317
-0.0004994238365491902
0.00033710349362688617
-0.00044510844614010825
5.2826861639375584e-05
-0.0002914905243884328
-0.00046345726100236254
0.00032023534780872614
0.00015993269638575223
-0.00028603777832681733
0.0002821009218344049
0.0003664245758300187
-0.00038906540032903334
0.00033192165515058254
0.00014853663716969212
0.0004635701216480387
0.0004665304362413469
2.037898434209442e-05
-0.0003542279752845216
-3.45295299749836e-05
-0.00030872869208428775
-0.00024094349918062509
-3.643025493108921e-05
0.00030967022750105994
-0.00012323379734064164
0.00027689545280370174
0.00011843982191368915
-0.0001513810504892641
0.00017003153432302133
0.00013865905206669445
-0.0002197507859974678
1.0421123899747708e-05
2.806832845463731e-05
0.0004601851479814419
-0.00021303805886344242
-0.0004249471650994707
-0.00040546905661925826
0.0004352562136522381
0.0002443741213079488
-0.00041215819471952775
-0.00011023084860476128
0.00042863682775123207
-0.0004729583786410894
0.0003323705296845215
0.00023879811706036664
-0.00012049547997068432
0.00039260708220603755
-0.0001957524475354443
0.00015731099550426693
-0.00028741065346166703
0.0003764168489683768
-0.00041182629027918693
-0.0003692626005084593
-0.00013064524315186353
-5.200562740460081e-05
0.0004794849997746143
-0.00034462548051699825
0.00047039045642972616
0.00030311522422338645
-7.796844917421609e-05
-0.0004630499749198355
-4.335544762975761e-05
-0.0002113152112510587
-0.00043331201709825184
-0.0004814464271629815
0.0002113946235166017
0.0003447618859643662
0.00021215942046805953
0.00010687286158281468
0.0001319994637307356
-7.499405834910386e-05
0.00014381385384299654
-0.0003328924992266366
-0.00033276691786662273
1.9076679352901874e-05
-9.55460155944055e-06
0.0003276486809842159
-0.00016309001476365938
-0.00011711852884149678
-0.0004169302763019843
0.0004852913371140332
-3.843403457515671e-06
0.00041010635426751195
-8.594598938242595e-05
-6.37310831964393e-05
-8.991192118824973e-05
0.00026012657025154386
0.00026542055229082976
0.0001324858017358988
-0.00039825008484488123
-0.0002775275267965691
0.00035791681519528064
-0.00013860000390735004
0.00016709663931849792
0.0003141080799638176
-0.00043161326975413284
9.147873960799213e-05
0.0004968657746529555
8.524200277140834e-05
0.0002880739914312119
0.0004716742094833861
0.00020967387502148123
0.0002737629981067333
7.892816691291158e-05
-0.0003048219885094564
0.00022832511104279847
-0.0001532999471148243
0.0001294882331571586
-0.000495097089362663
-0.00018234675166042835
0.0004429736166206284
-0.0004901889670953701
-0.00048387736482876796
0.00018670124620277068
-0.000453913240836353
-0.0002480237433843454
7.951479450619622e-05
-5.548551685609235e-05
-0.00021290695792243252
6.632977545009873e-05
0.00021499886656202916
-0.0003987192402293868
0.0003712186161006992
-0.00043750634466703764
0.0004739247359630711
4.201945995609656e-07
0.00039265504348399863
0.0001578139391725426
-0.00048279815690642323
-0.0001531207368722747
2.0749963232933547e-05
-0.0003472917481495752
9.242371569707062e-05
-0.00031761444320636454
-3.308430784952664e-05
2.9456072760019117e-06
0.0004215929844344858
-0.00019356762980088073
0.00029404648183750095
7.471003644243422e-05
6.600744877150345e-05
0.00010971025803446918
8.352128415219995e-05
-0.0004733113248825097
-0.00015083494235457873
9.851339706794281e-05
-0.00034619215114187305
-0.00037060939892775014
-0.0002153101070961114
0.00018857314864403408
-0.00022572726991462012
7.268886290817569e-05
-0.00042632506821874285
-0.0004885422359763989
-0.0004886493184706365
-0.00017617800805649566
0.00042246073874917787
-0.000428684537292527
2.351995904019237e-06
-0.00026517499728918447
-1.3478751174457633e-05
0.00036052045463275367
-0.00012242757090223845
0.00024452079403353784
-0.0003462409455164467
-2.0095734687688538e-05
-0.00016203436129765572
0.00034410493312115014
0.00010819902891914227
-0.00027723585073924004
0.00016942838578424613
-0.00012931276638820786
0.0002236976322867809
-0.0004079334807145284
-8.416316632180008e-05
0.0004938404778165723
-0.00027178228066457376
0.00048074312770330675
-0.00025232360898869464
-0.00033021471035568216
0.0002177549094779577
-0.00023897255135001437
-0.00045492211585657007
-0.0003397256049011702
-3.785012208344326e-06
0.00030472645568983717
-4.5249802462105527e-05
0.00014875258068683113
-0.0003449552233220656
0.00018023529498759202
0.00020081881182590778
-2.4563503228197138e-05
-0.0003427873443466699
-0.00013895728915861295
8.72680998857255e-06
0.00020727243650036102
-1.2220894104880155e-05
8.776086199353708e-05
0.0004804997699238069
-7.458325661234002e-05
0.00022259003868899195
-1.1221983738691588e-05
0.00020227750521801266
0.00016581270708292595
-0.00010281235600313645
0.0004955824970510813
-0.0004917537842591919
0.00030950643751400167
0.00027337126856849276
-0.0003131820653165709
-0.0002200564084106844
4.212803541647032e-07
0.00043506125892151285
-0.00042856605984515185
-0.00028816119943277964
-0.0003512510074039796
0.0004542562082040254
-5.467320320410598e-05
8.568840745482292e-05
0.00021168100640800642
-3.1599534400127984e-05
0.00034864915786719883
7.058681561134396e-05
4.3011137380047034e-05
-0.0002658592338258292
-9.537803733850449e-05
-9.45890148353832e-05
0.0003980638539768335
-0.00046083030297025773
-0.00047029160921587465
-0.0004989266413590923
-7.758205033788688e-05
-0.00011853117916079124
0.00020123025704820612
-0.0003951582966484768
-3.240019873949657e-06
0.00010588308603393852
0.00042914177307552294
0.0001090231487815437
-9.854674275369592e-05
0.0002527248519380369
0.00012817966109780082
0.0004138527874327357
0.0002830765204566072
-0.0001785048648928068
0.00024968289006995533
-0.000172509424526039
-0.00028416992424987154
0.0004633887414907152
-0.00012603659492088659
-0.0003013501298611765
-0.00046508416634829445
-0.00015618080424321056
-0.0001270252189268859
0.0004061575197685861
0.0001574032903822382
0.0004817159095644502
0.00012655188050146365
6.836310422445968e-06
0.00036047356721425564
0.0003112281448593788
0.0002795837317134766
-9.324385988158744e-05
-0.00035671139644136406
0.0004238037788269378
-0.00027483065835648846
-0.00034888808884871403
-0.00014388500732499468
-0.00035948204681229454
-0.00028469686656620527
0.00020019944279285671
0.0004432016184033171
-0.0003307095399334956
-0.00016179741065190114
0.00031337123795667054
-0.0002561978435790382
0.000455274911485773
0.00035446759399254647
3.918230323607657e-05
-3.5786318623327916e-05
0.00036828863036659923
-7.120443758001471e-05
0.00020721695944578517
0.000341436471300674
5.6062026916322855e-05
-0.0004768545476017213
-4.0450333990740914e-05
5.9532836004688163e-05
3.040245251264477e-05
0.0003427642755759161
0.0004975313753948015
0.000351070410602616
0.0003226976185558937
0.00023006991696227538
-0.0003499031851219967
0.00043694379653759496
1.7919184438875443e-05
-0.00040002896688445724
-0.0003733817914708189
-0.0004964160184031648
7.82292677387064e-05
0.0002466322914722967
-0.00040278587532668517
0.00047597483947152766
0.0004716772718977504
-0.00022284394209781466
-0.0002304895576890711
0.0003356102549280449
0.0003390756531756893
-0.0002444691747433018
-0.00033153350194067724
-0.00017788188433743093
-0.00047435864655438466
-0.00039177985398781935
-2.018418209476892e-05
-0.00015815898696126297
-0.0004042287991806627
-0.0003176428489610111
-0.00039086875455750404
0.0001974279913739271
0.0004428854134141271
-0.00016664221698540327
-0.00034956563623883585
0.0002288431040559153
5.121516676593772e-05
-0.0001298140270861009
0.0004945791227975852
-0.0004232197081299214
0.00037573232625655035
-0.000360306304695426
7.631499038027656e-05
9.25440086357493e-05
0.00026756899945525796
0.00023834722721329047
1.3577629467490904e-05
-0.00042937473596343613
-5.737346680391496e-05
-0.0002637448993502878
-0.000436287744449648
-0.000410141569328376
-0.00018812589835397674
-0.00043271080396323924
-0.0002749965048765274
0.00028905796151836125
7.902011567923557e-05
0.0003111739102997674
7.970131822093143e-05
1.9881861985626887e-05
5.505394944143108e-05
7.234990043545057e-05
-0.00027087396787569325
-0.00016222418553653442
0.00023378235350272165
0.0002143693570101921
0.0004431834641664084
0.00039621411292243636
-0.00040914397249590184
0.00038942730360662077
0.0003705282580324337
0.00010138692379924475
-0.0004945270757511308
6.922679276646091e-05
-8.955559654220659e-05
-0.0004654648020212051
0.00031796986628346226
0.00028719468461607894
3.3546172721228996e-05
0.0002009164401434152
-0.00020534961660161413
-9.30771052290902e-05
7.820932617053522e-05
-0.0003766984003816746
-0.0002777858203101012
-0.0004346827649838383
-0.0002787076033955592
0.00025497844250105066
-6.233582979842209e-05
-0.00022139258576581443
0.00043701036107527086
0.00012274068561917806
-0.0004968731171166301
0.00014085096768030392
0.00015854791547654612
0.00013731622355593848
0.00046143033709017227
-0.00037297144278712233
-0.00017363333438868669
0.00023858369163470968
0.00045710584409245107
0.00040611237821768116
-0.0003481230437975891
-0.00020311985674356604
0.00017478323176953886
-0.00048115246631876007
-0.00013226926649046356
-0.0002853304570871138
-0.0001243931146984326
0.000480328909797942
-3.734529652306228e-05
0.00014648621461895545
-0.0004423890155573733
-0.00018942725099138912
0.0004009836780282922
0.00018562482115072024
0.0004812336258176455
-0.00048393807649978383
0.00012523248391325492
0.0004435533327996821
0.00030948426810349476
-0.0001650219388347647
-0.00014547359221209855
0.0001481992069679816
0.0003473408796957891
0.0002765800544398452
-0.0003199669219626874
2.4843611642051222e-05
-0.0004657497321459071
-0.0004952216696111683
-0.00016820193926927817
-0.0004925865488019445
-9.610587204419865e-05
-0.0004983668144036569
0.0003015792988093725
0.00031964573959481055
0.00036978350162354375
0.000354765470524188
-5.8216296285915385e-05
9.705459090151452e-05
0.00041055378561594136
0.0002975028176698904
0.00010176191289811844
-0.0004803877234344033
0.0004131821711582741
0.0004842905422106341
0.00012920688864142475
0.00045165125688877573
-0.0001190096697742127
-6.555591602633548e-05
-0.00021638003293370254
0.0001247847566157662
4.1747099861409796e-05
-0.00016705697334392668
2.6321747574203653e-06
0.0004198178780741616
0.0004441960796989021
-0.00018190764251864856
-0.0004677852056508395
-7.339636679078453e-05
-0.00027049358581667307
-0.00010939548691406043
0.0002466426835245471
0.0004465683459066044
0.00036438621392294085
-0.0004112065384838999
-0.0002246080525215667
-0.0003120853520106115
-0.00017929293847984131
0.00024965634954905844
3.7103173249293303e-06
-0.0004946797807094365
0.00020322794939785726
-0.00010486762196694444
0.00012631891975544763
0.00016272831421371636
-0.0001855154045757307
-0.000497989470124587
-0.0003350747026364257
-0.0003313586699023632
-0.0003925962672173513
7.735184710123077e-05
-5.464303120177738e-05
-0.00036072637928155995
-0.00046054662017080495
-0.00041922141752706544
0.00030230171284065016
-0.00047699369757037635
-0.0003500845523321097
-0.00011425529980560423
-5.5009471841539976e-06
-5.8063672636176646e-05
0.00018753691287488764
-0.0002194300648412578
-0.00015367493923968778
0.00010010574562237728
-0.0004815158072912776
0.00047047318573414714
-0.00012069949224051467
-0.00014032505827046436
0.00042800154831880324
-0.00019344186964993549
-0.000359977272022829
0.00023394315103641235
2.799311627143424e-05
4.6920513944807385e-05
0.00010702996560347513
-0.0003912288190011908
-8.729400150711954e-05
-0.0003828874420511889
-0.0004890185185338122
0.000349819402692166
0.00031953631888742855
0.00021399427441365847
0.0003179762532195037
-0.000277069077819079
-0.0002949786449519292
0.0002814202671653454
0.00025987915404156767
0.00020923110487783487
0.00033322953013288387
0.00021479659920475088
-0.0004571297741139923
-0.00040849809275855575
-2.6369344385450812e-05
0.0002835868606458643
-0.00012479110865165345
-0.0003389775370653118
-0.00024079726418339977
-0.00016706735932611407
-0.00045032813559826867
-0.00033562447216562796
0.00029352988839475745
-0.00018130625997334548
-0.0003111947559197494
0.0003824194179593074
-0.0001321469944796445
0.00022944464461114396
-0.0004962921215751596
-0.0002947975493497322
3.471213165616525e-05
-0.0003639177258886497
-0.000187079439586493
0.00010885521037583398
4.24477288353672e-05
-4.4928137964774114e-05
0.0004189990189040323
6.446698052762709e-05
-0.00042999814792998934
0.00025723074974749673
0.0003930043201109142
-4.450592454042856e-05
-0.00018458896145380835
-0.00037036023411641064
0.00038556003747498466
0.0003837473459809464
0.00021242647658086238
