0.0021712718267892428
-0.00032487666532399987
0.0012925021494034445
0.0010106603214665487
-0.0010616035451050765
0.0025005691944477576
-0.0024414459338993138
-0.0003481982725812363
0.002818667081740077
-0.0020063146939912732
-0.0010229801609019135
-0.0007366823236812097
-0.00043190371432063213
0.0015521676195673333
-0.0011003275439069233
0.0006674954239604637
-1.4383864293665907e-05
-0.0028646330994640218
0.0005226758618016715
0.0029520694382729994
-0.0007601049357212528
-0.0004346101729115681
0.0028024954872760237
-0.002859196648232546
-0.0017120581633644075
0.000922031443287917
-0.0025501414525485105
-0.0013111562055099744
-0.0006330350801705921
0.0024233177845314844
-0.0006649499503832744
-0.0020893357018457767
-0.002719028747774041
0.001291131322971561
0.0010811575691478852
-0.001043409343195665
-0.0005375580289593306
0.00044760990824732746
0.002284932772467288
-0.0027887678623166687
-0.002275787053661313
0.0015588016214071986
0.0013268349956553228
-0.0027849953543086603
-1.1989797687673737e-05
0.0013893503021208025
-0.0010635494483297856
0.001067274633296267
0.00013856969819650046
-0.0004458533176537301
-0.0009851326345521752
-0.0025211520285167797
0.0003711894322426185
0.0007389653092802636
-0.0009523141726422101
-0.0028675200485723503
0.0004369842993667012
0.0010160481752189083
-0.0019475403080583486
0.0003693645804667537
0.0010777864083270769
0.0014369461030323038
0.0027548831887731643
-0.0017327119927432015
-0.0009305654664081109
-6.611045599564519e-05
5.3497693797386735e-05
-0.0013760009774162502
-0.0017425986804325967
0.0019768097621371186
0.0026613598358433965
0.00187796396868929
-0.0021300396147294516
0.0013042055042105198
-0.00223085314467829
0.0021127411462773674
0.0003432960749892417
0.002727456734096286
0.0002758932826367115
-0.0028477713430582552
-0.0011185239286214503
0.00018944047395966137
0.0027513908804268775
-0.0008699183493925521
-0.0006503706159392158
0.00041679532882492017
0.0019482466515270145
0.0018961845760650433
0.001313448612857553
0.0029644978667619616
0.0005649823602957718
0.0017545146169141391
-0.002506962624848291
-0.00237823492586517
0.0014106857115331562
0.002780854821258222
0.0016428997451027796
0.0018342381450706371
-0.0007651412240218943
0.0023998627627874755
-0.0018297408639829133
0.0005687618582721852
-0.0016183711112358727
-0.0007021208188166803
0.0024063655990210877
-0.0014458530777246082
-0.0013704539847411298
-0.0021551281326110338
-0.002332771144750189
0.0026321623603606254
-0.0008360838487841134
0.002656465962868202
0.0028103557334758283
-0.0008059000144668175
0.002670769553113501
0.0006937473718134123
-0.00027160665026329566
0.0011931465684734775
-0.0027423681227237533
0.00039641662972807017
0.001711535454860422
-0.001317388174275727
0.0012995519156477247
-0.00041991010536547926
0.0018160778556413001
-0.0022779634366727032
0.0010233335840455163
0.001223127869164062
-0.0010859356865758367
-0.0017157577793979997
-0.0014306644327767998
0.0022643477751392634
0.0006049620961883773
0.0005686837745970653
0.001157841427670699
-0.0008661374015500401
-0.0029033667629388567
-0.002496923915604543
0.0005993859938050973
-0.0009975860633047416
0.0008424179710843699
0.0028750579573082946
0.00032822910379961406
-0.002368362839978712
0.0015452625735641132
0.0022200413254355325
0.002009182336730869
-0.0005560252897296226
-0.00252487725713695
-0.0009217551109738722
0.002023828475471106
0.00258635595884124
0.0017624381615371498
-0.000833699527531739
-0.0015902732724956277
-0.00010354441547916508
-0.0006123737167485861
0.0007684707660624919
0.0011580156675597055
-0.002438637888891267
-0.0009115829617357195
-0.0006456332563058772
0.0004737381802015759
0.00010727445115284564
-0.00042134423197148904
-0.0021719316522702675
-0.0010647990795874045
0.0021495397375622107
0.00082572567166926
0.0015838531693739373
-0.0008823506131551018
0.002544765472945512
-0.00210579759194244
0.0026704439619309184
-0.0015256946849740898
0.0011931835886430375
0.001275864864319731
-0.0007180177930971718
-0.002188970078543216
0.0011879677420518287
-0.0005861885261718024
-0.0006048189278553559
0.0016684738143501795
0.0014799647991269827
-0.00018840719285949858
-0.0019531690509313384
0.0007482158067653737
0.0002607414211102119
0.002518754927784344
-0.002460677104855589
0.002833280183909337
-0.0016104458063709941
0.002350611199045502
0.0022640385561206915
-0.0014183939324455535
-0.00012929903935306577
0.0026363970599745214
-0.00029016138725609106
0.0015366974356258107
0.0006053160338332178
0.0021737273205531277
0.002063613706933088
-0.001023454690816255
-0.002085335907992842
-0.0029959218245190758
0.001399567625103757
-0.0024651904337989377
0.0001939917315316145
0.0003369348690665623
0.0006929064047986092
0.0006633475585627428
0.0019195092755700674
-0.0007104384136156889
0.0012289310067327098
0.0004918312526848512
0.0001712070105469466
0.0004988460061497793
-0.00012566459018958746
-0.0005875794457092499
-0.0018662839361823782
0.000717006238890699
0.0012178618463537664
-0.0011057226299476266
-0.00023695433650234264
-5.086843973723786e-05
-0.0025166337210686222
0.002469061266493446
0.0007853553475900533
-0.0007976533918195045
-0.0005532390036189503
-0.002765609499689012
0.002812524456786693
-0.002471567085029148
-0.002097722856769493
-0.0008218256060276109
-0.002171601133477725
-8.985471233219485e-05
0.0007327462051867012
0.0023329405523812
-0.0010237680509946586
5.925950245836732e-05
-0.0020361224905214486
-0.0027418130966337987
0.00045900345380178514
-0.002269260510782867
-0.001962110480828531
-0.0011190012386726451
-0.001384049679401177
0.0028932982257861848
-0.0010957120621585392
-0.0027919834186518684
-0.0028315491369719586
0.0013461073214994243
-0.0010873260616589384
-0.0001538592336349921
0.0017735033175158123
-0.002307025893938305
0.0017227287630367403
-0.0013187584984739322
-0.0013315332234225578
0.0005347887340249801
-0.0021573771492376364
0.001743306373376905
0.0009172027352167067
0.0014578673851851362
0.0017097930921430244
0.0028978721623566014
-0.0022816245668606065
0.0020848651591997046
0.0008061271857657142
-0.0004860733407705798
-0.0011578390248253637
-0.00031562491042262577
0.002413287912784577
-0.0007054577382380528
-0.0018717901988986585
-0.000509828845513002
0.00019002854851992834
0.0017761488561193507
-0.001901742545399679
0.0024332937927799203
0.002980052077571357
0.0025334659506510817
-0.0007446812202328225
0.0026770866353519034
-0.0028462965374540816
0.002100261751412779
0.001190518633605554
0.0015854493447335916
0.0014890974762999769
0.00194978301083399
-0.0027741184327735044
-0.0012273825322977488
0.0006792327600390292
0.0004492513182140388
0.00030927222137143006
0.0019339299064311507
2.5964734323806037e-05
0.0022601144727460304
0.002844532004647098
-0.0022044701613391977
-0.00010407146819682231
-0.0021174357677069488
0.0016367875296069137
0.0008890706207306505
-0.002254765023867699
0.0009102502164444774
-0.001933809480679794
0.0015405243205489066
0.0008563045375968832
0.001803423322472156
0.002690597823751891
-0.0016773522738663261
0.0018240084368165814
3.254249186478934e-05
-0.0024717479265149696
-0.0023150945045493157
-0.002557944608597565
0.0020560380604201234
-0.0008951086665474838
-0.0008394690333024058
0.0027977162462348116
0.0026418411806469243
-0.0027677883662609384
0.002862166604586113
0.001101530558390196
4.973926975373197e-05
0.0027025994418013064
0.0011822218366045198
0.0014553312521596628
-0.0004152761902933228
0.0018905116691474988
-0.002980404704172753
-0.001697289975492052
0.0013566399980501328
-0.002672210300320192
0.0018203478055385568
0.0013021330198522514
-0.0024631826121849906
-0.0017376103544820343
0.0022440642276602913
-0.0019387711305824818
0.0011176342290088598
-0.00016269398264154647
0.0025450090263995752
-0.0017127476317795492
0.0017111740511892015
0.0020425825912238713
0.0010479685440488414
0.0016050816848718124
-0.0009321811512029233
0.00043064369397294387
-0.002461653098542785
-0.001471683847121876
-0.0016228257907577447
-0.000917870850657072
0.0007317660654810485
-0.00023590510341044276
-0.00022733207659689832
0.0027881363231820793
-0.0025672497923972717
0.0006370074677420011
-0.0016737173238323968
-0.002406833469720523
0.0013781158170982537
-0.0016593000881420649
0.002762724365572509
0.0014942261759717489
0.0010879004711388503
-0.001464443815793271
0.0015070380028633298
-0.0027592692004535587
-0.0027354913464224693
0.0018636038065132322
0.0020065216385400913
0.002772268621552436
-0.0012450158409103083
0.0002113151627938241
-0.002673169232098132
0.000945798412539502
-0.0012100223433377587
0.0013292816219778007
0.0013427413736639571
0.0010541562756628594
0.002842188269812011
-0.0020690562370614092
-0.0027790157400073546
-0.0014880990731788075
-0.0028911183976108442
-0.00036003065954357764
-0.002392313667340216
-0.002448759356868427
-0.0025248367793993753
-0.002691839708719868
0.000807691896221522
0.0011612968081039067
0.0007075318814826386
-0.002187748017504219
0.001826438175904734
0.0019765184693851332
0.00013417827482199544
-0.0016711474601258558
0.0014719838807638061
-0.0027427968004552807
-0.0015689248654832083
-0.0002365389601391289
-0.0016770208542003819
-0.0016537760141218027
0.0017739607676155126
0.0021611579809921273
0.002699151079934202
0.001946239539749448
-0.001331891919693546
-0.00293663455390025
-0.0014614835443936647
0.002103153730394848
-0.0020284118402642856
-0.0015224104004166882
-0.0024800278933946726
-0.0017502739550482546
-0.0007212171735855475
-0.002799631416988799
0.001967994550069978
0.00043950291630235434
2.7717616660966234e-05
-0.001080038368536092
-0.002305557861263975
0.0006689084163377349
-0.002629311744777863
0.0004332752383498632
0.0026010563672136215
-0.0016055228431734632
0.0001372960709805143
-0.0013174189904715315
0.00014749003233424087
-0.0028255797682532973
0.0028806866167044917
-0.001780232726435895
0.0029416299862303702
-0.002856469950385783
-0.0017665517711698791
-0.002405999501720338
0.001915609533516445
0.0029159924216933548
0.00019560519509362459
-0.0027009248912987153
-0.00159781091260612
0.0006450731916294102
0.0004964562446569593
-0.0004997698450464609
0.0010886112395548765
-0.0015943982022297383
-0.0027116915691595095
0.002467304954815574
-0.0004049688061645374
-0.0011761514837004632
0.00015280587527830448
-0.000845753210268349
-0.0027163313052608476
0.0009673358259200647
-0.0019812507878981954
-0.0016042930701285366
0.0003239444899544334
-9.031329119790548e-05
0.0011765657243147784
-0.00015074926733717057
0.002011338829236895
0.00037915212133990146
-0.0003405400618000337
0.0024148219291033482
0.0020733954610941486
-0.0012368427730662839
0.002851894586985277
-0.0028999486679732464
0.0015669973631941923
-0.0020859145522244184
0.0020811840372413687
0.0009930372605437554
0.0013423482318352274
-0.0009422641928651643
0.002084501719516886
-0.001285360851746384
-0.00215368464232034
0.002390203971311791
-0.0009287514780838275
-0.0020446950011393885
0.0020643395274603004
-0.0016216905197403095
-0.002089094287864242
0.0025498393163815147
-0.0015749071663497948
0.0019035314526943603
-0.002201518981221645
-0.00041835522807269314
-0.001343257993401902
-0.0012510474726891998
0.001078696756403005
0.0009411813405925664
-0.000451825632872503
-0.001137426277129435
-0.0010232041057960497
0.0029551747905982063
-0.0021857504860929547
0.0004476641645925813
0.00010558881594533278
-0.0023927618914225254
-7.444206078454155e-05
-0.0012897204157442596
-0.00039088306338556315
0.0010369649838832262
0.0004102752400458238
0.0006934246711361516
0.0014328747134034394
-0.0003808030603900982
-0.002889560073342385
0.0003903450551430848
0.0014611991267586373
0.0018671099546342254
0.0008594308775028404
0.0006928836725309021
-0.0027820045966116267
-3.9467688406943056e-05
0.002248179687359373
-0.001774024786379087
-0.0006969467329182785
-0.0010953895052334555
0.000204775134430736
0.002937149901548749
0.0001989844875611461
-0.0012323204626680576
-0.0012842424699428976
-0.0008355541634929593
0.0012673685175249774
-0.001746494753346288
0.0010741122335136324
-0.0009595146774063141
-0.0020451582208076396
-0.0018440004317224225
-0.0012832537578928852
0.0026339324054440285
-0.0024664538439781295
0.00014492586630076524
0.00060121243581611
0.0023668809472156428
-0.002555826808035044
0.002295229124990655
0.0012294428795039582
-0.0027025933963624282
-0.00153530996546603
0.0015194993382457887
-0.0006513063524549363
-0.001757304210988453
-0.0009304246553414131
0.00260458955389763
-0.0029316793677131737
-0.0018850474575972376
0.0003095803661107236
-4.4047849513134067e-05
-0.0002130348675668291
0.0002794315972713332
-0.0012246486024156112
0.002940824024187834
-0.0010512031275109264
0.001777930074815838
0.001072300718127337
0.0007378566668126028
-1.3789367637598478e-05
0.00037293639669863004
6.229526084308495e-05
-0.0021903276182460114
0.0026553570015758615
-0.0014162002448339724
-0.0006188068514471055
0.001085476578667366
-0.001885648061880046
0.000458119072505799
-0.0002533511261856693
-0.0006451793487997669
0.002749418977187287
9.190199219052519e-05
-0.0021681965742311304
0.002546695285411108
-0.0028328891108822204
0.00022275861304408163
-0.0023766449617647427
-0.0003927704520088294
0.0014800081125642527
-0.0023896696118637616
-0.001649602448050278
-0.0017863558563418276
0.0004188875308764107
-0.001790488230531768
0.0014093977143954228
-0.002856087497194762
-0.0025478998362192537
0.0007192313621550597
0.002212089468054558
0.0004840279586618016
-0.0016518172489737267
0.0022980960508692744
0.0018383230036407346
0.0025435287726901087
0.0017944352150196718
0.001500531133741597
0.0022928545282965163
0.0022496911787758256
-0.001777517785894025
-0.0015555294478644848
0.0020383192990480166
0.00011038555658415524
-0.000515542022212091
-0.0027695539956940356
-0.0024189768942830723
-0.00294510156220493
0.002947138963924523
-0.0028870219838616
-0.00012018634777254816
0.0015484393791652517
-0.0018895839247271482
-0.0016567510472157451
-0.0019921984363492325
0.0014349872148010758
0.000703324982121189
0.00020699686863160857
0.002945645029587823
0.002492054628054923
0.001455148326842898
-0.0007103227113528887
-0.0025643502607470463
0.002686455449810719
-0.0004651201931303345
-0.0011124668328029751
-0.00020810702247575077
0.0011730441320809398
-0.0023659222161184503
0.0020032608375529035
-0.0024180132527667816
-0.0013021261068642915
-0.0021441944949891025
0.0028627128579450014
-0.0018310882811205167
-0.0018208283667301489
0.0020590045367154374
0.002050833225679164
-0.0010541777281143228
-2.8030133360331094e-05
-0.0019852540641672116
0.001630364711509344
-0.0006320997893682675
-0.0025261556854859553
0.0002887557842692935
0.00012805556891362646
0.0028658913216783157
0.0021987735380234125
-0.0008440440707974664
0.002170360757788651
-0.0015476667532428674
-0.000718681013975834
0.0010517143383939557
0.0011128208381295628
0.0004607773812411874
0.002526751667404014
0.000901159663896305
-0.000834803474475699
-0.0018162616913783836
-0.0027077664388134672
0.0004451555382122994
0.0020755403670886527
0.0009310191592270612
-0.002368706095181025
-0.0020368090443229755
0.00065823639925676
-2.1914743181929673e-05
0.0010507886545272392
-0.002381446714031167
-0.0009266499421833932
0.001044300331217626
-3.9155428855968885e-07
-0.002687626402078984
-0.0005837064580020489
-0.00015951982242287275
-0.001241421644923512
0.002591511614546612
0.0017914640217839613
-0.0022400577515580998
-7.312146391823607e-05
0.00235273817715934
-0.0008500614327177063
0.0015508814784276877
-0.001710736802629636
-0.00025494360413999377
-0.0026783470461251616
-0.001618404165627324
0.0024424799623546907
-0.002320520220157183
0.0020247678320440684
0.0010197893152122288
0.0026103532582519373
-0.00011493409734948841
0.0017034958866566467
0.0023462839631180872
0.0005299316863564495
0.0014994848443546293
-0.0003970395670060711
-0.0011865727037502554
-0.0028999450506687753
-0.0020390638901909243
-0.001494781537866917
-0.0015252836488002465
-0.0015757093451452687
0.0024704077510731655
-0.0028715475951177037
-0.0009457221953125903
0.00121710678739029
-0.0018557548177455757
0.002567705542889492
-0.0014332419730813959
0.0017487418369123231
-0.0014264542952629918
-0.0011618281878915961
-0.0008512038951504651
-0.0002290650069864961
-0.0001375807725977167
0.002849708130150514
-0.0025352293723833836
0.0004949088128411794
-0.0009442858020296038
-0.0017108597253054914
-0.0009628776121485146
0.0011272744704410786
-0.0013443110947114953
-0.000909277881206419
0.0001823140105089568
-0.0015440791332659346
0.0015085708133019075
-0.0014339552209712396
0.00015005197030438676
0.001153952208969227
0.002804847656249944
-0.00258847484595801
0.000992243083401038
0.00015444680140564186
-0.001296338621527546
-8.027458874639362e-05
-0.0019299755160223793
-0.0015719827337948285
-0.0009077870419560707
0.0007992322397147519
0.000626928480949673
-0.0006669083578362488
0.001176717206014033
0.0003648766732258675
0.0007849842458355354
0.0025152635910607093
0.0005522669173357569
-0.0011581066821669136
0.0029034190299631465
0.0027097524143960376
-0.0015862848348725607
0.0007755721925327449
-0.0012773051121803556
-0.0023853259015731427
0.0007676991019796302
-0.0008020277293816656
0.002888620295998747
-0.0029462693937052534
-0.0028377302406344764
0.0003304642261291375
0.0007047284509852847
0.0009961080055575994
0.002657625771249705
-0.0012438454528342006
-0.00035618153630203025
-0.0003674586236872561
-0.002292524456827682
0.00030087593160982523
-0.0018283652807911778
0.0028049693529240164
-0.0024310442086857903
-0.00016450934210132618
0.0027515690079574304
-0.0019622419692050495
-0.0016525142979976052
-0.0003034730903854646
0.0013663093377080538
0.0016646461605446302
0.002024287711152888
0.002334138053295495
0.0027298140933321976
0.001161375712489746
-0.002364720679516268
-0.0025945119896949084
0.002350953073695078
-0.0006892192950529075
-0.0006615449145366483
0.001439064135218577
0.0018233587762280954
0.001390094487322257
0.0014758817160535455
0.001530503133047179
-0.0019830177192695546
0.002021635011981544
-0.002223871870695381
-0.0010071303391243577
-0.0018691294857315064
0.0016949131162232777
-0.0025323731130920154
0.0009579515050108112
-0.00254818590370069
0.0013854999024780178
0.0019623598282022545
-0.0013195204918097403
-0.0029143003305910913
-0.0010913626669528454
-0.0010130225878745604
0.002072308873305115
-0.0003407216453107935
0.0009504853573092257
0.0021062039542569496
0.0020049038202801387
0.0013123626414263687
0.0011152841648353782
0.0004536974582816703
0.0007544488577377584
-0.000905492840092649
-0.0008407058189772152
-0.0021745140800619152
0.0026385596989488124
0.0026238643901404747
-0.001679347368133597
-0.0021412088439935694
-0.0018017818205642553
-0.0010419809929968099
-0.00011518246215655187
-0.0007994847160819646
0.0016528416066307209
-0.00046970069955357043
-0.0015553252121400863
0.0018269306645583615
-0.0016812145469946743
-0.0007533646984985735
0.00042627532252359924
-0.0013674239762831682
0.001893192128577549
0.0025038563716347235
-0.0022816280504348177
0.002861232989519915
-0.0005690959390080531
0.0018394828423252286
-0.0028153230374871763
0.0009132084637003286
0.0003405787294513108
0.001628539522546749
-0.0016147398822320255
0.002134395153954881
-0.0003056208329858946
-0.0019198686004803127
8.704547459420118e-05
0.0017556681807153439
0.00022157612635468216
0.0013324523482754732
0.0021995550143920203
0.0022214912038796587
-0.0029526177006689177
-0.0026334139332630123
0.0020731294223013882
-0.001345986743012392
-0.0015807223543815804
-0.0028660338610811864
-0.0016750860188123919
0.0008823442347254801
-0.00227859391057179
0.0024591144987820782
-6.015863527794249e-05
-0.0021491383381950523
0.001988172237684491
-0.001758226308203085
-0.0007872547407545933
0.002851722537492443
-0.002142644404034577
-0.0014267231629719846
0.0019283562119139083
-7.391832180588757e-05
0.000835957908909116
-0.00183603229924356
-0.0009624195405391399
0.0005383495440282899
-0.002375272229868698
0.0025526959336015136
-6.819041182717098e-05
0.0026806604280203046
-0.0009063011307622422
0.002564170155656181
0.0006870938229744041
-0.00027339305785281827
-1.835750999032871e-05
-0.001987402188998631
-0.0026940123975534094
-0.0013900807540232073
5.31218292458514e-06
0.002929350306630758
-0.0005889509981025173
0.0022789360828980214
-0.001518472339147049
-0.00214577604452561
0.0014833442377777378
-0.0008420953722075575
0.002467782029623329
0.0002051064245400698
0.00031557695334381375
0.0011524165332626457
-0.002591460455714267
-0.001769074788987704
-0.0018780448529650692
0.00010608023544240704
-0.0016063514095302246
0.0029965961149116278
0.0006158476447157188
0.0016038385624479925
0.00012425266426972998
-0.0024812922040440997
0.002021259960041292
0.0011222048323143953
0.0010065593524554006
-0.0029229821298164356
-0.000901986944170661
-0.0019178131055225792
-0.002435361565825467
0.0013632337638030453
-0.00037951169047850935
0.0021583870630071137
-0.002249654353147235
0.000686070982393185
-0.002283517070082952
0.0018764612246203174
0.0024115992000745354
-0.00042137139362459063
-0.0027449298145310534
-0.00010989752157302291
-0.0008656485374995107
-0.002868014439308049
0.0013801211817756343
-0.0020146380316165297
-0.0018399108763198014
-0.001803162350493046
-0.0024533264559364917
0.0005870920046183118
0.0009632654098265751
-0.001659277487965215
-0.0014533457191340572
-0.00045557571241272837
-0.002380274186423384
-0.0005104724456114424
-0.0028968917842511267
0.0026341240101557632
0.0005303594633123436
0.002305835226026229
0.00113051008103956
-0.00039319164695043917
-0.0013910077917918412
-0.001924769341558204
-0.0013918330991243733
-0.002893615025619012
0.0014958110048908287
0.0025157257772913865
0.002157515042880619
-0.002458805975786224
-0.0005726366416022514
0.002308839612981033
0.0016360798163211742
0.0006874121176160095
-0.0017483433490224748
0.0007844551022650418
-0.0007131700679357629
-0.0006311683292233006
0.001730268109711242
0.0012083027002010287
-0.000442423525341947
-0.0002889091300679039
0.0003029200762608704
-0.002337856858258448
0.0013826828830962486
3.484983431905958e-05
0.0014451534900154772
0.002578727275655387
0.0022780408399489752
0.0006077007943020006
0.0005333631840166771
-0.0014685764266192149
0.002206925057002344
0.001035776106798148
-0.0019031790282264766
0.0023422198826518288
0.002687686497766458
-0.002795131166224799
-0.0007143666604124133
0.0014150462800925322
0.0014434837591712603
-0.0016231121240760748
-0.000693897201647314
