0.0026782756157718484
-0.000998909834945908
-0.002440513408015124
0.0009010413548211221
-0.0011717970389037067
0.00044507209232123217
-7.581058390101992e-05
-0.000628339453096607
0.0015046357422213563
0.002457272475878571
-6.0496935856741655e-05
0.0015956249826110961
-0.0016823934357996667
0.0006728316540154607
-0.002741496636458821
9.87399070270247e-05
0.002557135236843331
-0.0015747192504633385
0.0015711202375928027
-0.0015649306389906748
-0.002559707642731624
-0.00276115913013764
0.0027431525622364566
0.0007866037823509218
-0.0009208280822345727
-9.934638109397988e-05
-0.0016031160977081544
-0.0010184039841839472
0.0021972544436449663
0.0027696805659828206
0.002926030940642965
0.0004086845818218215
0.0011937322604863672
0.002722134658844494
-0.0021409006042057274
0.0017101834089613402
-0.0021511956105761693
-0.0011046110824349488
0.0029580467702501013
0.0005887967624482885
-0.0019004448965907177
-0.001396162996559681
0.0015374368111880487
-0.0012455191938546698
-0.002231827320609718
-0.0029294734428129557
5.066670979255892e-05
-0.002265898388505611
-0.0010748461100222786
-0.0023885113678417886
-0.001069549987726096
0.00030060605263745356
0.0017545385913839895
-0.0011179055047822641
0.0027562253807425097
0.0027310007052797737
0.00019681232833733409
-0.002464139415869684
0.0017077069116543837
0.00030604350618029796
-0.0019423011754050512
0.002096978002416652
0.002998584182481198
-0.0012743646957791988
0.0028142871115692516
-0.002029196590993154
0.0011563300593345769
0.0014941129647928443
0.00203448953624164
0.0026947872456091976
0.002496910232640593
-0.0025713244605079823
-0.0005095383634067846
-0.0015908568111245062
-0.0018551894731142877
0.0009623415751984889
0.0006073774360745065
-0.0023231406588022064
-0.0019577270689368083
0.0022476551357715558
-0.0017861210352422944
-0.0029088852827749896
-0.0013510531916740938
0.0014196420091854688
-0.0012276906857185612
-0.0024964640359357547
0.00023208049201148924
0.0008221728925020492
0.0018036845446337468
-0.00014527050594690663
-0.00015220353076964574
0.0022858057686907674
-6.05647523370164e-05
0.00028155723815027857
0.0024449177582126173
-2.8889920722174976e-05
-0.0006200596876469655
-0.0011694660357895257
0.0012972790702556651
-0.00037060665130168174
-0.00017168462587589068
-0.002939837819344163
0.0024249578079591633
-0.0025221295145672435
-0.0006973594898841613
-0.0012945380922673463
-0.0016357840946102844
0.0024769228958484357
-0.0025277040053711427
0.0027737967945966674
-0.002327514104954146
-0.0013056370402971635
0.0009137498698103992
0.0013472689160952409
-0.0009097407238397763
-0.0022641514991419073
0.0006358864778714772
-0.0023102261199448547
-0.0029158815578035446
-0.0026264749434577626
-0.00027467077988866
0.00163893760899259
-0.001892752260900336
0.002363858835976719
-0.002903708025514243
0.0023640074624852016
-0.0027303632535815824
-0.00011569132411019117
-0.0006727523699978253
-0.0018182095313161912
-0.0010605148732753585
0.0021732511726459515
0.0014943409082339735
-0.0022676484813661697
0.0016508593895003853
0.0013922219418390329
-0.0011058921737845417
0.00032817486337665845
-7.16500688631742e-05
0.0008926814635153951
0.0018274545147917952
-0.0015624270791566115
-0.0027858265536705655
0.0029980619565870316
-0.0017865706454547846
-0.002390606483236771
0.0008272093359307413
-0.0014586746969798155
-0.00015714367175385588
-0.002806723454006983
0.002107461650264468
0.002221832886799213
-0.002522843525084238
-0.0020349321898741925
-0.0027158295060699692
0.0024535397702762215
-0.00013754375726037198
0.00022865071099577826
-0.0011470339523998272
-0.002910721204034023
-0.0021032113815258914
-0.0023070853752803723
-0.0014519293019711295
-0.0014231502284900617
-0.00035302285030552796
0.0009891953142846183
-0.0008754406676235818
-0.00042857451333285597
0.0010759419125719195
0.0005280566448169362
0.0015466686559533153
-0.0016586991150758833
-0.0012687170179793467
-0.0012144547612433474
-0.0010020878784022125
0.0020025566649474504
-0.0024410689195358375
-0.0007602454016731007
0.002191435006553049
0.0020364850040740174
0.0012564452467383903
-0.0017321248493107203
0.0011658122885068395
0.002492196796112238
0.00103492771730165
0.0005600448981319364
0.0018332814838226972
-0.002825736727766633
-0.0015277424278081365
0.0003766283440175635
-0.002020165667813443
0.002229736327519604
0.0022800957097083036
0.0007983532772993822
0.0013741663633981905
-0.0007742566750871152
-0.0004297240371638907
0.0008357405605581634
-0.0011455160614124277
-0.0012012375911218602
-0.0017433680447489534
0.002477226970583922
-0.0014031765247510626
0.00260564825001675
0.001238780589529912
0.0022954153942221205
-0.0006561061562147378
-0.0011562826017849327
-0.00167260740093226
-0.0003122616443284247
-0.0021068468322547017
-0.0010163984552282374
0.0015567357033387016
0.0026770789924098473
0.0017609220914711577
0.0026117888954640643
-0.001315485960353866
-0.0005595040150846637
-0.0007810007576360685
-0.0006366555542845114
-0.0005816125168856111
-0.00017901877437829714
0.001634090921887519
0.0011427234651238492
0.0007512890747569312
0.0010422995373961016
0.001179582660117715
-0.0008707124143723355
-0.002504989587485629
0.0017032418856538839
0.0004429408706349484
0.001828601563725227
0.0015416927864564806
0.0004953350468558009
0.001853968565798129
0.00016247696222164388
-0.0022228626997918494
0.002177263318461408
0.001647199024837116
0.00029934402686607924
-0.0012880729141613514
0.002445383388278778
0.0004975584216184922
-0.0026954610920548014
0.0017291854708527538
0.0009007439557311304
-0.00170510915477024
-0.002178692576425515
-0.0016431684043609245
-0.002679408581171249
0.0005459271837936494
-0.0018000341110792695
0.00011239302940274946
0.00067453399265724
0.00018758633675985611
0.0017775455896701037
-0.001963309832939346
-0.0010455756761085636
-0.0006111008786234087
-0.0026951498568191547
0.0010961082434159594
-0.00037720422136682105
0.00017249345135838612
-0.0016142196403254854
-5.213387769591876e-05
0.0023969824438822736
0.0013270182843945861
-0.002452278826014943
0.0009126309083774299
-0.0016934318248601312
-0.0017674253485028167
0.001543603494971197
0.0008396392498898602
0.0021948542483139627
-0.0026121740567832293
-0.002939866099087674
-0.0010445005770661725
-0.001460966504089282
-0.0026200596872270787
0.0017290800837663376
-0.0006512901174931698
-0.0007592406803983362
-0.0006885425762208795
0.0009757555922771275
-0.0025343317445121073
0.0029107597939498258
-0.0026246515442980597
-0.0014702713251124341
3.4860149652220576e-05
-0.00047423040611036015
0.0012247374717747348
-0.0007518526836037113
-0.0019836992303777154
0.0012256424664397539
0.0008941501571313052
0.0027178692305674995
0.0012692430984408073
0.0013864778440649695
0.0018284580952371053
0.00014794977031114005
-0.001542894070818245
0.002307375373559486
0.0014351706215809503
-0.0013342129960178715
-0.0028387340800049266
-0.0023546717442025373
5.397552500513393e-05
0.0016069458065267137
-0.002226570540068134
0.0007557122561482671
-0.0018702212679427808
-0.0006938996898770556
-0.002380960424946638
0.00034622440894374953
0.002514217580566246
0.0009900787608284264
-0.0005985118412247794
0.0028951489023230463
0.0026671031759714775
-0.000943788660161423
-0.002009741797849608
0.002369409800810798
-0.0017677080862187591
-0.0005694428783385784
0.002359200842375994
0.002077423481806841
0.0006300089544539729
-0.0007750977936605355
-0.0013928985748279448
0.002609710121020345
0.0008502310257309815
0.002467700095663699
-0.0025581044126325226
-0.0004839264050883825
0.0014033805030353357
-0.002015880755792193
0.0012170721542636613
0.0007913066958165874
0.0003079510754067532
-0.002984153768396017
-0.0006703842930895253
-0.0022899942999976258
0.002038693190378996
0.002435906136200953
0.0014406887822110788
-0.0023814920122198317
0.0019774412146856876
0.0010085379001245785
0.0013568911181848064
-0.0008567546358929927
0.0015469028828786584
-0.002965902168502138
-0.0012134645736827886
8.23830846669888e-05
0.0008104866384351594
-0.0016650477075341443
-0.00021766713711749352
-0.002503102764008434
0.001834934612298042
0.0007799765949135038
0.0018558843429794412
0.0024307616668535915
0.0025342124333843424
0.0011263271393854692
0.0017357715530457087
6.917852112493577e-05
-0.00030287706641412074
0.002253986667502302
7.669074836373765e-05
0.0014382565079505763
0.002946940291537575
0.00017639562981145536
-0.002662751850548103
2.2048805305398527e-05
0.0018887457407555687
-0.001689623418765929
-0.0021322321254256893
-0.0005461966002223697
0.0018469695271809711
0.001399234543644573
0.0025391064180609844
-0.0016973610282169436
-0.0005604355975198879
-0.0015373473934581839
0.0018763313019763764
0.0015611436611771947
-0.001929078781382537
0.000900938829556924
-0.002923631708753553
0.00096032701237974
0.002272181890201179
-0.0010027707347367567
0.00039906255825263286
-0.002200727768295656
-0.0024454446515492743
-0.00010953745729372615
-0.0025262828701116033
0.001987366088986975
-0.0011537201920581318
0.0029776965932173877
0.0015256745726726457
-0.0005370657720858846
0.0027497483964600633
-0.00018075768638939858
-0.0008149001920692081
-0.0013951451309224309
0.0012158833987091916
-0.0019712144585231775
0.0015080786253914551
0.0012299745148498
0.0026353578881106723
-0.0010717171633528508
0.0009686111923550523
-0.001311777894730685
-0.0018338353916868744
-0.00032241757360537346
0.00211897604044732
0.0006590400597815838
0.001355999535947546
-0.0005449940132126675
0.002224140152712552
-0.0028343518122442807
-0.002102472236404822
0.0024512397138472157
0.0019184124312671838
-0.0007689596908161214
-0.0026816368993323528
-0.000706352730321057
0.002797611486789059
0.0008633236591622656
-0.0011873225481347292
0.0027105743165594127
0.001211386321317614
0.002723057186177562
0.0005735656469642008
-0.0005954645728328497
0.001378615368799959
-0.00130361588983028
0.002895247875809262
0.0026586214317803197
0.0005449201825285031
-0.0009036729604478882
0.0009245109427202585
0.0029998502739861784
0.0027199508809717865
0.00110110903234937
-0.002527818077491786
0.0009592910417500003
0.001548309378747166
-0.0009633993500224956
0.0016293559848404807
0.0027127266875810064
-0.0019204136902236598
0.000609965553355604
-0.002349750080822362
-0.0012615986322711287
0.0013905669763609472
-0.0011286518000703947
0.001835162310723365
-3.790803914414508e-05
0.00032403960910180754
0.001103754679331023
-0.001765717246446062
0.0024507907845040186
0.0012806571722776454
-0.0026396538031736735
0.0006752775226557435
-0.0012418902212715283
-0.0008663627421390753
-0.0007711072228917988
0.002916713449345465
-0.0004742718626087514
-0.0017416813737427676
-0.0022391537204102447
0.0018344664619694868
0.002375553693455275
0.0027849399848023848
-0.0023827201643079996
0.0025484427991571273
0.0017582647352898037
-0.00016699515279240034
-0.0019669682694328913
0.00025009135050622867
-0.0007463827377247653
0.0020422417709284662
-0.00286727003375903
-0.0021514790553263875
-0.0016904732238635244
0.0016505615617000815
0.002718476125691026
-0.0012981380717581364
-2.410429562960722e-05
-0.0012258735029373109
0.000653507174966188
0.001539895690035242
0.00149669957911467
0.0009618297263939042
0.0012228733724933992
0.0011011669803105669
0.0005248990120369566
0.001672632511344448
0.001100297804091952
0.0007835027278802107
0.0002705223922898686
0.00015052990129448907
0.0011469745388525748
-0.00263256316925534
0.0027376543683271526
0.0005963231254119262
0.0022870171651494034
-0.0028289193991212795
0.0024335580425922506
0.0010974680292317853
-0.0013410211913437659
-9.825619802397495e-05
-0.0021662803976606436
-0.001972922386406587
0.00294910283545766
0.0004934556394104832
0.0003191607755365336
0.002728867111777108
-0.0017597773425937948
-0.001545007833886416
0.0005077389259899056
-0.0005974345743144402
-0.0009879829109725154
0.0027308204574059925
-0.00016748463183483388
0.0009243675411863715
0.0010335875308690734
0.0008077376510816242
0.0023905016321427433
0.0021614520620920827
0.0011422684644262528
-0.002446459931860588
-0.0023844483723294667
0.0029385982052034494
0.0007300378287651565
-0.002506074790766824
0.0014673880561279669
-0.0020740899760104503
-0.0010898554846156612
0.0016586106824027598
-0.0012191302795714206
0.002929116463013268
0.0018146462271297166
-0.0021185108150333512
-0.00014412338531272955
-0.000834275259427327
0.0016072004548489966
-0.0027794405811955936
-0.0005521211093785883
0.002922452394498864
0.002705604926912749
-0.002487134662177249
-0.000624327583226269
-0.0015645662061413695
-0.0013655483719930187
0.0016578086527553881
-0.0015322001161033954
-0.0007596327564101234
-0.002419686122841609
-0.001617761368863664
-0.0014264447428287694
-0.0024359911787081743
-0.002103007063813598
-0.0003014233057102053
0.0011750995160274506
0.0018289145068996612
0.001678968014992354
-0.0020495491513066984
0.0011794372998832278
-0.001616560954879282
-0.0010573575039333166
-0.00043767411195775935
0.0007115718495971676
-0.0004988454347770745
0.0029599411129929776
3.0727284657330184e-05
0.0004542838785748806
-0.002027139821409272
0.0004862279908052526
0.002322464224726359
-0.0016027047177150128
-0.0027142924480320733
0.0027566952214742296
-0.0007597234901519779
0.001538978154896677
-0.0028435098829487394
-0.0023424038285967137
-0.0025892377870861635
-0.0015260168057426387
0.00039654117790480616
-0.0023567086962941915
0.0018694665073246235
0.002241392890808662
0.0024617794756560413
-0.0016123657480727118
-0.0019029499771187205
-0.002840928694511218
0.0008732586266194291
-0.00044826446169656973
-0.0014432504285773495
0.0007109625039488478
0.002869279396855052
-0.002763025737732428
-0.0027025407224843443
-0.001456277523517664
-0.002914468124856327
-0.000730302318644177
-0.0009230300226343957
0.0029030374376076244
-0.0025234908602564726
0.0015589410447817073
0.0022344249991387514
0.002197397136750528
0.0023404045697353664
0.0007051275436537542
-0.0016959077731765928
-0.001733288857475486
0.0013837216639508718
-0.0019771726947180844
0.002311293683703492
-0.0012813055939375746
-0.0007401171570193994
-0.0005141974178185169
-0.00038761622869589113
0.0009040847009421744
-0.002934694038209977
0.0026874784711578732
-0.0007532856813234645
0.0014002081893387105
0.0024512851440121634
-0.0025992936117611404
0.0016254724866433725
0.0003850805562311387
-0.00032041931224108646
-0.0009611287941998833
-0.0006035072927379039
0.0025175135823625617
-0.0022968927351136497
0.0019747135975466904
0.002684648715493394
0.0007992851178558929
-0.001128277397999326
0.0011733864137491272
0.0006722643266213447
-0.00224517247238642
0.002045173920988381
-0.0013393411846983668
0.00018283576367372854
0.0006014357456776104
-0.000738947952098478
0.0006421855833418652
0.0027325694948233115
-0.0011662272342174102
-0.0028437408004517452
0.00040380218740908996
-0.0015120718234032636
0.0013456445633214147
0.0010773135732578152
-0.0011734686698147351
-0.002037693655386936
0.0006946051040367046
-0.00036991494114629094
-0.0022641872375831966
-0.0001438993930744318
-0.0005740486055492693
0.0016614415992542847
-0.0005097437739084738
0.0024350131547238724
-0.0020705743896299476
-0.0005796917265326017
-0.001579323029584091
-0.002632583251431123
-0.0017106773909434047
0.0012139109336127543
0.0005200560370306477
0.001763124059886747
0.0021330386606276744
0.00191301462253688
0.0017572603906012944
0.0005066694962182557
0.0018691961914096668
0.00018947260213469453
0.0003131033248034414
0.0012093384758591307
-0.0012561314263189946
-0.0028123024829907013
0.0020774776038508126
0.0009911112648569942
0.0004669127256478494
0.0025259407779782746
-4.1632909186593414e-05
0.002791108296322434
-0.000393996451537381
-0.0027466178806349333
0.0024998070003433718
0.0022176883865966494
-0.0009967434603365345
-0.0010675842768289826
-0.0028639636627433122
-0.0015906516298883925
0.0015471283255790724
0.002996953286428938
0.0024869319595933895
-0.0026577206014752096
-0.0011093509046966863
-0.0004965502839520634
0.0014772507914110628
-0.0005632439538753465
-0.0005223029528336766
-0.0009341508925026004
-0.0007887732058571755
-0.0007923149016723389
0.0017966112685607865
0.002595777177885252
-0.0006301712686542548
0.001587484313498302
0.0006975287315131749
-0.0004005997232715045
0.0029846124812843156
-3.183996052403236e-05
0.0013878086652273644
0.0010545996079570404
-0.0026274930704579956
0.002783515049442302
-0.0013328395658833807
-0.0025184497462830235
-0.0017524624687952689
-0.0003416273036792551
0.002716828749787752
0.0020682735053395435
0.0013514634051027489
0.0007256720315697057
0.0021386993266203054
-0.0016584896570200202
-0.0008097645955663767
0.0027938438328031336
-0.0008497375721870574
-0.0028969368281007764
0.0025078229708816067
-0.0010459432320260378
-0.002047388061203758
-0.000545377630243296
-0.0011446246757117792
0.001900878243994415
-0.0025306207028269767
9.921315229956783e-05
0.0024631216028934526
-0.0006628648309380536
-0.0019186191971642594
-0.0029615178138269567
9.510900482092395e-05
-0.0003594137589184843
0.0020161836083850727
0.002217574646101318
0.0023963999619921322
0.002533476222685401
-0.0024539496500652373
0.0024845557624912336
0.00011833722793831497
-0.0003037526127574893
0.0015457443037090231
-0.0028759148745742032
-0.0005172364029010345
-0.0013540187799385864
-0.0019796842824918
0.0009133029941174884
0.0023338848615194934
-0.0028734183748759007
0.0006306496062210148
0.00028418386771581535
0.0012880881220280974
0.00151789396904749
-0.001825970331444188
-0.0008625802448771641
-0.001947220095506878
0.001680607662491629
0.0021915956235568296
-0.00027304504036491104
-0.0019514173012760195
-0.00022286642825983683
0.0013029070514832342
0.00134224947386828
0.001907042529089466
-0.00030270887160314
0.001761221594803736
-0.0007769662976228808
0.0006144977023292506
-0.0005721549164494004
0.0020744044841658404
-0.002488821881380085
0.00166826395683768
0.002282122164756208
0.002083650625364611
-0.001001830456149063
-0.0005056358135227396
-0.00216328359281172
0.0010964582421903275
-0.002686630146863944
-0.0023503014462087123
0.0009771773811613326
-0.0011975866549653108
-0.002264742279087412
-0.0028602385892845853
-0.001631331690840524
0.0003739501741538945
0.002971206146462701
0.0005785511542666581
-0.00010579187111792133
0.0006918586284192564
-0.0016877157688963374
-0.0005842398284641483
-0.0027133801132898224
-0.0016047680835044307
-0.0008212555008747361
-0.0002555799676776942
0.0023548699915753217
0.001351547452270641
-0.00016014150630666883
0.0028977034512262584
0.002502447874509834
0.0017625572121778912
0.002000625051376828
0.00013991033714163062
0.0029476988542857414
0.0010207844906769724
0.000584074017393629
-4.6652764045510345e-05
0.0008328147790626597
0.0029324814260987967
0.00013447088605407238
0.0016284794533014011
-0.00245028501233336
0.0027431905173332443
-0.0019337220000135685
-0.0016852620536613636
-0.0012408683223399327
0.002493381607378417
-0.0020663605594888014
5.396969879547034e-05
-0.00038798974221628023
0.000748867174655268
-0.0018289674217249821
0.0022430862219328463
0.0028002634178402137
0.0028993756336477975
-0.001434106006258841
0.0025452089711216408
0.0011207283293643228
0.0025327302095733105
-0.0023805601726420225
0.002987640989336843
-0.002118975162326825
0.0008534063695614554
-0.002781046976742273
0.002628561970547027
0.001416523810746282
-0.0003702916620454224
0.0025795766894246173
0.0025167404460334133
-0.00018591235339467625
0.000769495604761796
0.0007619507486590358
0.0013937157663761607
0.0009939875245031102
0.0028439694602846247
0.0018406911896592885
1.480431281374213e-06
-0.00205208275390723
-0.0029363039305105795
-0.00046753579006777795
-0.00046236591433812405
-0.00027824420709436594
-0.0016956245780649145
0.002903968682448043
-0.00010596534877483103
0.000985403645508285
0.0016380495052296107
0.0019472432411419315
0.0022087898828899574
0.0023743007302262824
0.0007032380736278591
-0.0020340708470156753
-0.0007402130402730171
-0.0009484414276704554
0.0007220348898398605
0.00126587351247917
-0.0013823891123321132
0.0005054260233994636
-0.0012921902943930522
0.0019494223203052122
0.0008805798821349166
0.002777405675485206
0.0022753918964975237
-0.0029479468435840883
0.000359693700847949
0.0006519014621932662
0.0006414683643906631
-0.0008710287550835723
0.002425175291337898
0.0009003651167940269
-0.002750763507627159
0.0022483713582290956
5.740895286984564e-05
-0.00252697688902224
0.0027261352910507393
0.0009370179500417762
0.001397965878263495
-0.0013082871050081862
0.002680935028698276
0.0013987163546783105
0.0021004877313213904
-0.0019037638362786507
-0.0016702356389549304
0.0015029769622389114
-0.00013194507195557264
0.002023855856081674
-0.002079519861041895
0.00278884774690876
0.0028427028227012967
-0.0006462443041566094
-0.00030033413350867566
0.0010913232861386813
0.0027238072037402824
0.001895406119113533
0.0017875257673750037
0.0024213111780526323
-0.0007277116161348127
-0.00023609528250244025
0.0007518358915488549
0.0018234057658273904
0.0016011795615433408
-0.0007481157008841477
0.0006085748924270894
0.002496494676127973
0.0025300463269234182
0.0021514401095657247
0.0006226330474263689
-0.0014161551364073358
0.00150806039406148
-0.0027619241795870803
0.0024549194659172673
-0.0011072361155278695
-0.001529904212220627
-0.0017595557112877985
0.0022950157128405688
-0.00019003207364916286
0.0022221036555396707
-0.0009403790196917485
-0.0016123696204694024
-0.002445587615534179
-0.0012184578415355529
0.0015585109916079164
-0.0003473351096964926
-0.0003355696324492349
-0.0023893444400209557
0.0025930513287869654
0.0027614362404057404
-0.0026696154055046617
-0.0022290731097368184
-0.0007611063365401162
-0.0024475730923761594
-0.0027698373823179427
-0.0007521553155952249
-0.0009221197410440051
0.0004352714032197355
-0.0029835156705054493
0.0026976771185516675
-2.4062326139077158e-05
0.0028337918015092847
-0.0027560268901706164
-0.002741083954774822
0.002960812939417512
-0.0013919716781756796
-0.000699959465532707
0.0005187536827375595
-0.0018681733155601077
-0.002883144675537974
-0.002949449115838222
0.0015509048842219583
9.661741277155805e-05
0.0008056659648683034
-0.0019194515205750028
0.002248339470288893
-0.0003254139476319617
0.0007556705367927959
-0.0005394699445239086
0.001869496176224214
-0.002669795065769515
0.0016734296524058036
0.0007684823403543727
0.0022437247196676743
-0.00023453937687096605
-0.0028925001399173894
0.0016200554394344537
0.0014023051186185598
0.0008906493284148525
-0.0014208404936102523
