-0.0003761720559275501
0.00025518674685148465
0.00041015086637222144
2.603519683542794e-05
0.00023549405532315528
0.00016195074876415182
7.020939477083452e-05
-0.000279297189050901
-4.576415815692636e-05
-0.00010484224916148263
-0.0002699729914716246
-0.00030743847634534874
0.00015250569031074915
0.00010638698597487985
2.4140931248059863e-05
0.00014588933539418157
0.00018871262151822984
-0.00014902129123894826
-0.00010071417431672036
0.0004531386983994065
-0.0002832326320967353
-0.0003960206380202762
0.00046471801924909606
-0.00019858663438271552
-1.848825017430379e-05
9.606667623111278e-05
-0.0002787226616235732
-0.00012840165379467518
-0.00013934167590400602
-0.0003701961467842071
-0.00012367801668361722
-0.0003597009738269652
-0.00047255373354136276
0.00013745171163655147
0.00019150737388352304
-0.00020248920138608975
0.0003503854853749011
-0.0002682269222074211
0.0002443020908045435
0.00039908070233960163
0.00038756390045588515
0.00029647807666119636
-0.0004929892755224083
0.0003779624652768389
0.00010988393110266564
7.664893029261217e-06
-0.00037673480314589315
-0.00036604443519960584
0.0002350209173479531
0.00044564909766867675
0.0004645296801529347
0.0001629541628872781
-0.0003604779257281568
-0.00024714374629355106
-0.00026689955387467217
-0.0002098794715115261
-5.600382430145381e-05
0.00037013891514174895
-0.00022444160420156267
-0.00013764459653132908
-0.0003746720173988869
-5.7480722548669874e-05
0.00047796577102866226
0.00017688089494768944
5.7177706347274235e-05
-0.0004966422210209054
0.00016224299272946812
-0.00047313894635793197
0.0002406194812084216
-0.00021002754882890994
0.0004501254379125629
-0.0003451724478875413
0.00023718846223501333
0.00016055420269536595
-0.00031016195405293966
0.00028568150370344243
-0.00010347410872524511
-4.007822645838468e-05
1.4148621738725893e-08
-6.222985483380174e-05
0.00010046221090850458
0.0002665782187268249
-5.233965688772004e-05
2.862359222131493e-05
0.00011945937718023522
-0.0002939134384230558
0.00031161955273249125
0.0001280801869928107
0.00034313066458270774
-0.00029350739729621126
0.00025330695401097494
0.00015439827890094632
0.00015414721083676416
-3.117217097727953e-05
0.00033719203737126563
0.0004073790439192051
-0.00022990243494855632
9.152740533245737e-05
0.0001254098615351126
-0.0003661418489546469
-0.00041426263526009213
-0.0001878576443764446
-1.2424606175597593e-05
-0.0002850993360880488
0.00014969306627951747
-0.00016732864597593443
1.142391637270427e-05
1.6585346596837444e-05
-0.0003540458549161537
0.00024196242175703465
-9.831779053833754e-05
-0.00013276767123190957
-0.0002668933314907165
-0.00017910415127665827
-0.00028038485717537956
-0.00025855242364891174
-2.186434631596063e-06
0.0002570442778486716
0.00012732078842140357
-0.00027724392230270853
2.9237618471532442e-05
-0.00043385424559652474
-0.0002166976968659495
-0.00020676949590332983
0.00012044339549542571
-0.0004391124426550882
5.273009940496773e-05
-0.00026210055328875094
3.3827203217956406e-05
0.0004606109997426002
-0.00033774761810501097
-0.00047088751671283205
-0.00022249257364745665
0.0002886306343164107
0.00019744109545377284
-0.0003956977919773499
6.982293149931419e-05
-0.00035231637663668514
0.000392850512230211
0.00019614288566377296
-0.0001940540527155499
-0.00040973983938257864
4.5078225374768806e-05
0.000429688198079061
9.553572403551579e-05
-0.00027036587434804086
-0.00019443133523869874
-0.0004595220484465282
0.0004750293997423453
-0.00047571228077914184
0.00018807909221969462
0.00029107903326832686
-0.00016872303342241812
-0.0002647138733884942
0.0004867669366648594
-0.0004150139531233974
0.00025486695725302703
0.0002862083767287767
-0.00021785037696430012
-2.915959170340823e-05
-0.00020132722610659482
1.613507608928897e-05
0.0001286455872143847
-0.0003636578889753962
0.0002968332057940095
-0.00042250666138229145
-0.00022749143536124637
-0.00022917418545479162
-0.000481910323189309
8.546851213040059e-06
7.87062140873119e-05
0.00012675915263776923
7.336847684388012e-05
-0.00040137014903391397
-0.0003766545021223956
-1.0565425627067585e-05
-0.00010990266752690495
-0.00025035992916069393
-0.00010974533695655973
0.0004118012497627007
-0.0003089467427544802
-0.0003660470672437163
5.106413140473244e-05
-0.00039138335154862515
-0.00024988347362055717
0.0001599162611896339
0.00010038378757166219
-0.0002441430608682561
0.00027261387275323904
0.00012006972133537326
0.000222550283165483
0.00047029119564999367
-1.5340536335332184e-05
-2.8975805259170853e-05
0.0002407374016981078
0.000122502015185232
-0.00014159087863467481
-0.0004979201133070714
-0.00034177491331037734
0.00010350229496316294
0.00033611168802016964
0.0003227065115280203
-0.0002797657457481939
-0.00047611892520536483
0.00019345810350863046
0.0004714021124996759
9.527906833004592e-05
4.059659455562907e-05
-0.00011156930769564555
0.00044282144063393703
-9.101952022922034e-05
-0.00011921015540629831
0.0003721062981321667
0.0003305809413067963
-9.08395696561519e-05
0.0004617586686568232
3.139444407894811e-05
2.6700960618413643e-05
6.133185351117913e-05
-0.00018937464850043995
-1.7161188400183225e-05
0.0001282833378494898
0.0002564086061487785
-1.1277666512235778e-05
-0.00014871768077261762
0.00043263307337059484
-0.00042223210842544124
0.0003162734720628278
0.0004304743794909797
0.0002010245152182169
0.0002625762270570231
-0.00027891503193886173
-5.264349019217386e-05
0.00046417906971523933
3.029335985432649e-05
0.00013617370149561188
-1.3277205255624361e-05
-1.575668324639112e-05
0.00039298987906739196
0.00020254332367869313
9.744101260909278e-06
-0.0003465118217011015
-3.920774388169125e-05
-0.00033682947024990875
0.00016647399986366288
0.00047016472682102526
-0.00034841868687033575
-0.00047245002660849266
-2.1901217197316182e-05
-0.0004877371791840206
0.0001607321455644044
5.0471318805414426e-05
0.00017014994258928438
0.0004412875610116547
-5.821730890094779e-05
-8.527232193295475e-05
-0.00017713153693238237
-3.095927178956514e-05
-0.00018798843747734395
0.0004171301777844596
3.388608839291821e-05
-0.00011810796215619754
-0.00016214660762544763
-0.00039136200973728365
0.00021400521994000118
-0.00013170231172287015
0.00015619839710084577
0.00011882044525344897
-0.00019051396294874912
-0.000425081670778346
-0.00048148673995425606
0.0001796091357191468
-0.0003251633761368693
0.0004623925341571128
0.00015426671915447297
1.0716724946688099e-05
1.9077272233381068e-05
0.00030583045902888965
-0.00015692825249454266
0.000198204245520029
0.00015169963265293832
6.417210168133678e-05
1.2824848591809599e-05
0.0002712899043297505
-0.00028488941725780034
-0.00041836205740086887
-0.00031991958139874154
0.0003860695947482791
0.0002301423117255729
-6.381804920120538e-05
0.0003371106152048615
-0.0004440343544372343
0.0001528768084238498
7.840853950672735e-05
0.00012061978103306795
-0.00023057593272379052
-0.00013224600625718507
-0.0001010022547152729
0.0001947582108057064
0.0001180168544650808
0.00043193023082363556
-4.935299725138608e-05
0.00013158750120260878
6.246988216884416e-05
-4.782355948722641e-05
-0.00011927154675187333
6.211483874256287e-05
0.0002443341427897166
0.0001825371760939765
0.00022435447780548578
-0.0004738050699913479
-0.00024946042470485463
-0.00012274028239672784
0.0003335676063643126
-0.00010724190549839572
0.0001590930771053151
-3.071661912724244e-05
0.0002956268909966727
0.00028685139469225985
-2.599855120807653e-06
-0.0004850818872707147
0.00021275497307571907
0.0002696899812031612
-0.00036037744891292967
-0.00023094457288687234
-0.00039257428113232675
0.0003269332113160154
-0.00047648406195151494
-0.0003431227281015973
-0.00010461568375479124
-0.0002648887692895778
0.00017349567179362308
0.00032633757188715667
-0.000149906102055845
-2.495508143984294e-05
-0.0001633880562219231
-0.0002587311454647422
-0.00024885348599038704
-0.0002505765262809062
0.0001244214223809207
3.417103698453712e-05
6.566781089971298e-05
5.479411970058987e-05
0.0002230001087828679
-0.00012543029256263395
0.0002681665628937644
-0.00017150118094651847
-0.0004637848521717878
-4.264237636696696e-06
0.0002685225457065508
-0.0003607884656998599
0.00022436758716933177
0.00024672694403455296
0.00012801681423592023
-0.00030763803604945807
0.0001272035068953381
0.0003354737581056388
0.0002245852878789272
-0.0003451957415166247
0.0002480124390913617
3.2382808403905736e-05
-0.000192786325247599
-0.00031675982580332406
-0.0002937241080215883
2.778390327255601e-05
-0.0002526273252870965
-0.00047294649181032166
5.634345093131468e-05
-0.00038640767997701254
0.00043620711537486275
0.000424013072008936
0.00018613916128837219
0.0003743711627160072
0.00016660128709850962
-0.00041232276778348795
-0.00026209331634350963
-0.00016499056993238991
-0.000268427938185808
-3.4175721079132226e-05
0.00014233782297983226
-0.0004779066057240099
-0.0004937407340702917
-0.00018151653923374598
0.00017436289474219804
-0.00027209795761038737
-7.876493041384102e-05
-0.0001930391322880979
0.000136151610938
-0.00020070118877272436
-0.00012820657171550796
-0.00024376415793916472
-0.00013780386539457721
0.00026377016372521836
0.0004375143137376545
-0.0004820009680041547
-0.00035086022932343333
-0.00045570458249963395
0.00042630740853597123
0.00014894531786661122
-0.00025123670836179035
-0.00023596956861042837
0.00025304105979394905
-0.00016984901530041677
0.00033178617829535237
5.852369243667451e-05
-0.0004720716636911828
-0.00011236791406989588
-4.61990558499962e-05
-5.434310910960139e-05
0.0003003689916903909
0.0002097325432057753
0.0002252716539008758
-8.056791572957434e-05
-0.00010307628009002535
-5.3903397268644795e-05
-0.0004698101790703303
-6.458489193424854e-05
-0.00036909472922459655
0.00010331410661172105
-1.0377474584614662e-05
0.00022682600568182064
0.0002916573887223092
0.0001422189140645883
-0.00016438853740591085
0.0002141241221015011
-0.00038205989535865074
-6.09944143312834e-05
0.00036363366201423166
0.00011594576191168284
-0.00045364675727934924
7.103351309747507e-05
-0.0003539254342083287
0.0003441301469714885
0.0004243699034624323
-4.2257588626525044e-05
0.0003608319394010637
-0.0003168484085566221
0.00018218792578276403
0.0003993722695843637
-0.0003635365289349394
0.0002872045874190662
-0.0004187671986372885
0.00014500927464890093
0.00014710189723462456
-0.0002107405241135746
0.0002595091857029888
-0.0004113444343910173
-3.3798520998109107e-05
-0.00021329315921345517
0.00011287372040069395
0.00030252908421331184
0.0003976090066789926
0.00033698557141112354
0.000498909388088569
-0.0002311918313568525
-0.00030180279007240094
0.00043279712390604326
0.0003520181425892382
-4.4818410772493294e-05
-4.61297460851173e-05
0.00011883270199930171
0.00024048946967376254
5.4933063379086116e-05
-1.7573447076640305e-05
-3.0922259856354546e-05
-0.00028832089734336276
0.00040256601546859215
-0.0004002667669196014
-0.0004215970695296064
-0.00047777410248687737
-0.00045527670167854964
9.394110492853055e-05
-0.00011473438500152124
-0.00046990431274929846
-0.00012175885711215807
0.00041573203746093283
8.849879711284926e-05
-0.00014381824794808007
2.2863430360229794e-05
-0.0001866798072345035
0.0004998758087550236
-0.0001696025757183489
-6.642783417343614e-05
8.182926836061482e-06
0.0003947017246271221
-0.00013701690056514714
-0.00019344678448969576
-0.00013717874451129664
0.00011889660555488538
0.0001486738993419286
-0.00042705768820615043
0.00024611625309493726
9.50231446345699e-05
0.00015773297558060854
0.00048512849242696014
0.0002859879444953305
-0.00021649959143786292
-0.0003102582781010075
0.0003874124281438428
-0.0001425340294515801
-0.00020076566007019603
-0.00021601559195568256
0.00022846467153979984
-0.00037154962290336413
-5.239351134988748e-05
4.85891908815852e-05
0.00010002143750736307
0.0004852422397207739
-0.00033891514616561847
0.00030912442280846936
-0.0004335915116278189
-0.0001210522808087826
0.0003610707423679642
-7.872759653372455e-06
-2.2122795168092032e-05
-0.0004886158507697307
-7.656583138163417e-05
0.00021265203392839462
0.0004057373445749148
-0.0004082803568155111
8.486880330223743e-05
-9.856606573710691e-05
-0.00023699951106218465
0.00026612204024549773
0.00021660665511981196
0.0004035547725228961
0.00017069632802699047
-0.00024367599603642445
0.0002978295235709171
-0.00012211379786515586
-0.0003005137174984477
0.00015343134332455606
-0.00019222832347725514
-0.00040585504224104285
-2.0283987932669817e-05
0.0004706522633394967
0.0003895602740622687
-0.00019758947866633456
-0.00026137418521638366
0.00027238178969929655
-0.00015094731845050145
-0.0001318208584526043
-0.000303228662138199
0.0004909543787522681
-9.551915173172285e-05
-0.000270851257001813
-0.0001290583157730488
0.00021672940866384076
5.500667221145156e-05
-4.6449706653319954e-05
-0.00033776454777927436
-0.00036625561901028857
-2.269712218802198e-05
0.00018893325305511936
-0.00013479948438623214
0.0004161384914826507
-0.00010530991798763425
-5.663178080095679e-05
-3.41242717835307e-05
0.00018684869032500038
1.8220885545053192e-05
0.0004741161788175442
0.00048682662976861995
0.0004449038199956239
-0.0004599091306064026
0.0004946720346563035
0.0003527037229093721
0.00028468151038796513
-0.0002588570935878103
9.683114714999675e-06
5.138686506109703e-05
-5.107807991809745e-05
7.194943689323326e-05
0.00033863872092001915
0.00016919628597489116
0.0004432612544896348
-6.203429495494419e-05
0.000279724279082724
-0.0004224153059843301
-6.668576862401185e-05
-0.0004378718232916271
-0.00037924056291012556
0.00018457059821024144
0.00035634419442738714
-0.0002958105947975739
0.0003446867720188556
0.0004689525874922892
0.00046219536200208227
-4.812480164639545e-05
-0.0004927391667469735
0.00014052490475047435
-0.00013016024887240255
-0.00011239648538348922
0.00027001734607430636
-0.0001478996928664742
-0.0004329022484555057
-0.0004993015464095416
-5.1018637355869205e-05
-0.00038461851963565285
0.00024051836360292457
-0.00014338334433371846
-0.00015792500069217077
0.00034491943296765365
-0.0003462035186630382
0.000273199902836496
0.00015725626508055932
-0.0002930299761571412
-0.0003489494206504165
-0.0003174003486131837
-2.473577779487946e-05
0.00024315639512285524
-0.00033344823189505695
-0.0002157765359520637
-0.0001630330917809144
0.00038239764804377417
-0.0004411283592883222
-5.674822830429514e-05
0.00013647938694836322
9.966355793773957e-05
0.00015230931465834506
0.0003940661089776651
0.00018943487726362182
-0.00028176921931758045
0.0003455751844518728
0.0001721087959594761
-0.0003201140161236128
-0.0001980338307896468
2.3495077746662845e-05
-0.00036479820504278207
-0.00041877718716911317
-7.318305160350369e-05
-0.00040790209107314157
0.0003860041955049342
0.00020610366141475967
-0.0002679177090309362
0.0003794525404386608
0.00019523978751730586
-0.000289688298028427
0.00011455791146116126
-0.00019023684774559533
-0.0002438744941261888
-7.445484952681072e-05
0.0003844039108966238
0.00047090529723088723
-0.0003465829655951084
0.00035031496835107837
0.0003351687052028276
0.00019799962267787966
0.00012877496077275498
0.00021467607621844585
0.00015108916348811582
0.00020246204019144331
-0.0003154183330626332
0.00047269733907736623
-0.00038159435168794165
-0.00020009052559557248
-0.0004864530285684395
-0.0001511898676361749
-0.0002455707968538826
0.00035689331039571927
-0.0003423625475133886
-0.00018166089553053833
-9.351236642733706e-05
3.84349897693747e-05
0.0004450832237813038
0.00036727572344056973
-0.0004987255155746209
0.0004811432638242908
5.0056630610528026e-05
0.00022170750541390823
-0.0004107477867397374
-0.00015149005726024776
0.00012273625824514036
-0.00022258949208023185
-0.000382417277826413
-0.0001618964314896325
0.00014010673360284078
-0.0002170909874167344
0.00037710063471004364
0.0004676750357527536
3.6024674614909677e-06
0.00039743183568750906
0.0004932589822364637
0.00042659120123984687
0.00010021785169986427
-0.00018670672748695726
-0.0003351885181911839
-0.00011147460918151244
0.0002603898989273791
0.0003851377543885524
0.00015503581640060227
-0.00012454640621578205
-0.000394321543843842
-0.0003245441850654318
0.00023722494128211168
0.0003601882652950056
-0.00039506344446884977
-0.00042782253110897327
0.00017145965388417077
-0.0003988586288675615
-0.00045420780332232146
-0.00014090712673756831
-0.0002425012480202796
-0.00016054368323910426
0.00013474438011432696
0.00046246475691271664
0.00044709559807874766
0.00013149573981083632
1.1437427569338542e-05
-4.196041815256933e-05
-0.00043390919341879287
0.0004867730844134168
-0.0001533805562502292
0.00035634355404180523
-0.0004034279299871134
-8.327201564309615e-05
-0.0001435189975587534
0.0004644082794896002
0.0004856493291596831
-9.179956171830928e-05
-5.2962464900796285e-05
0.00011336584634216436
-0.0001419022427732215
-0.0002986814599595723
-0.00018477239824428226
-0.00035888856380233785
9.350441993888424e-05
-0.00048000569657634384
-3.841713768627499e-05
-0.0004887597354577439
-0.00037153659479942624
2.0740038329685666e-05
5.824307146710993e-05
0.00010119969210184421
-0.0001339372439762353
1.2993533325690023e-05
-0.0002335628859008582
-0.0002281781082089751
0.00042300761737920915
-0.00027695972826348236
-0.00020753172463572832
-0.00025126438075460424
0.00019466807584296976
0.0004899454447223636
0.00047191956250268485
9.78376146125884e-05
0.0001754230098802706
0.00026156225832731496
-0.00032043383943138363
-0.0002964678218086148
0.00030322603816851487
0.0004190899720141317
-0.0002581169414545549
-0.0002558493960825804
0.00015119414992488154
6.4627759944431e-05
0.00014576302221835024
0.00024247200133194148
0.00027637088511699257
0.00039636017929891665
-0.00021610970453932697
-0.0003035417587224004
0.0004040969890684742
3.198128669128686e-05
5.2904782299684336e-05
-0.0001780613281619865
-2.1943607435348294e-06
-0.0003980592008360039
-0.00016579502006039003
-0.0002447910107158967
-2.438355785179281e-05
0.0004254082427346057
0.0004308954017400589
0.0004962090024227819
0.00012214802521470314
-0.00016342544848327003
0.00010006399195150299
0.00039648898185420316
-4.4987099973271437e-05
-0.00035243411349106257
-2.5802994200954427e-05
0.0002850113822638788
0.00037248510882413133
-0.0001451705085187974
0.00013773712103784996
-0.00010560210580879027
2.676523210025654e-05
3.6976034361172415e-05
-0.00012798103385130554
-0.0003162145345829299
-0.0001422696347107707
-0.00024340419013005733
6.721177489698541e-05
4.299434512577429e-06
4.769892413368146e-05
0.00039817028008840526
0.0004496266717376569
-0.0003092692697009426
-0.0003482676877880831
-0.00032213650871714317
-0.00019933873094777477
0.00024821658298526076
0.0003530180539021231
7.040962887201133e-05
8.274359720700881e-05
-0.00033295513030326884
-0.00017060170865462488
0.00010071161538703817
-0.00032591164224384374
-0.00029459254886714405
-1.7596114331902113e-05
0.00021060833680717247
2.8523917859078047e-05
0.0002168394510403261
-0.00028457218907191153
0.0004893807084492465
-0.00048122222094040216
-0.00017960073633132943
0.0002581357375876877
-0.000392463610832812
-0.0003855567462994635
-0.00047742191536224445
0.0003060789261034886
9.035310002618237e-05
0.0001049950039580305
0.00048709113114974497
0.0002337992054594534
0.00027562058149413146
0.00014990885605781863
-0.0004578469223755992
3.419769904812128e-05
-1.3686752283207358e-05
0.0001363683096080937
-6.24799832681834e-05
-0.0002513688519732584
8.564263727396269e-05
-1.826474634892281e-06
3.961194219038024e-05
0.0001876700487558027
4.882321889573154e-06
-0.0002201995312830174
0.00017165557460641263
0.00038293911513271825
0.0002473568386270878
0.00024488996598652014
-0.0003677243768662233
0.0002431277867743181
-0.00019488889298684977
-0.0003440705809289648
0.00012035271393355865
-0.00034293104026506547
-0.0003749503445041942
-0.0004019386913349782
0.00021418928025904442
0.00011880636292695699
-0.00039754149945353133
-0.00035998372869278783
0.00017841778950835338
-0.00020759765700526547
1.7747196805693952e-05
-0.00018563047289202507
-0.00019143630014223888
-0.0001079821308601129
-0.0001838074515575454
-0.0004138926141639555
1.8406191540080346e-06
0.0002778809928685441
0.0004425132909093649
0.00010012830478716317
-0.0003101892373720978
-0.0004288604518252035
0.00014587944822803847
0.00026451539279590463
-8.632120029511024e-05
4.796899675967763e-05
-0.0001485536258344137
-0.0004887445396636332
0.0001642568236667728
-0.0003234395707057353
-0.00029007662386986577
1.4273147049847861e-05
0.0001666846467218377
-8.597871860601547e-05
-0.00035798814103051794
0.00027794267878161055
2.465176544457176e-05
-0.000197394027025761
-0.0003467152471498591
0.00014726193114345735
0.00019698449396399502
-0.00035718400740266147
-0.00010994619930154362
-0.0003319077188342353
-0.00043425950087062594
0.0002500011517082999
0.0004260035220694211
0.0004691899220154427
0.00046099136855390355
-0.0003130425139244961
-6.64006982596389e-05
0.0002126067870862439
8.059884780436315e-05
0.00012791275273803194
-0.00014316411641667381
-0.00035404077896027445
0.00018493854832166937
0.00021467667243530678
0.0001081131018541955
0.0001498926529061225
0.00037483759118756975
-0.00045444499784656533
9.60084917095075e-05
-0.00037764647934252627
0.00048628247933199574
0.0004923353218663326
0.0002828682059144166
-0.00045597646039511507
-0.0001676254326487272
-0.00021524635038810448
-6.783846650945202e-05
0.0003263199858500411
-0.00046333145714863415
-0.00035580880831296245
0.0004082377415738014
1.3312553696293267e-05
4.503637209908422e-06
-0.00045394290795460314
-0.00045453053446531134
-0.00026380892687870663
0.00028644406673992843
-0.0004108864566176267
-0.00018603401217767024
9.159853830950475e-05
-0.0002900487003341108
0.0001519303953025242
-0.0001826760682276031
0.000333108517992257
0.00021718236595496697
0.00041269590399451946
0.00022960798038930853
0.00031085611624711456
-0.00037246887044648403
0.0001886205179388071
0.00015417947240201448
0.00040632474538069793
0.00016257490653220886
0.00013454343350688142
0.00045602907612932837
-1.4580961076682253e-05
-0.00041716448652946014
-0.000422774857766134
-2.6590769166396158e-05
-0.0003713787224607965
-0.00030177291666798534
-0.00017703181260407032
-0.0004673021107819373
0.0001284778743719904
-0.0004283962705281802
-0.00025796482643839337
0.00026953884978425896
-0.0002053897372204712
0.00022756828606643415
9.318692106157172e-05
-0.0003444750148260678
-2.3792365697173463e-05
5.9293033786315084e-05
9.224305333281342e-05
2.255145862203173e-05
0.0002329774141563211
4.0615609424847314e-05
-0.0004757963637179832
-0.00045956833743697803
5.4283497942159316e-05
3.6470405446473522e-06
0.0003218860775004421
-0.0002951038071534773
0.0003006777309772923
-0.0004075180530608252
-1.2900584003820118e-05
-0.00017884961229467245
-0.00010051388265256691
-0.00047486057908799405
8.148637727489988e-06
0.00035665846700265707
-0.00044256256814267236
0.00023017503912842977
-4.3338991735222614e-05
8.432130147372407e-05
-0.00016023424336848567
-0.0004804923528750453
-0.0004357349218956431
0.00016865809524784197
-3.423639465114948e-05
-3.685814023688636e-05
0.00026782236110066827
-0.0001590763558934225
-0.000431618524976005
8.68737847093253e-05
-0.0004138761399147766
8.571561166210778e-05
