0.0004328380453094403
0.0010616525789790927
0.0005898636212772141
0.002098440209366095
0.000574808842036278
0.0010007349890752606
0.0002592003226496624
-0.0015836553802592074
0.0021210658317149253
0.0004959104100969486
-0.00021017070750347852
0.0003408860557385968
-0.0017409043722961838
-0.0009019902954833375
-0.0015691926064709389
-0.0006547404027205336
-0.0022742297631182565
-0.002508323875606548
-0.0021597242980168387
0.0017659761626596
-0.0019607382712277088
0.002417626545830362
-0.0016607209329958124
-0.0015579100015183905
-0.00014499349528989932
-0.0026704304007042078
-0.0003574146962848669
0.0003388696699855999
-0.002447125299207668
0.0005879554362586961
-1.0791731875240546e-05
-0.0028882574469481794
-0.0006322513301189143
0.001347284757566486
-0.0011642724059121197
-0.0008650577006766068
-0.00128112265407679
-0.0021540382516885455
-0.002395032360435211
-0.0010759674013818945
-2.6279620257850436e-05
-0.0013181074540158
0.0022320745507000096
0.00217259634061578
0.001497565546707106
-0.002463793132793309
-9.847117126791666e-06
-9.331671959404968e-05
-0.0007232876147351907
-0.0009314378849394583
-0.0016905061925825019
-9.10999160528515e-05
-0.00212499571875531
-0.0012804776014815336
0.0017569519726142804
-0.001304051017913744
0.0024922611416862096
-0.0029581643268636565
-0.0006313123616570751
0.0004716583250881719
-0.001979465575536894
0.002277630592951655
-0.0016648971500858951
0.0009079594892951025
0.002773139171144078
-0.000868082023252724
-0.0015505918301740342
0.0028794609811685625
4.375092713842241e-05
-0.0008776049448652339
-0.0019143326539666804
-0.0017371633847749807
0.001414257257319273
-0.0026191549737075836
-0.001385369342823977
0.0015509138168214474
-0.0025757597804008363
-0.0025478289105326946
-0.0009435742414278074
-0.0011923780930609984
0.0009864423729817736
-0.000108492389127439
-0.000489605225020744
0.0019504451954732395
0.001980605266057577
0.0015928384732569337
0.00033481675651307694
0.0016228537330209621
0.0019093120284025778
0.001724098704284937
0.0008128724510922626
-0.002624578075522096
-9.904722103036947e-05
0.0013250979692003406
0.00021738915026593567
0.0007262184333759547
0.0011861659745761146
0.0019541181580644213
0.0010306390205168702
-0.0023014793874767494
-0.002748999666996507
-0.0007476897476905789
-0.002622233888184679
-0.0009815858050430271
2.2154937238013685e-05
0.002563031186010402
-0.0014668550552969857
-0.0024354377576510148
0.0028946979279117204
-0.0009889738481137465
-0.0014955399947590839
4.943212733180338e-05
0.0018641653415561567
-0.0021322702424927285
-0.0016393832989949157
0.002796030284270194
9.080127181815278e-05
0.0013112353674075506
-0.0017837897536577881
0.002806715936835031
0.0017671251210552756
-0.0015450680486210411
-0.0023157209744669813
0.001051446457070471
-0.0017634279398315615
-0.002660294479433625
0.0028313329483884786
2.4243285966458594e-05
-1.0714570915771899e-05
-0.0025336210693996824
0.0013562163710788642
0.001614805508042173
8.300084196817938e-05
0.00236154829596654
-0.0019975011572854946
-0.002949433749623111
0.0012939852195062197
-0.0005397926169427828
-0.0009519064147802728
-0.0022218250282855533
0.0014148908346175385
0.0021271069745430766
-0.0011259280235894197
0.0022280538248716153
0.0028294150027832338
0.0020277459127188363
-0.002630684875425807
-0.0009815611062014532
0.0006830574856381212
0.0029447270913254163
-1.0318225556955104e-05
-0.0016559450124477993
0.0029534349393589496
0.0027855860280766543
0.0027365906968872446
-0.0005845132897152328
-0.0016202210751872655
0.001291626271564826
-0.0019758972023891383
0.00035418634523937077
-0.002428114879092666
-0.0007622593121308762
0.0017461595652945227
0.001851908647444775
-0.0014272214900734974
0.002959251561650812
-0.0019092976910638673
-0.002423649363285178
-0.0021702401419522073
-0.0023204808985924532
-0.0007179519322190373
-0.0011005175287049562
0.0019649665432429457
-0.001820884202436414
0.0025148228377084546
-0.00017380589722850977
-0.0013238727859852084
-0.0024165149385850172
-0.0004090563784456369
-0.0011660378851352925
-0.0006190304553050944
-0.0029302135973271345
0.0019044552391907308
9.516954917217994e-06
-0.0028378674765618273
-0.0008066416444464384
-0.002426235801451742
-0.0011611942953228508
-0.0028423947081488814
0.0019210422550094055
-0.0007265515087614043
-0.0005403634638803008
-6.785984883756445e-05
0.00021295460823422124
0.002189160745454199
-0.0013956624723312236
0.0018436048751449769
0.0017092358299931948
-0.0015998086518343507
0.0004253924967760371
0.0012599573291804597
-0.00018009725824726878
-0.0007437800964161089
0.0022447207549762677
0.0009333902853628897
0.0009754389259832262
1.5053921299684227e-06
0.0008659074936926596
-0.0010231365673985765
-0.0010867172882059824
0.0005692446096400307
-0.0010535776075654639
-0.0026215506912257392
0.0028453579486357947
0.00011375394902433597
0.0021988997615388266
-0.0029536197868237487
0.0017803289132868674
-0.0009256210199397961
-0.0012641280290588673
-0.002913576640941351
8.379235384095357e-05
-0.001116785244254071
0.0029330165759328475
-0.000860951988270665
0.0009035770479688646
0.00028406655965662305
0.0020372950379308353
0.0012123406217759399
0.0018365313386587414
0.00032392192398062077
0.000919470201370818
0.00015056461505286948
-0.0012757514071620353
0.000671650731974404
-0.0008877122624413557
0.00020098474383311487
-0.0015927344039951825
-0.0027208477210103354
-0.0004987427317362865
-0.000907690862811123
-0.0017986400286811996
-0.0011817349970863907
0.0009278695066566511
-0.0009484985897204555
-0.00020607743691455254
0.0012718748943375876
0.001069811691156419
-0.0020240947226242306
0.00023719683975573138
-0.002730730126249535
-0.002013646637103535
0.0018713063812527686
0.000944619323820341
-0.0026639006928652798
0.0005608603624138856
0.00015116516226328916
0.0014472786357323988
-0.001018596699256206
0.0022462651155790323
-0.0023181071190784375
0.0003613854458853626
0.0005743541493983331
0.000990614936342304
0.0010073032797718534
0.0028303099115831783
0.0017670247614638606
0.0021019059839334107
0.002570192688122386
-0.000366264701301933
-0.0005995457944265761
-0.001021046452272366
-9.114960827783913e-05
-0.00027733009763143777
-0.0013159041603161166
-0.001306309974328336
0.0006333166408247011
0.001595555121858828
0.0022465017910633725
-0.0022223084649357462
-0.0008657447872677279
-0.002204404671321442
0.00022895775657846146
-0.0004695101206628749
-0.0015820237504442422
0.00040780125795124213
0.002523894533549587
0.002489133065130697
-0.0010481123727734535
-0.0015972392285848818
-0.0006721347085354291
0.0020080361904905907
-0.001751726895572636
-0.0010873482383405221
-0.001364595388582116
-0.0005544012545259016
-0.0013966862316122503
-0.00022769626531783226
0.0011439130372212511
0.0011825052773975055
-0.0019515883703686064
-0.00024776672778845793
0.0007098587139089878
-0.0007294477327970364
-0.0028407028796577976
0.002229013036792896
-0.002569892474652108
0.00020216733600400766
-0.002732897270804867
0.0008398908763763676
0.0001806888404641293
0.0017712280114346038
-0.0009347593497919175
-0.0015152444307812737
-0.001189218322880577
0.0023472432767308784
-0.002184450282712509
-0.0003444516437224178
-0.0027285308642710114
-0.0022491724683431063
-0.002146715372738003
0.00163502155470457
0.0011009691945548456
0.0006029862333555304
0.0015804653466339911
-0.0022779336080969497
-0.002015750411874407
-0.00014445878965736302
0.0011483123315920553
-0.0004905840199788528
-0.0003017999696825588
-0.0016699496221447099
-0.0013776599350100339
0.002389818492054948
-0.001125866334226599
-0.0012175614674190339
0.0014475831111386154
0.0006581968685589984
-0.0010399655064031905
0.0007586284703372296
-0.0018565960144498895
-0.002759140201301329
0.0009747523574354785
-0.0012005214045579039
0.0020701949477935667
0.0013636980375297796
-0.0017766290357521448
0.002384012683553995
0.0018247145189490936
0.00023902095739493454
-0.0024365374935264397
-0.0023592127748967686
0.002558681700958943
-0.0027119792287340285
0.0016678634240403223
0.00270653060606492
-0.0012203813070438532
-0.0011576001663415457
-0.00110356823744267
-9.811037761934182e-05
0.0010899757597718652
-0.0029062049877486558
0.0006415161772291528
0.0008186118976323715
-0.0029966596153412767
0.0023974628048678845
-0.0014674612316545696
-0.00029952330064903117
0.002513384809379766
0.0018713200232998483
0.0023428507229799984
0.002140774742280043
-0.00018837664359524966
0.0007055053472355814
-0.0027567550081346323
0.001145899463305372
-0.00030458294541120664
-0.0018727254181922827
0.0003389334596997514
0.0017372533249295635
-0.002471690911339461
-0.0002640364442506415
-0.0006040764610549501
-0.0023291178395019423
0.0008495819692577252
-0.0021419233712543064
0.0015770207774409243
-0.0011214731085514578
-0.0012928434567327052
0.0022161016554014213
0.0017608994953210695
-0.00118509770747784
0.0018367485532242425
0.0007622964120935372
-0.0017780505989997628
-0.0011798077492971412
0.0007414408771418083
0.002224114754202265
0.0015655542858964838
-0.0006497407184757184
9.959102213023211e-05
0.00019351392215923068
0.0003375443725039252
-0.0018381257010500176
0.00044247748496182866
0.0013913410642545938
-0.0014298859505659657
0.0001797687321400403
-0.0026304163186845805
-0.0005053024833239846
-0.002018202684088896
0.0007643165982146134
-0.0029304383258092195
0.0021935142096960033
-0.0002634246902140664
-0.002096346367972172
0.002024667129291815
0.0027885023425272895
-0.0017261982025334323
0.0008590943327559022
-0.0012301420843923068
-0.0022289279727243736
-0.0003402595658093242
0.0027170578434773116
0.0011917205594471451
0.0009611622048979829
0.002202271456790904
0.002974236623172714
0.002405525971241852
0.001458220947245386
0.002165000274739321
0.002989315011478557
0.0008573571667973741
0.001964941366941553
-0.000985176846852702
0.002513821376437724
1.2891547896644838e-05
0.0008347722115735943
0.0018691126220916655
0.0019240726316477408
0.00034140172102577106
0.001410225028692271
0.002774661116665097
0.0024510855221735748
-0.0013112904520996252
0.0009990524861881794
-0.00046752316652534176
-0.0006619712487876453
0.0007605033808932983
-0.00010083941963310878
0.0019816195597718213
0.002893212402541075
-0.0006946271009897419
4.6145709007274806e-05
-0.002785405420218159
-0.0024406153948463806
0.0004790654671135773
-0.0022793734784170086
-0.0008784949181932971
0.002189658358460882
7.303405301828771e-05
0.002514366763658427
0.002310273316043246
0.00013328773145912824
0.0005438614444709818
-0.00040618810016134497
-0.002150207175392548
0.002199167366833359
-0.00025378534129065575
-0.00020820700099907948
-0.00012397729149604426
-0.002292136939106941
-0.000295979441825319
0.0026443323396073467
0.0011972576271504906
-0.002139212534190859
0.0029709677223953212
-0.002300312918495347
0.00032861245163235634
-0.002629584521259032
-0.0026146082796722064
7.643424601261849e-05
-0.0015911010811178758
0.0003310359491821278
0.0029273644759147104
-0.002640237437315215
0.0005050306859172384
0.0007256617838276593
0.0019449768735383703
-0.002330952762876172
-0.0014465515738644411
0.0024570650481730155
0.0009477958153086578
0.0008320965726442944
-0.0003109895128000713
0.0006607140095211562
-6.0034499006189276e-05
0.0016112663955443855
0.0013525405195503916
0.0019305305276410868
0.0020339710817784077
0.0019578941235320344
-0.0027082989212012226
0.0003700191798769433
-0.002452453339232362
0.0026441504949391284
-0.0016581934403767087
-0.0017748194059419937
0.0021719559578916754
0.0025286703996840474
-0.002597868847820845
0.000729414193928293
-0.0021451038310975803
-0.002297204597707431
-0.0005886903259790101
0.0017674982011316046
0.0017742877384098726
0.0026840875865846575
-0.0008376848566082071
0.0020889848146951545
0.0003082996681141926
0.00015632085169839816
0.0004639294755967591
-0.0008549884313000058
0.00034047044920289
-0.0015202354347808554
0.00010053151723763516
-0.0003400802270420514
0.002903877030863888
0.0019245548137728696
0.0005151820078578371
0.0004278345631506951
0.0028263173754403594
0.0007592030953461944
-0.002752891672431255
0.0002109091164515164
-0.0029317824910869436
-0.0018832825263579846
-0.0023816601788028105
-0.0026192218496154784
-0.0007764736211831576
0.0013332556704100463
-0.0006356164474580635
-0.0012494141124048638
-0.001094778182640569
-0.00299126623564134
0.0007581201500301777
0.0015765484099446118
-0.0027510797746457447
-0.002287155031627687
0.0017130819097645493
0.0001578116929053133
-0.0025890391658456276
-0.001097329000892212
0.002154379099177983
0.000572182114428387
-0.0024259028594374923
0.0019707891307981663
0.0016278407605692215
0.00029216997922981193
0.001858715732222696
-0.0014771579065309055
-0.0010059522864469005
0.000964631521911008
-0.001543210231827069
0.001572995670700847
7.752227547312305e-05
-0.001758509959139037
0.002853733709809364
-0.000722171855601516
-0.0026374206366421077
0.000558587073636894
0.0009786327570396993
0.0028325940908329418
-0.0002229366629312177
-0.002206531344050754
0.0020915630354357935
0.0010155734655857597
0.0012364940971514391
-0.0017079952324173097
0.0025743721476816066
0.0016603804854808581
0.002311277304254642
0.0006110730774893051
-0.0003594601165572654
0.001174908297941501
-0.0007190512274698243
0.000911604619958142
-0.0023266678576839223
0.002983891051880381
0.0019293969210008657
-0.0016132049071926537
0.0012166645364938772
-0.0028672124659497793
0.00010012203924049477
-0.0001601029277705536
0.0005868349182005009
0.0010744199185498552
-0.002792393416161749
0.0016825283717308397
0.0024079622062330988
-0.0025692015663397886
-0.002055100359178686
-0.0018157028141777634
-0.001602709892604223
-0.00011170666339959832
-0.0025296286464999407
-0.0013778041794796085
0.0028045922993788185
-0.0007938874848606478
0.0011126023313821351
-0.0020417781587212863
-0.0009339663507842459
0.002396105996865858
-0.001343208750188453
-0.0004707011097226945
-0.001993067475568609
0.000563805206741924
0.0014703779259978888
-0.0029454562177091753
0.0010610229865074192
-0.0029250981523122324
-0.002708405728935193
0.0007644569924783831
-0.00041121233066471544
0.0017801727655346392
0.00032464748468625723
0.0019681171939956825
-0.00200471206103382
0.0017121913454734997
-0.0018647909810875164
-0.0017718584387365014
0.0022533441486209177
0.0008908944199932179
-0.0019307827520202454
0.00017617405997985731
0.0029084190608724145
8.523479651448848e-05
-0.0013764649009295488
-0.0012444922312562319
-0.0018132478228010255
-0.002354377766341094
8.539417292482889e-05
-0.002806242228240499
0.0028825681296906257
0.0029879578319186653
0.0009611921616957909
0.0022976490744498583
-0.002129394895141516
-0.0026585540801403523
0.0014438576686782254
0.0018722276792417876
0.0007724675521885325
0.0012418834020562408
0.00038563921935221533
-0.0015164899531201175
0.002973798650465375
0.00066147959591347
0.0012764362497280878
0.0008402727824330151
-0.0010664048769762086
0.0022248843382902395
0.001877866220953408
0.0005639096902364795
-0.001337137078739387
-0.00034460142980417656
0.001858515012340409
-0.002694701439944752
0.001680408640807922
-0.001958535614870201
-0.0002473635984684597
-0.0003421937867953335
-0.0014304001269463038
0.0006582058939880891
-0.0029624696876333675
0.0006615954642829446
-0.0008154853964543367
0.00016428909024039304
-0.002687699629553215
0.001010123888081393
0.0015527293967619819
-0.0004083738366234416
0.0003697073720215923
-5.6474388397608714e-05
0.001456960279662683
-0.0016084414869573557
-0.0027837936036307037
-0.0001758643955877496
-0.0023218489993869305
0.0003748488954205629
0.0004235255992332044
-0.0008053975014627656
0.002782077781157785
-0.0021187269450165767
0.000607583561876692
-0.0021720279949155384
-0.002431229328539964
-0.0017802387649341832
0.0005451202509797019
0.00036357962643794465
0.002148338888465634
0.0017269216821828685
-0.00020631036382832545
-0.0023996075527040056
0.0006513197470900908
-0.002051079630896931
0.001246909185572377
0.0005899834286730685
0.0017722853702642379
-0.0012813770472712858
0.0007470216534792734
-0.0008954187737775067
-0.0019461228025293117
0.0025083385758440328
0.00046346850357137587
-0.0028709600525943114
0.00019561202027894731
0.001216979303375873
0.00024255839924279803
-0.002953686529867476
-0.002024525676800869
0.00019800824164503857
0.0024482251529345357
0.0018278803561160815
0.0008159050801179904
-0.0009713552440977122
-0.0025498413735227615
-0.0021438269869744567
-0.0007159621448275576
0.00019817533657350787
0.001401393967684698
0.0014027649756541624
0.0012616711564109734
0.0027349859355898145
-0.0010186975316855149
0.0027739231609386975
0.00234159122976309
-0.0005773647952563633
-0.002939891632093063
0.002505726739056752
0.0009996713770597434
-0.0015465391297124073
-0.0005127180220718011
0.0025833014191575425
0.0023543022221424823
0.001622526639333972
0.0013412846113023203
0.002818107922401212
-0.002333370328138201
0.002805467177003065
-0.002230903663539688
0.0019922953047005086
0.0002763816778363873
0.0025317098439525424
0.00022619442985915032
0.001413427986003005
-0.0013640228342450078
-0.0028208617525125913
0.0004964085708795501
-0.0027088491009800353
-0.0015995682447588358
0.0009680664478513516
0.0007180943876789565
0.002645117814684372
-0.0014296980618983385
-0.0010023084308705614
5.764729390000988e-05
-0.0015203092579826277
0.002044709792596566
-0.0011514848737349092
0.001094677848349504
-0.0006879771990217654
-0.002064244085855739
0.0017019141627332588
0.0002817021817136029
0.0008464857268624202
-0.0024860691860927064
0.002787972350022363
0.002778383182372753
-0.0008892311410092306
0.0011383763214351693
-0.00019898043788495624
-0.001651286698841865
-0.001233442128139589
0.0027231949803729876
0.0013895990300049768
0.0024950838911490542
0.0011028938047559465
-0.0002747009209283385
0.0006169625708592474
-0.0017092004843535383
0.0023877582665030343
0.0022525407426589074
0.0005668629820952758
0.0009305005828270391
0.0009243909512482327
0.0028899995481413542
0.002142093388852761
0.000616925384461568
-0.0009905691831807572
-0.0016614016722304983
-0.0004776324149923022
-0.00011318230564741783
0.002340555528001125
0.00040537379219119816
-0.00036611807081165983
0.0028755253678031
0.0004250061815577054
-0.00032648314575985495
0.002195511013622385
-0.0016095843753760066
0.002129245973318857
0.0021590506042798337
0.001016090994587584
-0.002460983465194731
-0.00011410148622965867
-0.0014606646514194763
-0.00019758270186838846
-0.002052483019418699
0.0016291751230483554
-0.002704774601309297
0.00128594624888768
0.001807649339710172
-0.00294367953739408
0.001989070147183751
0.001198220877412507
0.0009871348353339597
0.00021382455177452369
0.002194596799882427
-0.000646910918463688
0.002189691975189383
0.0016923056126751145
-0.0008451683731336909
-0.0022517112974347136
0.0017055215135830292
-0.00036596877668779344
-0.00042855790229893217
0.0019077552559219517
-0.000364680012856956
-0.0019587313129964794
-0.0025319072494342965
0.0012240243620355515
0.0012623292676187028
0.00019887263719959138
-0.002072417980896037
-0.0018815964805980294
0.0014994169080318588
-0.0016749018620666855
0.0010984152100482194
-0.0018966286349549495
0.0015719936777840579
0.000556152213552269
-0.0021844968229628764
0.0018333938106722915
0.00035149505027729563
-0.0015385203742958476
-0.0021421194318659827
0.0018676877140376656
0.001999041940637293
0.0003719593289337867
0.0028812529081181223
0.0006350199860366283
-5.759551348599127e-05
0.001806318776930927
0.0019423523720691598
0.002280183884144602
-0.002810122252596308
-0.0009295490204031583
1.1986087426131727e-06
-0.0006923130124840172
-0.002853283943372187
-0.002540795484194808
8.345507739059054e-05
-0.00016683831152178178
-0.00272315299412414
0.002105720606306526
0.0010413858322775782
-0.0005132244694285989
0.0007126669074455608
-0.0017207476030087839
-0.0027726672513850885
-0.0018836867590700114
0.002833605749743568
0.0023135001045971786
0.0013472761821656312
0.0009440113690178933
0.001815401392322313
-0.00033777697440336195
0.00021000282775860551
0.0021894556847790606
-0.002630302782124487
0.0007294032511672884
-0.0028978389852233376
-0.0020970054694737623
-0.0019819411864732727
0.002231649405454169
0.002099589740159033
0.00240693719922607
0.0012839375643540814
4.32774694006724e-05
-0.002978938223882366
-0.002988412321455413
1.0266139257667558e-05
-0.0004406618648148436
0.0027157239859321135
0.001318234029526695
-0.0022880506931955646
0.0022285988964414662
-0.0018298676884534967
0.0010076365174072135
0.0018666398724575036
0.0027418283170668276
-0.0005813674536528034
-0.001421765861643325
-0.0010386787820370284
0.001481580277240279
0.0017797911408404046
0.0017825533409782917
0.0012224872666470382
-0.0006361203877102944
-0.0003033705381059442
-0.001225847558461268
-0.0017100484590664672
-0.002254146849572419
0.0014626978031787455
-0.002199611069347347
0.0010889797294341055
0.0021391702875796286
-0.00035508566477610156
0.0006774249142405746
0.0008000373486121296
0.0026737936368103152
-0.002779126490772865
-0.0020840736528296563
-9.542844162000862e-05
0.0029000468259244433
-0.0007557089851357454
0.0004554074012298819
-0.0027724757660404055
0.00012010976373931243
0.0022568000863793366
0.0020760270907708026
0.002510972046632005
-0.0026500484557090485
-0.0013263982650773376
0.0007210776697823018
-0.0017170479052184796
0.0028291875778148536
7.623973490495598e-05
-0.0009311161074470535
-0.001882415998979783
0.000712658646681452
0.0011717737151375092
-0.0019105186881302715
-0.002717414872945819
-0.000752534319196647
0.001209923677558413
-0.0021866497031489
-0.0028499940709101504
0.00033618508705325883
-0.0009072970484234302
0.00036241872153884927
0.00016753763210566007
0.0005809827070315347
-0.00206975158400051
-0.0015205576154666187
-0.0021867112793166423
0.00288911389093568
0.001425507488735672
0.0013666760447592205
0.0024436305132588118
-0.0005062590351974094
0.00018879547552600557
-0.001609414698075476
0.00024266560855180138
0.0027261016853492295
-0.0021686835142589516
-0.0021715461739827795
0.002248270223903443
-0.0007754751849106218
0.0019886140299107654
-0.0021714693049238627
-0.0012657330795376323
-0.0017315418837671032
0.0017680913605849164
0.002129680915616528
-9.21989388741086e-05
0.0029658162766894505
-0.001940893827674997
0.0017731997527731204
-0.0021706183249923664
-0.0025740200254914607
-0.0026106318167862332
-0.002926106931611691
0.002264133723420201
0.0021379304460613768
0.0006264234236414649
-0.0015480584213073685
0.0016834359529283574
0.0012033091133146897
