-0.00013888534577901268
-0.0004334925495723998
-4.837260542288124e-05
-0.00026725312867143636
-9.726469796745885e-05
0.00015586324685923987
0.00044416432311467546
-9.26940026458082e-06
9.07189085932996e-05
0.0004949909328786602
0.00014420953968058555
0.00026457399042923574
-0.00021762475337125874
0.00036282204151109085
-0.00030985655456861353
0.00041926643232207946
0.00018279387663576994
-3.3386388976479385e-05
0.0002902333735223774
0.0003394459624477843
-0.0004064762277361769
-0.00034954694773934404
0.00013483297070582896
-0.0002766420908402548
0.000253822400889875
-0.0003956423631993078
0.00046333991902080445
-0.0001682257571655471
0.00021178277576294714
0.0003445397237746701
5.168076051039361e-05
0.0004532910805765372
-6.964616115001166e-05
0.00010287345042238143
-0.0003127908592398147
-0.0002992176636822097
-0.00015810262067377412
-0.0001062516554732149
0.0002199816676552249
-3.4802797857971595e-05
0.0003138410968002022
-0.00048548799423332
0.00047620910027543033
-6.913571335361767e-05
0.0002751620581893593
0.00037643211655517643
0.00046969898957253573
0.00031567852796205397
0.0002915261740286568
-0.00023858913505686997
-0.00014770366043268966
-0.00033050841138127516
-0.00040029403798821586
0.0002550941934165998
-0.0003373810334817199
8.615037541098486e-05
0.00026485961517617345
0.00013575670990067178
0.0002455810104329863
0.00039980110735577344
0.0002014037152381858
-0.00020795963402049465
0.0002883881494977513
0.00019627949779754987
0.00022408080081579192
0.0004308054942733009
-0.00036368703861611043
-0.00048107478713171014
-0.00036271824070636374
-0.00033665413533705236
2.117291041664861e-05
0.00043098585640837027
-0.0004468540675965809
-0.00028624236786406264
-0.00012170222784483551
-0.00012379716283677947
-0.0003558781897735862
-0.00019464032808367703
-0.00010555823088687175
0.00012136319117992669
6.951230643693917e-05
0.0004869262364843843
0.00025946467740737406
3.288366910169716e-05
0.00020735020138509818
-0.0004378416619837997
-8.7400771799539e-05
0.00017564207563019562
7.79280487246593e-05
-0.00021553679226650458
-0.0003644508786711982
-0.00021536609559004915
-0.0004928223623084716
0.00021347072787819695
-6.312470987037723e-05
0.00023416809257482648
-0.00024212393575526924
-0.0004296986257694998
-0.00024188976917958527
7.249935843037594e-05
0.000389020082018996
-0.0003095486430239273
0.0004621325686061814
0.0004813039963986526
0.00036475403196083677
-0.0002287575127259118
-2.959456430367733e-05
-3.1580156682930376e-05
0.000259028109249938
0.00011169807781459388
1.997371774462562e-06
0.0004111574970028129
-0.0003681688741013187
-0.00034592032299125505
1.725772263100377e-05
-0.00014360504221925163
-7.55531624583158e-05
3.453027717814411e-05
5.142114327639439e-05
-0.0002917816678239491
6.284658411508776e-05
0.0002900189697721098
-0.00010658218323319259
-0.00040522280982582007
-0.0004321947287071334
-0.00036817160393973116
-0.0003938250236309633
-1.4482309861326391e-05
8.514094827335929e-05
0.00019762078770394582
-0.00011690276378452516
-0.00016161074712266757
-0.00012985689471153606
-0.0002394998209083716
1.3025886340833903e-05
-0.0004059474757018952
0.00032914605806804885
-0.00034485047942158236
-0.00012403716323871282
0.00014522362228182025
0.00028815910633580286
-0.00029982800164899163
-0.000307115709545129
0.00014658499916628623
0.0004951065447284504
-0.00029094936675312877
-0.0004907184158171955
3.802173722673426e-05
0.0004425917848484356
-0.00043214528418072365
-0.0002593829024582342
-0.00018036601168551768
3.418532408120767e-05
-0.0004426467476695879
5.5128559204626606e-05
-9.2156518284799e-05
-0.00016023135111448215
0.00039197496533991555
-0.00021847901321186394
-0.00011259264646178689
0.0004961083911252944
-0.00013711645360287527
0.000381493058540949
0.00020617357961971348
-0.00024740877266502415
-0.0004894341540351432
-0.0004493921737507781
0.0004820259878944083
-0.0004353669998418627
0.0003708833930024892
0.0001150683526306704
-0.00027624638715321656
0.00013344233879797752
-0.00035412590395765434
0.00023258212299156545
-0.0002073549805474467
-0.00016508980303292986
-0.0003867462908190208
1.2819916249359764e-05
-0.00021510912322778643
-0.0003278496839817762
-5.4644353206051985e-05
-0.00016804220571740283
0.00036919454193143765
-0.00041653982773272525
-0.00027061466296108194
0.0002338260522156768
-0.00017514205695012554
3.9193116729274984e-05
-0.00024130733996808484
-2.8861069396428742e-05
0.00013111883482803325
-0.00016197404579656495
0.0003258739089003212
-0.00027340990695873344
-0.00012466906261116663
-0.0002090944456941545
-0.0003478565327003297
-0.0001891536580258587
0.0003023454168630571
5.8787300048887244e-05
0.00037303228958109687
0.0002955214408620359
-0.0002970751463352414
0.00015258207788777984
-0.00041596849046359277
-0.00047407623183159833
0.00034962004479168374
0.00016518290332181334
3.480310854983581e-05
-0.00027981981684377177
-0.00023971768077588908
-0.00038409750078458396
-0.0003046342498978278
-0.0001473601675113572
-0.0004516977995926942
-0.0003849340443344701
-5.795088922455816e-05
0.00022414150115362703
8.362183228856855e-05
-0.00038141040198637897
-0.0004462039274347187
0.0002619501371007377
-0.0003364906386608574
0.0002353887624886485
0.00015055026016767695
-5.974314297513717e-05
-0.00010233009450967936
-0.0004974421894211466
-0.00043355240187333314
0.00020558053840667256
0.00028747332851767303
-0.00046884767241661554
0.00040776463626629087
-0.0003976752505057113
0.00023937513206339234
0.00011579036551234245
0.00036606433779109526
0.00019556449050025994
0.00023354258518704628
0.00012638954545050288
0.00031550044524026916
-0.00044951695807429195
-0.00046255138166974676
0.0003485848516879558
-0.0003810398795177201
-0.0004952747099052898
0.00021939589213920837
0.00045589995225685936
-0.0003607974564440013
-0.00017322981250944179
0.00046620771864503796
0.00017398868766077037
0.00016784683949815126
0.00019070436716132108
0.00045138226419351424
-0.00014508142217521257
-0.0004293498467763389
0.00018472997506074006
-0.000420460862747874
-0.00012809181722229677
-0.0002044661481050645
-0.0004565937908918708
0.0004702620750063507
-0.00022190883003920348
0.00023438360611263763
3.699616309391096e-05
-0.00037914427217314816
0.00016370775542194182
0.000266615454422005
-0.00011047243229021043
6.313505427012352e-05
-0.0003648365975501749
0.0002637564078965508
-3.4664881666402706e-05
-0.000415950090191016
-0.0003238447717322433
-0.0004411812488391753
0.0003118610369720842
-0.0001849543535783429
4.975361095135085e-05
-0.00011193704208424993
-0.0003670230101563681
-0.00012619151849537792
-0.00014683115431112772
0.00042239414345312425
-1.8350717309852072e-05
3.987551109074588e-05
-0.00032253170364909844
0.000369872582070604
0.00030267680434357166
0.0003965895864954515
0.0004112900648304301
-0.00016928191528337754
2.00171562509603e-06
-0.0003098645172444639
-0.00029061057804455337
-0.00042302058886972026
-0.00032315584436449086
0.00022699221984718914
9.348631800595864e-05
2.0613864395400798e-05
0.0004951681904847738
2.5165101401678673e-05
-0.00026090224442045396
-0.0004110665715551798
0.0001490907709337338
-0.00030137658390707114
-7.475875736908213e-05
0.0004344977540946027
0.00011159506653436995
-0.00040630066957690473
-0.00018863160552783477
0.00016590562977470563
-0.00035122381967331784
-0.0004218160404584933
-0.0004773578688683826
-0.0001492648671241762
-0.00013116986794425698
0.0002958222291040509
0.00017621806505368858
0.00019651050152427643
-0.00020958503439299548
-0.00012425057894287428
-0.00024034106589339635
0.00010792725353017273
0.00043547194589615924
-0.00037693257881106235
0.00047766850837585714
0.0002467274536172646
-0.00046381712467684133
1.4590479546278644e-05
-4.836548971524045e-05
5.901386927149616e-05
0.0001350366601262816
2.503682582823065e-05
0.000352220011180083
0.00021685663906886594
0.0004440563046000991
-0.00019881116882436943
0.0004030701128262739
-0.0001266135455949868
0.00017303581114257128
5.0941466812192294e-05
0.0003652367455985033
-8.958459925413544e-05
-0.00047890688077726994
2.3846715553312242e-06
0.0004981372007763227
2.753935262464176e-05
4.9079266033239324e-05
8.684774583460255e-05
-0.0003779287113961055
0.0003595102578902115
0.0003732035189713234
-0.00022288030628465493
8.717764036455188e-05
0.00015524630206293375
-0.000333020205815745
0.00014218858197997107
-0.0002934910666090763
-0.0004780575630312265
0.0002587653830471231
-2.360818500971517e-05
0.00025007131795591186
-9.638672971884542e-05
0.0001087119379127704
0.0004440897710185237
0.0004337462188727689
-8.95828751846737e-05
2.560740847488193e-05
0.0003673294250427922
-0.00022822069214963194
0.00045251910414302544
0.0004273477601354805
-0.00020329537677396347
0.00013448231358269096
-0.0004457733478744788
0.00039930644498815374
-8.215433669665675e-05
0.0004278524943405362
-0.00034237097814427043
-0.00018149186484094537
-0.00018753905938555715
-0.0004955414509360089
-0.0004343748340345136
0.0003217837494919458
-0.00040144685310540193
-0.00013768296209659014
-0.00029651591533807955
0.0004896088878840325
0.00042593511168413384
-4.105514956437138e-05
5.319044686060814e-05
0.00017014928573092294
-0.00023597185581732962
-0.0004843407221813
0.0003515110841394376
0.00012332588999340588
-2.5828651926910985e-05
0.0003425254343036232
-0.00043693739832294855
0.00045673182952044023
6.773627983638973e-05
0.0004505418775820945
-0.00025548093340866106
-0.00015212221793501826
-3.0110556931138598e-05
-0.00027545488154036914
-0.0001261154331562023
-3.566885939526696e-05
0.00016821853900708585
-0.00013226343019470465
0.00011741711628887792
-6.561822820070115e-05
-0.00045380597766667943
-5.933249415997812e-05
0.00023734973766568687
0.00039931989802425747
0.0004497167479758894
-0.00018368176008875636
-0.00014444385320007994
-0.00011623598225892227
0.00014777298714535396
-0.0004203054196962275
0.0002521746020785532
-0.00047120004492532677
-0.00022131736187509533
-0.00017076905757891357
-0.0003391791566806467
1.4616239112892962e-06
-6.761056021252379e-05
0.00031556794866954775
0.00020973567510294182
-0.0002143058502868329
0.0004089793627706489
0.00040642161229553775
0.0001485376164982803
0.0003805133712079685
-0.00018185866801267091
3.4536440806041784e-05
-1.2247910277581996e-05
0.0003084357537818356
4.691183132183674e-05
0.00025928449815258725
-3.507765383998818e-05
0.00010582910382854135
-2.578136878797412e-05
0.0002136043706914457
-0.00020387341176434872
0.0002247146546093267
-0.0003963011231287964
-0.00038404862928772014
-0.0003199990978409496
-0.0003938808453618068
7.525079450366502e-05
-0.0003767054315350774
-0.00020553935011170468
-8.411555653483672e-05
-4.833008994897228e-05
0.00028284629931345305
-0.0004035376770596432
-0.000415111336776827
-0.0003627286900429634
0.00016832754702841217
0.0004851156365256624
-0.00041511576330402743
3.422554158901867e-05
-0.00036241508836292857
-0.0004929710018799811
-0.00036706565394054036
3.774408023534152e-05
0.00013398282294698198
-3.8895520643830836e-05
1.8035297403995432e-05
-0.0004898531548986948
-0.00024145003697475186
-0.00044108018692172327
-8.272850587311419e-05
-4.695660613461338e-05
0.00042450179642886685
0.00017457274349317773
0.00010137690131479876
-0.00040579464653765784
0.00027514623916549664
-0.00011398931326025107
-0.00021733939529521072
0.0004039432391705845
-0.00010762321383676296
0.00044106418282268713
0.0001480708606646828
-0.00030777934718944635
0.00026472196865710157
0.00024247022192367003
0.0001606706804279797
8.164840015097434e-05
-2.6477076375445042e-05
-0.0002135366190218738
-0.00040509983136456765
0.0001850986789858635
0.00023874802363193658
-2.1963765217743886e-05
-0.00033658964573811206
0.0003905574661206303
0.0002764120530898925
-0.0003733689659200483
-0.0004775745939943125
0.00024207710694123207
-0.0004182218601115548
-0.00019559761261797202
0.00023346506073627124
0.00041292984398773834
0.0003211810224019927
-0.00016568570895987778
0.00023573279642899198
0.00012746823482836893
-0.00021582957982232574
-0.00014452178377591965
-6.172056515960078e-05
-0.00018273260644315927
0.00040689659786623364
-0.00046058122093687714
7.187496752339374e-05
4.732257257748437e-05
-0.0002637446609462989
0.0004904561498966942
-5.116449970225237e-05
0.0003166601561654772
0.00020773596763559114
0.00013960587161727792
-0.00025932604653351146
0.0002125679346386424
-0.00015426750653625178
0.00047668781928966644
-0.00035390269477750415
-0.0004984331253648147
-0.00044977944089771404
0.0003525409524551981
0.0003896912390230551
0.00030033157882318386
-0.00026919196349384634
-0.00027802078535964903
-0.00019022015778246158
0.000407857740274248
0.0004714747891586188
-0.000237710381791882
0.0004781838405895386
-0.00022958056634245227
0.0002863473945468104
0.0002785395637314222
0.0004459405640691226
-0.0004969839547138895
0.00014450796477937877
0.0004293528460851631
0.0002683066243957962
-2.1094507653114138e-05
0.00023029663524285664
0.00042378554566699475
6.848185308195914e-05
-0.00046900144483192464
-7.176921537033676e-05
0.00022612769677968203
-0.00038532774911557256
0.00011199235340162176
0.0003871235164617866
-3.886465113319494e-05
8.625191553389313e-06
-0.0001363791663278603
9.075636696097636e-05
6.792361762738707e-05
0.00036619544715885545
0.00037578546757608626
-7.183946783242523e-05
8.533367670958923e-05
0.000409751423018249
0.0004286970727779327
-0.000144912383603796
0.00010960964430613165
8.891806656286178e-05
0.000313188892249586
-0.00046737156744089284
-0.0002531390949266332
7.827584047216587e-05
0.0002903504843298518
0.00040375960076831894
-0.0002631478229068693
-9.667123549980515e-05
-0.00020451647443599984
-0.00010510001017555181
0.00044086993676531873
0.00043395637601689643
-0.000263091507704441
-0.00024368525692609812
0.00015394876006827654
0.00019073688170566177
-0.000143493837512387
0.00028164049968424623
0.00028209103198301806
0.00012892560406694805
-0.00014844150581494708
0.00013302572689220533
-0.0003949743414691075
-0.00029152364197921753
-0.00047377019851366366
0.00017556089933192084
0.00010493539351193041
-0.0003552126107928325
0.00023545594642675812
-0.0004312616001916757
0.00026187379244954883
-0.00014047176536902952
5.910652150459251e-05
-3.658751767036776e-07
-0.00028676049264516403
0.0001975059019962076
-0.0004072510808002743
0.0002966392503510289
-0.00033480913375761744
0.0003815573203879975
-7.98700993935495e-05
0.0003624310743002558
0.00011734040444590641
0.00042128580176255574
0.00035868841730277406
-6.0304617839659815e-05
0.00042493291575459167
0.0003762192208741111
-8.297484058423919e-05
0.0002768267735859418
0.00047026157501251495
0.00043960335283141675
-0.00035912148567340086
-0.0002621630031764526
0.0003956962426884716
0.0003974199268206236
0.00024750539499350294
-0.0004133707765837591
0.00028746484377346676
-9.533681272086533e-06
1.028091923982238e-06
0.00031808702637382304
0.0004405729471656075
-0.0003103916902579834
-0.00025685417080611376
-8.594511776829818e-05
0.00041775556388293743
0.00043942049722558714
-0.0002271291108308232
-0.00031833368257298345
0.00032730728456401785
3.053254530471978e-05
0.0004274519545611409
-0.00018105306719182326
0.00015724399840726013
-0.00010739438225637453
-0.00030044796173323864
-0.00022087609233159425
-0.0004836716210712959
-0.00016858218716829808
-2.7471562769105996e-05
-0.00012400991724841558
-0.00048283489101256393
-0.00021517249620724854
-0.000271400487763624
-3.457741438147476e-05
0.00012840927894320708
-0.00016594102679449752
-1.025158615840173e-06
0.0004279175588690027
0.0003991730384753688
-0.00030532320623324926
0.00041586203902936397
-0.00031302642670534754
0.00025599710717321355
-0.0003301757816916409
0.0004994672654654057
0.00038993042393564747
0.0001416084960099627
-0.00036400394599594196
0.00024482697912561833
-0.0002538912558813095
-0.0004596361983392553
-0.00025619471787476566
-0.0004220390934735974
-0.00041118560120646797
9.280380727426179e-05
0.00020098656488872998
-6.257637551378224e-05
-0.0003569736811486285
0.000332751348847073
0.00030365160246089156
-0.00038958574837936197
0.00011929114761222994
0.00013808011921391202
-7.591724197079388e-05
-0.0004951798959136627
-0.000458369020652592
0.0003285751513782773
0.0004482991023985153
-0.00020778114942822677
0.0004135180229132597
0.0002459782106950766
-0.0004564931675772461
2.8706825054875093e-05
-2.9640145905684772e-05
-0.000463472433116837
-0.00026120941762180973
0.00029974810768260943
0.00025887935258809614
0.00020014216582690293
-0.0004042244004654182
0.00028259978209124216
0.0004219182814241563
-0.00042883442281808193
-0.00036939987012730145
7.742940475722714e-05
3.058327455485838e-05
8.679421910997263e-05
-0.00037097847784985614
-0.0003931173549166862
6.101738331233588e-05
-9.064212135422999e-05
0.00040058877172419497
-0.00028471008403121523
-0.00037279967429407847
7.181690525628589e-05
-0.0003955388680691293
-5.300035995185715e-05
-3.435807739710306e-05
0.00011348697674632736
0.00017714874197723792
-0.000455673303503788
-0.00045172580419392574
-0.0004948371437413663
-0.0002428511663395058
-0.00018564809002825867
-0.00038721495340451873
-8.49093915718119e-05
5.8494283214944416e-05
0.00046900749180538387
-0.0002708856150352502
-1.419158435234612e-05
-0.0001511566181862355
0.000201174086403852
5.638360844332905e-06
-0.0003011092733240017
-8.48589311014313e-05
3.923866872316043e-05
-4.163747210338673e-05
0.0003145179191345259
0.00017987254611036058
0.00024253787236910504
9.999264681330043e-05
0.0004976827223671309
0.0004810228477990005
-0.00014375072181396
-8.00357098218093e-05
0.0004430243430764498
0.00012340544801125444
-0.0004274555170479556
-8.450666301431362e-06
2.9289889256456174e-05
0.00015372621648935148
-0.0003315969994617285
4.031777162533893e-05
0.00015174013198821293
0.00016547755685653205
0.00014251777586662506
8.876099097125732e-05
0.00037780517365084646
0.0003968085602117379
-0.00024377031647474114
-0.00017662423851812572
0.00022314229245268356
0.0003910134997211094
0.0004938507546995809
-0.00010921463625483154
0.0002807744362248204
-8.870740173248559e-05
-7.661792403256782e-05
-0.0004848574794986893
0.00014759924666851948
-0.00011486267697228669
-8.394716111470623e-05
0.00037747763604298497
-0.00047515092692846864
0.0003803569353660923
0.0002556350223301807
0.00017334451068586618
-0.00014807099832411173
-0.00038340156891773135
-0.00012672791651665384
-0.00019200926455439015
0.0003231942575390595
-0.00024170085862592103
-7.416858631592582e-06
-0.0003227189552446635
-0.0003406030105732757
-0.00035449310348441434
-0.00013288495766315044
2.330626482231258e-05
0.00037013981697689056
0.00041990218141008215
0.0003381040974417274
0.0001295680472486213
4.1382447505276506e-05
3.6488135672127714e-05
4.878289985061181e-05
-0.0004211173409060181
-0.00034365276171163274
0.00025395968920971957
-0.00015919731876087818
-5.306253690593875e-06
-0.00011594135756583403
0.0001091497545610959
-0.0004259485653694425
0.0004238557301163194
0.00018018274483350475
0.0003218651802290336
0.00031863199230135035
0.00025577315061461534
0.00011380424747407683
0.00014252372295763644
-0.00034300596567941844
-0.0003464813442949787
-0.00012994914005636893
-0.0002127176512863339
0.0001104629247794881
0.0004641158508000967
-0.00047811850298012096
-0.00010745573710945687
0.0004264159781688162
-0.0003918098010262434
8.451135519525657e-05
-0.0004682301454939599
-0.0001637503066517746
-3.781347131531711e-05
-8.732728678392544e-05
0.00021984818437062556
0.00028281167920476003
-0.0001467204037786186
0.0003190953728673939
0.00021767477515090153
0.00022684345240342647
6.225460919993429e-05
0.0002760732422695258
-5.468631982066065e-05
-0.00033107546731482064
-0.000391297113053587
0.00043604062143832783
0.00013324668602364724
-0.0001359619047835535
0.0002286769796371195
4.7409901869168965e-05
2.2861394344573377e-05
0.00026640534309712194
0.0004935659197392549
-0.0002976592381425234
0.00025830607543896966
0.00023989274438560796
-8.154724118867863e-05
0.00018749512928945954
0.00037889625759782424
9.39097847715574e-05
-0.0004934345545280849
0.00022808501406592122
-7.684576544090193e-05
0.00037890731044967004
-0.00036259358805834364
0.00017376585869089962
-4.51201110261239e-05
-0.00023161847916599476
0.00036828042743738997
0.0003663332843410966
0.00016192478970112126
-0.00042505844984033016
0.0004060124798302362
0.0003180945360094343
0.00024391715507344916
-0.00038776100166333703
-0.00029612695811350646
-0.0002142864950857454
0.000447227502106
0.00021759986062694825
-0.00014115387449354554
-0.0002609864333436001
0.0004560504315703005
-0.0003868441096728408
0.00019176818920369192
9.828462166852473e-05
0.0003255861650931364
0.00045931174880133865
-5.3937789409312924e-05
8.686938074890273e-05
0.00017083089770162372
0.0002414592774576496
-0.00024469389559055065
0.000407713614280144
0.0002473360079859769
0.0004042560625196598
-0.00022492550278572555
-0.0002628272214626213
9.779138400794747e-06
2.6658740993873616e-05
0.00013066456532151156
-6.452169070464176e-05
-0.00031343506861843454
0.0004262939802716323
0.00023750931826592707
-0.0003689069634622113
0.0003764314052892971
-0.0004658938099054991
-0.00036219520344345457
0.00026846743413814545
-3.8611478489642955e-05
0.00019647448971792136
0.00023617241206919028
0.00034240462725825893
0.00020669732183188887
0.0003611287753462704
9.158453483651581e-05
0.00026350282708289196
9.550658801640052e-05
-1.8425878932056504e-05
-0.0001787894386320037
-0.00018184173166441896
0.00022510102479632625
0.0002829534385577284
-0.0001688105481548732
0.00019104567247559445
-0.0003310804965599968
-0.00034452091080770564
-0.00014287532898127385
0.0004336675147936914
2.590805055619535e-05
-0.0002736100409138941
-0.00047405129059156873
-0.0004576235223104813
-0.00013486629892759208
-3.379326006211692e-05
0.00034936459197276953
-0.0003785288509271483
-0.00045792236448454496
2.397428249573954e-05
0.0001412285915004558
-0.0004262102425020437
6.427868992615871e-05
-0.0004892007931473801
0.00010847642740411713
0.00047580180118662137
0.00032945695541667676
0.00024111665519185779
0.00017922089734466744
-0.00017573956023692684
0.00045671396763519374
-3.7073877766894206e-05
0.00044183024441176865
0.000234079479694305
-0.00043498513891746893
2.49443372465736e-05
0.00047546528077213666
6.693324257223089e-05
0.00024521019079034277
0.0004259061629938507
0.00028003491237152715
-0.00046512849864057337
0.0002977262908026841
-8.103986636274086e-05
5.3328968165180135e-05
-0.00015031662616013476
-0.00027162110553253794
-0.00030105435378639214
0.00026180798187859587
0.0004982494923619417
0.00031287618231152375
0.00022581520611837755
-0.0004484101369632586
-0.0004332302478590879
0.0003564058690053289
-0.00031857759442755255
0.0003076133127145102
-0.00019098786336825427
0.0003837283188554854
8.499250524224723e-05
0.00036128311043480215
-0.00046352320936397605
-0.0004921316431569679
-4.342151345647306e-05
-0.00046901417460744256
-0.00035714315914499474
0.00020094983499233153
0.0004870369896170898
-0.0003273387238331338
0.0004624165144490668
0.0003808370205036722
0.00039539523221803255
0.00024145952758070793
4.666674732084562e-05
0.0004631662269601823
3.733307516574002e-05
