0.00021953358542551086
0.00012044398172463477
-0.000382661888623556
0.00036905747455230533
9.547529036791767e-05
0.00014508260453565845
2.964732761264713e-05
-0.0003625005643503648
0.0004291481053950775
0.00020649919786893095
-0.0002668879958938039
-0.00017683101128354697
-0.00027171238453362246
0.00013635452906487155
-0.00041221823695799923
-0.00036952691772543515
-0.0001629297921647289
0.0003835752706793453
0.0004538278577963618
0.00021314217083150946
0.0002797563751220785
-0.00021276516315393292
-0.0004337275400911028
-0.00036965890555149607
-0.00010283518082097675
-0.0001506631103142522
0.0004058195147372246
-0.00032702485191171704
-0.00048094543656350766
-8.422627840187937e-05
0.0004506261956684426
-8.925025415026857e-05
-0.00012222710044111726
-2.4239846228213055e-06
-0.00015934541505933632
4.174469565958281e-05
-0.0004899650171877315
-0.00016812640076837595
-1.8480170365347778e-05
-0.00040981893430047493
0.00033452467427824055
-0.0003016627893167736
-5.316512542599683e-05
9.371156894886828e-05
0.0002209282039895529
0.00022025778672495912
-0.00041452189236061124
0.0002792387087977155
-0.00041607041799457737
-9.495800707759526e-06
-0.0004716403898522068
8.546495287539062e-05
0.000217582997423139
0.00016673176876144658
0.00040471309714271066
5.108513988031922e-05
7.236270729285522e-05
0.0002958943694215657
-0.0002880672944456274
-0.00021350398087591118
-0.0003025607027942513
0.0003992519142581146
0.00014647135518306212
-0.0004608373634415791
0.000239046341272933
0.0002840753044807005
-0.00021960421980521405
-0.0003859725069965375
-0.00048048770429805877
8.07805552826943e-05
0.0002187802765828596
-0.00037840797045058717
-0.00039554539272070743
-0.0004673567835821064
9.633996512878015e-05
-0.00012516180285205512
0.00033557441153712127
0.00037467415136171783
0.0003466917644355858
-0.0002090015177556206
-0.00044837343751406557
-0.00020151481874218204
0.00028306036859410556
0.00012523459793507222
-0.00039707103677815434
0.00040312832546465305
-0.0002170533232482631
-0.00021400963827361373
0.00010161157984067909
0.0001161548936000022
1.3089734804016553e-05
0.00027441155821086383
0.00014870777782301063
-9.119519591424606e-06
-8.096521728432905e-05
0.00041223815339579215
0.00033715002301344286
-0.0004875115695992437
-0.000275280770182623
-0.00029557479680001524
-3.971007352464686e-05
0.0004899372992399006
0.00040564738310602225
-0.00032687379154283446
-0.0001264133689431868
-0.00028365598543230743
-0.00030895782028485496
0.0003319376594135496
-0.00020509188977479097
-0.0002999343778151476
-0.0003445385741130117
6.029032550632009e-05
-0.00022891587201154218
-0.00044775547928933314
-0.00038323482283043496
8.599065165105471e-05
-0.00021081076610096296
0.00010226118424105121
-0.0002296792403282575
6.713589248628817e-05
8.301347755205611e-05
0.00027875782595925143
-6.877513144283186e-05
-0.0002500222280413311
-0.0003525346947885836
-3.8251438133271576e-05
0.00010201307195474704
0.00013572302060842168
0.00021079533963032392
-0.00015310561296478142
0.00030214843772065196
-0.0003170881453475477
0.00012004032367385071
-0.00013054566073577857
-0.0003221840394775366
-0.000138822216776339
0.0004013157544273826
-0.00011190975863899021
0.00021027128618308064
-0.00031823399931526743
-2.943953597178353e-05
0.00017175539531015885
0.0003014233823869189
-0.0004070153447624355
-8.643134452578349e-05
0.0002546472218376921
-8.680126262632781e-05
-0.00024629162659644865
0.0004289131843179542
0.0002737980172489566
-0.00010344015687230345
0.00040370456667477347
-0.0002878275381953014
0.00033933703208849743
0.0003320254741731798
0.0003313462628139329
-0.00030864425363910175
0.0002675604398087962
0.0001532027211779267
0.00013553328499597253
-0.0004606719990369819
-0.0003671952726521659
0.0002781128218921537
0.0004169583675565642
-0.0001236371551152028
0.0003845042520159419
0.00035527551455904994
-0.0004503163659648294
0.000131882884636212
0.00019646576313805714
-0.00012207431309185155
0.0003457457860789274
-0.0004873903871572998
0.0002264297790485713
0.0002359165791239044
-0.00013592346470923798
0.00012892248250710085
0.00021529050813788835
0.0003146954873215588
-0.00033273190239275596
0.0003565488177939098
0.0003369100836013686
-0.00036779578341751887
0.00038004421768244353
0.0002027536448898779
7.618748146003516e-06
-9.963182817867644e-05
0.0004904270802275792
-7.778350593745442e-05
0.00025793415069655574
-0.0003306143553741691
0.0002741458650380419
-0.00017916601514674283
0.00015820998716163973
-0.000474274359764038
-0.00019372956669418904
0.00024531124660407506
0.0003061981174598441
-0.00023726285772915226
0.0001318173436134953
-9.518903815603332e-05
-0.00011157581265729957
8.923373130806356e-05
-0.0001239284067133185
-0.00016491990525530444
-0.00020662547487901626
-0.00048343579669931746
-0.00017226196505383242
-4.60286415726735e-05
-0.00019046434756158026
-8.884838842412824e-05
-0.0004085853026492871
0.0004077786034727284
-0.0003911181631060985
-0.00031695079907473605
-0.0004505603645645381
0.00016559055434327405
1.4063264556571234e-05
-0.00034482188700577166
-0.00032791920505089876
-0.00013992134972501223
-0.00020541266052006803
5.236664228410674e-05
-0.00023189692434855857
-0.00046152029472365367
0.0003669597819407739
-3.316826499199843e-05
-0.000242652496411259
0.000270879581290645
-0.00037476065368834176
-0.00040696369549475064
0.00046119592980131555
5.6245494396287596e-05
0.00036527549789621804
-0.00019489140650647262
-0.00012102355143853947
3.539296425507225e-05
-0.0002356011992648647
5.811648029453069e-05
-0.00023149792256066084
9.820076419082228e-05
-0.00011928363837512135
-0.00041458230792954133
-0.0004411041720013118
2.5766421721803837e-05
-0.00034542636620021427
-0.00028212359409999935
-0.0003224115067258314
-0.0001980444673299083
0.000261238525047686
0.00024596027217281004
3.197819178645705e-05
0.00013016084910797343
-2.019400079747999e-06
-0.0003471667986892211
-6.946945909328662e-05
-0.0001996469367768432
0.000148619412730059
0.00015723270012427224
0.000291331830616293
-0.00047350756113080704
-0.00038736819855435267
-0.00011578938894926959
0.0002155323309879438
4.3090215070398525e-05
-0.0001673261110565082
0.0002912959656744431
-8.651051507169871e-05
0.0002058184860423822
-0.00044441654562128166
-0.00033487325478256133
0.00036324909197471425
0.0003174063598660468
0.00029176676914801
0.00014156119922551858
-0.0002595633147555403
7.292327799318437e-05
4.111290781714681e-05
7.251115762806233e-05
-0.00018006358872410934
-1.507759062637816e-05
0.0003153548481948376
7.297025827617616e-05
-0.00032989686576986844
0.00011808715439045984
0.0004885195825080301
0.00019489368267936022
4.8816642738795483e-05
-0.00012517786809870633
0.0004236730589208511
0.0004995302954231527
0.00044291017007712537
0.00033892286895425476
0.00041907468588151876
0.00038545421004594995
0.00038476042197741996
-0.0004376119338916743
-7.074053859740346e-05
0.0004353238751125984
-0.00019680134693159112
0.0003222145884029646
-0.0004989025690281899
0.0001243665500283434
0.000146311422366122
0.00028872016163600483
-0.00037045745709854096
2.33687056211821e-05
-4.0443382295306284e-05
0.00023198125529070082
0.0004471297061357881
-0.0002341451149554518
0.00048726433730270167
0.00018761418906137594
0.0002468003828923808
-0.00024765732515689097
0.00043016461811407286
5.535097720083947e-05
0.00031678756351831005
0.00017242963039544525
0.00025706880556350875
0.0004916938806616246
0.00016062290073139097
5.4708134358350175e-05
-4.779904252262855e-05
0.00024993206999334415
-0.000196488722412535
0.00030234354730392934
-0.00026143958323602493
0.00014211703541896147
4.2870141516772775e-05
-0.00047464786863861777
0.00015313366917815328
-4.616686652397442e-05
3.909472658049655e-05
-0.0004720376891362965
-0.0004621591537238921
0.0003231612086388271
0.0004315928330911584
-2.6727046155292197e-05
0.00039056651094796413
9.639475900927597e-05
-0.0002352071080888395
-0.00046971749790196383
-0.0004749802138682568
-0.00016490759245631773
0.0003560174265070659
0.00047688758883760005
1.3573036059585995e-05
0.0003893029303317689
0.0003796205902679964
-5.217328725526507e-05
-0.000313478252317427
0.00011305151368045622
0.00047861325614941214
0.00039253297974109805
0.00037111402537137544
7.047645054497663e-05
-0.00020144647709289198
6.791130315361737e-05
-0.00012984871095933704
0.0004987867375298035
-1.279751160117911e-06
1.3059353663743309e-05
-0.0004479917253739567
0.00038207847260511964
0.00022394359978982566
0.00019898309582245437
0.0002653970626832748
0.00032723614874232137
0.000495425463598392
-0.000350140606904734
-0.00036964339161128735
0.00023170513921944068
5.1427694876303356e-05
-0.00011218645399432961
0.00016055540613353614
-0.00039150411077554324
-0.0003427760111517817
0.00043659357047527497
0.00038546198000946955
-0.00045874886909643634
0.0002923424670998152
-0.0003975995387718388
-0.00016699938112470312
-0.00021734132296096962
8.559681232663907e-05
-7.915891128774098e-05
-0.00048476010373690935
-3.30653853406835e-05
-0.00043480340113959815
2.1943265491251233e-05
-0.0003840971691538828
-0.00047745135206299615
-0.00021486456190867345
0.0003929874700123897
0.0003990593642680114
0.00021101799851850668
-0.00046100766703680186
4.3773014867828854e-05
-0.00029384085520582127
0.00032184111680088126
-9.032411398097464e-05
0.00047941521257134157
-0.0003233536149181991
-0.00023816611966133292
-0.00012015534647310801
0.0004844606083463116
0.00019347891489555696
-0.0003962517117812622
0.0003959432948587761
0.00036390132598665
-0.0003539166383473691
0.00035304452862760594
-0.0004017473178331542
0.0003871848435203607
-0.00024581959524211383
-0.00018571408251604295
0.0003837203864527495
0.00037575219500338576
-0.00021318752470975464
-0.00033347169099903144
-0.00044744297365625717
0.00041549940328781867
0.00011826354195947043
5.5485616718757525e-06
-9.522526523311758e-05
-5.649608641874462e-06
1.996205073207739e-05
-0.0004408153972575242
-0.00048553659161843676
0.0004576994674415977
0.0004682802158516156
-0.00014912327171868778
-0.0002806481297645255
-0.00020899063540208342
-0.00010977558866901273
-0.00040096983965727593
0.00039692999613876075
-0.0002630279436665843
-0.00023876633532878455
0.0004970712977282762
-0.00038606388119590695
0.0003752731971508066
-0.00022073571869320343
0.00040143278368275374
0.00014952923927440305
2.4186241863965855e-05
-0.00011463142669764924
-0.0001287578518691158
-0.00024660562316647085
-0.0003167502390337963
0.0002779930788127282
0.00013203250182352417
-0.00012440037161346205
4.121077960618914e-06
-4.797078636526651e-05
0.00020822155319975887
-0.00014719848101232824
-0.00016528873825532832
7.746704080342922e-05
0.0003789176913984319
-0.00024799663660754137
-9.466504628462535e-05
0.00015592179408994706
-0.0004843861399885922
-0.00033534290778575393
-0.000463190474182385
-0.0002872874330121887
-0.0004353630952874432
6.172744932413262e-05
-0.00026476321775243316
0.000310598668331523
-0.0003268952184714691
0.00042470817315777684
-0.0003009596535544241
-0.00018148021663938875
0.00043958724669232235
0.00011763827003089021
2.8999736664751265e-05
0.00013834248130186735
3.616443484406233e-05
-0.00043810793533865866
-0.0003979033379404319
-1.3485486656026008e-05
-0.0001225369789347215
-6.857050294654596e-06
0.00033272676470527706
-0.0001435991452067191
0.00015918394379655905
-0.0004179580706123234
-0.00037817905579305033
0.00017314680298624423
-0.00012330097613750537
-0.0002793907551894895
-3.050160346991862e-06
-0.00015631201696847575
3.319977235089063e-05
0.0003316680636163625
0.00026530384759380714
-0.0003553968589044236
0.0003408600875569401
-0.0002998577769102533
4.708788086304886e-05
-0.000382139453047615
2.6360815206849303e-05
8.941004802100563e-05
0.00021679444133139295
-0.0001933062700309629
-0.0002166290167680671
0.0004584618364616009
-0.00017524674187508328
0.00020526625341345413
-0.0004656909487046079
0.00028976383975792234
-0.00038111851882164705
-0.00017484177535040933
0.0002942732603429054
0.00021802156045721654
-0.0003077227085746739
0.00033591906393679255
0.00023060061384322448
0.00040202829002966025
-0.00016353747333397852
0.00023427204764143983
0.00038619929248121453
-0.00023052142731339785
-8.483496432856762e-05
-0.00029402986549306455
-0.0003132086559025899
7.338868619395308e-05
1.8317348178756234e-05
-0.0001515473837436435
-0.00035292650049379695
-3.946664975253356e-05
-0.00039976398483926025
0.00023358251216337245
0.0002344342968948613
-0.0001418904572574181
-7.756164324560389e-05
-0.0004661494671541205
-0.0004123998009650185
0.00017306215039313315
0.0003083546229685814
-0.0004801082890747629
-0.00027239257062623083
0.00024126512057918244
0.00010718462400476612
4.618830689546592e-05
-0.00043576023677169816
0.0003962140593074254
-0.00039783906893745946
-0.00020364174874539079
9.910272029325636e-05
0.0004626974012013528
0.00032104489989143853
0.00010722589088108892
-0.00038485384906927615
-0.0003308495978459146
0.00038310433905383134
3.939210891867439e-05
0.00045974233997654373
0.00031334871287068476
0.000143031022524604
-0.00031893761851900683
-8.687294232563288e-06
0.00013242021739322837
0.0004421255650519151
-0.00026664555603614414
0.00020730220342534778
-0.0001677986047984885
0.0004883458034181489
-0.0004535964119357422
0.0002684871364529109
0.00036679051688218666
-0.00037448235841627543
6.152318169113118e-05
-0.0004612027356921867
0.0003189639823200475
-0.0002767135711444324
0.00027134621585844885
-0.00038161174403544785
-0.00020918684703115077
-0.00037971501397035176
0.00014669866784138062
-0.0004825601542577379
0.00014336320660269142
-0.0003530699271881998
0.00044592221132037284
0.0004666617444961179
-3.588184937149998e-05
0.00039696430014568064
-0.0003200375733760871
0.00018123235412733892
0.0001762933290457041
6.0444897247680226e-05
0.00024397888610148152
-0.0003836378514085205
0.0002555836199069814
-0.00030469546186179556
1.71532407278592e-05
0.00015671084295135424
-0.00010153287690750547
-0.00010937880201762905
-0.00022592501291159972
0.0002570614950953248
0.00010661952147724893
0.0001692298847913113
-0.00018693134651245191
0.00012677472218906882
-8.216435020992694e-05
0.00028026532059263537
0.00022643610946876402
-0.00016956158114212882
-0.00012392455457017757
-0.0004369481975093725
0.00036087646385235496
-0.00048002973628051283
0.00033551022361494353
-0.00020117938649011216
0.00019437269781574546
0.00042482204889350735
0.0001541454451488741
0.00014610024032564721
0.00023198859481159465
-0.0001320582638616591
0.00017212785521566424
0.00030365044621929256
-1.4707578859272995e-05
0.0003150742002134868
0.000383896913585357
0.00040891444643378135
0.000404728347639259
0.0003951384767498238
-0.0002082459187975492
-0.000367006093875521
0.00012989986773905026
0.00033761657133600965
0.00034784094779065995
4.344522437624179e-06
0.00026302273811152667
-0.0003146259967201358
0.00040914971631268336
-9.561297828658609e-05
-0.0002727660077256562
-0.00029942563852431857
-0.00019424534271661974
0.0002204876531910413
-0.0002293669950093985
-5.0240299082454664e-05
0.00035465772253294556
-0.00038739181285054827
-6.05398903778792e-05
-7.949042772962406e-06
0.00029280515947232633
-0.00010395955626445088
-0.00028393871660763507
0.00017809105995147826
0.00034841172433423373
0.00012057125958463003
-0.00022353396020122896
1.0688042391886242e-05
0.00012889595909407225
-0.0002878436770088691
0.00011960890885049247
-0.0004895654043702158
1.9270552506003022e-05
-6.099052912619785e-05
-5.984807837166906e-05
-0.0004359779091108392
5.780090287162902e-05
0.00036791178640133626
0.0004218483480900329
-0.0004883111571050773
-0.0002838400634377523
0.0001757115519142369
-6.422573546051866e-06
8.164819918554504e-05
-4.9797919653747007e-05
-0.00027355435880307565
-4.5794406144038854e-05
-0.00010339849916059219
0.000194306298225399
-0.0002624699901766079
0.00026359285616523094
-0.00025585195642386326
0.0002480979356663473
-0.00017732412863452374
-0.00035077520937772057
8.657773516242574e-05
0.00023286780315530864
0.0003813554258386574
-0.0003584954726898766
0.00047228426193604784
0.00033015954348955556
-0.00012929625732038217
-0.0002515612862981216
-0.00034432613352346295
-0.0002343168604515177
0.0002915936606385258
-0.0004395009593716778
0.000396585431706713
1.7703506917605754e-06
0.0003339938884168776
-0.00014948308743048213
0.00010874914909023961
-0.000112155692166261
-0.00028185596378349975
-0.0003270858521296618
-0.0004961257401260805
0.0003668782622803684
0.0002355866494767843
-0.0003743947438982974
0.00027687002146130433
0.00021827615795059758
9.806994346582337e-05
-0.00011079725117368644
-7.067629953940347e-05
-3.5735825985862236e-06
-0.00018845118492660638
0.00016339705256275712
0.0002803569627279021
-0.0003144061063849297
-0.0002799570910808726
4.69120710755727e-05
0.0001181881896171697
0.00020891354080932335
-0.00011134643764476072
-0.0003160343041108146
-0.00020758742597812307
0.0003577191186614244
3.6344398244332154e-05
-0.000489376559107658
-0.0003681826888613368
0.0002804736551730364
-0.00039482523978540287
-0.0001528294911862971
0.0001468194724588035
-0.00018965508461511895
-0.0004399509128289202
-3.149172945042766e-05
-0.00040793671999488643
-0.0002930641716761898
-0.00019665917937321308
-0.00014996603156226172
0.00022812573378717515
-0.00047148621376559617
0.00025801814988789143
-0.0001920193510266166
-8.197910010292729e-05
-5.11109223803592e-06
-0.00036183790691124364
-0.00027688766224402293
-0.00019475797300336586
0.00042142549436848236
0.0003750006337977309
-0.0004116146304395743
-5.9386613100121375e-05
1.3819159483017922e-05
3.9044103859342256e-05
0.00046670642915830785
-0.0003472795294254746
0.00016139109047883253
0.0002884269490357785
8.270057126720173e-05
0.0004521505280584853
4.250815348747525e-06
0.0004835344152274985
6.284269653938533e-05
-5.224743913681161e-06
-0.00015882280833095277
0.0003299085098428334
9.765386132119488e-05
-0.0003604571756469303
0.0002856566689777247
0.0002974960149879737
0.00016969794182248178
-8.557438620830117e-05
0.0001273826928812231
-7.141139185038901e-05
-7.27530787626688e-05
3.124467940812182e-05
0.0004588422758876545
-0.00015084745452404824
0.00033305918193801947
-0.00010789892532523683
-0.00012681060339641247
-0.0003034165852020908
6.451711659633832e-05
-0.0002899167472009483
0.00024820565864890206
-0.00025268533042421994
5.7389209168671345e-05
-0.00032897071170243255
0.00022269550164122256
0.00019351349964961864
-0.0004943470507007025
7.021035770703816e-05
0.0004836718111129359
-0.0002207555402794509
7.043244793494515e-05
0.0001274482489637635
-0.0003054957585802069
-0.00015363890353949962
-0.00013601106549480403
0.00010579950476727177
-0.0001345056137374665
-0.0004886069501442992
6.902155331352646e-05
0.00012486050682844918
-0.00045677509824488806
-0.0002514262195190844
-0.00048469197436377254
0.00024291672842740436
-0.000497992371097855
1.6299318404429993e-05
-0.00014644599555759875
-0.00015196722889974836
-0.000422398932788161
-7.777182429594956e-05
-0.00017368773247037397
0.00038947951331908925
-0.00041248280932827365
-0.00030764159971626904
-0.0004315817786200087
0.00016368636048806357
-3.907884392756076e-05
-0.0003304165211630647
-0.0003080294902966181
-0.0004670353275839403
-6.384375283825192e-05
0.00043735902095727857
-4.8984698831319056e-05
-0.00018130658981499372
-0.00019774923056830218
-0.0003350920617837688
0.00031885302045788356
-5.647440904150069e-05
0.00034197056246467025
8.21943228127796e-05
0.00012054709875266591
0.0004369312891459612
6.769841151603548e-05
0.00045957020346833774
4.834986445546982e-05
-0.00020034647985666678
-0.0002790353748822838
-0.00033115739680885173
-0.00022968858532361935
0.0004897514882062422
2.474608011396838e-05
-8.473104351216409e-05
0.00035739922212599305
-0.0002157285330554295
0.000441637020275695
5.344411609070805e-05
0.00045574153706284565
-0.00040531847190754467
0.00013854942749765974
-9.279906576709887e-05
-0.0004921225434904498
5.753518635246086e-05
0.0004853501895234879
0.00034332512250442567
-5.854258988454466e-05
-0.00041402402538106046
6.381717017494876e-05
-0.00020455173525949378
0.00024150017170994982
-0.00022921773007489945
-0.00034683090581592044
2.4908768754329752e-05
-3.06717290685009e-05
0.00018704043106330546
-0.00022273188188431914
0.00038691300741420316
0.00024191315338382752
1.0763277612018665e-05
-0.00016855690639176692
0.00017742224244359417
-0.00046456148427376345
-8.814128706623582e-05
0.00043776809090601573
-0.0003956417701770688
-9.95052292883265e-05
-0.00018152248417518127
0.00041653277715497953
0.0001592877985275216
-0.000251733331650694
0.00038311095575752107
4.2428269894836793e-05
0.00026706602001093165
-0.0004127207259645864
-8.110567839799597e-05
-0.00035257703757747804
-0.0003612327750746831
-0.0002981996477319877
0.00026114428496905903
-0.00033606579078014674
0.00011827251832062893
9.497021124567741e-05
0.00015890052994921668
0.0004885784106789383
-0.00040998287161712833
6.221939794614074e-05
0.00043010399543868454
-0.00015290310628676462
0.0002581004455801891
0.00018598153255099364
0.0003612504481667634
-0.0002997593563621824
-0.0003101503288175833
-0.0003254623663508724
-0.0004420500001759373
7.862917675246204e-05
0.000125669029695038
-0.00028801758785422125
-0.0003240997223731581
-0.00017350170730892254
0.0004734378992543081
-0.00028386240066259307
-0.0003560049408329369
-0.0002500763020661424
0.0002444922812546277
-0.0002801662169077735
0.0004974296773849851
-8.185918850992278e-05
-0.0004671455900475139
0.0002018773300464285
-5.398918830090715e-05
0.00011214967778362846
0.00038505768838703516
-8.619190172742022e-05
-0.00036830138742185693
0.00014437678456890343
0.00014377416236329604
-6.416471140447853e-05
0.0002454435707102174
0.00017490800497425125
9.227496625737093e-05
4.971947342563218e-05
0.0003694617961062921
0.00041019500952525463
-0.00048707825796322945
-0.0003254351831359273
-0.00046266627670069716
0.0004302150205073394
-6.392501331467737e-05
-0.00012360442483099631
8.438601402516513e-05
0.00026818891912518226
-7.422839865428766e-05
0.00010693251473300027
-3.391143316392543e-05
0.00018617197351873855
0.00024661551704342527
-7.900236642111746e-05
0.00021918390009427826
0.00038809121996300725
-0.00010318319024673928
0.00043823652998021244
0.0002310025287965955
-0.00017652933968084717
0.0002323578035166474
4.396392380823439e-05
7.136809855381554e-05
-0.0003966086294713951
-0.00016127694809912516
9.887663577494801e-05
-8.488073009362576e-05
0.0002647068922341019
7.534078845261268e-05
0.0004335769723388482
8.585767489496083e-06
-0.000140430537066799
0.00036056286689404215
0.0004317688326232784
0.0004825851427237395
-9.235325606310972e-05
5.167536232592279e-05
0.00022961170568957568
-8.67359110390522e-05
0.00016551099726629266
-0.00037184226778197796
0.0004138169083219861
-0.00023242418179668432
0.0004861563886719015
-0.00045541881932975137
0.0002211293251343728
-0.00032255113975195916
-0.000275310454994479
-0.00031992725364248474
0.00025488668377559524
1.3207917971573644e-05
-4.326235397487764e-05
0.0001430728561438335
0.0004040065678572657
-0.00015357733489211698
-0.0002720796645812589
-0.00024046393746919614
0.0004859333703296871
