-0.00027900038310111664
-0.00027308359217945025
0.0004957237861820528
0.0003195171986329227
-0.0003612221742858589
0.00019627864059850331
0.0002837618629434593
0.00028093645606750263
-0.0004883592616327282
0.00026971847346045135
0.0004708683689129408
-8.314292679738599e-05
9.207665097363141e-05
0.00045785753857829957
-2.1147740110597163e-05
-2.887411441779129e-05
0.0002195897749349687
0.00044339335392263126
-4.533648096671604e-05
-0.00048796419240955337
-0.00035292129240232795
0.0003713248419308459
-0.00010995665821338709
-0.00027225703040554075
-0.00031872281108910995
-0.00013914435169272508
-0.0004991714211097323
0.0004998904218557905
0.00048361388384853985
0.00017836492146047138
0.00038133011737086903
-0.0003121765675932242
-0.00016819213204510597
-0.0001174905775262789
-0.00021643702972325184
-0.0004133124308242161
3.2005325822565965e-05
0.00023797215300069851
0.00023191530699176726
-0.0001246383768913849
-0.00031338984473227953
-0.00019602636300550768
0.0002493164797262564
-0.0003413039153385987
7.244901068958272e-05
-1.2283265792795573e-05
0.0004661038491852996
8.304862094286674e-05
-0.00031546419516057135
-0.0002843035503045506
7.630452178980019e-05
0.0002353720285825123
2.5529861702683647e-05
0.00048128574415085825
2.328133939456735e-05
-0.0002515411513930632
-0.0004754303984906915
-0.00025550911233647336
6.025976291577093e-06
4.414063153139404e-05
0.00023981216666506288
0.0004444883958037529
0.0004849281301466115
0.00017405283083379896
5.029913754459861e-05
-0.00044763939011110255
0.00030267253651391525
0.0002449736170336206
2.5929842057779138e-05
8.420187536519125e-05
0.0004272676387191514
-0.00022455867585570146
-0.0002761991428037674
-0.0002697475350416346
-5.8122401813763384e-05
0.00018580841163647174
-3.21391627274765e-05
-0.0004419081269562751
0.0002199618732785678
-0.00026650781681236734
0.0001272950426257786
-7.959253919241106e-05
0.0002073321809368618
-0.0003468865196662648
0.00042710857509446656
-0.00021059903783836553
-0.0003468640807389246
-0.00014132631628869196
-0.00017833403230392455
-0.00011124143183153102
-0.00010653108354447769
-0.0004507988371543129
4.2884266621304006e-06
0.0002992901521149401
-1.074531267171604e-05
-0.0004644612555383877
2.964514793788917e-05
0.00023228573535532117
0.0003823515337339226
-0.0004209617395508164
-0.0004738515916975352
0.0004181210704029721
-7.428619575521354e-05
0.0004411874802394836
0.00026784676251518833
-0.0002247559007081753
-0.0003225134532474564
6.385675353475027e-05
-0.00041272398475964876
-0.00045858684163889397
-0.0001521643322633104
0.000446882047338814
0.00032404379824831813
0.00011263588239149931
-0.00021637886241458927
-0.0001823385599917332
0.0001841562512113474
-0.0003058392915364505
-0.00037272433788207546
-0.0001957389079244859
0.00026422934336919077
-0.00017591994885531395
-0.00041769748565781005
8.99830922473303e-05
8.029340105465677e-05
0.0001345702839973896
2.8976149664789136e-05
0.00048590451793119457
-0.00013590919959359163
0.0003746677874085845
2.8929952761157533e-06
-0.0004094775946190121
0.0004785006743646845
-0.00019038428116687866
-0.0003099058599651018
0.00016526152933626524
0.00024278826607912083
0.00011714332999957725
-0.00042567951026207564
7.839161864621599e-05
-5.431131587513082e-05
0.00019248846424741969
-0.00045356984863375216
1.308400314000216e-05
0.00044457415766818557
0.00047906046043783555
-0.00021285115225448784
0.00018468219037517627
-0.00013495571012609055
0.0001902718659197517
-0.00035848786575846134
-5.306283207731578e-05
4.649224398118061e-05
-0.000258895377272631
-0.00010474078920734111
-7.531571113799117e-05
-0.00036654374281749056
-0.0002623860937204385
-0.0003653259975417855
-0.00038970610964179654
-0.000348370559292309
-0.00026216656484312506
-9.174928008165385e-05
2.54730793346269e-05
-0.00034076650664201593
-0.00034859104914150297
-0.0003515108330992667
-9.373114457722319e-05
0.000182619036076914
0.00020176920913741265
0.00021164995973105597
0.00045163530244565395
0.00047331533998295236
0.00028835883100710314
0.00042815434558507036
0.0002160143036892176
0.000265647824608089
-0.0003035906312113915
-0.00018236806055350283
0.00048308884371178686
-0.0001799511927540719
0.0004651459130542442
3.273190576640289e-05
-0.0003485399817030278
0.00045864186306321896
0.00019123170872208605
0.0004593187393668052
-9.985244519469382e-05
0.00024842629258883136
-0.00026255322636897484
-7.349000133363991e-05
-7.19513836364156e-05
0.0003677122076188933
-0.00039976685372923907
0.0002243465025365441
-8.227874159713453e-05
0.0003502698630874835
-9.899928823201698e-05
-0.00030630707549312853
0.00021309181062106018
-4.828726398743835e-05
-0.00010302095670932043
-0.0002550673687789049
-0.00026091434228230325
0.00024399985610219245
0.00029449009705691557
-7.359817614111577e-05
-0.00010856836259431945
-0.0002013853226052138
0.00029686525180355804
-0.0002479699589888576
-7.108041484693063e-05
-1.3555645530181828e-05
-0.00015508002044492444
0.00016614031315953612
-0.00044835189861697287
-0.00010071868850814993
-0.00038989396883770466
-0.0004766612718549471
0.00026160900046447687
-0.00021116677798742556
-0.00030087143985622986
2.524214185136613e-05
-0.000296810199909881
-0.00033787717712868226
-0.0003684369857175901
0.00015011160823057493
0.00011994283439151795
-0.00017240790130764963
-0.00025701118853698867
0.0003137919218668875
-0.00018034988106373787
-0.0004985145642255359
-0.00033708318476124245
0.00013764123882982775
-0.0004697285351316416
-9.056147691085013e-05
-0.00042138610586999825
-8.763897968314571e-05
1.3812959200309874e-05
0.00043751423497833113
0.00015847446871053016
2.7724705659511423e-05
-8.581743525896469e-06
0.00026949080096214985
-0.0002753382718583061
-0.00019654543999431118
-0.00014301765446687452
-0.00034153207561952027
-0.00047861725193169006
7.93877198870008e-05
-0.00019114118020743608
-0.00015519652933508176
0.0003404506571750615
0.00020184540670201774
-8.649598310708751e-05
0.0004594765164765873
0.00034199719464335344
-0.00021351508263036013
-0.0002800283554637635
0.00012118877216483234
0.000447797268425796
0.00016574075486506135
-0.0004900454196551194
-0.00016794992852706337
0.00017741781537275556
-0.00021742696855391952
-0.00039307881828584034
0.00016137848960670349
0.0004439050235625501
0.00010245457800152759
0.00019409353814522164
0.00023361791188210605
2.3105406451996344e-05
0.00031008974335961685
-0.00012725812350137253
-7.676941995155408e-05
0.0004998594273450997
-8.835429795838156e-05
0.00043260356045854247
0.0001337953196651841
-0.0004524701844899391
-5.885113714212411e-05
0.0001931297759148569
-0.00034106265232568435
0.00040504173243660667
0.00039002220091129385
-0.0003558146499063808
-0.0003291254968383853
1.2119508500235297e-05
-0.00012486480719678096
0.00046929270900881916
-0.000387245849172992
-7.094796486375733e-05
-0.00041046347858663524
-8.936188966466874e-05
0.00024052128629837612
-0.00021271301228559204
1.4329584630557823e-05
0.0004316366728278041
-0.00033707960850660925
-2.0671182944814184e-05
-0.000485924507717456
-0.0001266137554214607
0.00015625590931374388
0.0004221373600159534
0.0003979544175722916
-0.00018611237397809968
0.00048288354257441284
-0.0002971370743507449
0.00013972108505103033
-0.000461156232420141
0.000276661867264241
0.00021017252592040912
-0.00043879508529309996
-3.711312720952066e-05
-0.00031492840462165006
0.0004006302649383277
0.0002021536819541038
0.00039400954412355737
0.0002648740006737616
-0.0004402053031559775
0.0004941133708656006
9.441759007617863e-05
-0.00027010958535108535
3.19945260056334e-05
0.00021656216476815138
-0.00024250706380963785
0.00028755855388568237
0.0002838063242008407
0.00036261536360572826
-0.0001316716538634638
9.056209805846324e-05
-0.00028439540787730214
0.00014949350144519136
0.0003501665040340366
0.00010327441588667242
-9.973295322964425e-05
6.424953892229812e-05
8.737971234510896e-05
-0.00024372424092853283
-0.0003825711497254603
0.00040295847222056856
0.0002516671127086058
-0.00015019396932131258
0.0003764009643785802
0.0002563672093775697
7.633042983142717e-05
-0.0004094916109536835
0.00023887678964731353
-0.00017462484572439905
-0.0004938176574126922
0.00015371858318265175
-0.0004702278042817665
0.00012277554051515086
-3.801273548438534e-05
-0.00018519558141161084
-0.00046665288488436084
0.0004311010789144144
-0.0002864044471806613
-0.00029312920124006546
-0.0004476164623447756
-0.00020952626418752475
-0.000416665385442343
-6.539972697151321e-05
-0.00041760149601535913
-0.0002731688445388061
-0.000393564990399202
5.699972754720571e-05
0.0003529406856192368
9.676160373297616e-05
-5.636600478165833e-05
0.00039815303839583485
-3.823447435659269e-05
0.00034614961944108395
-0.00013180047190426182
0.00046694295611875375
-0.00012906078950053137
-1.87841832402178e-05
0.00016493341108019736
0.00032356820462201637
-0.00031266867655579446
-0.0003561138557859131
-0.00040917277121133586
-5.780290574016676e-05
-0.0004750738977370905
-0.0003451061280650761
0.0004103893422245077
-8.150452762317972e-05
0.00032381704853813023
-3.835763803819724e-05
0.00028421768464597134
-2.3571651120300155e-05
-0.0003019097581111286
0.0003365500962593086
4.178273074742392e-05
0.00022224540069170804
0.00013294884250177996
-0.00017502787324832783
0.00019557656974651054
1.733667359489e-05
-0.00038748376984116764
4.555660618315357e-05
0.0003813057478174413
7.089992113805431e-05
-0.0003796837417151795
0.00018138324114575974
0.00023684233730299686
0.00028448561430996294
0.00043215609338369276
-0.00010962116015165681
-0.0001471615855509971
0.00017904635234445904
0.0003554838943354739
-0.00020931467890135326
-7.731580488316901e-05
-0.00011143671497406402
-0.00040213522628518696
-0.0004151107821555439
0.00037184215396359377
-4.963594823410844e-05
0.0003572220278271367
0.0003927708231272674
6.538478023486037e-05
-0.0003047044697666552
-0.0004986553779086125
0.0004730823804509302
0.00039956934289189783
-0.00028006813746213056
0.00017171569621008559
7.824404530389236e-05
-0.00044032750725058335
1.7644822146165636e-05
0.0002573997800564986
1.22524125702034e-05
-0.00037392000611670927
5.636290583583615e-06
-0.00038460403381197186
0.0004284868042911021
-4.8966009462067094e-05
0.0004243196793460479
0.00011835034976510309
-0.0002850894284277456
0.00017385748365658454
0.00044430886615355624
-0.00023389722762929898
0.00016419264973473256
0.00021700164078034066
2.199513826649745e-05
0.00027697466201065857
-0.0004454082529193143
0.00037665337590086665
-0.0003261807927858672
2.451231854774783e-05
-0.00025038929012012335
0.00010087183374338617
0.0002658712886342774
-0.00021291248287351748
-2.382677136690515e-05
-2.128167034756343e-05
-0.00022347428692600112
0.0002579257926557238
-4.9541798908135236e-05
-0.00026482165024441007
0.00016706498150607972
-0.0003832413448048776
0.0002527938677102723
-0.0004259516604574869
-0.0004736772827210356
0.0004658831208439626
7.367401660428319e-05
1.067603528994137e-06
0.00020742089629116394
9.235716862405412e-05
-0.0001157198065828492
-0.00027311028092088396
-0.00044942394637341454
-0.00022367515570577743
3.7976064678263833e-05
0.0003410443357716556
-5.86576716748969e-05
9.245437755773535e-05
0.00023182399950441958
-0.00043404659721542105
-0.0002342407361693336
-0.0004609093737386025
0.0003189126080092795
0.0002747137980175717
0.0003434281547217146
-0.0002837203003204214
-0.0004652924183949704
1.126504889137174e-05
-0.00033742979067947045
-0.00035184548811501216
-0.00040321811704132027
0.00014269691413033945
0.0003309471933071854
6.663572053869468e-05
-0.00013119620577794366
0.0003196390191177766
0.0002863125421881537
7.617196873954733e-05
-0.0004765019283495691
-0.00019844744457632002
9.974982552095259e-05
-0.0004469332353157649
-6.716451112247825e-05
0.000441539116442396
-0.00020995309288063615
-6.0056945139401864e-05
-0.00036620719842385397
9.220167442316844e-06
-0.00043488944077849204
0.0004261982738390876
-0.0004675573284973348
-0.0004985888105501642
8.488569435066348e-05
0.0004983099417221531
-0.0002890155446681976
0.0003900437101876449
-0.0003736344167793084
-0.0004829172539462683
-0.00037219845481494885
-0.0003644801900590598
-4.709413498542612e-05
-0.00041994007918147306
0.00036667660586650326
-0.00026806450468049145
0.0003569356169516217
0.0004943928793601756
8.602924607281637e-05
-0.00040253803579393935
-3.7586052973981744e-05
0.000499368090872445
0.00020827880916441516
8.204928282970134e-05
0.0004127920040594132
-0.0001802235443353275
-0.00012379162322965798
0.00048060271929793556
-5.647086312438179e-05
0.00035357480047637014
-5.559451684070203e-05
-3.723684919803888e-06
-7.045249713575198e-05
-0.00017156903088111862
-1.5140879569728216e-05
-0.00036752787352186235
-0.00042094197690275236
0.00019452899777402412
0.00023944318570266905
0.00027616877562572535
9.229800443450505e-05
0.0001258704135021088
-0.0004634344418209958
0.0003528958825961474
-0.000488667155279321
0.0004166635712042566
-0.00028711511883743393
0.00019585714495041996
0.00035680311560607023
0.00021176089168313723
-0.00014621215815549028
0.00038349067779475175
0.0002716161845645256
-0.00013046599979261552
-0.0003006062281494869
5.502784560954151e-05
0.00017668924167315832
7.253768359532316e-05
-0.00013020712898517304
0.00048336155675836475
-5.43387632533857e-05
0.0004914722072631593
0.00022319665398349057
-0.00018090267657866612
-0.00027850794841388193
-8.351118895447265e-05
-0.000477747737691429
-0.00042903471574637055
-0.00011775582987207046
-0.0004814243625963788
0.0003093552660232748
-3.6850613868262376e-05
-0.00021390003753292273
-0.00010146559871962278
2.4323804740879434e-05
1.2798000791557204e-05
-0.000485986450482183
-0.0003650365563848182
0.00024866705465687673
-0.0003863847615405078
-0.00017160480160700653
-0.0002608557163864539
0.0004755635296538755
4.907820063944335e-05
0.000302208943964661
0.00016271330031086275
0.0003572698060091917
3.508006936473796e-05
-0.0001769117697540458
-0.00016914183063438038
-0.0004948519831307714
0.00014003309225885758
-0.00021058306625796653
0.0001256799930660213
0.00015705446223280705
3.399886048224658e-06
0.00010224792156888628
0.00024539527904418373
-0.000274033489127085
2.956904011974966e-05
-0.000335939820479193
-0.0003213773276118624
0.00022885999443270826
0.0003724124366719637
-0.0004583197427186661
-0.00035978100393802427
-0.00023359002747831806
0.00025006654663310777
0.0001622797629435975
-0.0002644002004361887
6.252370657433906e-05
-0.00023078608334021854
0.0003826751652010546
0.00016159846004652745
-1.8416244515306e-05
0.00047005967155555454
8.511682639082317e-05
-0.0003615595988067378
-0.00019903603930699043
0.0002430359055127187
6.670954143953153e-05
-0.0002893462616884581
0.0003252554711273759
-0.0003971099880900362
-0.00028208655791792667
1.4370191664132143e-06
4.306046456400341e-05
4.3146996685583874e-05
0.00030022364362240956
0.0004959277989068562
0.00022202448471825406
0.000317427058990508
-0.0003442576791250135
0.0004993139159132727
-9.592473463563422e-05
0.00039191404262562855
0.000147100803996566
0.00042862174090110144
0.0001324025114564669
-3.267084698315115e-05
-0.0001353590696650059
-0.00012533733768463296
-0.00046180321854411
0.0004051485590449973
0.00010645040344583144
-0.00017031306476762356
-0.00020534666012417025
-6.982801236958878e-05
-0.0003362978525929199
-4.3099172631132264e-05
0.0002665534690486094
0.00030457046659952995
0.0003168209836361299
-0.00014087423837146138
-0.00041243830575444384
-0.00027526803755694427
0.0004916214236871277
0.0003569778805882684
-0.0003383227149558926
0.0003751802592831322
1.8208677389432333e-05
-0.0003266134370672209
0.00030810925176535443
0.00034289900369339956
0.00033034440827412294
-0.0004256932576025739
0.0002171768340257556
0.0004960902138332333
-0.0001719950346210406
-7.984906891782929e-05
-0.00047654897669687
0.00012008186797814147
-0.0002693456440350017
0.00043749014209409215
-9.401706810240593e-05
-0.0004008904924601474
0.00027753071569478166
0.00011546170745831011
-0.0004843973140244795
-0.00017113200561247468
0.00016127503512781733
0.0002825141282931557
-0.0004864677415087996
0.00043299300476211334
0.0004361217526460872
0.00025309743078506277
2.6712576463050605e-05
-0.0001377814582924111
-3.988979779076128e-05
-0.00022464156552242623
-0.0004505048456058476
-0.0001598505673728551
0.0002507208805186791
-0.00031522210871305823
0.0004855687336019069
-0.00016090574037634907
6.837208338451341e-05
-3.1012038743673655e-05
-8.940029002871199e-05
0.0002972266657831192
0.00023140412024518322
-0.0004830894685668832
0.00042986207879815315
0.00028165814356666393
-0.00012932793467227641
0.0004459551407457585
0.00044680201250632675
0.00013486796621743028
0.0003102315430177741
-0.0004463376585962613
-0.00037104307187893883
0.0004791044121701662
-0.0004427525077302044
0.0001048849231871067
0.00048077654090386795
0.000222307479829615
0.00017280641684572814
0.0003547083200276795
-0.00036744775042446955
-5.3285481930297565e-05
-0.00033794620379235587
-7.31829807534803e-05
8.447004616685312e-05
-0.000186127496015679
-0.00036844713838122666
0.000411903853092729
-0.00021080474294972153
-0.00026054486170341243
-1.1211032237777021e-05
-0.00022200092105333845
0.0002491694916188737
0.00039841433359601543
-0.0003631037668150449
0.0001259973659764194
0.00011044245610418034
-1.4537938375810988e-05
-0.0002618396252887271
-0.0002083796597892518
-6.707088852007172e-05
0.0002186445573142393
0.0001336462102429312
0.00012911801652028992
0.00013120519779120953
-0.00040907258128900295
-0.00018597776770530914
0.0004176768484798417
0.00038469441532340066
0.00016516488232867972
-2.96055000690383e-06
-0.0002537823367786777
-0.0002154387045213051
-2.1011966743585987e-05
-4.958037251598488e-05
0.00029520359766755993
7.502409173336833e-05
-0.0003377553166193109
0.00023329286133219487
-0.0003990063480089108
-0.0001723147887752049
9.758050079262677e-05
-0.00036767198617379684
-4.193609396126001e-06
0.00021369191052487784
-5.3278981867243896e-05
-1.2201932967205269e-05
-0.00045856211637558075
-0.0002706830529060387
-0.000448029364226932
0.0001014184137819921
0.0001252597107792604
-0.0004605177432040911
0.0001679818551578294
-0.0002908409299479701
-6.752599609821029e-05
0.00016824333176601494
0.00031372554355647495
0.00022117754251720924
-0.00022431123949274713
-0.0004689169202414587
-0.00039678420149306736
-4.947534294407483e-05
-0.0002738750946945178
-0.00013855538074928676
0.0004180036892872758
-6.015702997651929e-05
-0.0004163194395766372
-0.0002286479567951678
0.0002727499922705903
0.00037939417758845666
0.00026794741477917914
0.0004940384886823745
0.00022018265650783797
-0.00028566508483030895
0.0001832225930905912
-0.00046070063683086417
0.0001989220228553267
-0.00012311350467912228
-0.0003623857338407963
-0.00037711139614870814
0.00025525696907618067
-0.00023974848125478534
0.0004886267679336939
-0.0001715815364706412
-0.0001375136653024188
-6.238777950537199e-05
-0.00045873039178191834
-0.0002305934427571007
0.0004062464951891762
0.00035513081477116704
-0.00021268287204347514
0.00023995916402502055
0.00017489728239548918
-0.00023424990285662417
0.0001957807590801955
2.6663051512100045e-05
-0.00039310829481291586
-0.00030522672642553585
9.902174732874557e-05
-0.00028316931550235417
7.830465017892054e-05
-0.0003981069349200811
-0.00040716746919261624
0.0002932238184677094
0.00033123943647274834
0.00026471889397483594
-0.00032544354171487686
-0.00046811613962209863
-0.00013376808984363474
-0.00023571268481769372
-5.411404011623224e-05
-0.00013192537883999222
-0.0002408181057574119
0.0004426626164408602
-0.0002703100741773323
4.710399660642656e-05
4.078818464734271e-06
-0.0004362214274757004
0.00016803657394503634
0.0002913124757648761
0.00032607147068827106
-0.00031159818871036803
-0.0003899236209451718
-0.0004066607076369669
-0.00019887410858029507
9.763413645540468e-05
-3.0476713228841476e-05
-0.00028368754352959516
-0.00030369972407080846
0.000123783209477753
-0.000360922471791868
0.0003380367135169825
0.0002026286960518759
-0.0003208428736786556
-0.00031125873996548745
0.0004281358302769952
-0.00036517575856514204
-5.158214135342603e-06
2.366289775547351e-05
-1.7142950993359412e-05
-0.00016149275782445673
-0.0004091767141343805
-0.0002452153417360189
-0.00011205644120176086
0.0004838097938831792
0.0003296406994678434
0.0004622683536206374
-0.00041067894448507136
0.00028629897958286983
0.00020349595041941379
0.00035465057538693317
0.00012811035595505392
3.304315391277203e-06
0.0001893061435928895
0.00018485637263477986
-0.0001953655193772108
-6.627374813365029e-05
-0.0003015292363699921
-0.0004946998330366781
-7.865548889871243e-05
-9.290226283561044e-05
0.00013577939735076757
0.0004275482253554921
3.513570038383691e-05
-0.00021897349752425554
-0.00029892967110651907
0.0002242666726703594
0.00019291807723462032
0.00024087847293867957
0.00021999862181744953
-3.1473523053795333e-06
0.0001981002768198329
0.00033447610137520717
7.581433083747612e-05
-6.852552147254353e-05
0.0004436752012074313
6.903613454686309e-05
-0.0004969003627520013
0.00037882298073698686
8.814956028503011e-05
0.0003049444834946416
-0.0003863907525536443
-0.000443163886384114
-0.0001501567927080241
-0.0002199936486784042
-0.0003710273311954246
4.513593789330509e-05
-3.085173065402804e-05
-0.00040701224222399477
0.0001394031757611557
0.00019908865428613063
-0.0001680263726550393
-0.00039806745840414325
-0.0001937047890366398
-0.0004953191115887455
0.00048775452614514283
0.0004371793759329318
0.00019833179690678226
-7.233155797028437e-05
0.00041901081263032473
6.727546236158445e-05
-0.0004498336348731625
-0.00038987016054334544
-0.0002717280214591958
0.00035635017437290583
6.314502576598388e-05
-3.042162880816557e-05
-0.000264971276187289
0.0004142833715997823
0.00014798287490966268
0.0004585823067166549
0.00039092060545686607
0.0001948098992126167
2.5439929264789397e-05
0.0004456193801361338
5.6637940872384675e-05
-9.755118425103194e-05
3.1536619307242835e-05
0.00031865390971547343
0.00048209874514547335
0.0004632480691543938
0.00017317003608799712
-0.0004044186907747454
0.0004572920363251818
-8.996308580618971e-05
0.0004152872695575325
-4.3187933485624986e-05
-0.0004189521150902329
-0.00036523373166151064
-1.959594095618289e-05
0.0001878877351848767
7.657167902841325e-05
-0.0002332204214152508
0.00021487658652168183
-2.3019770604821644e-05
-0.00026296756667264475
0.0004787254620950451
-0.0003570735800364087
-0.00022962198386047129
0.0003438743457076272
0.00034507994973702035
-0.00017144932511961174
0.0004117014527740718
-0.0003324779237368823
-0.00012693642614419943
0.0003397713390332276
0.00026865938452161114
-0.0004391508366406501
0.0002624693409723621
6.361344412971208e-05
-0.000478786642262415
0.0001222559264833842
0.00034263846939572274
-0.00019954799086033492
7.287606578653869e-06
-0.0002385052715663094
0.00021623599221547976
0.00034588450232864263
0.00044569956534718706
0.00036270309507578614
0.00015254916600924181
0.00013206675443044836
-0.00021724810068855837
-0.00011262193723674674
-0.00040833829766026054
0.00011250853231914004
-0.0001238411116231102
0.00020609841124161047
0.000340179427836137
