-0.00030938705655117384
-0.0029597152412870263
0.00272117146625873
0.0024002922083170564
0.0013399607420142524
-0.0027522916707436356
0.0015876627695898269
-0.002090945770575934
-0.0009181295508056695
0.0018809796837002766
0.0019877266636257373
0.0020367481702610758
-0.0019893565573670313
0.002934145021762074
0.000213773714740064
0.001602265103212072
1.0331673454509315e-05
2.476649884029791e-07
0.0019245886025106799
-0.001128767737641493
-0.0020722438955073654
0.0015848325311444292
0.0015528683172530257
0.0007842049507584283
-0.0025456239300718003
-0.0006587253596150766
0.00033259724862474624
0.0011522332796854605
0.0028512081354692574
-0.00011171647045466653
0.0028051089913829702
-0.0020719043883007946
0.002857657751692209
-0.0011047518106526385
-0.002480835107829077
-0.0015967835102003044
-0.002220270322830404
-0.0019430102557606533
-0.0005607662085820191
-0.0004520284512707154
-0.0025229335746875486
0.002569267259176478
-0.001941724833280811
-0.00041216643188112054
0.0016586282063471005
0.0017866043754958287
0.002535709348717257
0.0028603124104205936
-0.00034675322450501787
-0.0024681105416046577
0.0029070994726594452
0.001721828226062731
-0.00182946459637498
-0.0013246028666514384
-0.001072753508429613
0.0007921682540909087
5.166009615754875e-05
-0.0006495959916190653
0.001309415356919406
0.0028112388390912537
-0.00017040994647652546
0.0011555187982020864
-0.0010915626090469187
0.0013082456074903952
-0.0016586182361994564
2.1377303842011388e-05
-0.00011962767734937643
-0.0010021782778141313
-0.002547084352331577
0.002084501064338274
0.0025316187847118574
0.00016752941886707994
-6.376195181737303e-05
-0.00025066760322020555
0.0024335279007843434
-0.0004465246108938583
0.0008757704785737528
-0.0024553768168211866
-0.002950847785610298
-0.0002802316609187504
-0.0011488308312250684
-0.00134347981656585
0.0019683627210117663
0.0008631639496674325
-0.0006624591749165086
-0.0013880830149621901
0.0005137773970809228
-0.0005166840185933563
0.0021851747801794287
-0.0012665996718244097
0.0024284521263323493
0.00011863575908047617
0.002905204804670612
-0.0027775613097089378
0.00211882648294976
-0.001465853949173705
0.0006026207071941178
-0.002009744911219096
-0.0024293710068850256
0.00017711318118587144
-0.00207579463113275
-0.0012945874736903192
0.0006193646011652624
0.0021052233640164
0.0022905671729342774
-0.001071650841978785
-0.00238438444511888
0.0008504171177220435
-0.001049571543178503
0.001726187509361884
0.0005270931954587561
-0.0022973156748535744
-0.0022969828329069478
0.0017342884050102238
0.0018727514347354401
0.002429074483992561
0.001481681711234163
-0.0018846404886085468
-0.001452895837743214
-0.0026775066520479023
-0.00239579257964744
-0.0026829079707173698
0.0016827940476258586
0.0010304531761416748
-6.844944166763383e-05
0.000441645085107151
-0.0027788809950206215
0.00223517861577308
0.0018410354515112281
-0.0003995321512613786
3.8301495745457406e-05
0.00147628523766737
0.002527423481239392
0.002548329276954163
-0.0011008366022368227
-0.002090707445661757
0.001779522116853365
-0.00047798617618354444
-0.0004013890742963458
-0.0003349368530403147
-0.002565515991154186
0.0015781468458935678
0.0007619165088842438
-0.0015617754420451356
0.0026095392152019285
-0.0011976938872896269
-0.0012764037978846854
-0.0003045268332023247
-0.0018526493646143468
0.0009286255123566144
-0.002129287926797366
-0.0029664716573438877
0.0022939055271174224
0.001855717506408179
-0.0011263738091041831
0.002359774557977109
0.0017842184632893545
0.002247479732058531
-0.001346113162791268
0.0010396108861844859
0.0005179619721882439
-0.0026159512661539193
0.002269865017806302
-0.0020801723000499553
-0.00045078090075543423
0.0028308424572459105
-0.0022736420516462595
0.0013799426580620843
-0.0012050485044019388
-0.001125192505422355
0.002181864094847362
0.000844333016222261
0.0019009220365169928
-0.002946150617327177
-0.002632591672162639
0.0026413586637645554
0.002989644199176123
0.0020507638771015343
-0.000959086397035863
-0.00012867060506917185
-0.0018260085638235257
0.0008136096943011581
0.00025497900283434497
0.0020348390170985154
-0.0016897418959127555
0.0017771038021938655
-0.0014903347108901792
-0.0017277870265470883
-0.002127558311561014
0.0008398864956424791
0.001915820048382446
-0.0013693983461088284
-0.002264244714850998
0.00019135888440008353
0.0004730042896265393
0.00026033638910650213
0.0024296290212506783
-0.001592725069107982
-0.0024568093310177504
-0.0023968340298171575
-0.0006977959200708188
9.630308777503318e-05
-0.0024050427235888785
-0.0029343596535942474
-0.0025456028555955975
-0.0011557567105117753
-0.001996385138896261
1.4616742025403643e-05
0.0028048555531562294
0.0013842563733423878
0.0028722134346603418
-0.0012874895189364177
-0.0015132496336750444
0.0008192303816099522
0.0028975508198062234
-0.0028069371316211786
-0.0022999484824591486
-0.0006903819814195748
0.00040072303174309987
-0.0028742145159116805
-0.00022586283989703502
0.002546281612690827
0.0027110046025169412
0.0006861109198294858
-0.00026185410486680204
0.0011369710734181002
0.0025275084488785493
0.001360252658445374
0.0007752120794681763
0.00024403504831612462
-0.0011712119182749753
0.002611964788799973
-1.8991303038259737e-05
0.0022913819728090055
-0.0013114758743976477
0.0010208158723145951
-0.0004381428673688342
-0.0028760534132136026
-0.0010989202306969678
-0.00015978789808869347
8.022461127990847e-05
-0.0008323343826233589
0.002034430157397648
-3.852323016509743e-06
0.0017247987300707257
-0.0007271042343723298
-0.001258912898999595
-6.257139751187713e-05
0.0015788129856485495
-0.001226143033067419
-0.0011507725437685142
-0.0018710487557752483
0.0010538691819373018
-0.000738053748358245
-0.0017682618074011923
-0.0009845956657385372
0.0003152525612147186
0.0018009492242408711
0.002185858657609247
-0.000790452580035593
-0.0017757277981647224
0.0025691694810233067
-0.000511781378890879
-0.0027886306219980393
0.0019130509268846388
-0.001496595213508304
0.0015204883010530136
0.0011745035801298941
0.00036375497484070684
-0.0014674945441901356
-0.0015176705356039172
0.0028668285582373887
-0.0028710082646342464
0.0021197275461109447
-0.0026834408031886966
-0.0002870674706888462
0.0008157752193588752
0.0013804310993526725
-0.0026187925760403855
-0.002851269924921618
0.0009813035064745864
0.0029465219352691387
-0.0016811021423780205
0.0022628260929306717
-0.0011634675441024702
-0.0026335747118878972
0.000721515678920853
-0.00022186757347428167
-0.001981781985308223
-0.0008019199301795583
0.0009513379389937873
-0.0018707610994663155
-0.001034697317006672
0.0007973840543067769
0.0010004482987143772
-8.483431663492422e-05
0.001878350665160398
0.00014487043508044873
0.0018013119069154072
-0.0012753506654613338
-0.0010131855894255472
-0.0028894687673952585
0.000932016066594021
0.00047634708975106185
0.0016096730263494737
0.0023155802103280373
-0.00047500679953358304
-0.0020380368627902984
0.0014815439320231202
-0.0007118302993850533
5.4085251960087934e-05
0.0027725658642134493
0.00042378338566783193
0.0026335767455957183
-0.0005792661891793195
-0.0005732567353660279
-0.0020112064383738457
0.0019812213994761943
0.00021621881030180722
0.0008805743316616433
-0.0026955826805676593
0.0008439760263365373
0.001368352604212245
-0.002344046063446903
0.00045552174231157415
-0.0002831652559368504
0.00042628552473336764
0.0018229500285116221
0.0022255769500548065
-0.0007328989119948048
0.001974490159118935
-0.0007647651586848749
-0.0010928110142400462
0.00023351899922813323
0.0026791917789831966
0.002348887062300178
-0.0010006659866089221
0.0027374718657682505
0.0028176474807550186
-0.00013071709865571882
0.0018428302682185222
0.0007096738207429463
-0.0003460107121640325
0.0007124857045674943
-0.0024190916930128844
-0.0010121841208522758
-0.0013454883962098329
-0.001642491469125784
0.0008897042838200819
-0.0001570000435220328
0.0005434400664129147
-0.0016706435664112877
0.001220418518107079
-0.0008441597505377844
-0.0015379981145008264
0.002346706877229208
0.0009509107282921021
-0.001378382618868049
0.0026310614309658018
0.0024851838843948986
0.0024431860757256818
-0.0008040833282296953
0.0024348413633978683
-0.0026074080100115427
-0.0014042617708477894
-0.0016125548942164988
-0.0017903320724577997
-0.0008602848131522537
-0.0006302101813913511
-0.0019336909594159502
-0.001265483304110343
-0.0009727916448551196
0.0023702869300853057
0.0009483272948993199
-0.0015073329842821522
-0.0005990648654564741
-0.0028173501880196625
-0.0026251669162373394
-0.0024667802475201064
0.0016080825301142973
0.002084054019168424
-0.0022807064290407218
0.0007062729021359935
-0.0029842191156465034
-0.0017174542366607186
-0.0015177795275988298
-0.0014661922814635318
0.0014853529454659882
-0.000551054329239424
0.0016184682396878118
-0.0014993185491101913
0.00047826109616449803
4.8348855011457175e-05
-0.002908838501313663
0.0009872191689943109
-0.00011738601108776583
0.0009867371554470377
0.0025908449814093836
0.0024560152376560613
0.0025530866915356425
-0.0018092087337027636
-0.0019542159290597844
-0.0026378272674597593
0.0015152895978904858
0.002687577597168353
0.0005573952665644151
-0.00044725519384887676
-0.0005602790133679399
0.0007676884129142131
-0.0009199194129558643
-0.00042166154095424737
0.0018190266194332708
-0.0018321881524807518
-0.002479143427983592
-0.0015459383646819695
0.002931922442599353
-0.0009212160671454393
0.0013708506966015497
0.0003261927351335403
0.0006600592808806783
-0.00040464775120918096
-0.002524940856584803
0.0004978575618086348
-0.002904751598238067
-0.0004260884711216996
0.0023829074618645545
0.0006246138821533248
0.0020119997655049324
-0.0002417624342187204
0.0011182458051670905
-0.00015888161996875476
-0.000745746936076124
0.002175209458274153
0.002560096356890482
-0.0024702564614468023
0.0029365400337773052
0.002166153737029315
0.0023936866612893487
0.00273278581120775
-0.0018093976688643787
0.0014233900970058158
-0.0028257604905908063
-0.002377432090919995
0.0007914705453646899
-0.0001876024202328453
0.0022004704324684026
-0.0006340979854632168
0.0017252614938952976
0.0010999672544754766
-0.00020539645626671934
0.002127674032385911
0.002941223982708261
0.0012262296228362606
-0.0019517833292390658
-0.0021542517374362378
0.0018277425392271701
-0.0029478329321264703
0.0026542821196315156
-0.0011466769297657346
0.0018334387627861846
0.0023519771846009403
-0.0022140924043298764
-0.0009573252652627338
0.00018524016805863703
0.0011619635317055722
0.0019526177958369348
0.0022997255520026535
-0.0025284455537678066
-0.0011402699807631534
-0.0005914760803197622
-0.0015596288779470419
0.002991286087274547
0.002851919390739371
0.0023818966359811086
0.0012870244114005893
0.0008548628687303009
-0.0018671550987485693
0.0017520966128617482
-0.0009222426701819522
-0.0027700983215051557
0.002153255335613939
0.0010802257947052007
0.0015609680312759812
-0.0007686312720115184
0.0020512280112206568
0.0007866623038728844
-0.0023813529308038183
-0.0017156986653163154
-0.0010034700107014916
0.002134470758871146
0.0017313367607431143
-0.0029676046653413935
0.001910236712646847
0.0009818432759835516
-0.0009923373044854553
0.0026588326383658947
-0.0013214822539111006
-0.000776876091834148
-0.000762881534441655
-0.0016928920498412128
0.0016571003508513947
0.0013846430317458877
-0.0008721103190687967
0.002525948204765552
-0.0021111367675239134
0.0005039875221084589
0.0017679827449341807
-0.001674379134630863
-0.0028567656888304495
0.0013356802550510902
-0.0024731720199261207
0.0015856383463506351
-8.843875751022093e-05
0.0014330088906881712
-0.0009344564849310894
-0.0016967668127254231
-0.0017850219493187071
-0.0016432467469370835
-0.002888797233539716
-0.0005453420078466316
0.0007283505673270694
-0.0023722992800842956
0.000517891251893823
-0.0026590361431874285
-0.000423121159535916
-0.0017775508723716813
0.0004364699992428279
0.00046817096282351705
0.0009638421839999025
-0.0013394805558486734
-0.0005208230399943864
-0.002184848281362413
-0.0020701682951414454
0.0021527714020510473
0.0020671013843796488
-0.002541585136649744
-0.0012243487776445092
0.0018652257477613544
-0.0021416585303283917
0.0006585976187456015
0.00039331814484223253
-0.00011258373010847875
-0.0027988792123412026
-0.0016666331044642969
0.0009445878686886247
0.0017396540344619708
-0.0001840132143998913
-0.0017609600728737127
0.0006421501004622156
0.002839380233580718
0.0024181287382333766
0.0003978508714730109
0.002538536358616535
-0.0002893784682123264
-0.0022779427370604403
-0.0006541498535800939
0.00029265389799525057
0.0005985528430566319
-0.0015247738577143304
0.001658711300281908
-0.0029971551469959237
0.0018116099072550936
-0.00040550051260114213
0.0022959216890042914
0.0029463481600654397
-0.002899632573270123
-0.0023503575498133285
0.0012446798405179593
-0.0016481217285132304
-0.002707534364142762
-0.0017576447062345427
-0.0008706345853937594
0.0007406549938196172
-0.002960103518770653
-0.0012013942943353269
0.002517324540130166
-0.00011824155681124061
0.00011561818674144225
-0.0005154044270984062
-0.00015268637124072953
-0.0008728595480598554
-0.0026495129104082697
0.0014719034353506124
7.983716147714386e-05
0.0018036661217108963
-0.001969171594581159
0.0013034103544141548
-0.0020818462289632876
-0.0015846319851651072
0.0003003876004373284
0.0001692499362773727
-0.0002712032690589915
0.0007943158493232778
0.0005124855293350632
0.002743445149498604
-6.471790620012205e-05
1.279332658769448e-05
0.001403878298525939
-0.002499999515255831
-0.0013316502322377134
0.002841249734841179
-0.0017093971726108335
0.00130882910896087
0.0022936319038729973
0.0007962534472919836
0.0014016586328514952
-0.00065313951017566
8.025304889013518e-05
0.0012666787603870747
0.00024413339924225308
0.000358512125895162
0.0014318523411785246
0.00243947064318827
-0.0013260992047420003
-0.002007858952794043
0.0008904974027221643
-0.001764472992481663
-0.0009823757331185834
0.0015485883715358507
-0.0026602689408799065
0.0014172780639196952
0.000517466111349717
0.0028057640355284756
-0.0023366460051053224
0.0005840103169249514
-0.00024009510132280958
-0.0014700153310255744
-0.00048017897785537214
0.002568384449545066
-0.001571592046358005
-0.001241295194215449
-0.001068780111598651
-0.0003535278424821441
0.0014451794884964096
0.0013639165296568312
-0.0024586550083627026
0.0007503669070614213
0.0018231687290478837
-0.002866770943875526
-0.0015255771480295107
0.002487990839579072
-0.0027122657247339037
-0.002646840927334651
0.002590766898457648
-0.00020488701515872535
0.0002589914902064649
-0.000950818153106135
-0.002908050407155723
0.002779738093314674
-0.0005559798672863884
0.0026408094235425596
-0.000417492936219975
-3.445150057950104e-05
-0.00212026463046549
0.0006902307432003919
0.001277274001198812
0.0007715119293212991
-0.00033664910696954613
-0.00041303218473516404
-0.0017865288138901743
0.002791631392619745
0.0022313591115042265
0.0015774704931623973
0.0003142554576731167
0.0014219462759974197
0.0024842451591753295
0.0020262908931859436
0.0011545289746788335
0.0006121917919007978
0.001040964089893611
-0.0006800726270267711
0.0014694423932374674
0.0012559335604528559
0.0022853960974331972
0.0020305528242068127
7.11372259412815e-05
0.0020896009353360123
0.0013006199708841407
-0.0002738751394876864
0.0006161159415000801
-0.0022093977361741105
0.001426229609404494
0.0026507530806990287
-0.001975647352168348
0.0013152794207030591
0.00035444701288903264
-0.0017299770283535304
-0.00016761991961443618
-0.0019576823854494142
0.0018377681414989185
0.00185384355649523
0.002735745053432102
-0.0020135961579249477
-0.0015709988085416428
0.0016486351470829524
-0.0017797578984814603
0.0003530181766598405
-0.002839477166787252
0.0009780949468504293
0.002096209828565436
-0.00014962305744099054
-0.0018759719626168867
0.0024326380268887837
0.0019742646432643262
6.37563851203643e-05
0.0028896503878861647
-1.794855529347987e-05
0.0023810382730442272
-0.0028850520386175926
0.002396324232534346
-0.0016889530775023032
0.001460502729524164
0.0007187238154090702
-0.001070889986656852
0.0004871198458991032
0.0023103700369336237
0.002981041184305545
0.0008798008427661598
0.0007566432987443474
0.0014471189334037803
-0.0006197024168079469
0.0010709877411343056
-0.0009557993520419887
-0.001719443517990545
-0.001760533695778183
0.0018756075499769863
0.0006255849667196885
-0.001045687166456899
-0.0027283961029889734
-0.0007269749897775347
-0.0016443032590583134
-0.00013495695288875736
-0.0008321748763929016
0.002802437363004775
-0.000953102505140759
-0.0021542431459055703
-0.0012868423139448415
0.0009565317453874792
0.0026356054842851815
7.28993289384563e-05
-0.002395018692301171
0.0005808061438218898
-0.0018637794313166008
-0.0024042217578003787
-0.002416523461884674
0.002653947754249958
0.0009446645030582049
0.0028485577076003566
0.0020292093431712966
0.0014011520921237185
0.0017758824750342822
0.002568086358599974
0.0015603819790704484
-0.0003527895573476464
0.0009205226633301321
0.00011054455319311476
-0.0008681586541188723
0.00187702924263461
0.002206435054243985
0.0028701640727958203
-0.0014361513792447345
0.0016720642895381478
-0.0015137349183311037
-0.0012705474769804023
0.00021558532100984535
-0.0009863895544908003
0.0005863440468297631
-0.0026650650317811097
0.002129249969975702
0.0004198737116019695
-0.002468694542933455
-0.0017952329445032923
-0.0021078347068987854
0.00259777571589448
-0.0021745277256339946
0.002387698671724712
-0.00045327762908730154
-0.0018870504961313057
0.0005102693794700589
-0.0003699701356495045
-0.0010651130114116827
-0.0014416693862039324
-0.0005768153087610411
0.0017685898305614097
0.0001221886940937721
0.0015080713960024458
0.001703058290690858
0.002327077493025938
0.00147054424016503
0.0007196546797019741
-1.475913164124135e-05
0.0015712325084388306
0.001664668876344145
0.0017394200053208325
0.0011985122331046854
-0.0022756048221822985
-0.0003625183174327559
-0.002135192582899712
4.376819889000388e-05
0.0013065058279548708
0.0016480900750651221
-0.0023421381364081293
-0.002668976549265207
0.0028596572969992436
-0.000875946086047645
-0.0017378802305874868
0.0006118022001431016
-0.0024777169076519714
-0.0022950303766118736
-0.0024621194909833547
0.002209270740832765
0.0002557328779220101
0.0020584200405295147
0.0026451901951629582
-0.002686842430387622
0.0006075128280471588
0.00100065773853821
0.0005025956488896306
-0.0015804192244599459
0.0028956994317344328
-0.0002097155750188204
0.0016408053996081222
-0.0003160382412184617
0.0013217402648373951
-0.002517072570312495
-4.363109364781707e-05
-0.002292412983061238
0.0018561431787921748
-0.0018945434211664908
-0.0006021638704526437
-0.0011825333906082273
-0.001728383622303454
-0.0022981502427921905
-0.0003886068299677344
-0.0020304672200634217
-0.0014386703449211675
0.0018620252788876463
-0.002795687217865818
0.0014030920434376223
0.00016134458391665624
0.002157631755925227
0.0026641658932376727
-0.0009796582276012265
-0.00020484354965869022
0.002417373874997961
0.0028153365433795045
0.00087308851625852
-0.0012742807916345134
-0.0024296891444737898
8.92833155742667e-05
-0.0018360975176296558
0.0019405013552102786
0.0009511231482520789
-0.0011098245297910074
-0.000623491601750798
0.0023928880367359347
-0.0006565874661768525
0.002953335089478269
-0.0007695381362693775
-0.0019183241005274517
0.0005261093892218482
0.0023294138519907755
0.0012281537956290558
-4.2444795011332796e-05
0.0024963630043560838
-0.0006207843588656274
-0.0010541816269797972
-0.0016838109604084945
-0.001603786837204471
0.0005944396371632922
0.0029440961250712635
-0.00153067873689387
0.002419546215948455
-0.0005402687611676762
0.0010825127774897157
0.0019982484054514218
-0.002905890835224129
-0.00033220919798641717
-0.0009444811862349542
-0.0029191688161994147
0.00022180707878268445
0.0026348347598339665
-0.0018924395207629723
0.001974418754963585
0.0006483354612538354
-0.0018867956114603484
0.0015498566020517614
0.002263882897599892
0.0019992580249175137
0.00268463069448931
-0.0007776001388347699
0.0001279856922293092
-0.0026812409563678583
-0.00048477568161296985
0.002502535963478665
0.0007512813663579513
0.0006240499385796656
0.0019655230980771127
0.0014129955030549642
-0.00012436642616588632
-0.0015372277627543494
-0.0015975380116725827
0.001833525357243745
8.23115522792595e-05
-0.0006556397478876697
0.00140272761050064
-0.00021001854572074178
-8.145821233499677e-05
0.002411657653290992
0.0016668282830994956
-0.002230625830441583
-0.0005686079606677451
-0.0026132575860162406
-0.0019279396218536242
-0.0016453489083981022
-0.0015503874530033615
0.0005111291042623292
-0.0009649011616261168
0.0020303608242673195
0.000749260462314058
-0.0017770044472302682
-0.0017784048490120771
-0.0002676139646908423
0.0024916225330181355
-7.84143071038009e-05
0.002395038831920546
0.0009141999282136605
-0.00234132336095233
0.00010760719085913233
0.000845426144693739
-0.0005828373368331917
0.0029325371643109718
-0.0023323162656238936
0.0015001333294589973
0.0015794867065514733
-0.0029642053225088618
-0.000725346796511362
-0.0012399629789990525
0.002163267225178898
-0.0027544727596361244
-0.001853432228953302
0.001647654275814714
-0.0009491173530190937
0.0006378172580552102
-0.0014475869348834092
-0.002257671263038021
0.0020875669780671376
-0.0008655165146226928
0.0027976298251081427
0.00039456626814414735
0.0019717477550681003
0.0028757833843679617
0.002523889893029138
-0.0013964070175242452
0.0006550217240449503
-0.0017275762059183366
0.000958255444119884
-0.0013780396624811636
0.0004911121879847082
-0.0022707861458625606
-0.0008011339941871387
0.0015412433742600382
0.0005200046812782809
-0.0018714317175943182
-0.002447067378123356
-0.0028472427083094934
0.0026231726795444693
0.0027167577099780913
-0.001409196828097039
0.0006627517972043087
0.00020676717607124142
-0.001490990011266516
0.0014294803053873928
0.0012853481048321815
0.0013610468355560422
-0.000247596607450877
-0.0011626440428136686
0.0016679468499797541
-0.0022692549319421303
0.0003934810618294797
-0.002252172175937565
-0.0022152664876384687
-0.0006559841205673457
-0.0017080120116778196
0.0022637014675791324
-0.0027201032000524115
-0.0003679139607845241
0.0022387158477178764
0.0011150209632113913
0.0010093896946488422
0.0010899689030557085
-0.0027293491030591106
-0.0010226435866725878
-0.0004653863313330217
-0.0020331978043104603
-0.002496796920605244
-0.002352530945618447
0.002514020003499493
0.0014095942618772839
-0.002986194051836522
