 0.00000000000000E+0000  0.00000000000000E+0000
 4.34000000000000E+0002  8.51399999999705E+0018
 4.37799999999814E+0002  8.53800000000360E+0018
 4.41600000000093E+0002  8.56000000000262E+0018
 4.45500000000000E+0002  8.58200000000164E+0018
 4.49299999999814E+0002  8.60299999999689E+0018
 4.53100000000093E+0002  8.62400000000052E+0018
 4.56899999999907E+0002  8.64299999999662E+0018
 4.60700000000186E+0002  8.66099999999735E+0018
 4.64500000000000E+0002  8.67899999999807E+0018
 4.68399999999907E+0002  8.69600000000341E+0018
 4.72200000000186E+0002  8.71199999999659E+0018
 4.76000000000000E+0002  8.72700000000279E+0018
 4.79799999999814E+0002  8.74099999999682E+0018
 4.83600000000093E+0002  8.75499999999925E+0018
 4.87399999999907E+0002  8.76700000000252E+0018
 4.91299999999814E+0002  8.77899999999741E+0018
 4.95100000000093E+0002  8.78999999999692E+0018
 4.98899999999907E+0002  8.80000000000105E+0018
 5.02700000000186E+0002  8.80999999999679E+0018
 5.06500000000000E+0002  8.81800000000177E+0018
 5.10299999999814E+0002  8.82599999999836E+0018
 5.14200000000186E+0002  8.83299999999957E+0018
 5.18000000000000E+0002  8.84000000000079E+0018
 5.21799999999814E+0002  8.84500000000285E+0018
 5.25599999999627E+0002  8.84999999999653E+0018
 5.29400000000373E+0002  8.85400000000321E+0018
 5.33200000000186E+0002  8.85699999999774E+0018
 5.37099999999627E+0002  8.85899999999689E+0018
 5.40900000000373E+0002  8.86099999999604E+0018
 5.44700000000186E+0002  8.86199999999980E+0018
 5.48500000000000E+0002  8.86199999999980E+0018
 5.52299999999814E+0002  8.86199999999980E+0018
 5.56099999999627E+0002  8.86000000000066E+0018
 5.60000000000000E+0002  8.85800000000151E+0018
 5.63799999999814E+0002  8.85499999999859E+0018
 5.67599999999627E+0002  8.85200000000406E+0018
 5.71400000000373E+0002  8.84799999999738E+0018
 5.75200000000186E+0002  8.84300000000370E+0018
 5.79000000000000E+0002  8.83699999999787E+0018
 5.82900000000373E+0002  8.83100000000043E+0018
 5.86700000000186E+0002  8.82399999999921E+0018
 5.90500000000000E+0002  8.81600000000262E+0018
 5.94299999999814E+0002  8.80799999999764E+0018
 5.98099999999627E+0002  8.79899999999728E+0018
 6.01900000000373E+0002  8.78900000000154E+0018
 6.05799999999814E+0002  8.77899999999741E+0018
 6.09599999999627E+0002  8.76799999999790E+0018
 6.13400000000373E+0002  8.75600000000301E+0018
 6.17200000000186E+0002  8.74399999999974E+0018
 6.21000000000000E+0002  8.73100000000108E+0018
 6.24799999999814E+0002  8.71699999999866E+0018
 6.28700000000186E+0002  8.70299999999623E+0018
 6.32500000000000E+0002  8.68799999999843E+0018
 6.36299999999814E+0002  8.67300000000062E+0018
 6.40099999999627E+0002  8.65600000000367E+0018
 6.43900000000373E+0002  8.64000000000210E+0018
 6.47700000000186E+0002  8.62200000000138E+0018
 6.51599999999627E+0002  8.60400000000066E+0018
 6.55400000000373E+0002  8.58599999999993E+0018
 6.59200000000186E+0002  8.56700000000383E+0018
 6.63000000000000E+0002  8.54700000000396E+0018
 6.66799999999814E+0002  8.52700000000410E+0018
 6.70599999999627E+0002  8.50600000000046E+0018
 6.74500000000000E+0002  8.48400000000144E+0018
 6.78299999999814E+0002  8.46200000000242E+0018
 6.82099999999627E+0002  8.44000000000341E+0018
 6.85900000000373E+0002  8.41599999999685E+0018
 6.89700000000186E+0002  8.39300000000246E+0018
 6.93500000000000E+0002  8.36899999999590E+0018
 6.97400000000373E+0002  8.34400000000236E+0018
 7.01200000000186E+0002  8.31900000000043E+0018
 7.05000000000000E+0002  8.29300000000311E+0018
 7.08799999999814E+0002  8.26600000000203E+0018
 7.12599999999627E+0002  8.23999999999633E+0018
 7.16400000000373E+0002  8.21199999999987E+0018
 7.20299999999814E+0002  8.18400000000341E+0018
 7.24099999999627E+0002  8.15599999999856E+0018
 7.27900000000373E+0002  8.12699999999833E+0018
 7.31700000000186E+0002  8.09799999999810E+0018
 7.35500000000000E+0002  8.06800000000249E+0018
 7.39299999999814E+0002  8.03799999999849E+0018
 7.43200000000186E+0002  8.00699999999912E+0018
 7.47000000000000E+0002  7.97599999999974E+0018
 7.50799999999814E+0002  7.94500000000036E+0018
 7.54599999999627E+0002  7.91299999999721E+0018
 7.58400000000373E+0002  7.87999999999869E+0018
 7.62200000000186E+0002  7.84700000000016E+0018
 7.66099999999627E+0002  7.81400000000164E+0018
 7.69900000000373E+0002  7.77999999999934E+0018
 7.73700000000186E+0002  7.74599999999705E+0018
 7.77500000000000E+0002  7.71200000000315E+0018
 7.81299999999814E+0002  7.67699999999708E+0018
 7.85099999999627E+0002  7.64100000000403E+0018
 7.89000000000000E+0002  7.60599999999797E+0018
 7.92799999999814E+0002  7.56900000000115E+0018
 7.96599999999627E+0002  7.53299999999971E+0018
 8.00400000000373E+0002  7.49600000000288E+0018
 8.04200000000186E+0002  7.45899999999767E+0018
 8.08000000000000E+0002  7.42099999999708E+0018
 8.11900000000373E+0002  7.38299999999649E+0018
 8.15700000000186E+0002  7.34499999999590E+0018
 8.19500000000000E+0002  7.30700000000370E+0018
 8.23299999999814E+0002  7.26799999999934E+0018
 8.27099999999627E+0002  7.22799999999961E+0018
 8.30900000000373E+0002  7.18900000000364E+0018
 8.34799999999814E+0002  7.14900000000390E+0018
 8.38599999999627E+0002  7.10900000000416E+0018
 8.42400000000373E+0002  7.06800000000066E+0018
 8.46200000000186E+0002  7.02699999999715E+0018
 8.50000000000000E+0002  6.98600000000203E+0018
 8.53799999999814E+0002  6.94499999999853E+0018
 8.57700000000186E+0002  6.90299999999964E+0018
 8.61500000000000E+0002  6.86100000000075E+0018
 8.65299999999814E+0002  6.81900000000187E+0018
 8.69099999999627E+0002  6.77700000000298E+0018
 8.72900000000373E+0002  6.73400000000033E+0018
 8.76700000000186E+0002  6.69099999999767E+0018
 8.80599999999627E+0002  6.64800000000341E+0018
 8.84400000000373E+0002  6.60500000000075E+0018
 8.88200000000186E+0002  6.56100000000272E+0018
 8.92000000000000E+0002  6.51699999999630E+0018
 8.95799999999814E+0002  6.47299999999826E+0018
 8.99599999999627E+0002  6.42900000000023E+0018
 9.03500000000000E+0002  6.38500000000220E+0018
 9.07299999999814E+0002  6.34000000000039E+0018
 9.11099999999627E+0002  6.29499999999859E+0018
 9.14900000000373E+0002  6.24999999999679E+0018
 9.18700000000186E+0002  6.20500000000338E+0018
 9.22500000000000E+0002  6.16000000000157E+0018
 9.26400000000373E+0002  6.11399999999600E+0018
 9.30200000000186E+0002  6.06900000000259E+0018
 9.34000000000000E+0002  6.02299999999702E+0018
 9.37799999999814E+0002  5.97699999999984E+0018
 9.41599999999627E+0002  5.93100000000265E+0018
 9.45400000000373E+0002  5.88499999999708E+0018
 9.49299999999814E+0002  5.83899999999990E+0018
 9.53099999999627E+0002  5.79199999999895E+0018
 9.56900000000373E+0002  5.74600000000177E+0018
 9.60700000000186E+0002  5.69900000000082E+0018
 9.64500000000000E+0002  5.65199999999987E+0018
 9.68299999999814E+0002  5.60499999999892E+0018
 9.72200000000186E+0002  5.55799999999797E+0018
 9.76000000000000E+0002  5.51099999999702E+0018
 9.79799999999814E+0002  5.46399999999607E+0018
 9.83599999999627E+0002  5.41700000000351E+0018
 9.87400000000373E+0002  5.37000000000256E+0018
 9.91200000000186E+0002  5.32300000000161E+0018
 9.95099999999627E+0002  5.27499999999689E+0018
 9.98900000000373E+0002  5.22799999999594E+0018
 1.00300000000000E+0003  5.18100000000338E+0018
 1.00700000000000E+0003  5.13299999999866E+0018
 1.01000000000000E+0003  5.08599999999771E+0018
 1.01400000000000E+0003  5.03800000000138E+0018
 1.01800000000000E+0003  4.99100000000043E+0018
 1.02200000000000E+0003  4.94300000000410E+0018
 1.02600000000000E+0003  4.89600000000315E+0018
 1.02900000000000E+0003  4.84799999999843E+0018
 1.03300000000000E+0003  4.80099999999748E+0018
 1.03700000000000E+0003  4.75300000000115E+0018
 1.04100000000000E+0003  4.70600000000020E+0018
 1.04500000000000E+0003  4.65800000000387E+0018
 1.04800000000000E+0003  4.61099999999872E+0018
 1.05200000000000E+0003  4.56299999999820E+0018
 1.05600000000000E+0003  4.51600000000144E+0018
 1.06000000000000E+0003  4.46900000000049E+0018
 1.06400000000000E+0003  4.42199999999954E+0018
 1.06800000000000E+0003  4.37399999999902E+0018
 1.07100000000000E+0003  4.32699999999807E+0018
 1.07500000000000E+0003  4.28000000000131E+0018
 1.07900000000000E+0003  4.23300000000036E+0018
 1.08300000000000E+0003  4.18599999999941E+0018
 1.08700000000000E+0003  4.13999999999803E+0018
 1.09000000000000E+0003  4.09300000000128E+0018
 1.09400000000000E+0003  4.04600000000033E+0018
 1.09800000000000E+0003  3.99999999999895E+0018
 1.10200000000000E+0003  3.95299999999800E+0018
 1.10600000000000E+0003  3.90700000000082E+0018
 1.11000000000000E+0003  3.86099999999944E+0018
 1.11300000000000E+0003  3.81499999999807E+0018
 1.11700000000000E+0003  3.76900000000088E+0018
 1.12100000000000E+0003  3.72299999999951E+0018
 1.12500000000000E+0003  3.67699999999813E+0018
 1.12900000000000E+0003  3.63200000000052E+0018
 1.13200000000000E+0003  3.58599999999915E+0018
 1.13600000000000E+0003  3.54100000000154E+0018
 1.14000000000000E+0003  3.49599999999974E+0018
 1.14400000000000E+0003  3.45099999999794E+0018
 1.14800000000000E+0003  3.40600000000033E+0018
 1.15200000000000E+0003  3.36199999999810E+0018
 1.15500000000000E+0003  3.31700000000049E+0018
 1.15900000000000E+0003  3.27299999999826E+0018
 1.16300000000000E+0003  3.22900000000023E+0018
 1.16700000000000E+0003  3.18499999999800E+0018
 1.17100000000000E+0003  3.14199999999954E+0018
 1.17400000000000E+0003  3.09800000000151E+0018
 1.17800000000000E+0003  3.05499999999885E+0018
 1.18200000000000E+0003  3.01200000000039E+0018
 1.18600000000000E+0003  2.96900000000193E+0018
 1.19000000000000E+0003  2.92599999999928E+0018
