     Energy    K_Value       F.Density    GA.Brill.       Flux  Tot.Power  Nat.Size  Nat.Div.    Size.x    Size.y     Div.x     Div.y   Coh.Flux  Coh.Power   CohFrac.x   CohFrac.y
         eV          -  ph/s/mr^2/0.1%  F.Dens/mm^2  ph/s/0.1%         kW         m       rad         m         m       rad       rad  ph/s/0.1%          W           -           -
1.05986e+04  0.000e+00       0.000e+00    0.000e+00  0.000e+00  0.000e+00 2.259e-06 4.121e-06 1.866e-05 3.459e-06 9.578e-06 8.018e-06  0.000e+00  0.000e+00  5.2083e-02  3.3565e-01
1.05820e+04  5.600e-02       3.140e+05    7.740e+08  1.517e+02  1.874e-03 2.261e-06 4.124e-06 1.866e-05 3.460e-06 9.583e-06 8.024e-06  2.656e+00  5.277e-16  5.2135e-02  3.3580e-01
1.05325e+04  1.120e-01       3.116e+08    7.673e+11  1.512e+05  7.498e-03 2.266e-06 4.134e-06 1.866e-05 3.464e-06 9.599e-06 8.043e-06  2.658e+03  5.280e-13  5.2293e-02  3.3626e-01
1.04511e+04  1.680e-01       1.706e+10    4.194e+13  8.330e+06  1.687e-02 2.275e-06 4.150e-06 1.866e-05 3.469e-06 9.625e-06 8.074e-06  1.475e+05  2.931e-11  5.2555e-02  3.3702e-01
1.03392e+04  2.240e-01       2.819e+11    6.911e+14  1.389e+08  2.999e-02 2.287e-06 4.172e-06 1.866e-05 3.478e-06 9.661e-06 8.117e-06  2.485e+06  4.936e-10  5.2921e-02  3.3807e-01
1.01988e+04  2.800e-01       2.394e+12    5.853e+15  1.193e+09  4.686e-02 2.303e-06 4.201e-06 1.867e-05 3.488e-06 9.707e-06 8.172e-06  2.163e+07  4.296e-09  5.3387e-02  3.3940e-01
1.00323e+04  3.360e-01       1.327e+13    3.231e+16  6.706e+09  6.748e-02 2.322e-06 4.236e-06 1.867e-05 3.500e-06 9.764e-06 8.239e-06  1.234e+08  2.451e-08  5.3953e-02  3.4100e-01
9.84238e+03  3.920e-01       5.445e+13    1.320e+17  2.797e+10  9.185e-02 2.344e-06 4.276e-06 1.867e-05 3.515e-06 9.830e-06 8.318e-06  5.238e+08  1.040e-07  5.4615e-02  3.4285e-01
9.63200e+03  4.480e-01       1.787e+14    4.311e+17  9.350e+10  1.200e-01 2.370e-06 4.323e-06 1.867e-05 3.532e-06 9.906e-06 8.407e-06  1.786e+09  3.547e-07  5.5371e-02  3.4493e-01
9.40419e+03  5.040e-01       4.927e+14    1.182e+18  2.631e+11  1.518e-01 2.398e-06 4.375e-06 1.868e-05 3.552e-06 9.991e-06 8.507e-06  5.137e+09  1.020e-06  5.6217e-02  3.4723e-01
9.16199e+03  5.600e-01       1.182e+15    2.817e+18  6.453e+11  1.874e-01 2.430e-06 4.432e-06 1.868e-05 3.573e-06 1.009e-05 8.618e-06  1.290e+10  2.562e-06  5.7150e-02  3.4973e-01
8.90842e+03  6.160e-01       2.526e+15    5.982e+18  1.413e+12  2.268e-01 2.464e-06 4.495e-06 1.869e-05 3.596e-06 1.019e-05 8.739e-06  2.897e+10  5.754e-06  5.8166e-02  3.5240e-01
8.64632e+03  6.720e-01       4.905e+15    1.153e+19  2.816e+12  2.699e-01 2.501e-06 4.563e-06 1.869e-05 3.622e-06 1.030e-05 8.869e-06  5.928e+10  1.178e-05  5.9262e-02  3.5522e-01
8.37839e+03  7.280e-01       8.779e+15    2.048e+19  5.179e+12  3.168e-01 2.541e-06 4.635e-06 1.870e-05 3.649e-06 1.042e-05 9.009e-06  1.121e+11  2.227e-05  6.0433e-02  3.5818e-01
8.10707e+03  7.840e-01       1.465e+16    3.388e+19  8.896e+12  3.674e-01 2.583e-06 4.712e-06 1.870e-05 3.679e-06 1.055e-05 9.159e-06  1.981e+11  3.936e-05  6.1666e-02  3.6118e-01
7.83456e+03  8.400e-01       2.300e+16    5.274e+19  1.439e+13  4.218e-01 2.627e-06 4.793e-06 1.871e-05 3.710e-06 1.069e-05 9.316e-06  3.302e+11  6.559e-05  6.2976e-02  3.6434e-01
7.56282e+03  8.960e-01       3.426e+16    7.782e+19  2.211e+13  4.799e-01 2.674e-06 4.879e-06 1.872e-05 3.743e-06 1.083e-05 9.481e-06  5.229e+11  1.039e-04  6.4349e-02  3.6758e-01
7.29352e+03  9.520e-01       4.871e+16    1.096e+20  3.245e+13  5.417e-01 2.723e-06 4.968e-06 1.872e-05 3.779e-06 1.098e-05 9.653e-06  7.916e+11  1.573e-04  6.5782e-02  3.7087e-01
7.02810e+03  1.008e+00       6.649e+16    1.481e+20  4.576e+13  6.073e-01 2.774e-06 5.061e-06 1.873e-05 3.815e-06 1.114e-05 9.833e-06  1.152e+12  2.288e-04  6.7271e-02  3.7420e-01
6.76773e+03  1.064e+00       8.754e+16    1.929e+20  6.230e+13  6.767e-01 2.827e-06 5.157e-06 1.874e-05 3.854e-06 1.131e-05 1.002e-05  1.619e+12  3.215e-04  6.8812e-02  3.7755e-01
6.51339e+03  1.120e+00       1.116e+17    2.434e+20  8.221e+13  7.498e-01 2.881e-06 5.257e-06 1.875e-05 3.894e-06 1.148e-05 1.021e-05  2.205e+12  4.380e-04  7.0403e-02  3.8092e-01
6.26584e+03  1.176e+00       1.384e+17    2.984e+20  1.055e+14  8.266e-01 2.938e-06 5.360e-06 1.876e-05 3.936e-06 1.165e-05 1.041e-05  2.921e+12  5.802e-04  7.2039e-02  3.8428e-01
6.02565e+03  1.232e+00       1.673e+17    3.566e+20  1.321e+14  9.072e-01 2.996e-06 5.466e-06 1.876e-05 3.980e-06 1.184e-05 1.061e-05  3.774e+12  7.498e-04  7.3717e-02  3.8762e-01
5.79325e+03  1.288e+00       1.978e+17    4.166e+20  1.618e+14  9.916e-01 3.055e-06 5.574e-06 1.877e-05 4.025e-06 1.203e-05 1.082e-05  4.771e+12  9.477e-04  7.5435e-02  3.9095e-01
5.56892e+03  1.344e+00       2.292e+17    4.771e+20  1.943e+14  1.080e+00 3.116e-06 5.685e-06 1.878e-05 4.071e-06 1.222e-05 1.104e-05  5.912e+12  1.174e-03  7.7189e-02  3.9423e-01
5.35283e+03  1.400e+00       2.609e+17    5.365e+20  2.292e+14  1.172e+00 3.179e-06 5.799e-06 1.879e-05 4.119e-06 1.242e-05 1.126e-05  7.195e+12  1.429e-03  7.8976e-02  3.9748e-01
5.14503e+03  1.456e+00       2.924e+17    5.937e+20  2.662e+14  1.267e+00 3.242e-06 5.915e-06 1.881e-05 4.168e-06 1.262e-05 1.148e-05  8.619e+12  1.712e-03  8.0795e-02  4.0067e-01
4.94551e+03  1.512e+00       3.230e+17    6.476e+20  3.049e+14  1.366e+00 3.307e-06 6.033e-06 1.882e-05 4.219e-06 1.283e-05 1.171e-05  1.018e+13  2.021e-03  8.2642e-02  4.0382e-01
4.75420e+03  1.568e+00       3.523e+17    6.974e+20  3.448e+14  1.470e+00 3.373e-06 6.153e-06 1.883e-05 4.271e-06 1.304e-05 1.194e-05  1.186e+13  2.355e-03  8.4515e-02  4.0690e-01
4.57094e+03  1.624e+00       3.800e+17    7.424e+20  3.855e+14  1.576e+00 3.440e-06 6.275e-06 1.884e-05 4.324e-06 1.326e-05 1.218e-05  1.366e+13  2.713e-03  8.6413e-02  4.0992e-01
4.39557e+03  1.680e+00       4.057e+17    7.823e+20  4.267e+14  1.687e+00 3.508e-06 6.399e-06 1.885e-05 4.378e-06 1.348e-05 1.242e-05  1.556e+13  3.091e-03  8.8333e-02  4.1287e-01
4.22786e+03  1.736e+00       4.293e+17    8.168e+20  4.679e+14  1.801e+00 3.577e-06 6.525e-06 1.887e-05 4.433e-06 1.370e-05 1.266e-05  1.756e+13  3.488e-03  9.0273e-02  4.1575e-01
4.06757e+03  1.792e+00       4.505e+17    8.458e+20  5.089e+14  1.919e+00 3.646e-06 6.652e-06 1.888e-05 4.490e-06 1.393e-05 1.291e-05  1.965e+13  3.903e-03  9.2231e-02  4.1856e-01
3.91446e+03  1.848e+00       4.693e+17    8.694e+20  5.494e+14  2.041e+00 3.717e-06 6.781e-06 1.889e-05 4.547e-06 1.416e-05 1.316e-05  2.181e+13  4.332e-03  9.4207e-02  4.2130e-01
3.76824e+03  1.904e+00       4.858e+17    8.878e+20  5.892e+14  2.167e+00 3.788e-06 6.911e-06 1.891e-05 4.606e-06 1.440e-05 1.341e-05  2.403e+13  4.773e-03  9.6197e-02  4.2397e-01
3.62866e+03  1.960e+00       4.999e+17    9.013e+20  6.280e+14  2.296e+00 3.861e-06 7.043e-06 1.892e-05 4.665e-06 1.463e-05 1.366e-05  2.630e+13  5.225e-03  9.8202e-02  4.2657e-01
3.49543e+03  2.016e+00       5.118e+17    9.101e+20  6.659e+14  2.429e+00 3.933e-06 7.176e-06 1.894e-05 4.726e-06 1.488e-05 1.392e-05  2.863e+13  5.686e-03  1.0020e-01  4.2901e-01
3.36828e+03  2.072e+00       5.214e+17    9.146e+20  7.024e+14  2.566e+00 4.007e-06 7.310e-06 1.895e-05 4.787e-06 1.512e-05 1.418e-05  3.098e+13  6.154e-03  1.0223e-01  4.3146e-01
3.24693e+03  2.128e+00       5.290e+17    9.153e+20  7.376e+14  2.707e+00 4.081e-06 7.446e-06 1.897e-05 4.850e-06 1.536e-05 1.444e-05  3.336e+13  6.628e-03  1.0427e-01  4.3383e-01
3.13111e+03  2.184e+00       5.347e+17    9.124e+20  7.714e+14  2.851e+00 4.156e-06 7.582e-06 1.898e-05 4.913e-06 1.561e-05 1.471e-05  3.577e+13  7.105e-03  1.0631e-01  4.3613e-01
3.02058e+03  2.240e+00       5.386e+17    9.065e+20  8.038e+14  2.999e+00 4.231e-06 7.720e-06 1.900e-05 4.977e-06 1.586e-05 1.497e-05  3.818e+13  7.585e-03  1.0837e-01  4.3836e-01
2.91506e+03  2.296e+00       5.409e+17    8.979e+20  8.347e+14  3.151e+00 4.307e-06 7.858e-06 1.902e-05 5.041e-06 1.612e-05 1.524e-05  4.061e+13  8.066e-03  1.1043e-01  4.4052e-01
2.81432e+03  2.352e+00       5.417e+17    8.869e+20  8.643e+14  3.307e+00 4.384e-06 7.997e-06 1.904e-05 5.107e-06 1.637e-05 1.551e-05  4.303e+13  8.548e-03  1.1250e-01  4.4261e-01
2.71812e+03  2.408e+00       5.412e+17    8.739e+20  8.923e+14  3.466e+00 4.461e-06 8.138e-06 1.905e-05 5.173e-06 1.663e-05 1.578e-05  4.546e+13  9.030e-03  1.1457e-01  4.4464e-01
2.62624e+03  2.464e+00       5.395e+17    8.592e+20  9.190e+14  3.629e+00 4.538e-06 8.279e-06 1.907e-05 5.240e-06 1.689e-05 1.605e-05  4.788e+13  9.510e-03  1.1664e-01  4.4660e-01
2.53846e+03  2.520e+00       5.367e+17    8.431e+20  9.444e+14  3.796e+00 4.616e-06 8.421e-06 1.909e-05 5.307e-06 1.715e-05 1.633e-05  5.028e+13  9.989e-03  1.1872e-01  4.4850e-01
2.45458e+03  2.576e+00       5.331e+17    8.259e+20  9.683e+14  3.966e+00 4.694e-06 8.563e-06 1.911e-05 5.375e-06 1.741e-05 1.660e-05  5.268e+13  1.046e-02  1.2081e-01  4.5033e-01
2.37439e+03  2.632e+00       5.286e+17    8.078e+20  9.910e+14  4.141e+00 4.772e-06 8.707e-06 1.913e-05 5.444e-06 1.768e-05 1.688e-05  5.506e+13  1.094e-02  1.2289e-01  4.5211e-01
2.29771e+03  2.688e+00       5.234e+17    7.889e+20  1.013e+15  4.319e+00 4.851e-06 8.851e-06 1.915e-05 5.514e-06 1.794e-05 1.716e-05  5.743e+13  1.141e-02  1.2498e-01  4.5383e-01
2.22437e+03  2.744e+00       5.175e+17    7.696e+20  1.033e+15  4.501e+00 4.931e-06 8.996e-06 1.917e-05 5.583e-06 1.821e-05 1.744e-05  5.978e+13  1.187e-02  1.2707e-01  4.5549e-01
2.15419e+03  2.800e+00       5.112e+17    7.499e+20  1.052e+15  4.686e+00 5.010e-06 9.141e-06 1.919e-05 5.654e-06 1.848e-05 1.772e-05  6.210e+13  1.234e-02  1.2915e-01  4.5710e-01
