     Energy    K_Value       F.Density    GA.Brill.       Flux  Tot.Power  Nat.Size  Nat.Div.    Size.x    Size.y     Div.x     Div.y   Coh.Flux  Coh.Power   CohFrac.x   CohFrac.y
         eV          -  ph/s/mr^2/0.1%  F.Dens/mm^2  ph/s/0.1%         kW         m       rad         m         m       rad       rad  ph/s/0.1%          W           -           -
2.11972e+03  0.000e+00       0.000e+00    0.000e+00  0.000e+00  0.000e+00 5.051e-06 9.215e-06 1.920e-05 5.690e-06 1.151e-05 1.024e-05  0.000e+00  0.000e+00  2.1070e-01  7.9858e-01
2.11640e+03  5.600e-02       1.115e+16    1.623e+19  8.265e+12  1.874e-03 5.055e-06 9.222e-06 1.920e-05 5.693e-06 1.151e-05 1.025e-05  1.392e+12  2.765e-04  2.1089e-01  7.9872e-01
2.10651e+03  1.120e-01       4.408e+16    6.405e+19  3.283e+13  7.498e-03 5.067e-06 9.244e-06 1.920e-05 5.704e-06 1.153e-05 1.028e-05  5.547e+12  1.102e-03  2.1145e-01  7.9912e-01
2.09022e+03  1.680e-01       9.737e+16    1.410e+20  7.301e+13  1.687e-02 5.087e-06 9.280e-06 1.921e-05 5.722e-06 1.157e-05 1.032e-05  1.240e+13  2.464e-03  2.1239e-01  7.9980e-01
2.06784e+03  2.240e-01       1.687e+17    2.432e+20  1.277e+14  2.999e-02 5.114e-06 9.330e-06 1.922e-05 5.746e-06 1.162e-05 1.037e-05  2.185e+13  4.341e-03  2.1370e-01  8.0072e-01
2.03976e+03  2.800e-01       2.551e+17    3.656e+20  1.956e+14  4.686e-02 5.149e-06 9.394e-06 1.923e-05 5.777e-06 1.168e-05 1.044e-05  3.377e+13  6.707e-03  2.1532e-01  8.0168e-01
2.00646e+03  3.360e-01       3.532e+17    5.025e+20  2.749e+14  6.748e-02 5.192e-06 9.472e-06 1.924e-05 5.815e-06 1.176e-05 1.053e-05  4.797e+13  9.529e-03  2.1733e-01  8.0305e-01
1.96848e+03  3.920e-01       4.593e+17    6.480e+20  3.636e+14  9.185e-02 5.241e-06 9.563e-06 1.925e-05 5.860e-06 1.185e-05 1.063e-05  6.427e+13  1.277e-02  2.1968e-01  8.0464e-01
1.92640e+03  4.480e-01       5.698e+17    7.963e+20  4.599e+14  1.200e-01 5.298e-06 9.666e-06 1.927e-05 5.911e-06 1.195e-05 1.075e-05  8.246e+13  1.638e-02  2.2237e-01  8.0642e-01
1.88084e+03  5.040e-01       6.811e+17    9.419e+20  5.617e+14  1.518e-01 5.362e-06 9.783e-06 1.928e-05 5.968e-06 1.207e-05 1.087e-05  1.023e+14  2.033e-02  2.2536e-01  8.0835e-01
1.83240e+03  5.600e-01       7.902e+17    1.080e+21  6.672e+14  1.874e-01 5.433e-06 9.911e-06 1.930e-05 6.031e-06 1.220e-05 1.102e-05  1.236e+14  2.456e-02  2.2866e-01  8.1042e-01
1.78168e+03  6.160e-01       8.944e+17    1.207e+21  7.745e+14  2.268e-01 5.509e-06 1.005e-05 1.933e-05 6.101e-06 1.234e-05 1.117e-05  1.462e+14  2.903e-02  2.3224e-01  8.1261e-01
1.72926e+03  6.720e-01       9.914e+17    1.321e+21  8.821e+14  2.699e-01 5.592e-06 1.020e-05 1.935e-05 6.175e-06 1.249e-05 1.134e-05  1.697e+14  3.371e-02  2.3608e-01  8.1488e-01
1.67568e+03  7.280e-01       1.080e+18    1.418e+21  9.886e+14  3.168e-01 5.681e-06 1.036e-05 1.938e-05 6.256e-06 1.265e-05 1.152e-05  1.941e+14  3.855e-02  2.4018e-01  8.1723e-01
1.62141e+03  7.840e-01       1.158e+18    1.498e+21  1.093e+15  3.674e-01 5.775e-06 1.054e-05 1.940e-05 6.342e-06 1.283e-05 1.171e-05  2.190e+14  4.351e-02  2.4451e-01  8.1963e-01
1.56691e+03  8.400e-01       1.227e+18    1.562e+21  1.194e+15  4.218e-01 5.875e-06 1.072e-05 1.943e-05 6.432e-06 1.301e-05 1.191e-05  2.444e+14  4.856e-02  2.4906e-01  8.2206e-01
1.51256e+03  8.960e-01       1.284e+18    1.608e+21  1.291e+15  4.799e-01 5.979e-06 1.091e-05 1.947e-05 6.528e-06 1.320e-05 1.212e-05  2.701e+14  5.366e-02  2.5382e-01  8.2451e-01
1.45870e+03  9.520e-01       1.331e+18    1.639e+21  1.383e+15  5.417e-01 6.089e-06 1.111e-05 1.950e-05 6.629e-06 1.341e-05 1.234e-05  2.960e+14  5.880e-02  2.5876e-01  8.2695e-01
1.40562e+03  1.008e+00       1.368e+18    1.655e+21  1.471e+15  6.073e-01 6.203e-06 1.132e-05 1.953e-05 6.733e-06 1.362e-05 1.257e-05  3.219e+14  6.395e-02  2.6387e-01  8.2938e-01
1.35355e+03  1.064e+00       1.395e+18    1.658e+21  1.553e+15  6.767e-01 6.321e-06 1.153e-05 1.957e-05 6.842e-06 1.384e-05 1.281e-05  3.478e+14  6.908e-02  2.6913e-01  8.3179e-01
1.30268e+03  1.120e+00       1.413e+18    1.649e+21  1.631e+15  7.498e-01 6.443e-06 1.175e-05 1.961e-05 6.955e-06 1.407e-05 1.305e-05  3.735e+14  7.419e-02  2.7454e-01  8.3416e-01
1.25317e+03  1.176e+00       1.424e+18    1.630e+21  1.703e+15  8.266e-01 6.569e-06 1.198e-05 1.965e-05 7.072e-06 1.430e-05 1.331e-05  3.990e+14  7.925e-02  2.8008e-01  8.3649e-01
1.20513e+03  1.232e+00       1.427e+18    1.603e+21  1.770e+15  9.072e-01 6.699e-06 1.222e-05 1.970e-05 7.193e-06 1.455e-05 1.357e-05  4.242e+14  8.426e-02  2.8573e-01  8.3877e-01
1.15865e+03  1.288e+00       1.424e+18    1.569e+21  1.833e+15  9.916e-01 6.832e-06 1.246e-05 1.974e-05 7.317e-06 1.480e-05 1.384e-05  4.491e+14  8.922e-02  2.9142e-01  8.4080e-01
1.11378e+03  1.344e+00       1.416e+18    1.529e+21  1.891e+15  1.080e+00 6.968e-06 1.271e-05 1.979e-05 7.444e-06 1.506e-05 1.412e-05  4.737e+14  9.410e-02  2.9726e-01  8.4296e-01
1.07057e+03  1.400e+00       1.402e+18    1.485e+21  1.944e+15  1.172e+00 7.107e-06 1.297e-05 1.984e-05 7.575e-06 1.532e-05 1.440e-05  4.979e+14  9.891e-02  3.0318e-01  8.4505e-01
1.02901e+03  1.456e+00       1.385e+18    1.438e+21  1.992e+15  1.267e+00 7.250e-06 1.323e-05 1.989e-05 7.708e-06 1.559e-05 1.468e-05  5.218e+14  1.036e-01  3.0916e-01  8.4708e-01
9.89103e+02  1.512e+00       1.365e+18    1.388e+21  2.037e+15  1.366e+00 7.394e-06 1.349e-05 1.995e-05 7.845e-06 1.587e-05 1.498e-05  5.452e+14  1.083e-01  3.1520e-01  8.4904e-01
9.50840e+02  1.568e+00       1.341e+18    1.337e+21  2.078e+15  1.470e+00 7.542e-06 1.376e-05 2.000e-05 7.984e-06 1.615e-05 1.527e-05  5.683e+14  1.129e-01  3.2130e-01  8.5094e-01
9.14189e+02  1.624e+00       1.316e+18    1.285e+21  2.116e+15  1.576e+00 7.691e-06 1.403e-05 2.006e-05 8.125e-06 1.643e-05 1.558e-05  5.909e+14  1.174e-01  3.2743e-01  8.5276e-01
8.79114e+02  1.680e+00       1.289e+18    1.233e+21  2.151e+15  1.687e+00 7.843e-06 1.431e-05 2.012e-05 8.269e-06 1.672e-05 1.588e-05  6.131e+14  1.218e-01  3.3359e-01  8.5452e-01
8.45571e+02  1.736e+00       1.260e+18    1.181e+21  2.183e+15  1.801e+00 7.997e-06 1.459e-05 2.018e-05 8.415e-06 1.702e-05 1.619e-05  6.350e+14  1.261e-01  3.3978e-01  8.5622e-01
8.13514e+02  1.792e+00       1.231e+18    1.130e+21  2.212e+15  1.919e+00 8.153e-06 1.487e-05 2.024e-05 8.564e-06 1.732e-05 1.651e-05  6.564e+14  1.304e-01  3.4598e-01  8.5785e-01
7.82891e+02  1.848e+00       1.201e+18    1.081e+21  2.238e+15  2.041e+00 8.311e-06 1.516e-05 2.030e-05 8.714e-06 1.762e-05 1.683e-05  6.775e+14  1.346e-01  3.5220e-01  8.5942e-01
7.53649e+02  1.904e+00       1.171e+18    1.032e+21  2.263e+15  2.167e+00 8.471e-06 1.545e-05 2.037e-05 8.867e-06 1.793e-05 1.715e-05  6.982e+14  1.387e-01  3.5842e-01  8.6093e-01
7.25732e+02  1.960e+00       1.141e+18    9.847e+20  2.286e+15  2.296e+00 8.632e-06 1.575e-05 2.044e-05 9.021e-06 1.825e-05 1.748e-05  7.185e+14  1.427e-01  3.6457e-01  8.6220e-01
6.99086e+02  2.016e+00       1.110e+18    9.391e+20  2.306e+15  2.429e+00 8.795e-06 1.605e-05 2.051e-05 9.177e-06 1.856e-05 1.781e-05  7.384e+14  1.467e-01  3.7077e-01  8.6358e-01
6.73655e+02  2.072e+00       1.080e+18    8.951e+20  2.325e+15  2.566e+00 8.960e-06 1.635e-05 2.058e-05 9.335e-06 1.888e-05 1.814e-05  7.580e+14  1.506e-01  3.7696e-01  8.6491e-01
6.49385e+02  2.128e+00       1.051e+18    8.529e+20  2.342e+15  2.707e+00 9.126e-06 1.665e-05 2.065e-05 9.494e-06 1.920e-05 1.847e-05  7.773e+14  1.544e-01  3.8314e-01  8.6618e-01
6.26223e+02  2.184e+00       1.021e+18    8.125e+20  2.358e+15  2.851e+00 9.293e-06 1.695e-05 2.072e-05 9.655e-06 1.953e-05 1.881e-05  7.962e+14  1.582e-01  3.8929e-01  8.6740e-01
6.04115e+02  2.240e+00       9.928e+17    7.737e+20  2.372e+15  2.999e+00 9.462e-06 1.726e-05 2.080e-05 9.817e-06 1.986e-05 1.915e-05  8.148e+14  1.618e-01  3.9542e-01  8.6857e-01
5.83012e+02  2.296e+00       9.647e+17    7.368e+20  2.386e+15  3.151e+00 9.631e-06 1.757e-05 2.088e-05 9.981e-06 2.019e-05 1.950e-05  8.330e+14  1.655e-01  4.0152e-01  8.6969e-01
5.62864e+02  2.352e+00       9.373e+17    7.015e+20  2.398e+15  3.307e+00 9.802e-06 1.788e-05 2.096e-05 1.015e-05 2.052e-05 1.984e-05  8.510e+14  1.690e-01  4.0759e-01  8.7077e-01
5.43625e+02  2.408e+00       9.106e+17    6.680e+20  2.409e+15  3.466e+00 9.974e-06 1.820e-05 2.104e-05 1.031e-05 2.086e-05 2.019e-05  8.686e+14  1.725e-01  4.1362e-01  8.7180e-01
5.25249e+02  2.464e+00       8.846e+17    6.360e+20  2.419e+15  3.629e+00 1.015e-05 1.851e-05 2.112e-05 1.048e-05 2.119e-05 2.054e-05  8.860e+14  1.760e-01  4.1962e-01  8.7279e-01
5.07693e+02  2.520e+00       8.593e+17    6.057e+20  2.429e+15  3.796e+00 1.032e-05 1.883e-05 2.121e-05 1.065e-05 2.154e-05 2.089e-05  9.030e+14  1.794e-01  4.2550e-01  8.7359e-01
4.90916e+02  2.576e+00       8.348e+17    5.768e+20  2.438e+15  3.966e+00 1.050e-05 1.915e-05 2.129e-05 1.082e-05 2.188e-05 2.124e-05  9.198e+14  1.827e-01  4.3141e-01  8.7450e-01
4.74878e+02  2.632e+00       8.110e+17    5.494e+20  2.446e+15  4.141e+00 1.067e-05 1.947e-05 2.138e-05 1.099e-05 2.223e-05 2.160e-05  9.363e+14  1.860e-01  4.3727e-01  8.7537e-01
4.59542e+02  2.688e+00       7.879e+17    5.234e+20  2.454e+15  4.319e+00 1.085e-05 1.979e-05 2.147e-05 1.116e-05 2.257e-05 2.196e-05  9.526e+14  1.892e-01  4.4308e-01  8.7621e-01
4.44873e+02  2.744e+00       7.656e+17    4.988e+20  2.460e+15  4.501e+00 1.103e-05 2.011e-05 2.156e-05 1.133e-05 2.292e-05 2.231e-05  9.685e+14  1.924e-01  4.4884e-01  8.7701e-01
4.30837e+02  2.800e+00       7.440e+17    4.754e+20  2.467e+15  4.686e+00 1.120e-05 2.044e-05 2.165e-05 1.151e-05 2.327e-05 2.267e-05  9.842e+14  1.955e-01  4.5455e-01  8.7778e-01
