     Energy    K_Value       F.Density    GA.Brill.       Flux  Tot.Power  Nat.Size  Nat.Div.    Size.x    Size.y     Div.x     Div.y   Coh.Flux  Coh.Power   CohFrac.x   CohFrac.y
         eV          -  ph/s/mr^2/0.1%  F.Dens/mm^2  ph/s/0.1%         kW         m       rad         m         m       rad       rad  ph/s/0.1%          W           -           -
2.33169e+04  0.000e+00       0.000e+00    0.000e+00  0.000e+00  0.000e+00 1.523e-06 2.778e-06 1.859e-05 3.030e-06 9.400e-06 7.804e-06  0.000e+00  0.000e+00  2.4219e-02  1.7893e-01
2.32804e+04  5.600e-02       2.998e-11    8.469e-08  1.384e-14  1.874e-03 1.524e-06 2.781e-06 1.859e-05 3.031e-06 9.405e-06 7.810e-06  6.006e-17  1.193e-32  2.4244e-02  1.7903e-01
2.31716e+04  1.120e-01       1.184e-04    3.344e-01  5.488e-08  7.498e-03 1.528e-06 2.787e-06 1.859e-05 3.033e-06 9.420e-06 7.829e-06  2.393e-10  4.754e-26  2.4319e-02  1.7935e-01
2.29924e+04  1.680e-01       8.023e-01    2.263e+03  3.742e-04  1.687e-02 1.534e-06 2.798e-06 1.859e-05 3.036e-06 9.445e-06 7.859e-06  1.645e-06  3.268e-22  2.4442e-02  1.7988e-01
2.27462e+04  2.240e-01       3.917e+02    1.103e+06  1.843e-01  2.999e-02 1.542e-06 2.813e-06 1.859e-05 3.040e-06 9.480e-06 7.901e-06  8.195e-04  1.628e-19  2.4615e-02  1.8061e-01
2.24374e+04  2.800e-01       4.450e+04    1.251e+08  2.119e+01  4.686e-02 1.553e-06 2.832e-06 1.859e-05 3.045e-06 9.525e-06 7.955e-06  9.552e-02  1.897e-17  2.4835e-02  1.8154e-01
2.20710e+04  3.360e-01       1.985e+06    5.569e+09  9.582e+02  6.748e-02 1.565e-06 2.856e-06 1.859e-05 3.052e-06 9.579e-06 8.020e-06  4.393e+00  8.727e-16  2.5102e-02  1.8266e-01
2.16532e+04  3.920e-01       4.597e+07    1.286e+11  2.255e+04  9.185e-02 1.580e-06 2.883e-06 1.859e-05 3.059e-06 9.643e-06 8.096e-06  1.054e+02  2.094e-14  2.5415e-02  1.8396e-01
2.11904e+04  4.480e-01       6.537e+08    1.824e+12  3.266e+05  1.200e-01 1.598e-06 2.915e-06 1.859e-05 3.068e-06 9.717e-06 8.183e-06  1.561e+03  3.100e-13  2.5772e-02  1.8543e-01
2.06892e+04  5.040e-01       6.364e+09    1.769e+13  3.245e+06  1.518e-01 1.617e-06 2.950e-06 1.859e-05 3.078e-06 9.799e-06 8.281e-06  1.589e+04  3.156e-12  2.6172e-02  1.8707e-01
2.01564e+04  5.600e-01       4.572e+10    1.267e+14  2.384e+07  1.874e-01 1.638e-06 2.988e-06 1.860e-05 3.090e-06 9.890e-06 8.389e-06  1.198e+05  2.380e-11  2.6614e-02  1.8886e-01
1.95985e+04  6.160e-01       2.560e+11    7.061e+14  1.367e+08  2.268e-01 1.661e-06 3.031e-06 1.860e-05 3.102e-06 9.990e-06 8.506e-06  7.065e+05  1.403e-10  2.7094e-02  1.9079e-01
1.90219e+04  6.720e-01       1.163e+12    3.194e+15  6.370e+08  2.699e-01 1.686e-06 3.076e-06 1.860e-05 3.115e-06 1.010e-05 8.633e-06  3.392e+06  6.738e-10  2.7613e-02  1.9285e-01
1.84325e+04  7.280e-01       4.424e+12    1.209e+16  2.490e+09  3.168e-01 1.713e-06 3.125e-06 1.860e-05 3.130e-06 1.022e-05 8.769e-06  1.368e+07  2.717e-09  2.8168e-02  1.9502e-01
1.78355e+04  7.840e-01       1.446e+13    3.931e+16  8.371e+09  3.674e-01 1.741e-06 3.177e-06 1.861e-05 3.146e-06 1.034e-05 8.913e-06  4.749e+07  9.434e-09  2.8756e-02  1.9730e-01
1.72360e+04  8.400e-01       4.140e+13    1.120e+17  2.469e+10  4.218e-01 1.771e-06 3.232e-06 1.861e-05 3.162e-06 1.047e-05 9.066e-06  1.448e+08  2.877e-08  2.9378e-02  1.9966e-01
1.66382e+04  8.960e-01       1.056e+14    2.841e+17  6.498e+10  4.799e-01 1.803e-06 3.289e-06 1.861e-05 3.180e-06 1.061e-05 9.226e-06  3.944e+08  7.834e-08  3.0029e-02  2.0211e-01
1.60457e+04  9.520e-01       2.437e+14    6.513e+17  1.547e+11  5.417e-01 1.836e-06 3.349e-06 1.861e-05 3.199e-06 1.076e-05 9.394e-06  9.722e+08  1.931e-07  3.0710e-02  2.0462e-01
1.54618e+04  1.008e+00       5.142e+14    1.366e+18  3.373e+11  6.073e-01 1.870e-06 3.412e-06 1.862e-05 3.219e-06 1.091e-05 9.569e-06  2.195e+09  4.361e-07  3.1418e-02  2.0719e-01
1.48890e+04  1.064e+00       1.003e+15    2.646e+18  6.799e+11  6.767e-01 1.906e-06 3.477e-06 1.862e-05 3.240e-06 1.107e-05 9.750e-06  4.586e+09  9.110e-07  3.2151e-02  2.0980e-01
1.43295e+04  1.120e+00       1.824e+15    4.778e+18  1.279e+12  7.498e-01 1.943e-06 3.544e-06 1.863e-05 3.261e-06 1.123e-05 9.937e-06  8.942e+09  1.776e-06  3.2908e-02  2.1245e-01
1.37848e+04  1.176e+00       3.116e+15    8.106e+18  2.262e+12  8.266e-01 1.981e-06 3.614e-06 1.863e-05 3.284e-06 1.140e-05 1.013e-05  1.639e+10  3.256e-06  3.3687e-02  2.1513e-01
1.32564e+04  1.232e+00       5.038e+15    1.301e+19  3.787e+12  9.072e-01 2.020e-06 3.685e-06 1.863e-05 3.308e-06 1.158e-05 1.033e-05  2.845e+10  5.650e-06  3.4487e-02  2.1783e-01
1.27452e+04  1.288e+00       7.751e+15    1.986e+19  6.035e+12  9.916e-01 2.060e-06 3.758e-06 1.864e-05 3.333e-06 1.176e-05 1.053e-05  4.699e+10  9.334e-06  3.5306e-02  2.2054e-01
1.22516e+04  1.344e+00       1.141e+16    2.901e+19  9.204e+12  1.080e+00 2.101e-06 3.833e-06 1.864e-05 3.358e-06 1.195e-05 1.074e-05  7.427e+10  1.475e-05  3.6144e-02  2.2325e-01
1.17762e+04  1.400e+00       1.614e+16    4.071e+19  1.350e+13  1.172e+00 2.143e-06 3.910e-06 1.865e-05 3.385e-06 1.214e-05 1.096e-05  1.128e+11  2.241e-05  3.6998e-02  2.2596e-01
1.13191e+04  1.456e+00       2.205e+16    5.514e+19  1.911e+13  1.267e+00 2.186e-06 3.988e-06 1.865e-05 3.412e-06 1.234e-05 1.117e-05  1.654e+11  3.285e-05  3.7863e-02  2.2862e-01
1.08801e+04  1.512e+00       2.917e+16    7.233e+19  2.620e+13  1.366e+00 2.229e-06 4.067e-06 1.866e-05 3.440e-06 1.254e-05 1.140e-05  2.348e+11  4.664e-05  3.8747e-02  2.3130e-01
1.04592e+04  1.568e+00       3.750e+16    9.219e+19  3.492e+13  1.470e+00 2.274e-06 4.148e-06 1.866e-05 3.469e-06 1.275e-05 1.162e-05  3.238e+11  6.433e-05  3.9645e-02  2.3396e-01
1.00561e+04  1.624e+00       4.699e+16    1.145e+20  4.535e+13  1.576e+00 2.319e-06 4.231e-06 1.867e-05 3.499e-06 1.296e-05 1.185e-05  4.351e+11  8.644e-05  4.0555e-02  2.3659e-01
9.67025e+03  1.680e+00       5.754e+16    1.390e+20  5.756e+13  1.687e+00 2.365e-06 4.314e-06 1.867e-05 3.529e-06 1.317e-05 1.209e-05  5.710e+11  1.134e-04  4.1476e-02  2.3920e-01
9.30128e+03  1.736e+00       6.901e+16    1.651e+20  7.154e+13  1.801e+00 2.411e-06 4.399e-06 1.868e-05 3.560e-06 1.339e-05 1.232e-05  7.336e+11  1.457e-04  4.2408e-02  2.4177e-01
8.94866e+03  1.792e+00       8.124e+16    1.926e+20  8.727e+13  1.919e+00 2.458e-06 4.485e-06 1.869e-05 3.593e-06 1.361e-05 1.256e-05  9.243e+11  1.836e-04  4.3350e-02  2.4431e-01
8.61180e+03  1.848e+00       9.403e+16    2.208e+20  1.047e+14  2.041e+00 2.506e-06 4.572e-06 1.869e-05 3.625e-06 1.383e-05 1.280e-05  1.144e+12  2.273e-04  4.4302e-02  2.4681e-01
8.29014e+03  1.904e+00       1.072e+17    2.494e+20  1.236e+14  2.167e+00 2.554e-06 4.660e-06 1.870e-05 3.659e-06 1.406e-05 1.305e-05  1.394e+12  2.770e-04  4.5261e-02  2.4927e-01
7.98305e+03  1.960e+00       1.205e+17    2.777e+20  1.439e+14  2.296e+00 2.603e-06 4.748e-06 1.871e-05 3.693e-06 1.429e-05 1.330e-05  1.675e+12  3.326e-04  4.6229e-02  2.5169e-01
7.68995e+03  2.016e+00       1.339e+17    3.054e+20  1.655e+14  2.429e+00 2.652e-06 4.838e-06 1.871e-05 3.728e-06 1.453e-05 1.355e-05  1.985e+12  3.943e-04  4.7203e-02  2.5407e-01
7.41021e+03  2.072e+00       1.470e+17    3.321e+20  1.881e+14  2.566e+00 2.701e-06 4.929e-06 1.872e-05 3.763e-06 1.476e-05 1.380e-05  2.324e+12  4.617e-04  4.8185e-02  2.5639e-01
7.14324e+03  2.128e+00       1.598e+17    3.575e+20  2.117e+14  2.707e+00 2.752e-06 5.020e-06 1.873e-05 3.799e-06 1.500e-05 1.405e-05  2.693e+12  5.349e-04  4.9172e-02  2.5868e-01
6.88845e+03  2.184e+00       1.722e+17    3.813e+20  2.359e+14  2.851e+00 2.802e-06 5.112e-06 1.873e-05 3.836e-06 1.524e-05 1.431e-05  3.088e+12  6.134e-04  5.0165e-02  2.6091e-01
6.64527e+03  2.240e+00       1.839e+17    4.032e+20  2.607e+14  2.999e+00 2.853e-06 5.205e-06 1.874e-05 3.873e-06 1.548e-05 1.457e-05  3.509e+12  6.970e-04  5.1163e-02  2.6310e-01
6.41313e+03  2.296e+00       1.950e+17    4.232e+20  2.858e+14  3.151e+00 2.904e-06 5.298e-06 1.875e-05 3.911e-06 1.573e-05 1.483e-05  3.954e+12  7.855e-04  5.2166e-02  2.6525e-01
6.19150e+03  2.352e+00       2.053e+17    4.411e+20  3.111e+14  3.307e+00 2.955e-06 5.392e-06 1.876e-05 3.949e-06 1.598e-05 1.509e-05  4.422e+12  8.784e-04  5.3173e-02  2.6734e-01
5.97987e+03  2.408e+00       2.149e+17    4.569e+20  3.364e+14  3.466e+00 3.007e-06 5.486e-06 1.877e-05 3.988e-06 1.623e-05 1.536e-05  4.911e+12  9.755e-04  5.4184e-02  2.6939e-01
5.77774e+03  2.464e+00       2.236e+17    4.706e+20  3.617e+14  3.629e+00 3.059e-06 5.582e-06 1.877e-05 4.028e-06 1.648e-05 1.562e-05  5.418e+12  1.076e-03  5.5199e-02  2.7139e-01
5.58462e+03  2.520e+00       2.315e+17    4.823e+20  3.867e+14  3.796e+00 3.112e-06 5.677e-06 1.878e-05 4.068e-06 1.673e-05 1.589e-05  5.942e+12  1.180e-03  5.6217e-02  2.7334e-01
5.40007e+03  2.576e+00       2.386e+17    4.918e+20  4.114e+14  3.966e+00 3.165e-06 5.773e-06 1.879e-05 4.108e-06 1.699e-05 1.616e-05  6.482e+12  1.288e-03  5.7237e-02  2.7524e-01
5.22366e+03  2.632e+00       2.448e+17    4.995e+20  4.358e+14  4.141e+00 3.218e-06 5.870e-06 1.880e-05 4.149e-06 1.724e-05 1.643e-05  7.035e+12  1.397e-03  5.8261e-02  2.7710e-01
5.05497e+03  2.688e+00       2.503e+17    5.053e+20  4.597e+14  4.319e+00 3.271e-06 5.967e-06 1.881e-05 4.191e-06 1.750e-05 1.670e-05  7.600e+12  1.510e-03  5.9281e-02  2.7888e-01
4.89361e+03  2.744e+00       2.549e+17    5.094e+20  4.830e+14  4.501e+00 3.324e-06 6.065e-06 1.882e-05 4.232e-06 1.776e-05 1.697e-05  8.175e+12  1.624e-03  6.0309e-02  2.8065e-01
4.73921e+03  2.800e+00       2.589e+17    5.119e+20  5.057e+14  4.686e+00 3.378e-06 6.163e-06 1.883e-05 4.275e-06 1.803e-05 1.725e-05  8.758e+12  1.740e-03  6.1338e-02  2.8237e-01
