     Energy    K_Value       F.Density    GA.Brill.       Flux  Tot.Power  Nat.Size  Nat.Div.    Size.x    Size.y     Div.x     Div.y   Coh.Flux  Coh.Power   CohFrac.x   CohFrac.y
         eV          -  ph/s/mr^2/0.1%  F.Dens/mm^2  ph/s/0.1%         kW         m       rad         m         m       rad       rad  ph/s/0.1%          W           -           -
4.04201e+03  3.000e-01       4.706e+13    6.907e+15  4.088e+11  2.121e-02 2.382e-06 1.025e-05 8.595e-05 1.262e-05 8.686e-05 1.592e-05  1.625e+08  3.227e-08  3.2696e-03  1.2154e-01
4.03119e+03  3.092e-01       5.581e+13    8.190e+15  4.852e+11  2.253e-02 2.385e-06 1.026e-05 8.595e-05 1.262e-05 8.686e-05 1.593e-05  1.937e+08  3.847e-08  3.2783e-03  1.2176e-01
4.02010e+03  3.184e-01       6.581e+13    9.656e+15  5.726e+11  2.389e-02 2.388e-06 1.028e-05 8.595e-05 1.262e-05 8.686e-05 1.594e-05  2.296e+08  4.561e-08  3.2872e-03  1.2198e-01
4.00875e+03  3.276e-01       7.718e+13    1.132e+16  6.723e+11  2.529e-02 2.391e-06 1.029e-05 8.595e-05 1.262e-05 8.687e-05 1.596e-05  2.708e+08  5.380e-08  3.2964e-03  1.2221e-01
3.99714e+03  3.368e-01       9.007e+13    1.322e+16  7.853e+11  2.674e-02 2.395e-06 1.031e-05 8.595e-05 1.262e-05 8.687e-05 1.597e-05  3.179e+08  6.314e-08  3.3059e-03  1.2244e-01
3.98528e+03  3.461e-01       1.046e+14    1.535e+16  9.129e+11  2.822e-02 2.398e-06 1.032e-05 8.595e-05 1.262e-05 8.687e-05 1.599e-05  3.714e+08  7.377e-08  3.3156e-03  1.2268e-01
3.97317e+03  3.553e-01       1.209e+14    1.774e+16  1.057e+12  2.974e-02 2.402e-06 1.034e-05 8.595e-05 1.262e-05 8.687e-05 1.600e-05  4.319e+08  8.580e-08  3.3256e-03  1.2293e-01
3.96082e+03  3.645e-01       1.392e+14    2.042e+16  1.217e+12  3.130e-02 2.406e-06 1.035e-05 8.595e-05 1.262e-05 8.688e-05 1.602e-05  5.003e+08  9.938e-08  3.3359e-03  1.2318e-01
3.94824e+03  3.737e-01       1.596e+14    2.341e+16  1.397e+12  3.290e-02 2.410e-06 1.037e-05 8.595e-05 1.262e-05 8.688e-05 1.604e-05  5.772e+08  1.146e-07  3.3464e-03  1.2344e-01
3.93542e+03  3.829e-01       1.822e+14    2.673e+16  1.597e+12  3.455e-02 2.414e-06 1.039e-05 8.595e-05 1.262e-05 8.688e-05 1.605e-05  6.633e+08  1.318e-07  3.3572e-03  1.2370e-01
3.92238e+03  3.921e-01       2.073e+14    3.041e+16  1.819e+12  3.623e-02 2.418e-06 1.040e-05 8.595e-05 1.262e-05 8.689e-05 1.607e-05  7.596e+08  1.509e-07  3.3682e-03  1.2398e-01
3.90911e+03  4.013e-01       2.350e+14    3.447e+16  2.064e+12  3.795e-02 2.422e-06 1.042e-05 8.595e-05 1.263e-05 8.689e-05 1.609e-05  8.668e+08  1.722e-07  3.3795e-03  1.2425e-01
3.89563e+03  4.105e-01       2.655e+14    3.893e+16  2.334e+12  3.971e-02 2.426e-06 1.044e-05 8.595e-05 1.263e-05 8.689e-05 1.611e-05  9.858e+08  1.958e-07  3.3911e-03  1.2453e-01
3.88194e+03  4.197e-01       2.989e+14    4.383e+16  2.631e+12  4.151e-02 2.430e-06 1.046e-05 8.595e-05 1.263e-05 8.690e-05 1.613e-05  1.118e+09  2.220e-07  3.4029e-03  1.2482e-01
3.86805e+03  4.289e-01       3.355e+14    4.919e+16  2.957e+12  4.335e-02 2.435e-06 1.048e-05 8.595e-05 1.263e-05 8.690e-05 1.614e-05  1.263e+09  2.510e-07  3.4150e-03  1.2512e-01
3.85396e+03  4.382e-01       3.754e+14    5.503e+16  3.313e+12  4.524e-02 2.439e-06 1.050e-05 8.595e-05 1.263e-05 8.690e-05 1.616e-05  1.424e+09  2.829e-07  3.4273e-03  1.2542e-01
3.83967e+03  4.474e-01       4.188e+14    6.139e+16  3.700e+12  4.716e-02 2.444e-06 1.052e-05 8.595e-05 1.263e-05 8.691e-05 1.618e-05  1.600e+09  3.179e-07  3.4399e-03  1.2572e-01
3.82519e+03  4.566e-01       4.659e+14    6.830e+16  4.122e+12  4.912e-02 2.448e-06 1.054e-05 8.595e-05 1.263e-05 8.691e-05 1.620e-05  1.794e+09  3.563e-07  3.4528e-03  1.2603e-01
3.81054e+03  4.658e-01       5.169e+14    7.577e+16  4.580e+12  5.112e-02 2.453e-06 1.056e-05 8.595e-05 1.263e-05 8.692e-05 1.622e-05  2.005e+09  3.984e-07  3.4659e-03  1.2635e-01
3.79570e+03  4.750e-01       5.720e+14    8.385e+16  5.075e+12  5.316e-02 2.458e-06 1.058e-05 8.595e-05 1.263e-05 8.692e-05 1.624e-05  2.237e+09  4.443e-07  3.4793e-03  1.2667e-01
3.78069e+03  4.842e-01       6.314e+14    9.255e+16  5.609e+12  5.525e-02 2.463e-06 1.060e-05 8.595e-05 1.263e-05 8.692e-05 1.626e-05  2.488e+09  4.943e-07  3.4929e-03  1.2700e-01
3.76552e+03  4.934e-01       6.953e+14    1.019e+17  6.185e+12  5.737e-02 2.467e-06 1.062e-05 8.595e-05 1.263e-05 8.693e-05 1.629e-05  2.762e+09  5.486e-07  3.5068e-03  1.2734e-01
3.75018e+03  5.026e-01       7.639e+14    1.119e+17  6.804e+12  5.953e-02 2.473e-06 1.064e-05 8.595e-05 1.264e-05 8.693e-05 1.631e-05  3.059e+09  6.076e-07  3.5210e-03  1.2767e-01
3.73469e+03  5.118e-01       8.373e+14    1.227e+17  7.469e+12  6.173e-02 2.478e-06 1.066e-05 8.595e-05 1.264e-05 8.694e-05 1.633e-05  3.380e+09  6.715e-07  3.5354e-03  1.2802e-01
3.71905e+03  5.211e-01       9.158e+14    1.342e+17  8.180e+12  6.397e-02 2.483e-06 1.069e-05 8.595e-05 1.264e-05 8.694e-05 1.635e-05  3.728e+09  7.406e-07  3.5501e-03  1.2837e-01
3.70326e+03  5.303e-01       9.994e+14    1.464e+17  8.941e+12  6.625e-02 2.488e-06 1.071e-05 8.595e-05 1.264e-05 8.694e-05 1.638e-05  4.103e+09  8.151e-07  3.5651e-03  1.2873e-01
3.68734e+03  5.395e-01       1.089e+15    1.595e+17  9.752e+12  6.858e-02 2.493e-06 1.073e-05 8.595e-05 1.264e-05 8.695e-05 1.640e-05  4.507e+09  8.953e-07  3.5803e-03  1.2909e-01
3.67128e+03  5.487e-01       1.183e+15    1.733e+17  1.062e+13  7.094e-02 2.499e-06 1.075e-05 8.595e-05 1.264e-05 8.695e-05 1.642e-05  4.942e+09  9.817e-07  3.5958e-03  1.2945e-01
3.65509e+03  5.579e-01       1.284e+15    1.880e+17  1.154e+13  7.334e-02 2.504e-06 1.078e-05 8.595e-05 1.264e-05 8.696e-05 1.645e-05  5.409e+09  1.074e-06  3.6115e-03  1.2983e-01
3.63877e+03  5.671e-01       1.390e+15    2.036e+17  1.251e+13  7.578e-02 2.510e-06 1.080e-05 8.595e-05 1.264e-05 8.696e-05 1.647e-05  5.909e+09  1.174e-06  3.6275e-03  1.3020e-01
3.62234e+03  5.763e-01       1.503e+15    2.200e+17  1.354e+13  7.826e-02 2.516e-06 1.083e-05 8.595e-05 1.264e-05 8.697e-05 1.650e-05  6.445e+09  1.280e-06  3.6437e-03  1.3058e-01
3.60579e+03  5.855e-01       1.621e+15    2.374e+17  1.464e+13  8.078e-02 2.522e-06 1.085e-05 8.595e-05 1.265e-05 8.697e-05 1.652e-05  7.017e+09  1.394e-06  3.6602e-03  1.3097e-01
3.58914e+03  5.947e-01       1.746e+15    2.557e+17  1.579e+13  8.335e-02 2.527e-06 1.088e-05 8.596e-05 1.265e-05 8.698e-05 1.655e-05  7.628e+09  1.515e-06  3.6770e-03  1.3136e-01
3.57238e+03  6.039e-01       1.878e+15    2.750e+17  1.701e+13  8.595e-02 2.533e-06 1.090e-05 8.596e-05 1.265e-05 8.698e-05 1.657e-05  8.280e+09  1.645e-06  3.6940e-03  1.3176e-01
3.55553e+03  6.132e-01       2.016e+15    2.952e+17  1.829e+13  8.859e-02 2.539e-06 1.093e-05 8.596e-05 1.265e-05 8.699e-05 1.660e-05  8.973e+09  1.782e-06  3.7113e-03  1.3217e-01
3.53858e+03  6.224e-01       2.162e+15    3.164e+17  1.964e+13  9.127e-02 2.545e-06 1.095e-05 8.596e-05 1.265e-05 8.699e-05 1.663e-05  9.711e+09  1.929e-06  3.7289e-03  1.3257e-01
3.52154e+03  6.316e-01       2.314e+15    3.386e+17  2.106e+13  9.399e-02 2.552e-06 1.098e-05 8.596e-05 1.265e-05 8.700e-05 1.665e-05  1.049e+10  2.084e-06  3.7467e-03  1.3299e-01
3.50442e+03  6.408e-01       2.473e+15    3.619e+17  2.255e+13  9.675e-02 2.558e-06 1.101e-05 8.596e-05 1.265e-05 8.700e-05 1.668e-05  1.132e+10  2.249e-06  3.7648e-03  1.3340e-01
3.48723e+03  6.500e-01       2.639e+15    3.862e+17  2.410e+13  9.955e-02 2.564e-06 1.103e-05 8.596e-05 1.265e-05 8.701e-05 1.671e-05  1.220e+10  2.424e-06  3.7831e-03  1.3383e-01
3.46995e+03  6.592e-01       2.812e+15    4.115e+17  2.573e+13  1.024e-01 2.570e-06 1.106e-05 8.596e-05 1.266e-05 8.701e-05 1.674e-05  1.313e+10  2.609e-06  3.8017e-03  1.3425e-01
3.45261e+03  6.684e-01       2.994e+15    4.381e+17  2.745e+13  1.053e-01 2.577e-06 1.109e-05 8.596e-05 1.266e-05 8.702e-05 1.677e-05  1.412e+10  2.805e-06  3.8205e-03  1.3466e-01
3.43521e+03  6.776e-01       3.183e+15    4.656e+17  2.923e+13  1.082e-01 2.583e-06 1.112e-05 8.596e-05 1.266e-05 8.702e-05 1.680e-05  1.516e+10  3.012e-06  3.8396e-03  1.3509e-01
3.41774e+03  6.868e-01       3.378e+15    4.941e+17  3.108e+13  1.112e-01 2.590e-06 1.115e-05 8.596e-05 1.266e-05 8.703e-05 1.683e-05  1.626e+10  3.229e-06  3.8590e-03  1.3553e-01
3.40022e+03  6.961e-01       3.582e+15    5.238e+17  3.301e+13  1.142e-01 2.597e-06 1.117e-05 8.596e-05 1.266e-05 8.704e-05 1.685e-05  1.741e+10  3.459e-06  3.8786e-03  1.3598e-01
3.38264e+03  7.053e-01       3.792e+15    5.545e+17  3.502e+13  1.172e-01 2.603e-06 1.120e-05 8.596e-05 1.266e-05 8.704e-05 1.688e-05  1.862e+10  3.700e-06  3.8985e-03  1.3643e-01
3.36503e+03  7.145e-01       4.010e+15    5.864e+17  3.710e+13  1.203e-01 2.610e-06 1.123e-05 8.596e-05 1.266e-05 8.705e-05 1.691e-05  1.990e+10  3.953e-06  3.9186e-03  1.3689e-01
3.34736e+03  7.237e-01       4.236e+15    6.193e+17  3.926e+13  1.234e-01 2.617e-06 1.126e-05 8.596e-05 1.266e-05 8.705e-05 1.695e-05  2.124e+10  4.220e-06  3.9390e-03  1.3735e-01
3.32966e+03  7.329e-01       4.470e+15    6.534e+17  4.151e+13  1.266e-01 2.624e-06 1.129e-05 8.596e-05 1.267e-05 8.706e-05 1.698e-05  2.265e+10  4.499e-06  3.9597e-03  1.3781e-01
3.31193e+03  7.421e-01       4.711e+15    6.886e+17  4.383e+13  1.298e-01 2.631e-06 1.132e-05 8.596e-05 1.267e-05 8.706e-05 1.701e-05  2.412e+10  4.792e-06  3.9806e-03  1.3828e-01
3.29416e+03  7.513e-01       4.960e+15    7.248e+17  4.623e+13  1.330e-01 2.638e-06 1.135e-05 8.596e-05 1.267e-05 8.707e-05 1.704e-05  2.567e+10  5.099e-06  4.0018e-03  1.3875e-01
3.27637e+03  7.605e-01       5.216e+15    7.622e+17  4.871e+13  1.363e-01 2.645e-06 1.138e-05 8.596e-05 1.267e-05 8.708e-05 1.707e-05  2.729e+10  5.420e-06  4.0232e-03  1.3923e-01
3.25856e+03  7.697e-01       5.480e+15    8.006e+17  5.128e+13  1.396e-01 2.652e-06 1.142e-05 8.596e-05 1.267e-05 8.708e-05 1.710e-05  2.898e+10  5.756e-06  4.0449e-03  1.3971e-01
3.24073e+03  7.789e-01       5.751e+15    8.402e+17  5.392e+13  1.430e-01 2.660e-06 1.145e-05 8.596e-05 1.267e-05 8.709e-05 1.713e-05  3.074e+10  6.107e-06  4.0668e-03  1.4020e-01
3.22289e+03  7.882e-01       6.030e+15    8.808e+17  5.665e+13  1.464e-01 2.667e-06 1.148e-05 8.596e-05 1.268e-05 8.710e-05 1.717e-05  3.259e+10  6.473e-06  4.0890e-03  1.4069e-01
3.20503e+03  7.974e-01       6.316e+15    9.224e+17  5.945e+13  1.498e-01 2.675e-06 1.151e-05 8.596e-05 1.268e-05 8.710e-05 1.720e-05  3.451e+10  6.855e-06  4.1115e-03  1.4118e-01
3.18717e+03  8.066e-01       6.609e+15    9.652e+17  6.234e+13  1.533e-01 2.682e-06 1.154e-05 8.596e-05 1.268e-05 8.711e-05 1.723e-05  3.651e+10  7.253e-06  4.1342e-03  1.4168e-01
3.16930e+03  8.158e-01       6.910e+15    1.009e+18  6.531e+13  1.568e-01 2.690e-06 1.157e-05 8.596e-05 1.268e-05 8.712e-05 1.727e-05  3.860e+10  7.668e-06  4.1572e-03  1.4219e-01
3.15143e+03  8.250e-01       7.217e+15    1.054e+18  6.835e+13  1.604e-01 2.697e-06 1.161e-05 8.596e-05 1.268e-05 8.712e-05 1.730e-05  4.078e+10  8.100e-06  4.1804e-03  1.4269e-01
3.13357e+03  8.342e-01       7.532e+15    1.100e+18  7.148e+13  1.640e-01 2.705e-06 1.164e-05 8.596e-05 1.268e-05 8.713e-05 1.734e-05  4.303e+10  8.549e-06  4.2039e-03  1.4321e-01
3.11571e+03  8.434e-01       7.854e+15    1.146e+18  7.469e+13  1.676e-01 2.713e-06 1.167e-05 8.596e-05 1.268e-05 8.714e-05 1.737e-05  4.538e+10  9.015e-06  4.2277e-03  1.4372e-01
3.09786e+03  8.526e-01       8.183e+15    1.194e+18  7.798e+13  1.713e-01 2.720e-06 1.171e-05 8.596e-05 1.269e-05 8.714e-05 1.740e-05  4.782e+10  9.499e-06  4.2517e-03  1.4424e-01
3.08002e+03  8.618e-01       8.518e+15    1.243e+18  8.135e+13  1.750e-01 2.728e-06 1.174e-05 8.596e-05 1.269e-05 8.715e-05 1.744e-05  5.035e+10  1.000e-05  4.2759e-03  1.4476e-01
3.06220e+03  8.711e-01       8.860e+15    1.293e+18  8.479e+13  1.788e-01 2.736e-06 1.178e-05 8.596e-05 1.269e-05 8.716e-05 1.748e-05  5.298e+10  1.052e-05  4.3004e-03  1.4529e-01
3.04440e+03  8.803e-01       9.208e+15    1.343e+18  8.831e+13  1.826e-01 2.744e-06 1.181e-05 8.596e-05 1.269e-05 8.716e-05 1.751e-05  5.570e+10  1.106e-05  4.3252e-03  1.4582e-01
3.02662e+03  8.895e-01       9.562e+15    1.395e+18  9.191e+13  1.864e-01 2.752e-06 1.184e-05 8.596e-05 1.269e-05 8.717e-05 1.755e-05  5.852e+10  1.162e-05  4.3503e-03  1.4635e-01
3.00887e+03  8.987e-01       9.923e+15    1.447e+18  9.558e+13  1.903e-01 2.760e-06 1.188e-05 8.596e-05 1.269e-05 8.718e-05 1.758e-05  6.143e+10  1.220e-05  4.3755e-03  1.4689e-01
2.99114e+03  9.079e-01       1.029e+16    1.500e+18  9.933e+13  1.942e-01 2.769e-06 1.191e-05 8.596e-05 1.270e-05 8.719e-05 1.762e-05  6.445e+10  1.280e-05  4.4011e-03  1.4743e-01
2.97345e+03  9.171e-01       1.066e+16    1.555e+18  1.031e+14  1.982e-01 2.777e-06 1.195e-05 8.596e-05 1.270e-05 8.719e-05 1.766e-05  6.757e+10  1.342e-05  4.4269e-03  1.4798e-01
2.95578e+03  9.263e-01       1.104e+16    1.609e+18  1.070e+14  2.022e-01 2.785e-06 1.199e-05 8.596e-05 1.270e-05 8.720e-05 1.770e-05  7.079e+10  1.406e-05  4.4529e-03  1.4853e-01
2.93815e+03  9.355e-01       1.142e+16    1.665e+18  1.110e+14  2.062e-01 2.793e-06 1.202e-05 8.596e-05 1.270e-05 8.721e-05 1.773e-05  7.412e+10  1.472e-05  4.4793e-03  1.4908e-01
2.92056e+03  9.447e-01       1.181e+16    1.721e+18  1.150e+14  2.103e-01 2.802e-06 1.206e-05 8.596e-05 1.270e-05 8.722e-05 1.777e-05  7.756e+10  1.541e-05  4.5058e-03  1.4964e-01
2.90301e+03  9.539e-01       1.221e+16    1.779e+18  1.191e+14  2.144e-01 2.810e-06 1.209e-05 8.596e-05 1.271e-05 8.722e-05 1.781e-05  8.111e+10  1.611e-05  4.5326e-03  1.5020e-01
2.88550e+03  9.632e-01       1.260e+16    1.836e+18  1.233e+14  2.186e-01 2.819e-06 1.213e-05 8.596e-05 1.271e-05 8.723e-05 1.785e-05  8.476e+10  1.684e-05  4.5597e-03  1.5076e-01
2.86804e+03  9.724e-01       1.301e+16    1.895e+18  1.275e+14  2.228e-01 2.827e-06 1.217e-05 8.596e-05 1.271e-05 8.724e-05 1.789e-05  8.853e+10  1.759e-05  4.5871e-03  1.5133e-01
2.85062e+03  9.816e-01       1.342e+16    1.954e+18  1.318e+14  2.270e-01 2.836e-06 1.220e-05 8.596e-05 1.271e-05 8.725e-05 1.793e-05  9.241e+10  1.836e-05  4.6146e-03  1.5190e-01
2.83325e+03  9.908e-01       1.383e+16    2.014e+18  1.362e+14  2.313e-01 2.845e-06 1.224e-05 8.597e-05 1.271e-05 8.726e-05 1.796e-05  9.640e+10  1.915e-05  4.6425e-03  1.5247e-01
2.81593e+03  1.000e+00       1.424e+16    2.074e+18  1.406e+14  2.356e-01 2.853e-06 1.228e-05 8.597e-05 1.272e-05 8.727e-05 1.800e-05  1.005e+11  1.997e-05  4.6706e-03  1.5305e-01
2.79867e+03  1.009e+00       1.466e+16    2.135e+18  1.451e+14  2.400e-01 2.862e-06 1.232e-05 8.597e-05 1.272e-05 8.727e-05 1.804e-05  1.047e+11  2.081e-05  4.6989e-03  1.5363e-01
2.78146e+03  1.018e+00       1.509e+16    2.196e+18  1.496e+14  2.444e-01 2.871e-06 1.236e-05 8.597e-05 1.272e-05 8.728e-05 1.808e-05  1.091e+11  2.167e-05  4.7275e-03  1.5421e-01
2.76431e+03  1.028e+00       1.552e+16    2.258e+18  1.542e+14  2.488e-01 2.880e-06 1.239e-05 8.597e-05 1.272e-05 8.729e-05 1.812e-05  1.136e+11  2.256e-05  4.7564e-03  1.5480e-01
2.74722e+03  1.037e+00       1.595e+16    2.320e+18  1.589e+14  2.533e-01 2.889e-06 1.243e-05 8.597e-05 1.272e-05 8.730e-05 1.817e-05  1.181e+11  2.347e-05  4.7855e-03  1.5538e-01
2.73018e+03  1.046e+00       1.638e+16    2.383e+18  1.636e+14  2.578e-01 2.898e-06 1.247e-05 8.597e-05 1.273e-05 8.731e-05 1.821e-05  1.229e+11  2.440e-05  4.8149e-03  1.5598e-01
2.71321e+03  1.055e+00       1.682e+16    2.446e+18  1.683e+14  2.624e-01 2.907e-06 1.251e-05 8.597e-05 1.273e-05 8.732e-05 1.825e-05  1.277e+11  2.537e-05  4.8445e-03  1.5657e-01
2.69630e+03  1.064e+00       1.725e+16    2.509e+18  1.731e+14  2.670e-01 2.916e-06 1.255e-05 8.597e-05 1.273e-05 8.732e-05 1.829e-05  1.326e+11  2.635e-05  4.8744e-03  1.5717e-01
2.67946e+03  1.074e+00       1.770e+16    2.573e+18  1.780e+14  2.716e-01 2.925e-06 1.259e-05 8.597e-05 1.273e-05 8.733e-05 1.833e-05  1.377e+11  2.736e-05  4.9045e-03  1.5777e-01
2.66269e+03  1.083e+00       1.814e+16    2.637e+18  1.829e+14  2.763e-01 2.934e-06 1.263e-05 8.597e-05 1.273e-05 8.734e-05 1.837e-05  1.429e+11  2.840e-05  4.9349e-03  1.5838e-01
2.64598e+03  1.092e+00       1.858e+16    2.701e+18  1.878e+14  2.810e-01 2.944e-06 1.267e-05 8.597e-05 1.274e-05 8.735e-05 1.842e-05  1.483e+11  2.946e-05  4.9655e-03  1.5898e-01
2.62934e+03  1.101e+00       1.903e+16    2.766e+18  1.928e+14  2.858e-01 2.953e-06 1.271e-05 8.597e-05 1.274e-05 8.736e-05 1.846e-05  1.538e+11  3.054e-05  4.9964e-03  1.5959e-01
2.61277e+03  1.111e+00       1.948e+16    2.831e+18  1.978e+14  2.906e-01 2.962e-06 1.275e-05 8.597e-05 1.274e-05 8.737e-05 1.850e-05  1.594e+11  3.166e-05  5.0275e-03  1.6021e-01
2.59628e+03  1.120e+00       1.993e+16    2.896e+18  2.029e+14  2.954e-01 2.972e-06 1.279e-05 8.597e-05 1.274e-05 8.738e-05 1.854e-05  1.651e+11  3.279e-05  5.0589e-03  1.6082e-01
2.57986e+03  1.129e+00       2.038e+16    2.961e+18  2.080e+14  3.003e-01 2.981e-06 1.283e-05 8.597e-05 1.274e-05 8.739e-05 1.859e-05  1.709e+11  3.396e-05  5.0906e-03  1.6144e-01
2.56351e+03  1.138e+00       2.083e+16    3.026e+18  2.131e+14  3.052e-01 2.991e-06 1.287e-05 8.597e-05 1.275e-05 8.740e-05 1.863e-05  1.769e+11  3.515e-05  5.1225e-03  1.6206e-01
2.54724e+03  1.147e+00       2.129e+16    3.091e+18  2.183e+14  3.102e-01 3.000e-06 1.291e-05 8.597e-05 1.275e-05 8.741e-05 1.867e-05  1.831e+11  3.637e-05  5.1546e-03  1.6269e-01
2.53104e+03  1.157e+00       2.174e+16    3.156e+18  2.235e+14  3.152e-01 3.010e-06 1.295e-05 8.597e-05 1.275e-05 8.742e-05 1.872e-05  1.893e+11  3.761e-05  5.1870e-03  1.6331e-01
2.51493e+03  1.166e+00       2.219e+16    3.221e+18  2.287e+14  3.202e-01 3.019e-06 1.299e-05 8.597e-05 1.275e-05 8.742e-05 1.876e-05  1.957e+11  3.888e-05  5.2197e-03  1.6394e-01
2.49889e+03  1.175e+00       2.265e+16    3.287e+18  2.340e+14  3.253e-01 3.029e-06 1.304e-05 8.597e-05 1.276e-05 8.743e-05 1.881e-05  2.023e+11  4.018e-05  5.2526e-03  1.6457e-01
2.48293e+03  1.184e+00       2.310e+16    3.352e+18  2.393e+14  3.304e-01 3.039e-06 1.308e-05 8.597e-05 1.276e-05 8.744e-05 1.885e-05  2.090e+11  4.151e-05  5.2858e-03  1.6521e-01
2.46705e+03  1.193e+00       2.355e+16    3.417e+18  2.446e+14  3.356e-01 3.048e-06 1.312e-05 8.597e-05 1.276e-05 8.745e-05 1.890e-05  2.158e+11  4.286e-05  5.3192e-03  1.6584e-01
2.45125e+03  1.203e+00       2.401e+16    3.482e+18  2.499e+14  3.408e-01 3.058e-06 1.316e-05 8.597e-05 1.276e-05 8.746e-05 1.894e-05  2.227e+11  4.424e-05  5.3528e-03  1.6648e-01
2.43554e+03  1.212e+00       2.446e+16    3.547e+18  2.553e+14  3.460e-01 3.068e-06 1.320e-05 8.597e-05 1.277e-05 8.747e-05 1.899e-05  2.298e+11  4.565e-05  5.3867e-03  1.6712e-01
2.41990e+03  1.221e+00       2.491e+16    3.612e+18  2.606e+14  3.513e-01 3.078e-06 1.325e-05 8.597e-05 1.277e-05 8.748e-05 1.903e-05  2.370e+11  4.709e-05  5.4209e-03  1.6777e-01
2.40435e+03  1.230e+00       2.536e+16    3.677e+18  2.660e+14  3.566e-01 3.088e-06 1.329e-05 8.597e-05 1.277e-05 8.749e-05 1.908e-05  2.444e+11  4.855e-05  5.4553e-03  1.6841e-01
2.38889e+03  1.239e+00       2.581e+16    3.741e+18  2.714e+14  3.620e-01 3.098e-06 1.333e-05 8.597e-05 1.277e-05 8.750e-05 1.913e-05  2.519e+11  5.004e-05  5.4900e-03  1.6906e-01
2.37350e+03  1.249e+00       2.626e+16    3.805e+18  2.768e+14  3.674e-01 3.108e-06 1.338e-05 8.597e-05 1.278e-05 8.751e-05 1.917e-05  2.596e+11  5.156e-05  5.5249e-03  1.6971e-01
2.35821e+03  1.258e+00       2.671e+16    3.869e+18  2.823e+14  3.728e-01 3.118e-06 1.342e-05 8.597e-05 1.278e-05 8.752e-05 1.922e-05  2.674e+11  5.311e-05  5.5600e-03  1.7036e-01
2.34300e+03  1.267e+00       2.715e+16    3.933e+18  2.877e+14  3.783e-01 3.128e-06 1.346e-05 8.597e-05 1.278e-05 8.753e-05 1.927e-05  2.753e+11  5.469e-05  5.5955e-03  1.7102e-01
2.32787e+03  1.276e+00       2.759e+16    3.996e+18  2.932e+14  3.838e-01 3.138e-06 1.351e-05 8.598e-05 1.278e-05 8.754e-05 1.931e-05  2.834e+11  5.630e-05  5.6311e-03  1.7168e-01
2.31283e+03  1.286e+00       2.804e+16    4.059e+18  2.986e+14  3.894e-01 3.148e-06 1.355e-05 8.598e-05 1.278e-05 8.756e-05 1.936e-05  2.916e+11  5.793e-05  5.6670e-03  1.7234e-01
2.29788e+03  1.295e+00       2.848e+16    4.122e+18  3.041e+14  3.950e-01 3.159e-06 1.359e-05 8.598e-05 1.279e-05 8.757e-05 1.941e-05  3.000e+11  5.960e-05  5.7032e-03  1.7300e-01
2.28302e+03  1.304e+00       2.891e+16    4.185e+18  3.095e+14  4.006e-01 3.169e-06 1.364e-05 8.598e-05 1.279e-05 8.758e-05 1.946e-05  3.085e+11  6.129e-05  5.7396e-03  1.7366e-01
2.26824e+03  1.313e+00       2.935e+16    4.247e+18  3.150e+14  4.063e-01 3.179e-06 1.368e-05 8.598e-05 1.279e-05 8.759e-05 1.950e-05  3.172e+11  6.301e-05  5.7763e-03  1.7433e-01
2.25355e+03  1.322e+00       2.978e+16    4.308e+18  3.205e+14  4.120e-01 3.190e-06 1.373e-05 8.598e-05 1.280e-05 8.760e-05 1.955e-05  3.260e+11  6.476e-05  5.8132e-03  1.7499e-01
2.23895e+03  1.332e+00       3.021e+16    4.369e+18  3.259e+14  4.178e-01 3.200e-06 1.377e-05 8.598e-05 1.280e-05 8.761e-05 1.960e-05  3.350e+11  6.654e-05  5.8503e-03  1.7566e-01
2.22444e+03  1.341e+00       3.063e+16    4.430e+18  3.314e+14  4.236e-01 3.210e-06 1.382e-05 8.598e-05 1.280e-05 8.762e-05 1.965e-05  3.441e+11  6.835e-05  5.8877e-03  1.7634e-01
2.21002e+03  1.350e+00       3.106e+16    4.491e+18  3.369e+14  4.294e-01 3.221e-06 1.386e-05 8.598e-05 1.280e-05 8.763e-05 1.970e-05  3.533e+11  7.019e-05  5.9254e-03  1.7701e-01
2.19569e+03  1.359e+00       3.148e+16    4.550e+18  3.423e+14  4.353e-01 3.231e-06 1.391e-05 8.598e-05 1.281e-05 8.764e-05 1.975e-05  3.627e+11  7.205e-05  5.9633e-03  1.7768e-01
2.18144e+03  1.368e+00       3.190e+16    4.610e+18  3.478e+14  4.412e-01 3.242e-06 1.395e-05 8.598e-05 1.281e-05 8.765e-05 1.980e-05  3.723e+11  7.395e-05  6.0014e-03  1.7836e-01
2.16729e+03  1.378e+00       3.231e+16    4.669e+18  3.532e+14  4.472e-01 3.252e-06 1.400e-05 8.598e-05 1.281e-05 8.766e-05 1.985e-05  3.820e+11  7.588e-05  6.0398e-03  1.7904e-01
2.15322e+03  1.387e+00       3.272e+16    4.727e+18  3.587e+14  4.532e-01 3.263e-06 1.404e-05 8.598e-05 1.281e-05 8.768e-05 1.990e-05  3.918e+11  7.783e-05  6.0785e-03  1.7972e-01
2.13925e+03  1.396e+00       3.313e+16    4.785e+18  3.641e+14  4.592e-01 3.274e-06 1.409e-05 8.598e-05 1.282e-05 8.769e-05 1.995e-05  4.018e+11  7.982e-05  6.1174e-03  1.8040e-01
2.12536e+03  1.405e+00       3.353e+16    4.842e+18  3.695e+14  4.653e-01 3.284e-06 1.413e-05 8.598e-05 1.282e-05 8.770e-05 2.000e-05  4.120e+11  8.183e-05  6.1565e-03  1.8109e-01
2.11156e+03  1.414e+00       3.394e+16    4.899e+18  3.749e+14  4.714e-01 3.295e-06 1.418e-05 8.598e-05 1.282e-05 8.771e-05 2.005e-05  4.223e+11  8.388e-05  6.1959e-03  1.8178e-01
2.09786e+03  1.424e+00       3.433e+16    4.955e+18  3.803e+14  4.776e-01 3.306e-06 1.423e-05 8.598e-05 1.282e-05 8.772e-05 2.010e-05  4.327e+11  8.595e-05  6.2355e-03  1.8246e-01
2.08424e+03  1.433e+00       3.473e+16    5.011e+18  3.857e+14  4.838e-01 3.317e-06 1.427e-05 8.598e-05 1.283e-05 8.773e-05 2.015e-05  4.433e+11  8.806e-05  6.2754e-03  1.8315e-01
2.07071e+03  1.442e+00       3.511e+16    5.066e+18  3.911e+14  4.900e-01 3.327e-06 1.432e-05 8.598e-05 1.283e-05 8.774e-05 2.020e-05  4.540e+11  9.019e-05  6.3155e-03  1.8384e-01
2.05727e+03  1.451e+00       3.550e+16    5.120e+18  3.964e+14  4.963e-01 3.338e-06 1.437e-05 8.598e-05 1.283e-05 8.776e-05 2.025e-05  4.649e+11  9.236e-05  6.3559e-03  1.8454e-01
2.04392e+03  1.461e+00       3.588e+16    5.174e+18  4.017e+14  5.026e-01 3.349e-06 1.441e-05 8.598e-05 1.284e-05 8.777e-05 2.030e-05  4.760e+11  9.455e-05  6.3965e-03  1.8523e-01
2.03066e+03  1.470e+00       3.626e+16    5.228e+18  4.070e+14  5.090e-01 3.360e-06 1.446e-05 8.598e-05 1.284e-05 8.778e-05 2.035e-05  4.872e+11  9.678e-05  6.4374e-03  1.8593e-01
2.01749e+03  1.479e+00       3.663e+16    5.280e+18  4.123e+14  5.154e-01 3.371e-06 1.451e-05 8.598e-05 1.284e-05 8.779e-05 2.041e-05  4.985e+11  9.903e-05  6.4785e-03  1.8662e-01
2.00441e+03  1.488e+00       3.700e+16    5.332e+18  4.176e+14  5.218e-01 3.382e-06 1.455e-05 8.598e-05 1.284e-05 8.780e-05 2.046e-05  5.100e+11  1.013e-04  6.5198e-03  1.8732e-01
1.99141e+03  1.497e+00       3.737e+16    5.383e+18  4.229e+14  5.283e-01 3.393e-06 1.460e-05 8.598e-05 1.285e-05 8.782e-05 2.051e-05  5.217e+11  1.036e-04  6.5614e-03  1.8802e-01
1.97851e+03  1.507e+00       3.773e+16    5.434e+18  4.281e+14  5.348e-01 3.404e-06 1.465e-05 8.599e-05 1.285e-05 8.783e-05 2.056e-05  5.335e+11  1.060e-04  6.6033e-03  1.8873e-01
1.96569e+03  1.516e+00       3.808e+16    5.484e+18  4.333e+14  5.414e-01 3.415e-06 1.470e-05 8.599e-05 1.285e-05 8.784e-05 2.061e-05  5.454e+11  1.083e-04  6.6453e-03  1.8943e-01
1.95297e+03  1.525e+00       3.843e+16    5.534e+18  4.385e+14  5.480e-01 3.426e-06 1.474e-05 8.599e-05 1.286e-05 8.785e-05 2.067e-05  5.575e+11  1.108e-04  6.6877e-03  1.9013e-01
1.94033e+03  1.534e+00       3.878e+16    5.582e+18  4.436e+14  5.546e-01 3.437e-06 1.479e-05 8.599e-05 1.286e-05 8.787e-05 2.072e-05  5.698e+11  1.132e-04  6.7303e-03  1.9084e-01
1.92778e+03  1.543e+00       3.913e+16    5.630e+18  4.488e+14  5.613e-01 3.449e-06 1.484e-05 8.599e-05 1.286e-05 8.788e-05 2.077e-05  5.822e+11  1.157e-04  6.7731e-03  1.9155e-01
1.91531e+03  1.553e+00       3.946e+16    5.678e+18  4.539e+14  5.680e-01 3.460e-06 1.489e-05 8.599e-05 1.287e-05 8.789e-05 2.083e-05  5.948e+11  1.182e-04  6.8161e-03  1.9226e-01
1.90294e+03  1.562e+00       3.980e+16    5.724e+18  4.590e+14  5.748e-01 3.471e-06 1.494e-05 8.599e-05 1.287e-05 8.790e-05 2.088e-05  6.075e+11  1.207e-04  6.8594e-03  1.9297e-01
1.89065e+03  1.571e+00       4.013e+16    5.770e+18  4.640e+14  5.816e-01 3.482e-06 1.499e-05 8.599e-05 1.287e-05 8.792e-05 2.093e-05  6.204e+11  1.232e-04  6.9030e-03  1.9368e-01
1.87845e+03  1.580e+00       4.045e+16    5.816e+18  4.690e+14  5.884e-01 3.494e-06 1.503e-05 8.599e-05 1.287e-05 8.793e-05 2.099e-05  6.334e+11  1.258e-04  6.9468e-03  1.9439e-01
1.86633e+03  1.589e+00       4.077e+16    5.860e+18  4.740e+14  5.953e-01 3.505e-06 1.508e-05 8.599e-05 1.288e-05 8.794e-05 2.104e-05  6.466e+11  1.284e-04  6.9908e-03  1.9510e-01
1.85430e+03  1.599e+00       4.109e+16    5.904e+18  4.790e+14  6.022e-01 3.516e-06 1.513e-05 8.599e-05 1.288e-05 8.795e-05 2.110e-05  6.599e+11  1.311e-04  7.0351e-03  1.9582e-01
1.84236e+03  1.608e+00       4.140e+16    5.947e+18  4.840e+14  6.092e-01 3.528e-06 1.518e-05 8.599e-05 1.288e-05 8.797e-05 2.115e-05  6.734e+11  1.338e-04  7.0796e-03  1.9653e-01
1.83050e+03  1.617e+00       4.171e+16    5.990e+18  4.889e+14  6.162e-01 3.539e-06 1.523e-05 8.599e-05 1.289e-05 8.798e-05 2.120e-05  6.870e+11  1.365e-04  7.1244e-03  1.9725e-01
1.81873e+03  1.626e+00       4.201e+16    6.032e+18  4.937e+14  6.232e-01 3.550e-06 1.528e-05 8.599e-05 1.289e-05 8.799e-05 2.126e-05  7.008e+11  1.392e-04  7.1694e-03  1.9797e-01
1.80704e+03  1.636e+00       4.230e+16    6.073e+18  4.986e+14  6.303e-01 3.562e-06 1.533e-05 8.599e-05 1.289e-05 8.801e-05 2.131e-05  7.147e+11  1.420e-04  7.2146e-03  1.9869e-01
1.79543e+03  1.645e+00       4.260e+16    6.113e+18  5.034e+14  6.374e-01 3.573e-06 1.538e-05 8.599e-05 1.290e-05 8.802e-05 2.137e-05  7.288e+11  1.448e-04  7.2601e-03  1.9941e-01
1.78391e+03  1.654e+00       4.289e+16    6.153e+18  5.082e+14  6.446e-01 3.585e-06 1.543e-05 8.599e-05 1.290e-05 8.803e-05 2.142e-05  7.431e+11  1.476e-04  7.3058e-03  2.0013e-01
1.77248e+03  1.663e+00       4.317e+16    6.192e+18  5.130e+14  6.518e-01 3.596e-06 1.548e-05 8.599e-05 1.290e-05 8.805e-05 2.148e-05  7.574e+11  1.505e-04  7.3518e-03  2.0085e-01
1.76113e+03  1.672e+00       4.345e+16    6.231e+18  5.177e+14  6.590e-01 3.608e-06 1.553e-05 8.599e-05 1.291e-05 8.806e-05 2.153e-05  7.720e+11  1.534e-04  7.3980e-03  2.0158e-01
1.74986e+03  1.682e+00       4.372e+16    6.268e+18  5.224e+14  6.663e-01 3.620e-06 1.558e-05 8.599e-05 1.291e-05 8.807e-05 2.159e-05  7.867e+11  1.563e-04  7.4445e-03  2.0230e-01
1.73867e+03  1.691e+00       4.399e+16    6.305e+18  5.270e+14  6.736e-01 3.631e-06 1.563e-05 8.599e-05 1.291e-05 8.809e-05 2.165e-05  8.016e+11  1.592e-04  7.4911e-03  2.0303e-01
1.72757e+03  1.700e+00       4.425e+16    6.341e+18  5.317e+14  6.810e-01 3.643e-06 1.568e-05 8.600e-05 1.292e-05 8.810e-05 2.170e-05  8.166e+11  1.622e-04  7.5381e-03  2.0375e-01
1.71654e+03  1.709e+00       4.451e+16    6.377e+18  5.362e+14  6.884e-01 3.655e-06 1.573e-05 8.600e-05 1.292e-05 8.812e-05 2.176e-05  8.317e+11  1.652e-04  7.5852e-03  2.0448e-01
1.70560e+03  1.718e+00       4.477e+16    6.412e+18  5.408e+14  6.958e-01 3.666e-06 1.578e-05 8.600e-05 1.292e-05 8.813e-05 2.181e-05  8.470e+11  1.683e-04  7.6327e-03  2.0521e-01
1.69474e+03  1.728e+00       4.502e+16    6.446e+18  5.453e+14  7.033e-01 3.678e-06 1.583e-05 8.600e-05 1.293e-05 8.814e-05 2.187e-05  8.625e+11  1.713e-04  7.6803e-03  2.0594e-01
1.68396e+03  1.737e+00       4.527e+16    6.480e+18  5.498e+14  7.108e-01 3.690e-06 1.588e-05 8.600e-05 1.293e-05 8.816e-05 2.193e-05  8.781e+11  1.744e-04  7.7282e-03  2.0667e-01
1.67326e+03  1.746e+00       4.551e+16    6.513e+18  5.543e+14  7.184e-01 3.702e-06 1.593e-05 8.600e-05 1.293e-05 8.817e-05 2.198e-05  8.939e+11  1.776e-04  7.7763e-03  2.0740e-01
1.66264e+03  1.755e+00       4.575e+16    6.545e+18  5.587e+14  7.260e-01 3.713e-06 1.598e-05 8.600e-05 1.294e-05 8.819e-05 2.204e-05  9.099e+11  1.807e-04  7.8247e-03  2.0813e-01
1.65210e+03  1.764e+00       4.598e+16    6.576e+18  5.631e+14  7.336e-01 3.725e-06 1.603e-05 8.600e-05 1.294e-05 8.820e-05 2.210e-05  9.259e+11  1.839e-04  7.8733e-03  2.0886e-01
1.64164e+03  1.774e+00       4.621e+16    6.607e+18  5.674e+14  7.413e-01 3.737e-06 1.608e-05 8.600e-05 1.294e-05 8.822e-05 2.216e-05  9.422e+11  1.872e-04  7.9221e-03  2.0960e-01
1.63126e+03  1.783e+00       4.643e+16    6.637e+18  5.717e+14  7.490e-01 3.749e-06 1.613e-05 8.600e-05 1.295e-05 8.823e-05 2.221e-05  9.586e+11  1.904e-04  7.9712e-03  2.1033e-01
1.62095e+03  1.792e+00       4.665e+16    6.667e+18  5.760e+14  7.568e-01 3.761e-06 1.618e-05 8.600e-05 1.295e-05 8.824e-05 2.227e-05  9.751e+11  1.937e-04  8.0205e-03  2.1106e-01
1.61072e+03  1.801e+00       4.686e+16    6.696e+18  5.803e+14  7.646e-01 3.773e-06 1.624e-05 8.600e-05 1.295e-05 8.826e-05 2.233e-05  9.918e+11  1.970e-04  8.0701e-03  2.1180e-01
1.60057e+03  1.811e+00       4.707e+16    6.724e+18  5.845e+14  7.724e-01 3.785e-06 1.629e-05 8.600e-05 1.296e-05 8.827e-05 2.239e-05  1.009e+12  2.004e-04  8.1199e-03  2.1254e-01
1.59049e+03  1.820e+00       4.728e+16    6.751e+18  5.886e+14  7.803e-01 3.797e-06 1.634e-05 8.600e-05 1.296e-05 8.829e-05 2.244e-05  1.026e+12  2.037e-04  8.1699e-03  2.1327e-01
1.58049e+03  1.829e+00       4.748e+16    6.778e+18  5.928e+14  7.882e-01 3.809e-06 1.639e-05 8.600e-05 1.296e-05 8.830e-05 2.250e-05  1.043e+12  2.072e-04  8.2202e-03  2.1401e-01
1.57057e+03  1.838e+00       4.768e+16    6.805e+18  5.969e+14  7.962e-01 3.821e-06 1.644e-05 8.600e-05 1.297e-05 8.832e-05 2.256e-05  1.060e+12  2.106e-04  8.2707e-03  2.1475e-01
1.56072e+03  1.847e+00       4.787e+16    6.830e+18  6.010e+14  8.042e-01 3.833e-06 1.649e-05 8.600e-05 1.297e-05 8.833e-05 2.262e-05  1.078e+12  2.141e-04  8.3214e-03  2.1549e-01
1.55094e+03  1.857e+00       4.806e+16    6.855e+18  6.050e+14  8.122e-01 3.845e-06 1.655e-05 8.600e-05 1.297e-05 8.835e-05 2.268e-05  1.095e+12  2.176e-04  8.3724e-03  2.1623e-01
1.54124e+03  1.866e+00       4.825e+16    6.880e+18  6.090e+14  8.203e-01 3.857e-06 1.660e-05 8.600e-05 1.298e-05 8.836e-05 2.274e-05  1.113e+12  2.211e-04  8.4236e-03  2.1697e-01
1.53161e+03  1.875e+00       4.844e+16    6.905e+18  6.132e+14  8.284e-01 3.869e-06 1.665e-05 8.600e-05 1.298e-05 8.838e-05 2.280e-05  1.131e+12  2.247e-04  8.4749e-03  2.1766e-01
1.52206e+03  1.884e+00       4.862e+16    6.928e+18  6.172e+14  8.365e-01 3.881e-06 1.670e-05 8.601e-05 1.298e-05 8.839e-05 2.286e-05  1.149e+12  2.283e-04  8.5266e-03  2.1840e-01
1.51258e+03  1.893e+00       4.879e+16    6.951e+18  6.211e+14  8.447e-01 3.893e-06 1.675e-05 8.601e-05 1.299e-05 8.841e-05 2.292e-05  1.168e+12  2.319e-04  8.5785e-03  2.1915e-01
1.50317e+03  1.903e+00       4.896e+16    6.973e+18  6.249e+14  8.530e-01 3.905e-06 1.681e-05 8.601e-05 1.299e-05 8.842e-05 2.298e-05  1.186e+12  2.356e-04  8.6307e-03  2.1989e-01
1.49383e+03  1.912e+00       4.912e+16    6.994e+18  6.288e+14  8.613e-01 3.918e-06 1.686e-05 8.601e-05 1.300e-05 8.844e-05 2.304e-05  1.205e+12  2.393e-04  8.6830e-03  2.2063e-01
1.48456e+03  1.921e+00       4.928e+16    7.015e+18  6.325e+14  8.696e-01 3.930e-06 1.691e-05 8.601e-05 1.300e-05 8.846e-05 2.309e-05  1.223e+12  2.430e-04  8.7357e-03  2.2137e-01
1.47536e+03  1.930e+00       4.944e+16    7.035e+18  6.363e+14  8.779e-01 3.942e-06 1.696e-05 8.601e-05 1.300e-05 8.847e-05 2.315e-05  1.242e+12  2.467e-04  8.7885e-03  2.2212e-01
1.46624e+03  1.939e+00       4.959e+16    7.055e+18  6.400e+14  8.863e-01 3.954e-06 1.702e-05 8.601e-05 1.301e-05 8.849e-05 2.321e-05  1.261e+12  2.505e-04  8.8416e-03  2.2286e-01
1.45718e+03  1.949e+00       4.974e+16    7.074e+18  6.437e+14  8.948e-01 3.967e-06 1.707e-05 8.601e-05 1.301e-05 8.850e-05 2.327e-05  1.280e+12  2.543e-04  8.8949e-03  2.2360e-01
1.44819e+03  1.958e+00       4.988e+16    7.092e+18  6.473e+14  9.033e-01 3.979e-06 1.712e-05 8.601e-05 1.301e-05 8.852e-05 2.333e-05  1.300e+12  2.582e-04  8.9485e-03  2.2435e-01
1.43927e+03  1.967e+00       5.002e+16    7.110e+18  6.510e+14  9.118e-01 3.991e-06 1.718e-05 8.601e-05 1.302e-05 8.853e-05 2.339e-05  1.319e+12  2.620e-04  9.0023e-03  2.2509e-01
1.43042e+03  1.976e+00       5.016e+16    7.128e+18  6.545e+14  9.203e-01 4.003e-06 1.723e-05 8.601e-05 1.302e-05 8.855e-05 2.345e-05  1.339e+12  2.659e-04  9.0563e-03  2.2584e-01
1.42164e+03  1.986e+00       5.029e+16    7.144e+18  6.581e+14  9.289e-01 4.016e-06 1.728e-05 8.601e-05 1.303e-05 8.857e-05 2.351e-05  1.358e+12  2.699e-04  9.1105e-03  2.2658e-01
1.41292e+03  1.995e+00       5.042e+16    7.161e+18  6.616e+14  9.376e-01 4.028e-06 1.734e-05 8.601e-05 1.303e-05 8.858e-05 2.357e-05  1.378e+12  2.738e-04  9.1650e-03  2.2733e-01
1.40427e+03  2.004e+00       5.055e+16    7.176e+18  6.651e+14  9.462e-01 4.041e-06 1.739e-05 8.601e-05 1.303e-05 8.860e-05 2.364e-05  1.399e+12  2.778e-04  9.2197e-03  2.2808e-01
1.39568e+03  2.013e+00       5.067e+16    7.191e+18  6.685e+14  9.550e-01 4.053e-06 1.744e-05 8.601e-05 1.304e-05 8.861e-05 2.370e-05  1.419e+12  2.818e-04  9.2747e-03  2.2882e-01
1.38717e+03  2.022e+00       5.079e+16    7.206e+18  6.719e+14  9.637e-01 4.065e-06 1.750e-05 8.601e-05 1.304e-05 8.863e-05 2.376e-05  1.439e+12  2.859e-04  9.3298e-03  2.2957e-01
1.37871e+03  2.032e+00       5.090e+16    7.220e+18  6.753e+14  9.725e-01 4.078e-06 1.755e-05 8.601e-05 1.304e-05 8.865e-05 2.382e-05  1.460e+12  2.900e-04  9.3852e-03  2.3032e-01
1.37032e+03  2.041e+00       5.101e+16    7.234e+18  6.786e+14  9.814e-01 4.090e-06 1.760e-05 8.602e-05 1.305e-05 8.866e-05 2.388e-05  1.480e+12  2.941e-04  9.4409e-03  2.3107e-01
1.36200e+03  2.050e+00       5.112e+16    7.247e+18  6.820e+14  9.902e-01 4.103e-06 1.766e-05 8.602e-05 1.305e-05 8.868e-05 2.394e-05  1.501e+12  2.982e-04  9.4967e-03  2.3181e-01
