1.4355749523794498e-05
-2.401804628370096e-05
2.854339859186838e-05
-2.2937532768432036e-05
1.1565297248531014e-05
4.793026739209145e-05
1.042842285512402e-05
-1.4710960000636575e-05
-4.421464000613066e-05
-4.1752843945428206e-05
1.4472140637329039e-05
-1.3594993597323977e-05
4.425493794988637e-05
-3.836622965830389e-05
-3.1769794906377525e-06
2.0981049680669952e-05
2.638944454259329e-05
1.1944928946758464e-05
1.7636616739245217e-05
-2.9044081390581356e-05
-3.259219861346666e-05
1.577589576749292e-05
4.558065253006614e-05
-3.1306631709908675e-05
-4.417273515364465e-05
1.585892835613344e-05
4.221113656851614e-05
-1.4607738362113432e-05
-1.562637499361357e-05
-5.043931755434695e-06
1.7198611604337962e-05
-6.233247652974347e-06
3.480515513606664e-05
-3.20858154524219e-05
4.1082161519806445e-05
4.7773279398418055e-05
2.9991879182089948e-05
2.749395227409932e-05
2.853905541981279e-07
4.191251731411191e-05
1.0643387644118051e-05
-3.2761231330362953e-05
4.3477096166169914e-05
-6.915630960699884e-06
3.18701916281092e-05
2.726862933864976e-05
2.4698729699178854e-05
-3.4422892614059168e-06
3.786875328440289e-05
-1.7959841742611324e-05
3.5427433446166524e-05
1.659617743953676e-05
3.2220511938811824e-05
-1.5171599150682566e-05
3.100700924929298e-06
-9.767432699200543e-06
-7.422224375339012e-07
4.259982252925717e-05
2.268504919911321e-06
-2.7847403584167953e-05
2.6114584700227316e-05
-1.6440017718533785e-05
-1.6713542329285268e-05
1.6728431807055932e-05
-1.1466146338307101e-05
-4.8011117099783475e-05
2.7595408683336226e-05
-9.75586802819328e-06
3.274744814720882e-05
7.733351193804481e-07
4.650656344423931e-06
-2.9036927948842364e-05
-1.6240772864615053e-05
-3.006391094728507e-05
-4.8281192596754565e-05
4.4930834029687326e-05
1.0328638313121916e-05
3.406432678811092e-05
-5.877484313648164e-06
4.845624483292211e-06
-7.0892972731758896e-06
-1.1268947967663746e-06
2.7469189100550415e-05
-2.9548010733356125e-05
-4.310488777780946e-05
4.307678401599461e-05
-3.658090345598832e-05
-3.6843049300406564e-05
-2.3558623966653882e-05
-3.326567371509666e-05
-4.6531353971116895e-05
-1.2499928577858083e-06
-3.613749702517701e-05
6.07366744167034e-07
4.339227544239009e-05
4.5241973836210933e-05
-2.7413071409070646e-05
1.2120991001546726e-05
-2.7620026522735952e-05
-2.5828919441784082e-05
2.3965711659123475e-05
-2.309708120137909e-05
4.805383372611308e-05
-3.0748942692293067e-05
5.6649651029811934e-06
4.280100524741781e-05
3.409783764775993e-05
-3.3632619638945615e-06
7.872204480285984e-06
-4.916671951877378e-05
4.665220316853293e-06
-1.9762943997842655e-05
1.8648339733642838e-05
-3.6855843483736686e-05
-4.242402664766416e-05
2.8031991365782905e-05
3.2810928482218314e-05
-4.035455188708935e-05
4.271483356119555e-05
-3.5561113026827664e-06
-5.274162461995338e-06
-2.5756500521242456e-06
1.750808591146142e-05
3.9919544539985466e-05
3.221912996082821e-05
7.743428163950431e-06
-1.8765506027292315e-05
-3.168030206325986e-05
3.971131150675517e-05
4.291434793289561e-05
-2.404460078246429e-05
4.6456694361496215e-06
3.850441700748655e-06
4.127620237298882e-05
4.008659395841528e-05
1.3926522563688347e-05
1.1234333941679947e-05
-2.855020317343028e-05
-3.7431857437258864e-05
4.826408105439772e-05
-3.3317069085664686e-05
-2.798817539470917e-05
-4.0219141675816345e-05
4.5150456169298224e-05
3.495600343742861e-05
3.4266479387919735e-05
-3.361613269166756e-05
3.489834856200041e-05
4.542171397108974e-06
3.978454673249878e-05
6.688805201677762e-06
2.344427373012023e-05
-2.1235797452143523e-05
3.621077154909885e-05
-1.0507131483718993e-05
-4.866461806902467e-05
-4.617976039712958e-05
-2.2685509988139573e-06
3.6279594527618864e-06
-3.703132118969771e-05
1.646035788192821e-06
2.19636024918057e-05
-3.474417016045085e-05
7.675263480310856e-06
2.9724728239362526e-05
-9.938882803430996e-06
9.785886175560012e-06
-8.868891857980829e-06
9.116352488604865e-06
2.003448033759172e-05
-3.1613547848366956e-05
2.7833719332488848e-05
4.503478334541182e-05
-3.3511226157885576e-06
-1.8101878393310022e-05
-2.983321709486555e-05
-4.17937257700486e-05
3.468574136944888e-05
-1.7177412826326233e-05
-4.5110439561757056e-05
-4.56772421578889e-05
-1.76826979250364e-05
-2.3225239019239143e-07
-1.3497077154325764e-05
2.900921083645371e-05
-4.3376883740101714e-05
2.941105252485179e-05
-2.108267558427834e-06
2.492217851858435e-05
-5.428789238803885e-07
2.4091942313072424e-05
-3.860718797845761e-05
1.302360712366179e-05
-2.546109837639218e-05
3.5179372194899294e-05
4.5395125563422075e-05
-4.4641435717374095e-05
-2.303988757082278e-05
4.910592092487026e-05
2.253355187469139e-05
-3.2430660931273415e-05
-4.062904777476155e-05
4.9907506323344385e-06
1.9725988778873962e-05
2.464732661350965e-05
3.411473262565163e-05
4.545567564126213e-05
-2.9630368327325616e-07
-1.549691990728687e-05
3.860793288130735e-06
-3.5114697809855624e-05
-1.894987115621769e-05
-9.981493922806116e-06
-2.8906970724793968e-05
-3.398761718025178e-05
-3.20085733281618e-05
-1.6780605050405718e-05
-7.633069957170583e-06
-1.4217290367385575e-05
8.502980389606819e-06
1.9501339521070487e-05
-4.9067103680530236e-05
-3.732516418848455e-05
-4.695940126719012e-05
-4.749136340773664e-06
-9.107904253306408e-06
2.574583236171449e-05
1.2369452813227828e-05
-8.544570186183999e-06
-3.794422817940947e-05
-1.3438366811426098e-05
2.094792117053357e-06
3.942735631275707e-05
7.721068976259772e-06
-3.808753682222711e-05
-1.8800106395725593e-05
-4.895279220549178e-05
1.5071767971926542e-05
2.147787170215246e-06
5.098310414112638e-06
-1.1873326561526267e-05
3.2861710663879994e-06
2.868420779396371e-05
-6.1140446433059615e-06
2.142059393500593e-05
1.1890966019981459e-05
-1.87945825361832e-05
-1.3195828927343234e-05
-2.3653438820152828e-05
3.629356151130709e-05
-5.39781802843716e-06
4.0067729337713705e-05
2.2406244455437103e-05
1.5498321611372746e-05
4.6795965796959654e-05
4.0873912548475525e-05
1.1302171972211687e-05
4.982066459768929e-06
-3.365184832272498e-05
-1.6265723910530134e-06
-8.104471290840774e-07
-9.779656904417448e-06
4.080276847430173e-05
1.8609619313864051e-06
2.7567929343487252e-05
-3.601932347647824e-05
-2.717265402886079e-05
5.715599243852031e-06
3.7074617807581174e-05
4.000969140328808e-05
-9.494632920065053e-06
6.335527506113937e-06
-2.1270081153744282e-05
-8.207025783043152e-06
1.27248812487318e-05
-2.5060840176164854e-06
3.090547048826618e-05
3.944513402956827e-06
-4.546404220214835e-05
-4.311725235115728e-05
2.4439539199620602e-05
-3.0144191671703016e-05
-3.905450165596023e-05
-2.4181344379314485e-05
-4.186299127567318e-05
1.1022574204917037e-05
4.32054236625312e-05
4.431633900331646e-05
5.198532758867628e-06
-1.579937736152943e-05
-4.2765626129224634e-05
1.8636774664171314e-07
-4.0341145950387286e-05
-2.250248248044371e-05
4.086286127113386e-05
7.5233620119141275e-06
4.339131447498827e-05
1.0672011766804526e-06
-3.09381700714149e-05
-3.767604414511382e-05
-1.791167067049068e-05
2.789923358908108e-05
3.991063588472577e-05
-4.4309234923532097e-05
-3.1433061283966056e-05
3.65572423680989e-05
1.2039890956967916e-05
2.9247091853160474e-05
5.98391222588771e-06
-3.978714833890541e-06
-3.493223168041355e-05
-3.2661183738559135e-05
4.0686224961159947e-05
3.771699409805619e-05
-2.8151731631587097e-05
2.307743905304574e-05
4.687664368240498e-05
-2.7048721828366074e-05
-2.131758347313536e-05
2.898863719386719e-05
-1.2298723549273349e-05
3.6739610138324604e-06
2.2610636625350793e-05
4.93370939110637e-05
-1.513355183664469e-05
-7.69884287195388e-06
-4.210239464813299e-05
-4.588123737500466e-05
3.2972731627072445e-05
9.26127945529707e-06
-2.5382845824797214e-06
4.5385342839588e-05
-4.789438787188421e-05
-6.469965369753126e-06
2.6312714645514662e-05
-1.5933977230774144e-05
-6.509853790340756e-06
8.993778957313684e-06
-4.839999032265389e-05
3.020556164909333e-05
2.478358929203535e-05
-2.4814791425921902e-05
4.401305751455804e-05
3.3783731475671394e-05
-3.8587429792413046e-05
7.640882369709601e-06
-4.3476668632804196e-05
-2.1191792493309794e-05
-4.792409193405366e-05
-3.1787704606484235e-05
-3.946433854037152e-05
3.304435427805001e-05
-2.301540213013369e-05
2.0206634358666124e-05
9.639829584790728e-06
-4.4127414417218457e-07
5.7191192535262746e-06
-2.0129079121092636e-06
2.3599617118927827e-05
3.416786342717178e-05
1.4368375657146708e-05
3.619038715544523e-05
-4.673324205264813e-05
-3.386750385366973e-05
-3.3031094657627374e-05
-7.4447566909258795e-06
-4.896891541813982e-05
2.6419604037027467e-05
-1.1074971250760749e-05
9.186400364793445e-06
1.0466748965075998e-05
-4.9943958657751475e-05
8.055451200828825e-06
-3.9526082129495744e-05
1.8667470160972054e-05
-3.8013813868621914e-05
-4.2512760803775186e-05
3.7371893363337095e-05
7.731668586473183e-06
-4.298391007637948e-05
4.157260392806048e-05
-4.9375429298689216e-05
-2.6124918475330716e-05
3.150945119527726e-05
-4.6739477339845826e-05
1.750686885122748e-05
2.0566238491031068e-05
4.60849944675409e-06
-3.0466498469860484e-05
-7.292170549059424e-07
-3.382113845729488e-05
-3.700516524833779e-05
-1.579311744134814e-05
-3.002772452889957e-05
-3.455673863217791e-05
-4.693759293000877e-05
1.839115688339854e-05
-9.041523599666212e-06
4.827146770124109e-05
-7.931961349145508e-06
-9.075528853356409e-06
-3.293238817601314e-05
-1.4060395420814762e-05
1.6486258751508268e-05
4.6701726020281836e-05
2.9981342132376923e-06
1.8687681931572543e-05
-1.9551201674201003e-05
2.3262254851478478e-05
-3.8902675383683226e-05
3.497343695555056e-05
4.241572073865727e-05
-3.783708189643654e-05
1.8405835380748718e-06
1.0356708784200467e-05
2.4998091937326675e-05
1.4795780008132374e-05
6.202562128577985e-06
8.114372821670289e-07
1.291617478656224e-06
-2.2441518959116617e-06
3.717453505319331e-05
9.35432398655577e-06
3.938029432547554e-06
1.27012243938621e-05
-1.3314846244522185e-05
2.0950742374889563e-05
-4.0366776800396555e-05
-3.107958470792524e-05
-4.9438650358568306e-05
1.7067959205188677e-05
-1.6276826501889543e-05
-1.6998285510857695e-05
-2.5176995332129275e-06
3.1870838657679014e-05
1.6086513208211186e-05
4.609997729953001e-06
-5.645672922803191e-06
-4.813884762642439e-05
-3.3462874290639396e-05
1.0856352323526344e-07
2.441132962446865e-07
-9.520393371479782e-06
-1.5885184829483222e-05
-2.026734173858139e-05
-3.9131397223300166e-05
2.134175146661332e-05
7.536274573995861e-06
1.900070129074338e-05
-3.869231528173936e-05
-1.0756907541977973e-06
6.27425761681124e-06
-4.94988948825474e-05
-3.6030930535351124e-05
-1.8589434242255307e-05
-2.9620127859436042e-05
4.3205278534763515e-05
2.932664315510532e-05
1.59963038593405e-05
2.255226864310493e-05
-3.435619840579615e-05
-3.454614010630906e-05
-2.4351830262172637e-05
-3.756202321304446e-05
9.84570328369825e-06
1.765336141683554e-05
-3.749628064147931e-05
4.229897425059449e-05
4.465755619960976e-05
-3.662698738693136e-05
4.376958702256464e-06
2.6515717412039557e-05
-3.21110247795674e-05
4.3511587760538134e-05
3.752030230651836e-05
3.0457067399912437e-05
-2.2200320246061004e-06
4.94601222872082e-05
-2.879814164614625e-05
1.4142046283072665e-05
7.45497069236444e-06
3.3994201124909445e-05
-1.8300998239192856e-05
2.1540637794654933e-05
-2.1786090618846012e-05
4.6293220309924796e-05
4.264600534197469e-06
-1.0087328970900576e-05
-1.1404241539685755e-05
-9.074355908282787e-06
4.365148682085903e-05
-4.820786015529009e-05
-3.6814520311600375e-05
2.5814630074360186e-05
1.948518282225244e-05
-3.372009764598526e-05
3.7410921535251302e-06
6.999720831138823e-06
3.280461672536885e-05
-4.0823209766917356e-05
-3.699089181571165e-05
2.1197975078973348e-05
-3.4261804952946356e-05
4.05536848678304e-05
4.439418193395507e-05
-3.025808014389439e-06
-2.5175141451705918e-05
-2.7623578423379038e-05
-4.405536865023543e-06
-9.16536247456694e-06
-1.5658698718964202e-05
-5.094895377770051e-06
-7.267289046689737e-06
-1.730575429825355e-05
-4.29580092671004e-05
1.322312261072268e-05
3.221824005999451e-05
-1.3397805382679927e-05
1.144208680429268e-06
-2.430737017389483e-05
2.39218025336443e-05
-4.384371997249293e-06
7.275350808514156e-06
-2.4309570580380558e-05
2.0770561759246758e-05
-4.787328934580487e-05
4.5237093160604e-06
3.959146896113352e-05
-3.325337680174996e-05
-2.664420390806327e-05
-3.9187059838199936e-05
2.457132084042897e-05
1.4739609248011553e-05
2.7504642367340194e-05
2.19653066077992e-05
-1.1721127839555787e-05
1.9744689690662003e-05
3.64031281465839e-05
-4.508661122553147e-05
-2.2430617532950493e-05
-3.3100979403524e-05
2.757070322100244e-05
3.4011951377059574e-05
-4.30442816871649e-06
2.4672237846425203e-05
4.510892431037888e-05
4.610933658673648e-05
-3.6765422021849424e-05
-1.2512829516138855e-05
-4.4759940627005095e-05
-3.065897602146893e-05
-3.707258646394488e-05
-2.6854520302548937e-05
4.431893507901029e-05
-2.457221495916242e-05
3.87469917805797e-06
-4.289193322258835e-05
-4.456661016247082e-05
2.381135315815826e-05
1.0574433526662734e-05
-2.092336176605836e-05
1.5960988798217563e-05
2.6879838237482482e-05
5.337868812877896e-06
3.994362947092684e-05
4.2645835016447794e-05
3.4190918495456047e-05
-4.8546546140886454e-05
-3.357983059827474e-05
-2.465023516492817e-05
2.9232283085260786e-05
-3.959197770150064e-05
-1.8562815876422103e-05
-2.6252525729952023e-07
2.8886329992915373e-05
-3.821479930215548e-05
1.153839597913783e-05
-1.0022891633243184e-05
1.1566607066177381e-05
-2.464906498291487e-05
1.6760645190891966e-05
-1.5691538982545372e-05
2.9792562329365183e-05
5.996398193513185e-06
2.0249786341530446e-05
-1.933576562400927e-05
3.065722902433832e-05
-2.0213963142018266e-06
8.636786707137467e-06
1.2559508334548845e-05
-2.8758707009159545e-05
4.9077011591989004e-05
1.463385730221743e-05
-3.86178264091424e-05
-3.225078725901877e-05
-2.600887505888926e-05
1.760506787401218e-05
2.827985821813665e-05
-4.066614924639276e-05
4.4233592617042015e-05
-2.191837724472522e-05
1.8862799788181e-05
1.6626076187502758e-06
2.6036242213803985e-05
-4.5268601120882706e-05
-3.880049712483932e-05
-4.2601817376096455e-05
3.639805687807765e-05
2.511654029995842e-05
4.414738666297276e-05
-4.1348558467841726e-05
3.830405642235679e-05
-4.41758951251627e-05
3.805120013411666e-05
-1.158050550802452e-05
2.119838383719108e-05
4.294968259997153e-05
-1.8244824273998276e-05
6.62427453051112e-06
3.235682910679825e-05
1.6719641757680357e-05
-2.3202645212735642e-05
1.7842938809298194e-05
-4.776091376161958e-05
-4.314809214394555e-05
-2.009113738178725e-05
6.884510641610902e-07
2.128094349599643e-06
-2.727964621890564e-05
-3.1030056707150565e-05
5.434945579700615e-07
-4.363280479313826e-05
4.355374385882888e-05
-4.244263891272135e-05
-1.1806530319687736e-05
-4.4789242779001365e-05
1.1821121130967264e-05
1.349917911514403e-05
-3.439373713148097e-05
1.1529603474597806e-05
4.922891231267998e-05
3.135119306471569e-05
-3.737031816216652e-05
-7.504662570462154e-06
9.6483080091728e-06
1.3821605379200838e-05
-1.7694958427547494e-05
1.1722317206145818e-05
-1.667708109985737e-05
-2.0144597055747997e-06
3.02999703087885e-05
-3.8298803417667326e-05
3.495876214294219e-05
4.189845848591483e-05
-4.9217933073442526e-05
4.168874907537281e-05
8.48665608349691e-06
-1.7785355205139797e-05
2.7740107141538136e-05
-4.392735183198398e-05
1.3218513308323338e-05
3.30368181260516e-05
1.4414768460009759e-05
2.2133966356870087e-05
6.589293676776407e-06
-4.1050956697163054e-06
-1.734484895403927e-05
1.712897017571137e-05
-1.4144298363329301e-05
-4.466884856682526e-05
1.5963407472664093e-05
4.0927890202942126e-05
-1.0332134740852253e-05
1.2753565714690856e-05
-2.001450000037448e-05
-2.0709632590207838e-05
-6.64356114041801e-06
1.6631604780012708e-05
3.368967097942033e-05
7.316905151790918e-06
3.261556186927301e-05
3.291928109270023e-05
3.128890689489002e-05
7.445926460144659e-06
-3.140399761669586e-05
3.4150237965449534e-05
-4.06544793082835e-06
-2.4452686684705296e-05
-2.0705623896367443e-07
-9.660529697562037e-06
-2.170864986228116e-05
-2.5342075586576307e-05
2.6044771762419017e-05
-4.101102642230578e-06
9.751545737381997e-06
-9.224804930461882e-06
4.3261521442713374e-05
3.006054618554845e-05
3.438113619364178e-06
2.486265965316621e-05
-3.107213622413984e-06
-4.8352110436433416e-05
-2.9035762829009126e-05
-4.352129633735136e-05
-2.9946490197707754e-05
-2.672338710699226e-05
2.1736893817350025e-05
5.57940647692272e-06
4.8554271360473496e-05
-2.1655466975325265e-05
-1.2821411993308377e-05
3.7859348020630324e-05
-1.9284359637500485e-05
-3.2957970509710414e-05
9.685725178618767e-06
3.8650565613832976e-05
-7.169581727937548e-06
-4.8738492968165326e-05
-1.3384622546990757e-05
4.727962335566492e-05
3.1073818458602384e-08
-2.3452686319068297e-05
3.7846226274833245e-05
-8.67657548486178e-06
4.916320616292398e-05
1.2860865439997785e-05
-3.833106172777803e-05
-6.7886287332817296e-06
-4.811683551123335e-05
2.0874851358046287e-05
-1.4750265609253476e-05
4.079731682213934e-05
-2.5268789764054846e-05
6.279496826953254e-06
-5.0329504653887755e-06
1.6586895748243388e-05
2.9819110303588868e-05
-2.150174777102958e-05
2.2871614920512078e-05
2.196993587667529e-06
-2.4581341522541767e-05
1.0169763509385486e-05
-3.5920547591779045e-05
-2.589675746158554e-05
4.245104986285729e-05
-3.0443967712718945e-05
-3.249774405622431e-05
3.926082199714722e-05
3.335251989504132e-05
-2.3265958901427488e-05
4.563445974990043e-05
3.933256748617458e-05
4.043147590690888e-05
-4.07606703264954e-05
-3.930606306511825e-05
4.988734809199181e-05
-4.704961209190386e-05
-1.782184656890835e-05
-4.873576825469028e-06
4.972748553429205e-05
-2.6213320131607866e-05
-1.277093450309159e-05
3.4916271559126154e-06
8.932724669921186e-06
2.653863992863126e-05
-1.0096807104797702e-05
-3.3651903077299716e-05
-1.1185648920699987e-05
-9.869825040485112e-06
4.420357348594004e-05
3.393137062360042e-05
4.6813713158964006e-05
2.051218756981877e-05
-1.9013004738308828e-05
1.226546306649014e-05
3.0056894702636012e-05
-3.044065017731217e-05
3.4633100334298783e-05
-3.6498622260839165e-05
-3.717118775208959e-06
-4.9699493502086614e-05
-4.5304240418534004e-05
-2.8455782051740408e-05
1.0556872643820105e-06
-2.0331952675311193e-05
-2.108964010742611e-05
-1.2711449230189242e-05
-4.103253000488569e-05
-2.6052382261142262e-05
-3.001742423384377e-05
-2.2550743386939255e-05
4.334329522336248e-05
-1.8815832779594797e-05
-3.7926698183374195e-05
1.9760792340123045e-05
-6.347676954585221e-06
-2.954438452320254e-05
-4.45924758227633e-05
1.6304403938895494e-05
-3.978202322938189e-05
-4.692022732155315e-05
1.5494963640384818e-05
-3.876601996223447e-05
-2.092696342634216e-06
2.079588669530381e-05
3.3137087729754584e-05
1.558064916687308e-05
1.7860420610048318e-06
-5.918370875269121e-06
2.009505127222229e-05
-1.1882494897766315e-05
-4.198816234767019e-05
-2.5216957089520356e-05
2.6944633147997245e-05
3.6262092521117815e-07
9.452368895649491e-06
-5.615255752193017e-06
-3.515168827080547e-05
4.459878200841304e-05
-3.0088497471602473e-05
-2.8377400113738084e-05
4.186966580936094e-05
-1.4209380193341625e-05
-3.3146177331024076e-05
-3.463009961493636e-05
1.1502597977096854e-05
-1.7961195066538348e-05
-2.0289409491332578e-05
4.2556207403163204e-05
-3.9583799246604694e-05
-1.5682489348163543e-05
-1.8608616326292853e-06
1.4396779211870167e-05
-3.0600514539892456e-05
-1.9578651358016065e-05
1.8475898405843367e-05
-5.191488459287752e-06
9.111488372751942e-06
-2.886583795930693e-05
-3.847500799062634e-05
-3.7934991971894586e-05
-3.51685043761587e-05
-2.4363548961217694e-08
3.7937597562359505e-05
2.071368147716853e-05
-8.357950492900358e-06
-3.8179609753741505e-05
1.4714070177625025e-05
-3.97985387610659e-05
1.630999414899654e-05
4.5151539827541604e-05
4.288490258173736e-05
-4.325263938073063e-05
1.9308318165232894e-05
-4.501842450618049e-05
1.1419200658590845e-05
3.77790298665856e-05
-4.886832928605341e-05
-1.554903792337168e-05
3.369178648806195e-05
1.0924475895088723e-05
-4.0583997044699475e-05
3.046848319198332e-05
-3.5577666369001105e-05
3.84459955993077e-05
-4.485058604108244e-05
-3.6919362865736512e-06
2.2135826806914645e-06
4.841866857325935e-05
-2.402605068358035e-05
-2.7189217505772836e-05
2.4549956126336014e-05
-4.6490377894950565e-05
-2.7756921697907924e-05
-4.473600541041902e-05
-4.167105877361351e-06
2.2179596005889348e-05
-4.384074828304343e-05
1.0160080049274315e-05
3.81437608811642e-05
-2.4324890433421376e-05
4.1907554362306545e-05
4.728922107847339e-05
5.7012968312029194e-06
-1.0337017138875937e-05
4.027548334081422e-06
-1.8576525621859364e-05
1.084060934554738e-05
2.8250162119369282e-05
1.1692449561790493e-05
4.879237147442026e-05
1.846471997338199e-05
2.864187640106387e-05
4.892335413453745e-05
-1.0007798437923763e-05
2.1087310077089767e-05
9.85367891302398e-06
-2.5188906888209985e-05
-2.596620017112684e-06
-3.984463453172684e-06
-1.644649902165158e-05
1.6763415727077622e-05
-2.3970031307625816e-05
4.961477330598389e-05
-2.2236331310691306e-05
3.987126489542827e-05
4.353929071319041e-07
-2.9558199089114004e-05
-2.6618647333972536e-05
-4.381205523378923e-05
1.1971814432639734e-06
-1.6780112455453456e-05
-2.338342661895777e-05
3.9247238874355645e-05
2.478757721442655e-05
2.7029581120004657e-06
-1.644693592838793e-05
1.8746736630968794e-05
-2.367439651110458e-05
2.4518744996921214e-05
2.6274020163745544e-05
-3.6712758257444054e-06
1.2831848825485275e-05
-3.204193360281374e-05
-2.3284066301367556e-05
2.5158838753569012e-05
4.3379108706622763e-05
3.179218853395355e-05
-3.274516917587086e-05
-9.553806543141784e-06
1.9664934252411842e-05
-4.503728805285626e-06
9.436562237893831e-06
-2.490812442650732e-05
3.3323071208591526e-05
1.2054156015133196e-05
-9.948055292357532e-07
-3.8439516248553654e-05
-1.3565971894373198e-05
-3.413577974923646e-05
-2.1784992397216718e-05
-3.147261765395767e-05
-2.9503226399685202e-05
-3.8382769878932245e-05
-1.121126706379836e-06
1.307358707887314e-05
-6.906675239295005e-06
-6.439607806594318e-06
-2.1587283707607742e-05
-9.99647811592116e-06
6.011678494610126e-06
4.2025038322586734e-05
4.695540635840902e-05
1.811763152843386e-05
-2.6504689828899097e-05
3.4689246804887304e-05
2.8360669747589717e-05
-4.5490468964686556e-07
4.246387051144949e-05
4.784280531264017e-05
-4.455681320787464e-06
1.065303279918746e-05
3.253613145861724e-06
3.102620789234687e-05
-3.907690980921057e-05
-4.1919587272163973e-05
-3.3277763791501386e-05
3.377644260120692e-05
-2.743975767703453e-05
3.464507521570348e-05
-3.839879205190083e-05
-2.91122029964241e-05
9.419227299201853e-06
2.513435835804204e-05
-4.218561941608414e-05
-2.7547165151873957e-05
-4.375182132967186e-05
-3.842357663744459e-05
-7.091979961800486e-06
-2.7172689584591482e-05
-3.147781648317446e-05
-2.5215709054080504e-05
4.729453900894386e-05
-2.8467076455692987e-05
-3.735010660295336e-05
4.823736638219371e-05
4.3904883724520074e-05
-2.8081164101160518e-05
3.789567908323749e-05
-2.0366211702033343e-05
4.835012967328371e-05
-4.499150736552847e-05
1.6830537317203243e-05
-4.547860000765612e-05
-2.1630160501455288e-05
-2.0885840030238214e-06
-3.4502156198220796e-05
-3.354857795514343e-05
2.777523194526286e-05
-1.5650386843454548e-05
