5.9791219928161956e-05
-0.0001921285221888692
0.00013859863807708079
-4.877073125985308e-05
0.00022072953960241578
4.626263825040027e-06
-0.00014679368915916841
-0.0001739027480130414
0.00017863865212244768
6.374203694099214e-05
0.00027329285930049937
-0.0002744087676870591
0.00024967551331120727
-6.914188800662767e-05
-0.00017208991807383378
-0.00027220527687062216
-0.00027719852195894816
0.00021201692376183052
-0.00023417467794579312
-0.0002679903365449111
-0.00022959843104892875
0.00023373300116543073
-0.0002017235078192407
-2.3110735501240493e-05
0.00029882771674493027
-0.00011572909623329723
-7.540332208002534e-06
-0.000127652279555682
5.46236229011069e-05
0.00016506697495324645
4.151356292547259e-05
-0.00023055327010950934
-0.00018154101763816704
-0.0001527674019722997
-3.638191283706179e-05
0.00020947624639058594
0.00018980500955691491
0.0001093723385640848
-0.000246926586176924
0.00017586510898928882
0.00011598647073915246
0.00024603513080643304
4.091926410055538e-05
-9.254102046576799e-06
0.00023403709984745705
-0.0001326666016302291
-0.00029691596864389147
-0.0002569505855311824
-0.00023361737780793786
-0.00010385996570307199
-4.9169831539696424e-05
0.00022072260923881886
0.000140053935517409
-0.00020233314419379548
0.0002208685266873543
0.00023224732231413072
-4.7217177095602674e-05
4.242310286003731e-05
1.8644894997836862e-05
0.000145739326276045
4.3425241697127846e-05
-0.0002963243256888662
-0.0001403068091917507
0.00014549301076770943
0.00020125696574877346
0.0002567498748460967
-2.9852515757214848e-05
-6.0529286143036785e-05
-0.00019778391159086726
0.00010368395312685834
-0.0002636306691570191
-0.00014745817281332124
0.00023216544381037457
-0.00016820257326381307
0.0002912782332544518
0.0002573215444414318
-0.00019391474363900454
-0.000266648557960356
-0.00023581670356484041
-0.00011438979514565522
-0.00014711136605307276
0.00019416632105154474
9.94445709958376e-05
-0.000201702087765035
0.0002646113483677507
-0.0002633598289345646
0.0002778103851620906
-0.0002468220985222621
0.0002513754002843288
7.2714426050417475e-06
0.00014753703590322114
-0.00019090282016822482
-0.00011531188993475471
2.3106197097124163e-05
-4.620587691001569e-05
0.00021351971877486663
-7.645699553737042e-05
0.0002264683252944612
0.0002654797593132989
0.00020302989559435575
3.7599519819174606e-05
0.0001462939063286787
0.0002826867878858714
0.00010918333032541497
0.0001696117287908743
-0.00020974246788270752
2.8289708411204833e-05
-3.3005711568409785e-06
0.00013076530567104368
-9.596766758671678e-05
-0.00019722602722457893
-0.0001385087371535956
4.265948292649102e-05
8.824152774059902e-05
-7.807901741185329e-05
6.04622892267709e-05
-0.00026459067014715406
-2.8056966046781785e-05
-0.00029950912590996425
0.0002996640943806643
-5.454551813490914e-05
-2.9489348912682548e-05
1.2793401646156205e-05
0.00013187763211778013
-3.178916028995075e-05
0.0002722477513273913
4.563833911267747e-06
-9.97513652759016e-05
9.028807364487823e-05
0.00029419267656170524
0.00017711480637292592
0.00011175884395944291
-0.0002507355814260603
-0.00013820503846445641
0.00023164001127814468
-9.018124232180015e-05
-9.727619597723922e-05
0.0001457238798375289
-0.00020886892506279033
2.6669449795799184e-05
0.00011522415008978856
0.00029882539626025173
-0.00012885197512479385
-9.74582572418188e-05
0.00023748164870706013
5.268855079620721e-06
0.0002073031102957364
4.6436283665631146e-05
-5.7566786650308394e-05
6.160227714251321e-05
5.708728893973156e-05
0.00018813733076479707
0.00027109985878052636
0.0002924702851843357
-0.00029166849622317645
9.617595530362082e-05
5.2799830316306346e-05
-0.00029285734357997317
0.0002776721388287315
-0.00010560923420602087
5.0729294859603214e-05
-0.00011851011052269007
-0.0002906991947806055
0.00018356456755857673
-0.00010202045068174854
-0.00010258642488656438
-2.0406091440394584e-05
1.4805827875893224e-05
0.0002620433385285183
4.180016164600489e-05
-5.544621843128289e-05
3.5088425516923956e-05
-8.455408322000831e-05
0.00021058048019283459
-0.0001797479505597594
-0.0002495814871556527
-3.275247493614427e-05
0.000294213813729924
1.3052936941078321e-05
-0.00013438940094893863
0.0002990706999758575
0.00027118992397299487
0.0002836040637963589
0.000294099739540862
1.1179543611763618e-05
6.835976383341182e-05
-8.359132505160954e-05
0.0002789712280605371
-7.233640656235791e-05
-0.00025863076913245985
-0.00028309386286089346
0.00014960474107178002
0.0002956191285723117
0.00025628692340540633
-0.0002687244581050826
-3.2201703525610475e-05
-0.00020240139221638185
-0.00015534476776592847
0.0002517655157580633
-1.9328069668205926e-05
-0.00016935707658390317
5.915295290147282e-05
-0.00020348648670303826
-5.154923215535523e-05
-0.0002678858198743602
-3.6106470489588474e-05
-0.000127474795238419
-0.0002766307959778021
-0.0001382553280817259
-0.00026632551063878775
6.227588057693866e-05
-0.00022422814080705946
-4.911034021413263e-05
0.0002335497743057282
-0.00023359093668973548
0.00024757884751087624
-0.0002971557080417466
0.00014898641360610085
-0.0002816073465225894
-0.00010375465090537404
-0.00027803575004212616
-1.924202732626304e-06
0.00016885170889391126
6.449945014676582e-05
-0.00025088414852712326
-4.1103921875803575e-06
0.00014275480079991215
0.0002547539265659497
0.00014140523318166733
6.310788325939836e-05
8.569789170023034e-05
-0.0001554227805082443
2.4191692640241616e-05
-0.00022400881182143968
0.00022474158774037182
-4.304262226388113e-05
-0.00029797647584505453
2.693483403439081e-05
-0.00015223934786123163
-0.00011702506791510235
9.552101185097934e-05
-0.00011469376083892595
-6.771994196763515e-05
0.00010868445633268275
-0.00016278085469153826
-7.16306174416984e-05
-0.00029819821550401557
6.674639104031776e-05
3.3007952583069327e-06
0.00012430869128999443
-0.0002834163390537064
5.000838627161494e-05
-0.0002054843947402615
-0.00026249893661397735
-0.0002615696226157362
-5.810179710125321e-05
-0.00014054250067309943
-0.00020848002086716193
-0.00010513914590003351
8.240315703803908e-05
3.3201540630949794e-07
-0.00025091749663815966
8.740096419490779e-05
-0.00024101766762274008
0.0002559655221801937
-0.00028229795723535786
0.0001017435420795045
0.00016569000202859026
0.0002150000195261271
-0.00017808773684018615
-0.00020150681033486822
-0.00021262831756507883
2.401772127728647e-05
0.00025552528250275317
-7.696576174707955e-05
-0.00028002061351598245
-2.8080335223505844e-05
0.00010857391789267738
-0.00018305884601148685
-0.0002615761879301716
-0.0002948072066703353
-7.746542175040357e-05
8.932546396175819e-05
-9.96722687856333e-05
-9.723394855408544e-05
0.00024363879001191294
0.00012236722825578918
9.8107162533847e-05
-0.00015997139181275627
0.0001495772498807666
-0.00028164218850491824
0.00020613561706811864
-0.00016335137809348938
0.00029527946046457534
2.095783778464851e-05
0.00023175559570091838
-0.0001785072815925254
0.00023412343065151443
-0.00013738127689842523
-3.53146024845766e-05
-0.00022425632626911957
-0.0001898299423421489
0.00012112706359084413
0.00021004321347204438
-0.00020494140659302372
0.000279978913315324
0.0002667965092947847
-0.00022946034350433586
4.699632907737586e-05
-0.00023051337787466562
-0.0001559247192464564
0.00010987319437631108
-5.575635802992484e-05
6.79473043379059e-05
0.00022177232980622683
-0.00021552960984462275
-0.00022999611435749689
-9.106673555626469e-05
0.00011948474702249849
9.125054278105483e-05
0.0001135253060895804
-0.00019395876041236753
6.852795450927975e-05
-2.8882120227389065e-05
0.0002860844563246932
1.0840107026442204e-07
0.00024547263939688136
0.00027282130846047664
0.00011411966782111295
0.0002054991139542795
4.088584471071435e-05
-0.00017871554253277681
-0.000165904351130903
0.00016599381398045093
-9.825627829409137e-05
-0.000194588257640857
9.67843054258491e-05
-0.00022836476029470718
-0.00017263772673216992
0.00026785547887406947
-0.00011940010585043511
-0.00020600096810638287
-0.0002135537068190209
3.961987234563384e-05
9.13884437195931e-05
8.861529795518164e-05
-8.006556832960363e-05
-0.00010287476702300371
-3.239023041702897e-05
7.418371450324256e-05
2.077800338758822e-05
-0.00028259188582946203
0.00011113557926391434
-0.00010820379570751777
-0.0002691349367117005
0.0001342244027960662
0.00011935408702817271
-0.00025548679365760814
-9.125823460850549e-05
-1.1686382409555583e-05
0.00022189143266059132
0.0001355340922790379
-0.00013421470760097677
-0.00018911966596607915
-9.468239625282893e-05
0.0002000684034515814
1.489467300334142e-06
9.865196696329703e-06
6.111325161479249e-05
0.000221841375857047
-0.0002647686153010362
-0.00018865917940902375
-0.0002970249469353304
-6.017118069983986e-05
-6.472870155577271e-05
-8.520286785153124e-05
0.0002992376355036034
0.00010884655384986165
-0.00024450298972503507
-5.890809613413368e-05
-0.0002775716874477641
0.00022600611945877664
0.00024455234470744026
8.588749852895167e-05
0.00018435294382225748
0.00011796037329236898
-0.00012576247635929142
-6.685945755470634e-05
0.00015948369164751804
0.0002732214782750223
-0.00017375145979402955
4.301964920580965e-05
-0.0002979884864013441
-0.00027784111935102697
-0.0002639782809433519
0.0002991660890851534
0.0002662515700914741
0.00011122878797000809
-0.00013461338050712278
2.0226489311165187e-05
0.00020441952521617275
-0.0002786642388788256
-0.0002574879851324251
0.00016432860447110955
0.0002758016016999407
-0.0002155788069055392
-0.00018103552205080625
0.00014256914980519423
0.00029646846130598406
8.403519642274817e-05
0.00015158200017829958
0.00017336660942310724
-2.731039949746615e-05
-0.00026595349399792436
-1.539794098974885e-05
-6.620836493360783e-05
-7.325014669057634e-05
-0.00017206629523954187
0.0001793642944068768
7.22610977335275e-05
-0.0002190848789538521
-0.00022432331697622954
9.305621357145961e-05
-7.881434797081099e-06
-0.0002443199952669479
0.0001207928283747774
8.32247034649417e-05
-0.00019013253327365188
0.00020874171033841675
-0.00014724669614387014
0.00014221394060525523
5.8186943453691204e-05
-0.0002012781576455714
8.308901805868026e-05
0.00028296908769795745
-0.00015839050131055647
-0.0002445532017537062
0.00016365093194747893
3.8354755066445775e-05
0.0002253597820668014
0.00013224535976785203
0.00029658743075711933
0.00020459022473158544
0.00018308758598944633
8.12319139321329e-05
0.0001803984843561469
-0.00010556521458954905
-8.354343343795799e-07
-4.488264628526694e-06
2.7380515109216104e-05
-4.617059094357646e-05
0.0002910890592847896
9.646988695967559e-05
-0.00015067722966961142
-0.00015744050167348
8.596529605450824e-05
0.0002932372689217599
0.0002921725270534046
0.00025164939050205376
-4.399729949981985e-05
-0.00020221964566016296
-1.9985548568193453e-05
-0.00019175289512239488
0.00024434320353022555
0.00020563969454520285
-7.993569599543105e-05
-4.919686892806253e-05
-5.487738267921389e-06
-0.0001896984255285923
-0.00013048165401084364
0.00024346950440362012
-0.00015075489734124112
-9.864363556275703e-05
-0.00011095931514256186
0.00016221319706272912
0.0002440017866740251
-0.00017168930445411696
-0.00020104235358574566
-0.00018167595380271152
0.00027229074323679964
-9.556349207471925e-05
-0.0002607827693734685
6.927240696304719e-05
-0.00011167662789515599
2.3937923240870227e-05
7.835012998016761e-06
2.407467117835309e-05
-0.0001946665875106501
0.00012186979288629355
0.00029825888322943726
-0.0002136762208638799
-0.00018516098910626572
7.896746209467778e-05
0.000264651936070505
8.471677016816376e-05
-3.812137519851577e-05
-4.5993326352069045e-05
0.00014176417012583742
-0.00014652290668116448
-0.00017258869925048759
8.364753836886843e-05
-0.0002562041143877626
-0.00017272305948494408
-1.361096271882637e-05
0.0002527942501552507
-0.00018609590358569157
-0.00014242610398470452
-0.0001695917469295236
0.000180020467537735
8.056524162615485e-05
1.1950661895764102e-05
-0.00015387701488997986
-0.00010895999573723545
-0.00018208716947983752
1.6125973391484954e-05
-9.088888744629192e-06
-0.0001246548635227831
-0.0001978448287409664
-0.00025308539065986276
-3.0733377010845955e-05
0.00012372759931544934
-0.0002804563158706294
-0.0001306150558857266
-0.00023153871894577896
-1.0869826905485539e-05
-0.0002893144571093842
-0.0002804343973090501
0.0002964380420405611
0.00027737237575890756
-9.274853722457984e-05
-2.7851090618206205e-05
0.00010244270164615552
-7.14890011599972e-05
0.00019309017414429077
-1.0457521258460886e-05
-0.0001685396258904448
1.8868993593925624e-05
-0.0002977328190350075
-0.00021478098572462115
-5.670704544158715e-05
-0.0002638821695697597
-6.026897759184367e-05
6.148211458210028e-05
7.995294613433515e-05
0.00012472015890691046
-0.00014230417352928667
0.00018183773555564527
0.0002465086433223192
-0.00010295201613693731
-0.0002873749539779882
6.443138175696859e-05
0.00028880864663258585
8.681523636802407e-05
-0.0002863948602918727
0.0001489554897598858
-4.123592001120018e-05
0.00026422824907867487
0.00029318940563708855
-0.00029665341864551113
0.00015013350742978362
-0.00023456113061662596
-0.00012013845742540741
0.00027056409836956715
7.203374137377611e-05
0.00011502782319078157
-0.00013117424849410758
0.0001588010084172139
-0.00021701706249741822
0.00019193509925652489
0.00019485325248263364
-0.00017452241483752182
0.00020120259240112933
0.00029080010632672343
-2.163845833751956e-05
-0.0002037671311465306
-0.00019080688449163053
0.00020209818940926648
-0.00022059363601123944
0.00011907386138606982
3.669085835583143e-05
2.0703446178033547e-05
-4.952501046697632e-05
-0.0001449650428700085
-4.200227499188009e-05
-0.00011081861244809413
0.00027710097923110117
4.593371226774485e-05
0.0002622737864680402
-0.0001234496332542383
9.988372247713399e-05
-0.00014996920100621454
0.00012412870798609031
-2.006642168581816e-05
-8.882759690212818e-05
-2.950048535652858e-05
6.468311072111072e-05
2.703906460720779e-06
9.839964666486574e-05
0.0002941183402798263
0.00020949589610925172
-0.00019668350647590794
-0.000271963456370198
0.00020110418322811515
0.0001826603393946603
8.757502684635717e-05
0.0002162848322613859
-0.00019740215726903358
-2.86869883138691e-05
-0.0002575295735227935
-6.8387770375964e-05
-3.793495643593462e-05
0.00021779542052242934
-0.00020940361664337895
3.437513494482041e-05
2.8171311406820373e-06
-5.61916468565759e-05
-7.417223147329556e-05
0.0001728570299062868
-0.00018997725754349342
0.00016433286152683164
-0.00020408828104453118
0.00029150996199162716
-0.00017792923797912483
0.00027563480087039173
4.6561155693138697e-05
-6.0838065459208274e-05
3.902800778710883e-05
-1.7747013460312595e-05
-0.00020010770972488708
0.00022056903521916693
-0.00025945470955940803
8.418916868387408e-05
-4.54026774228595e-06
-0.00020725485576436815
-0.0001437657568140494
-0.00025461788938109433
7.194940903527182e-05
4.6838991322791e-05
-0.00013903105146596822
2.270497135523975e-05
0.00028454213575826475
-0.0002674222385940567
-4.106816111797975e-05
-0.00021831878410192616
0.00022913379787824851
8.126934511132393e-05
-0.00024218835134855193
0.00011739357161161132
-0.00021442349744363998
-0.0002990218197590993
4.468443907783428e-05
0.00020250591942409102
0.00026777702460299403
0.00028826134546662937
-7.492430319012034e-06
9.703527396478286e-05
7.937814233652837e-05
-0.00011934448946880887
-0.00029234499101130735
9.085709523822346e-05
0.00022890275782122186
0.0002745470851524265
-0.00019745829792259053
4.380157314176988e-05
-6.853764404026513e-05
-7.988469409512167e-05
-0.00024274812163292708
9.919016405734462e-05
-0.0001694481508414898
-5.070521695535853e-05
-0.000286398009502695
-0.00023158141022140471
0.0002832818188032784
-7.354312533980193e-06
-0.00024875790255117643
0.00018228007306816463
3.6525448095463655e-05
-0.00016917052737626493
5.6330604729130864e-05
-0.00020011547800225183
0.0002843402193245333
-0.00014586901825258214
0.0001845796880673683
-0.0002932207799522535
0.0001371897911815842
-0.0002651585119931573
-0.0002319907870763414
0.00017657089227669158
0.00018682817608419713
0.00014350086523161971
-0.00020757471392081448
0.0001606307597549813
0.0002742371773902439
0.000174395651178507
3.265724459993683e-05
0.0002594976494476508
8.840776953791953e-05
-0.00015556039079840002
-3.780151945351808e-05
0.00018523947860023325
0.00016361169238221653
0.0002403869815453124
-0.00016143630826816776
-0.00025086796528593733
0.0002621238955355739
4.7266168095400735e-05
0.0001687463502027617
-0.00014706303728885772
-0.0002009070358912653
-0.00014254213466534724
-9.188691856913485e-05
-6.97571190945018e-05
4.596281730007032e-05
0.0001387250457713152
-0.0001837974773314151
5.212415629768033e-05
2.9646924729279946e-05
-7.913847667096851e-06
-0.00018265711350464906
-0.0001407227461526778
-0.0002059210838430524
0.0002523682881123034
7.453444237164833e-06
-0.00019828761991830772
5.7208603972878544e-05
-0.00023792501664575343
-0.00010721940483360154
-6.885725218094805e-05
1.3686355953035118e-06
-0.00027405709825142096
-0.0001522407177469494
-0.0001832433892755618
0.0002009199587276051
-0.00029354415736180834
-8.178809571814078e-05
-0.00011506937234744138
0.0002059580923946135
3.516902325475282e-05
0.0002865067020446583
0.00012451524304756684
0.00016018576760910884
-0.0001701874243564819
0.00010262825009070526
-0.0001242023608600351
-6.888451045601075e-05
0.00021437246078810868
-0.00015839324277770769
-0.00018836869607689405
-0.00021889715736349709
-0.00017960097396778828
2.511473101757478e-05
0.00017876801832910125
-0.000215102870839749
0.00016564226441104414
0.00013813473173936906
0.00013628864269629335
-0.00018172078030750116
0.00029606636286579757
-0.0001379249089698279
0.00019247017638295802
0.00021134711901949025
0.00021443536625732174
-6.853048783655798e-05
0.00029499953664293934
4.414896616398913e-06
-0.000288582702421027
0.00026241835330828334
-3.189611533498354e-05
-0.00018443970566259373
-0.0002056683467958059
-0.00020806487963549418
-0.0002158018303834143
-0.00029176039691554406
0.0001538251947778254
0.000116864415253553
0.0001379817252101735
0.00013868626175484773
0.0002879185781210956
-4.446647346683616e-05
-9.454522663136447e-05
-6.586942372416947e-05
-0.00010567227745180417
-0.0002142050921015489
0.00029126541343435047
2.332495811637657e-05
4.3149316533144344e-05
-0.0001261117270293171
4.9790095239613094e-05
-0.00014296161114422346
-6.28863521514659e-05
-0.000229532621880588
6.02517047982819e-05
0.0002711499710931142
0.00010756460871741956
-0.00024319508683422482
3.0743000395189646e-05
-0.0002636967314946801
-5.691534257702043e-05
0.0002688122655950203
-0.00023074727016066777
0.0001747106558287174
-0.0002555135586044977
-0.0001240646794303999
0.0001754384410506735
0.0002871595431377046
5.5589202936705295e-05
4.482618937086901e-05
3.1256431909092e-05
0.0001124343400497669
0.0001856658882638839
-6.072437669097394e-06
-0.0002559323061098881
-0.00010267829522497634
-0.0002903350212170749
-2.6875086735489656e-05
-0.00018865112558849768
0.00012091775338160516
7.504235025532257e-05
-2.864776515481795e-05
-7.059866484782187e-05
6.890270910357683e-05
0.00023958690406701864
-9.440433544673121e-05
6.512365593407989e-05
0.00011846929297812988
0.0002794065925682065
6.821450176050726e-05
0.00023732036804243963
-9.33971267279227e-05
0.00010218603902685427
-0.0002367037405719596
-1.840434580249544e-05
0.00023809021389890542
0.00018854000191670834
-0.00029121445969679005
0.00015365419589253448
8.322288546174937e-05
-0.00021285948513156592
-0.00010359464868929083
0.00012216814352476187
-0.00010796540444978119
-0.00018919481569284902
-0.00015376967222399316
-8.666671910790837e-05
-0.00011034075698350824
-0.00015102383733404752
0.00010469137515734043
-0.00022130927309226554
-5.2802422376021e-05
3.018795042993819e-07
-0.00023245017611881095
0.0002757286454461723
0.00011100728914015202
0.00010518188389165576
-5.670645423567187e-05
-0.00016594401133557634
0.00023407982726079334
5.3691025381168655e-05
-6.044144484050978e-05
-0.0002420260491234819
0.000114739529255148
-0.00015370357241063182
-1.9653847440427358e-05
0.0002825662157245903
-0.00023494332945905107
-0.00029124964837408976
0.00026927415116395544
2.7424029475948335e-05
-4.6139813899766864e-05
-0.00015413225786961346
-8.60451145165809e-05
-3.968490221187081e-05
6.71986241195041e-05
-4.975158481819344e-05
0.00011395823203131083
-0.00017944041052527285
-0.00013559369305954507
0.00016133076044163978
-0.0002130704378537635
6.465210802565478e-05
-2.5301589576957656e-05
0.0001504470199404596
-0.00010505643277264638
0.00023963398353465346
-5.888060159118063e-05
0.00014453151971878514
-0.00024030798408212733
-0.00022298444050851908
-0.00022796824323721295
0.00021883821533250032
-0.00013254742440254292
-0.00028768896202190065
0.0002820831492939063
-0.0002503771048945197
-4.833239418057007e-05
-0.00022602632893271098
2.180813157375732e-05
-0.00022769871060461562
-0.00017658047119331995
-0.00027882878729500074
-0.00027056200533204884
-8.06093961310328e-05
0.00012819815367930674
-0.00019756034897066264
-5.09723005347885e-05
-2.7718865368875334e-05
5.081803865107507e-05
-0.00021903353717959113
4.1244110422919195e-05
0.000242329883766492
-4.564336371913353e-05
-0.0001585026693899767
8.934437152841203e-05
-0.00020835639286116654
0.0002609898304146335
0.0001895182385033732
-0.00012975119122584546
0.00024171434286713098
5.785279240782653e-05
9.0572691038182e-06
-3.335344849369072e-05
-0.0001897523542239795
0.00016346738731291876
0.00011092255562204643
0.00022797957249751636
-0.00021241753379419752
-0.00020205795467306104
6.012929140872719e-05
0.00018655388660509663
-0.00025585095922469345
-7.909096431396069e-05
-1.8971451887557598e-05
0.00017478439818163652
0.00017597283784645686
0.00021328244701354025
0.00020431139816257587
-0.00022631642493870503
-0.00024315960296676542
-3.445156923290849e-05
0.00024822348810964564
-0.00012574043953472914
7.67867580131552e-06
-0.0002745775180123878
-0.00022223396205498766
0.00024651740669120185
-0.00013402483107733586
-0.0002566125242257316
-0.00024662725718195045
0.00010967730055788514
0.0001778945115723716
5.727842101207038e-05
-0.0002423958281361692
-2.7145345032908994e-05
0.00023976561859362122
-7.08530383891392e-05
6.763050310290314e-05
9.318223202993149e-05
-4.7166103406388285e-05
-0.00014383343382281437
6.815981111123057e-05
4.8074765012685145e-05
-0.0002783156931819529
1.7086030207138527e-05
0.00016201436854945033
-2.3034139405889783e-05
0.00028332992856906113
-0.0002902359439361533
-0.0002737410893270407
0.00024099488925383774
8.137946276544442e-05
-1.802389585299171e-05
0.0002755126080277276
-4.90016276032663e-05
-7.75105586851729e-05
2.2244536678774052e-06
0.0002044928939341103
0.00020008982283704473
9.389907324102082e-06
0.00022265236892078487
-0.0002796092137600273
-0.00023674908419708297
-0.00014093321271596985
-0.00024425713359781614
-9.587877276092944e-05
-0.00016661442300901918
-0.00010772329175904707
0.00015187575313530091
-0.00023903917796693836
0.00023528050197614672
-0.00012223601718476323
0.00011724389540679271
-2.336340432294268e-05
0.00011172018137896566
0.00022979328964368024
0.0001657647794377814
1.3257293843950283e-05
-0.0002732716556058293
-2.9551629886511225e-05
-0.00019320556959553586
0.0001174703635533807
