0.0002306643743123057
-0.00027960269801200404
-0.0002027642931330844
0.00011426456378234659
-0.0001498544778529479
0.00015351912008677377
5.669566610304078e-05
-9.304374556743449e-05
-0.00012037720224198327
2.1956969462280803e-06
-0.000184628361312256
-9.500793584598901e-05
-6.643851610276398e-05
-8.874336827283393e-05
-5.5908358857145084e-05
0.00029566671528651116
4.158884721652909e-06
-0.00022019346924780076
0.00010407368052231926
6.564908227867837e-05
0.0001554755250980476
-5.8531252584314886e-05
-0.00024940079687469686
-1.828614957304802e-05
0.0002911797920746299
-0.00011130338898686872
-0.0001482562165514897
3.290418487537065e-05
0.0002519497803116768
0.00015869991701122877
0.00024642364723331404
-0.00028939521833341045
-0.00021764339625599417
0.00027986490783065825
0.0002323155442998961
7.604648064537693e-05
-0.00026233162197547365
0.00015041734093289337
0.00022418517280788102
0.0002944537370641644
4.157710192887685e-05
0.00011383326979324756
-5.3689402784021136e-05
0.00017672350147688833
-8.081740251739036e-06
-0.00017611670105171517
-7.996825674469034e-05
-0.00027174053059231105
-0.00022330297852414969
-0.00023669177043555024
0.00017392504482536218
0.00024563707543124436
4.89077371936882e-05
-0.00010132091414604601
-1.8560122508353273e-05
-0.0001269363835195112
0.00029343184417845606
0.00027066278878302795
3.675653486644794e-05
0.0002986041358196912
-1.446590324587579e-05
-0.00018664079797745014
-7.755107215150843e-06
0.00013983637161236616
-0.00020606237333379603
-1.4024817794568351e-06
0.00010339959904603544
-0.0001730033751078212
-7.457238926665503e-05
0.00026096272023199996
-7.259712333601478e-05
7.82841127199534e-05
8.678037722684e-05
0.0002866498430555867
-0.0002739148847333793
-0.00022608362997669383
-0.00011847179369231766
-9.232809696159462e-05
0.00013599585412212684
-5.861951819643741e-05
-0.00024743326090608734
-0.0002514188122668556
-0.00013147864845079195
0.00014112034084302997
-0.00020024092638686394
0.00017593343930499654
0.0001434830647120388
-0.00026574875888009337
0.0002688095082005831
0.0001422875808887651
0.00010820649726606867
-1.756651097032519e-07
9.837390708105026e-05
0.00018112702848234713
-0.00010106176011834086
-9.314961959356038e-05
-0.00015343515135081686
0.00020095061035245231
8.468704913629053e-05
0.0002659306873730182
-2.188085738234958e-05
-0.00010521901084018439
-4.99149170705487e-05
-0.00029574277734163425
0.00022621649031037656
-0.00012559298697948824
3.450123360097964e-05
0.00022741272401072824
3.0593226671749604e-05
2.5239633172502798e-05
0.0002314264268933951
-3.3782126770853034e-05
-9.640987419798889e-05
-0.0001177748907562867
0.00012206577627666619
0.0002675529065570335
-0.00027463355015239276
3.508530213524474e-05
-0.00015812175979307663
9.99269079574234e-06
0.00020439989253321662
0.00020243058196912656
5.85317592303231e-05
-0.00020173903589624007
0.00025196170857370517
-0.00027204023457472784
-2.3163071561271972e-05
1.436727062656271e-05
-0.0001237312139829316
-3.872069459938198e-05
8.79919604622212e-05
9.42639866895401e-05
0.0002939468617138711
0.0001801107081778435
0.0002157259722092041
-0.0002983782930978808
-0.00016321022394071857
-0.00028543548901921705
0.00020456126123035134
0.00029184826968747525
-0.00011183984045018823
-0.00013192138146350611
-0.00028980418264697784
6.581220384219578e-06
0.00024152432428486086
-0.0001876761982283
0.00012980981843996613
6.72229627512403e-05
-0.00029362396267572583
-9.179606397514357e-05
-5.649251271221101e-05
-5.303201394933225e-05
7.892754163719306e-05
0.0002696298169324346
-0.00027816897111299544
-0.00021289926112988102
-9.557479057610858e-05
0.00028259035311087
0.0002833119388924379
0.00013673911141028858
-0.00018263795204617614
-0.0001740460321132102
0.00022320938961688507
0.0002958498289864759
-0.0002748754797574975
-0.00029279149785940814
-0.00012081025063922392
-6.851722163474144e-05
7.667896711347188e-05
-6.507713102516053e-05
-0.0001617176400021275
0.0002284785261791067
8.276238140554702e-05
0.00020750095772074803
-0.0001601512511271257
0.00021451450668233423
-3.9650293566834594e-05
0.0002550593382292376
0.000245452129132108
3.609450645981232e-05
0.00010146366385045355
-0.00026311758343900674
-5.104392174332058e-05
3.615564431893204e-06
1.5652107251481193e-05
-0.0002935881414870931
-0.00026007516072651686
-0.00027839165124138294
9.65761535618295e-05
0.00027390743997149125
3.7550901406899337e-05
-8.831744009128812e-05
0.00021308456765730435
0.00016000378056577286
-0.00012420771174037132
-0.00020339499686541487
0.0002116619983651388
0.00025917117083174734
-8.91472951973513e-05
-0.00012372490834435332
-0.00024989941557229114
-7.661909839834762e-05
0.00023481002878098113
-0.00019055875452020387
0.0002727096122483896
0.00013077086707170415
1.3147019117069664e-05
2.629877362556423e-05
0.00027844714772195356
-4.840658388201053e-05
-9.772954296959177e-06
-0.00027455025066137304
-3.387488530306619e-05
-5.107203231901025e-05
0.0002800306058624383
0.0002166948816266767
0.0002668674478922153
0.00010451562392111254
-2.397074665987949e-05
-0.00018067755883501284
0.00024252034617105745
-5.03342350530916e-05
8.619193551995025e-05
0.0002412403493402691
-0.0002773011819890192
-0.00016299935939586714
0.00015442355675930342
0.0001417271810687807
0.000137914541602773
-9.678958552601874e-06
-0.0001887667253334554
0.00011516807952384375
-0.00018933709683977663
0.00016431813951300146
-0.00012796643822227512
0.00023146457111119584
0.00013118142072032936
-0.0002994909453338503
0.00016980345540096753
0.00011019504803067113
-3.119544783635424e-05
-0.00010055922608693781
0.0001629390125679615
-0.0002968876191616552
-0.0002602048067280748
-0.0001552187345445707
0.000288142680397209
-0.0002205519957028268
-0.00012013499821455218
-0.00012129322601175016
-0.00021182655161227937
-0.0002584462860694723
0.00018343880878562014
-2.8484976963215412e-05
-6.131214178964553e-05
-0.00014970299589311834
0.00011994518112974574
9.382567959442182e-05
0.0001646326068470622
-0.00019954587036866102
-0.00027785223713875474
-0.00017171480063242397
-0.00018291644575942756
0.0002215697397068411
-0.0002344835175854445
-7.442430420175527e-05
-4.243263287942412e-06
-0.00024127577039217773
0.00028461861459663594
-0.00026533738415354647
-0.0002427063935393302
0.00020648605309411908
1.2983524326517636e-05
8.724598680620328e-05
-0.0002844591179421707
0.00019333665837544266
0.0002435112462768427
8.801249127322696e-05
0.00017542825590876715
5.680505251180485e-05
0.00028378243449381696
-5.852470018281742e-05
7.444128814352072e-05
0.0002603170716460969
0.00021768563666009862
-4.680422241309072e-05
-0.00019383936679273205
1.035905144794382e-05
0.00012491403953816284
0.0001359402210018844
-0.00025586081297344747
-0.0002839687573256701
-5.028623277685397e-05
0.00020455512833002422
0.00021655543629799432
-8.424093939785662e-05
-6.353642261060308e-05
0.00022892832427918915
1.727553677566046e-05
-0.00022470643175874733
0.00015123080544029646
-1.2008435819923537e-05
-1.5882209440302498e-05
-0.00015994081141458867
0.00013077798426363663
-0.00027470049493887776
-9.80026627248092e-06
-9.204128509042616e-06
-0.0002217947862403649
0.0002514538240711713
9.708535975473133e-05
-0.00027895499568663713
-0.00014277944456111836
-0.00025140534415611263
-9.000321425593508e-05
-0.0001998633373296867
-0.0001479789616007526
-0.00018219810340951297
-0.00011554134318220058
0.0002650181788888272
4.743726474220461e-05
0.00023014026272884317
-0.00018276338025703784
-0.00017435742019523094
-7.726897489023933e-05
6.283537164749735e-05
0.00016852138551801588
-5.579339829134099e-05
-1.2136891468233536e-05
-0.00010570052855938053
0.00023723950452469907
-9.421699546778323e-06
0.0002759446736984484
-0.00022496319289152936
-0.00029203676449300874
8.504026907814614e-05
-1.147602258485484e-05
3.394185302103782e-05
0.00014470561421595817
-4.261822155950828e-05
-5.252517856364579e-05
-6.471752879302361e-05
0.0001995495464545745
4.821459097657972e-05
3.1632961850825195e-06
-0.00020590574352675247
-0.00018123277918928165
0.00015138624780004588
-6.301633710184312e-05
-0.00010752386505179714
0.0002420744874596931
-2.2353327319666076e-05
4.223017011999153e-06
-0.00012014182989253323
-2.517283775020819e-05
-0.00015184244537887372
0.00015683145014087668
5.63315306559021e-06
-2.0335140467982367e-05
0.00024545392008824325
0.00011846975301234449
0.0001560133816040784
-0.00029536657250368804
0.00012950577846655335
-0.00026636056843074615
0.00013074797505409363
0.0002663016640022543
0.0002292372135881139
0.00012015051069482065
0.00029931436786840513
0.00027316647103779273
-0.00021393515813175108
0.00014768488744637727
-8.92770626275287e-05
0.00012402230668371017
-2.5930798530291984e-05
-0.00020291043340417623
0.00021598220632486283
-5.594883019732977e-05
-3.0311730616758216e-05
8.12281513003572e-05
0.0002682604795165063
-0.00012079287969215722
5.215103799558439e-05
0.00028818021304363506
-0.00020684035983403935
0.00027510425187550247
1.84025087618594e-05
8.504405807384499e-05
0.0001688674516924925
0.00010503816229694607
0.0002281674956274334
7.242113014463295e-05
-0.0002594564599480269
0.00011610870537900403
0.00012289245478432754
-0.0001492267652472277
4.232807558229428e-05
-0.0002751626488172693
-2.1032847893033004e-05
-6.245832740962571e-05
0.0001154745462995919
0.00028175702124648064
0.0001698281382052835
0.00014672728102558473
-0.00013030529329230051
-0.00021233887782156914
-0.00020935544084830254
0.00012462863660407355
0.00018346659991026472
-0.00016536039580052598
0.0001436365477479027
-0.00014125412263478503
2.506070701859377e-05
-0.00010301285823467339
-0.00024466772722395413
0.00025772688151110235
0.0002006453672014729
-2.789713440288133e-06
0.0002210341067887535
0.0001403628880296476
-0.00021891716426946606
-0.0002712974994251647
-0.0001332906563286556
-0.00022178969539533118
-3.260376192964522e-05
-0.00010427027474000224
-0.0002177120569234664
0.00011360965069182706
-8.878551174228898e-05
-0.00010357957554852813
0.00024014282818356447
-0.00011068619956574496
-5.799991856008692e-05
7.23623812476905e-05
-0.00016194794727401502
-0.00017007654986919945
0.0002934659744752085
-0.0002718438608111278
1.892265535794591e-05
0.0002455211973948032
-2.3585458596729614e-05
-3.0756354433583125e-05
-0.00014137449180726615
0.00019723171494762012
0.00014612202034851795
3.068804446792155e-05
-0.00011137529186590832
-0.00010916268759938766
-0.00011372017892166995
0.00026123208963405915
7.07960501493168e-05
7.845678821988451e-06
-0.00014702446513669982
0.000277800308348326
-0.0001470949475155121
0.0002663955156480845
3.7839709578208055e-06
-0.00017673192772703437
6.492506793919688e-05
0.0002520469178010055
6.200833230169523e-05
0.0001284401668479986
-7.227052790612556e-05
-2.902307712610773e-05
2.826419480349789e-05
-9.447472670211988e-05
0.0002832714201725861
-6.93580054927749e-05
-7.314635299337797e-05
-0.00020818592573434996
0.00020226922927776874
1.180778240740879e-06
-6.907873335246505e-05
3.5124736583949634e-05
5.160807111521167e-05
-0.00018622357713430314
-2.5981502064280945e-05
0.0002220527542531275
2.5961739708413572e-05
-7.846730240100583e-05
0.0001516462642281003
0.0002360472787988471
7.460763731972686e-05
4.319188511900737e-05
-0.0001635592113673884
-0.00012202933267964184
-0.00010158415978043557
1.1264815972364416e-05
-0.00021048642693539352
-0.00017100464740419014
0.00019352439470079168
-0.00018171684146045164
-0.00019311598691578423
-4.033824289655921e-06
1.877939956946938e-05
-0.00015816398704170573
0.00019661566279147836
-0.00026185763990352345
-0.00018466047179694202
0.0002517870259123156
0.0002930748561838571
0.0002787105824989512
-8.302130350801577e-05
-0.00019118077733163097
-0.00011934047012299604
-0.00011905326732552853
-0.0002972000875493548
7.078133346026787e-05
-2.285768631544061e-05
-0.0002721596128319891
-0.00021062583665847057
-0.00027023362738055147
0.00019822412519836333
3.955650626573262e-05
-0.000297158105111993
-0.0001840776295483893
7.795180432760727e-05
-0.00018945136850448825
3.3613400699259355e-05
-0.00012071925329799907
9.027682071948524e-05
9.312599208028213e-05
0.00017205358693801216
0.00027629929555452213
-9.094350802666947e-05
-6.210967432150304e-05
-0.00019404604431583731
-0.00011024511559030341
0.00024692424154586326
0.00016023805632514013
-5.24738903817194e-05
-1.9351187686388863e-05
-0.00014056422301951725
-7.985239110070569e-05
0.00011770888769256155
-0.00012397452071938282
0.00016758924792550976
-4.0711377229918605e-05
-0.00015348232584670924
-4.475478450274373e-05
-0.0001921580494734621
-0.00016595985766360263
-0.0002257535925989828
-0.0002533504535379156
3.408449463575779e-06
0.00015620280196384926
-0.00019998781719066105
-0.00013014026064097305
9.435756890333768e-05
0.00012839320178708734
0.00010837857381339563
-0.00016310403328304428
9.725537391564094e-05
-0.00018167334006780996
0.00018446034944577826
-0.00023667250291378738
-0.00019608077601999244
-0.0002332034848530938
-0.00015098248557077808
-5.742814300043175e-05
-0.00014528724366623687
-0.0002564470707891756
-0.00017892825736004367
4.170296084107203e-05
0.00011761403504824858
0.00017851039605576105
0.00013748775749408302
1.0082026750437981e-05
-0.000140719004418455
0.0001251130447308404
0.00017263140715911374
-7.737585043145529e-05
0.0002175562483706605
-0.00011776692524717672
0.00013097029012700955
-7.384031007480742e-05
-0.0001220331909781689
-0.00029409187174976896
3.9184883463717706e-05
-7.365475933933404e-05
-6.748193557451756e-05
-0.00023003047394820186
-4.9247136794973445e-05
-0.00012578496203778165
-0.0002905256051506801
0.0001896299316666219
0.00027686037732596
-0.00027343994828795326
0.00029608943068688284
0.0002533709151924665
-0.00024046470565960897
7.420990680638253e-05
0.0001733453572966392
2.948549284929132e-05
0.00012358281716247935
-7.047179125600894e-05
-6.4417330364072785e-06
0.00019951595600861102
-0.00023520877271624363
0.00013169268074389543
-0.00023488093553797036
-0.0002735542360958904
0.00023112770505691733
-0.00010822125505014347
0.0001276066244594344
0.00021571025614534363
-2.0751238236909263e-05
-0.00011960485104855939
7.270027681776633e-05
-0.00011975869637358385
-0.00012816263712509769
0.00012713504940082675
0.00023826940414211462
8.853142807042967e-05
0.00018784067523759857
4.819331170025998e-05
0.00023179290315228162
8.076580666452918e-05
0.00019959178845206914
0.00014817787812958835
3.8049286834210315e-05
0.00017208312054481693
6.90160165970578e-05
0.00017629585746497801
-0.00025880572160874647
6.300182339817205e-05
-0.00010783502496061411
3.011392786455029e-05
0.0002530635519327281
-4.666489118651925e-05
1.985313596317254e-05
0.00029594145130828136
0.00016915467048870007
0.0001045448819116787
0.00010290618717248974
8.371296461634448e-06
-3.465782359193668e-05
-1.6171198210639137e-05
-5.471114266095069e-05
-0.0002753706310306696
-0.00015814339360131977
1.0440437031100506e-05
9.753058331946686e-05
0.0002396962552452489
-0.00028056435062716984
-9.399017435309445e-05
0.00025400097873860876
-0.0001136137612121929
0.00011840953902213778
-0.0001473420519524838
0.00025599698449590974
0.0002808760382294828
0.00029590156507806
0.00019335828276783842
7.001513049155705e-05
8.167245776487708e-06
-0.00017699123523490196
5.798829153549971e-05
-0.00027077757844691503
-0.00022513779050779424
3.2778784311019034e-05
0.0001847865829671722
-0.0001606721276234589
0.00013923332069200193
-0.00026038441252676525
6.561282180930073e-05
-5.3738673152238276e-05
-0.00011794269434108057
-8.179469968480036e-05
-0.00013698985897926054
2.6080754065281023e-05
-1.380663118984404e-05
0.0002184812463958147
-3.280017474276278e-05
0.000124908895994843
0.000249580410268083
-4.352161339300293e-05
0.00020916829760635989
-0.00017721176202681479
-0.00019214709465838038
-0.00016816663265167912
-0.00011902575707143371
-1.1948148388692137e-05
-0.00023941010447154026
-0.00019526306225764033
-0.00014514967020068812
5.678736397900073e-05
-0.0001554595651605462
-1.340953801159527e-05
7.957606110777415e-05
-0.0002772846307250375
0.00027101629307161023
1.3535377554245204e-05
-0.00011974781720487754
-7.902882911448814e-05
0.00023314052019832984
7.316800194799643e-05
0.00011094659327152322
-0.0002751557708174362
-0.00020579155433588815
-0.00026623995614506946
0.00023189983268867527
-0.00016827050066262945
-0.0001961157431695345
-6.666188324401238e-05
0.00023696077741497905
0.00016978897161253975
-0.00027479452151352347
2.2525774632884332e-05
9.69446129994063e-05
-8.28436907117123e-05
0.0002680250878281958
3.3078599811198835e-05
-1.3126680221970191e-05
5.376384887790251e-05
-0.00027536129227184584
4.111912450710173e-05
0.00022156392836977069
1.2603996954483189e-05
7.203822146795895e-05
-0.00028755899707876513
-0.00021912472601062893
8.499429328990475e-05
-0.00021761109421040986
6.439684388688581e-06
0.0002324759358247707
-0.00011486634506167754
-0.00020831349338656843
-0.000296739692893426
-0.00024339179200872016
0.00014951191075112508
-0.0002383095792535487
-0.0002924899638316389
1.3844122065001985e-05
-0.00022940735067155895
6.0658672276356004e-05
1.182374574492344e-05
-0.00013683784571588722
-0.0002853408422620191
-0.0002656060455096124
8.834709965792846e-05
-0.00021124911365778847
-8.522047984331889e-05
0.00020652552739281886
-0.00015250526635320676
5.1459848809658584e-05
-1.3139143893695852e-05
8.179360269100358e-05
0.00012776639865296586
-4.7699441464379543e-05
0.00017981873465119284
0.00010557036369505832
0.00012571845147577542
0.00015016352150692947
-0.00015420766922920803
0.00028814662550225245
4.2975087673515096e-05
3.0955809557185873e-07
-0.0002631678784499827
-0.00021379537571662472
0.0002317259901689973
0.0002690050086420739
0.00016534964742054411
0.000228031048975553
-7.004904810863161e-05
8.630415487306705e-05
-8.800301796905356e-05
-1.0560397225926747e-05
-0.00010582400035511096
-3.146389602998336e-05
-7.566504765749984e-05
-0.00010522911594745883
5.6301672655632504e-05
-0.00011182978620306245
-7.640958114212373e-05
4.228796504109609e-05
0.00024511690115731547
-0.00027674453492216385
-0.0001078947229322998
0.00011858506781045792
-0.00024538019602758957
-8.452682811069107e-05
-0.00018531407358348063
-0.0002697441757087604
0.00013260303783643322
8.758173500803825e-06
-4.2646701450072206e-05
-0.0001278183187065276
3.260423252169617e-05
0.00014484957125132013
-0.00022385807276244024
3.577875197901951e-05
-0.00022538298907699944
-5.098233842967077e-05
7.479902796691233e-05
-7.448423600231444e-05
-0.0001656755477729609
2.853278148210592e-05
-0.00018983986311701817
-0.00018110501598927895
0.00029150324028825075
-0.0002946417231917142
1.4790171304502578e-05
0.000209870097144159
0.00028401996728728065
-8.349317680786703e-05
0.00010793337346775482
-0.0001767592368598211
8.090852863622174e-05
6.235284417389474e-05
-0.00022846415903610438
-0.0001268307199930478
0.00012280511454765996
0.000256898038110596
0.0002103495886722246
-7.774827532088451e-05
-7.289304778748576e-05
-8.270922684471888e-05
-0.00012065271656973666
-0.00028118559887060045
1.5009187078398039e-05
-4.155291158074588e-05
-0.00014058961672542135
-0.00020594839004223144
0.0002027188402490136
0.0002148985226722115
0.0001903270030244152
-0.00024054036824775116
-8.101234557309335e-05
-9.99411038407567e-05
-0.00018879395514109543
-0.0001672888778788072
-1.3279176531425809e-05
-9.442791711898211e-06
0.00010606573692089678
-7.489827431696162e-05
-8.04128563622845e-05
-0.0002597205812366272
-0.00014434728512101192
5.152285204303473e-05
-0.00010940125831224726
-0.00013392064788568146
0.00020066163433325415
0.0001938696123133335
2.976227503305272e-05
0.00027033290759446814
-1.3320222487006724e-05
0.00014019383982883591
6.809016468540792e-05
9.281789768926914e-05
0.0001554529296422539
-0.0002237445240291811
0.00027247114018145996
0.00011376001072369458
0.00017003526511051684
-0.0002486823243503559
0.00020513457085556615
0.00025559402725432086
-0.00029970029672720533
1.0726108089105014e-05
-0.0001431569436842625
5.101836318106487e-05
-0.00026282848607407807
4.450394172400454e-05
-0.0002945872230762666
-4.243789620403247e-05
7.908476834289293e-05
2.1281564774382102e-05
-1.990055075629663e-05
-0.00028309958333011726
0.0001245780281000353
0.00028957852580092106
0.0002677575373251988
-0.00018811635978113197
0.00022041005631164148
-9.739396379140197e-05
-0.00010589593142938417
0.0002728951982880464
9.832889662471595e-05
9.901729888709098e-05
0.00018021904791297206
0.0002759247045813733
3.548608537369357e-05
9.507719897088398e-05
-0.00011534184743755042
0.00014606927560173986
0.0002772500861018136
0.0002210011731240608
-0.00013226528008573738
-0.00013408749864072023
-4.225635313977714e-05
0.00022514084609633473
0.00016930468426796895
-0.00016289574126333124
9.913496565788977e-05
-0.00028839671315119295
0.0002885073840849497
0.00023716370459161208
-3.402756113995834e-05
-4.676204546842411e-05
0.00027513881271834815
0.00021497809874794987
0.00028277376247572513
0.00027553132475077014
-0.00015979797935541958
-0.0002537632710573763
0.00012820616675814311
0.0001799169401325165
-0.00010200108848103611
-9.285073600023966e-05
6.161796404020317e-05
-0.00027556914509345546
0.000150500206766173
-0.0001501440821933937
-4.079919567827973e-05
-0.00010499059615873307
-0.00010671572821625204
-0.00018160179192580617
-0.00011164516357985033
-0.00027654608330405546
6.242388785934272e-05
-0.0002258867541124337
0.0001372439232948283
-0.00011805037310932775
-0.0002418879782415472
-0.0001448461705892047
3.383456570923044e-05
0.00019626499933243015
-0.00025534149640692866
-0.000140962595169996
-3.377915835693835e-05
0.00017432619092911641
5.608904334878333e-05
0.00019348081343546053
-2.473816360654146e-05
0.00011665900067943066
0.00011640595953945422
-0.00013441122317934027
-9.465467608699865e-05
-0.000286272744633594
-0.0001734418118611625
-0.00015682016865638284
-6.3264674577179e-06
-0.00023374836945737782
3.9612406615224685e-05
0.00012527651098403363
0.0002170773381265446
-0.00010481251335010334
8.205017836770756e-05
2.38181586163902e-05
4.301108496152845e-05
0.00029420346801537883
0.00025713861503945536
0.00025701887008239564
0.0002019906210364558
9.31733426299099e-06
-9.406504782190155e-05
-0.0001402955780053113
3.6356910094559694e-05
-0.00013605357120650817
6.779352217465933e-05
-0.0002115543306364029
0.00013261328240514133
-4.507322020021545e-05
-1.4291621947902999e-05
0.00028592177292575944
3.861389958722243e-05
-1.2170254697744273e-06
0.0001379837013447813
0.00013334694339048618
-7.75623800484349e-05
0.00024228397931411319
-0.00013375993683735133
-2.864425315529754e-05
-0.00021403519843002556
0.00018480541227573532
-0.0001838501762638966
0.00014485900915165519
1.8135207642975908e-05
0.00018851704116332099
-0.00014641335244713774
0.00023168160499420926
0.00019100211615444951
-0.00016910845194351748
-0.00029025058855612775
-5.3823332814258455e-05
0.00013498721019399512
0.00010980035629769655
0.00021681340477560507
0.00013161385825886653
7.872053322108594e-05
-0.00012166859629769846
0.00014401227350276915
3.775804469782377e-05
0.00022693609483166543
-0.0001215240457517672
-0.00020520265141025698
0.00022185343128125343
-4.203988433651093e-05
