-1.198755963351701e-05
3.6057510833480873e-06
-4.823053399788888e-05
3.9970188313962126e-05
-2.974340216618158e-05
3.762575720587161e-05
-2.3710469997823793e-05
1.686529319632101e-05
1.1592318901386228e-05
6.270489340193697e-06
4.6465968480115484e-05
2.995352818360953e-05
-1.778926538998721e-05
1.8093655869655486e-05
-1.744758954693848e-05
8.361257357079614e-06
-2.4109912534641098e-05
-4.245612334500259e-05
5.287787623116113e-06
-2.9967866339695183e-05
-4.639581396172185e-05
-2.977285279685219e-06
-5.991160896531603e-06
4.748131420685531e-05
-1.5640255887545087e-05
-4.440687915869205e-06
3.908980334704398e-05
1.4276894871727558e-05
-3.8186666805631954e-07
3.4284722622824337e-05
2.5513559396254068e-05
4.8845927488827864e-05
-3.152632380471409e-05
-1.969817340134542e-05
3.45250776527738e-05
-2.5831959023239037e-05
4.7184987283801216e-05
1.644940254490317e-05
-2.6113618141720863e-05
4.156803888965198e-05
1.7318317940746937e-05
2.4017192775650834e-05
-3.4304750691229206e-05
1.8021557343466533e-05
-4.919137691103164e-05
-3.741060859060857e-05
-2.7171169227273085e-05
1.7662012948752965e-05
-4.601409238621189e-05
2.579433027402342e-05
1.540734492823458e-05
2.3165488755701228e-05
-3.295970680653666e-05
-3.3909138744739544e-05
-4.789933861479608e-05
3.345014251550084e-06
-3.305596991731102e-05
-1.1106019995574022e-05
-4.042117154637983e-05
-3.599460033823808e-05
2.9144667537446798e-05
2.8522332565329227e-05
2.330640886395871e-05
5.717841876061668e-06
-1.460583276947303e-05
3.791288668532956e-05
-2.7439535854974118e-05
9.200788375561265e-06
9.214302605904266e-06
-4.229934664738635e-05
4.830687363767155e-05
3.0634272210719526e-05
4.943325880857699e-05
9.978607441284296e-06
-4.392461019447589e-05
-5.777556648557302e-06
-3.9917236270409485e-05
-4.072279205648619e-05
1.4048272530123853e-05
-1.8482433715678162e-05
2.2555155928743215e-06
2.8858089952573636e-05
6.998743970988144e-06
3.1918604888551e-05
1.5019750235325964e-05
-3.615247559529488e-06
3.623840452710434e-05
4.4850932633571295e-05
-1.798667379186051e-05
-1.4238265751004795e-05
1.9392784547562522e-05
-7.170691964777667e-06
2.9721756483192632e-05
3.5913432343015934e-05
4.549028625791133e-05
1.1647338147071025e-05
5.389857680467479e-06
-2.835618193094858e-05
-2.560752046014011e-05
5.993785101036186e-06
5.620575399590466e-06
4.0135112775474006e-05
-2.4859520771214794e-05
-7.794465530381436e-06
4.746150460001525e-05
4.997802660228542e-05
-7.654364023511562e-06
-4.4513382450638296e-05
-4.9143266305535986e-05
-2.0279577319803624e-05
3.4661841201438956e-05
3.222129432787473e-05
1.3937095736613806e-05
3.1562701713992875e-05
5.690456019350653e-06
1.923501982373978e-06
1.5221229836333236e-05
3.778901724474195e-05
-5.783398479485345e-06
-8.86484342702519e-07
-4.675685134220026e-05
-4.740741672296107e-05
1.0274706612590709e-05
-3.604846458691553e-05
4.5016458945560996e-05
-2.1223330854482303e-05
2.5308628026656127e-05
-4.773294827790996e-05
1.2189704274795419e-05
1.3687753926073846e-05
3.367237728219944e-05
3.0067995055429237e-05
3.819366375550241e-05
-2.390135629441156e-05
-3.489877443420725e-05
-2.7640069229764777e-05
-1.4255599107356442e-05
1.5129136018258943e-05
9.81377542020472e-06
-3.987982543103398e-05
3.697156636225652e-05
5.722800842365449e-06
1.0381449007513944e-05
-4.3302702430503594e-05
-6.7233600282607135e-06
-2.8661123670320643e-05
8.011696651545433e-06
2.6118549889819744e-05
8.884718414298508e-06
2.352006286426029e-05
-1.3920986729031418e-05
-3.541637466527186e-05
-4.285947045212317e-05
-1.8674366070675852e-06
-4.831744901583182e-05
-5.513096586369646e-06
1.1200736119395455e-05
-3.3756336368527e-05
3.872484600725992e-05
-1.0735551874102608e-06
-1.4717498557386098e-05
2.9694664256016264e-05
-4.378346864179453e-05
-6.404518655734756e-06
-3.107335261229133e-05
4.4371760657345236e-05
2.8811737875425114e-06
-1.245808459311586e-05
3.255442555444012e-05
-4.415229063200111e-05
2.1309590159334937e-05
1.5668869897910412e-05
1.226240532565316e-05
-2.745904709579571e-05
2.301841440067813e-05
-4.8163112648717455e-05
-3.5916166123321506e-06
4.297370297251019e-05
8.26487391105889e-06
1.909730716711732e-05
3.5473675570236496e-05
1.4970329474075119e-05
2.7398016670605615e-05
-1.8091032610514915e-05
3.9227102785320256e-05
2.0700343479234145e-05
-2.036537155715148e-05
-4.7370102195506935e-05
1.7670272079242984e-05
-3.957460116588898e-05
3.0179709070049384e-05
-2.484360099402231e-05
3.0309597893209542e-05
7.202580546933101e-06
-3.748378713635559e-05
1.1683895935589495e-05
-2.4512633922746153e-05
-4.198221511339856e-05
-2.3664269717721965e-05
-9.701943623247534e-06
3.431480397053121e-05
8.999639536159002e-06
8.095940257159495e-06
-4.619134063752271e-06
-2.2600107195691123e-05
-2.555954993076195e-05
-4.8717358667808874e-05
4.7127323617110924e-05
-2.9095397877085084e-05
-2.7274426058587597e-05
3.6925052694440374e-05
-3.891040703221923e-05
1.1682690547213603e-05
-2.2563990974623162e-05
-4.057177985976375e-05
3.908453796048593e-05
-3.9195465343263726e-05
-1.820626210437806e-06
-1.2099764385785693e-05
-1.7844577145930806e-05
3.675495282079873e-05
-4.500763833638269e-05
-2.903399751455155e-05
3.604025833442733e-05
2.930684585398527e-05
3.5035758510896148e-06
2.713310370308264e-05
-3.0817555828198477e-05
3.419671954996322e-05
2.6988090648629797e-05
-2.6762557863666017e-05
8.401272202047872e-06
1.8042406140253028e-05
-3.5933552646902304e-05
-3.651166928681049e-05
-6.930636778337406e-06
-3.564391347812502e-06
2.7456440368551096e-05
6.617978182548614e-06
3.30091611274575e-05
1.6798163200950317e-05
8.338306344256339e-06
-4.2786643671415674e-05
-3.168830094165267e-05
4.880082023433018e-05
-8.941656676526586e-06
3.401500710419195e-05
3.9840883733580704e-05
-4.607739400402218e-05
2.658535207850302e-06
1.2209154621956587e-06
1.6632740638612783e-05
-3.364850490062141e-05
4.2917738509487615e-05
-2.070100159758366e-05
2.9415774643834045e-05
-6.6822921135643705e-06
-2.944080370151964e-05
3.929772344934091e-06
-2.5795125334063152e-05
3.0282555876788277e-06
-4.372715162227792e-05
-3.10407938892374e-05
6.79287565905131e-06
1.3820726608716737e-05
-1.2679065089397568e-05
4.241779324097595e-05
-1.2318098747284736e-05
-1.5977564998633667e-05
-3.306656340283839e-05
3.6378990329824375e-05
1.6148886190442848e-05
3.7772272222135415e-05
5.392213252995793e-06
2.668628618996104e-05
2.8398882786700133e-05
2.7663295950794534e-06
-2.6217911401505823e-05
-2.6763412570917477e-05
-9.770270046214912e-06
-2.181741499268807e-05
4.481634105360794e-05
-3.798223922427608e-05
-1.1317434532875157e-05
2.8046533550470843e-05
2.7237599633120965e-05
2.733306162694153e-05
-2.2013200429064653e-05
3.986829262341005e-06
-4.69392012450691e-05
-3.90111526635446e-05
2.7236731136428582e-05
-4.2010105362857205e-07
3.188794803616537e-05
-2.2469971541317548e-05
4.178888679981874e-05
4.359720599817364e-05
-2.0186799433191604e-05
4.4894516945085074e-05
1.76805524022804e-05
-4.973863515532316e-05
3.9701655685639056e-05
-2.4963851393891448e-05
-4.8638310921259514e-05
-4.2075036841925526e-05
-3.986073766633481e-05
-3.063782572889179e-05
-2.060966161435062e-05
-4.9026487228192194e-05
-4.8550101556751826e-05
-4.0219910167896355e-05
-2.5620210442172242e-05
4.379485421690984e-05
2.2462555843224146e-05
4.0098429453938964e-05
1.1794870882114114e-05
-3.782063652926043e-05
-3.121964636044604e-05
2.7747846570640057e-05
1.7425108080605728e-05
-3.12287713851501e-05
3.226622173349375e-05
-2.5067090695016014e-05
-2.0830047567723142e-05
3.0722514922437725e-05
-1.9147173521906667e-05
-4.729965089582243e-05
3.270571671972606e-05
-1.8215488788980883e-05
-3.2722203648106533e-06
2.4827902751641505e-06
4.9900752617400964e-05
4.900562045085941e-05
-3.717157380424542e-05
4.797338915069919e-05
-2.036763148022422e-06
1.992120860723833e-05
-8.961100775073275e-06
-4.268928216461395e-05
-2.9147093479764698e-05
-9.4903370973633e-06
3.7477238670413796e-05
-3.5831875315871654e-05
-2.0498408714174842e-05
1.4426532967286827e-06
9.546803181664962e-06
-1.079056795825242e-05
-3.575788425685602e-05
7.262202018461705e-06
-6.057695900130659e-06
4.8644681791363096e-05
-1.4155779765736812e-05
-4.016399762011343e-05
-1.9696379808799993e-05
4.227018024509785e-05
1.2385271051975045e-05
-4.2679487045086176e-05
2.734861236135134e-05
1.9989271468487563e-05
3.422022814817124e-05
-1.6168789053089284e-05
-7.020541747043077e-06
4.97662272871104e-05
-4.041153328297918e-06
-2.445024602641207e-05
-1.7487339199743452e-06
2.4691539539704016e-05
-4.515378746466146e-05
-3.070705941702925e-05
-1.82903353389238e-05
-4.682483517607284e-05
-6.313507051957576e-06
4.7961069713067774e-05
4.2597964104876735e-05
-3.125272725287945e-05
7.060170970878822e-06
1.679966245353046e-05
-2.9972940732175037e-05
1.5844052260058036e-06
2.954505229870851e-06
4.923973801963918e-05
1.0609536958690137e-05
1.298138698836738e-06
-4.178795866212909e-05
5.880005126759278e-06
-3.440587572201317e-05
-2.956313407456972e-05
4.2926336523867416e-05
-1.0666424413280049e-05
-3.0088699072817104e-05
4.148530943627319e-05
-2.3529941529101995e-05
3.1251139335814e-05
1.6789409089349037e-05
3.673942273885092e-05
-2.6996131761083256e-05
-2.59347732382372e-05
4.357316677258099e-05
-3.9698508592869044e-05
-3.244510570752793e-05
-8.13139066760257e-06
4.7954093413558195e-05
1.475682524471039e-05
4.270335595637804e-05
-1.571750633333973e-05
1.851460744240997e-05
-5.404932971309181e-06
-4.96799488742675e-06
-9.86350439815902e-06
-4.932483929571385e-05
-2.12361998068787e-05
3.63391290527994e-05
-2.711834603330814e-05
2.5451105571031237e-05
2.8428080734523355e-05
1.6275143594248575e-05
-3.1241186317665257e-06
-4.235399690837545e-07
4.9766857602266536e-05
-2.146005126877092e-05
-4.404694772688045e-05
4.913398456535953e-06
-1.5722934795446606e-05
1.61918860677086e-05
-2.3173997175572316e-05
4.123892270502577e-05
-1.1169871112927744e-05
-1.2662895701871324e-05
2.8776732372225518e-05
4.550781710485285e-06
4.71405351189584e-05
4.6723654466617605e-05
-4.9671531434046935e-05
3.2828016993407886e-05
3.4615221294186656e-05
-1.0199201563988226e-05
3.765492092516159e-05
-4.582468959254057e-05
-1.3578855057258035e-05
-2.763714169196928e-05
-4.014657367077026e-05
3.8570692694378635e-05
1.6976615186245737e-05
2.4329849556717114e-05
4.9757360000652374e-05
1.7919095086561125e-05
5.657047887818775e-06
3.969018777412374e-05
-2.6875545893533095e-05
-3.642407279106978e-05
1.811646577060366e-06
4.024974219825127e-05
-2.3914778600154797e-05
3.782776952059977e-05
-3.7606082415964826e-05
-2.9078567175895854e-05
4.121232928238583e-05
4.796244253194539e-05
-1.1181312607033487e-05
-4.317861372122052e-05
-3.849214247161921e-05
-3.284537031313927e-06
-2.9486515168136295e-06
3.4754361054739905e-05
2.2136436070890117e-05
1.406693606746275e-05
-1.8829369217779213e-05
-4.18744142036038e-06
-1.941150895255883e-05
4.589049119231831e-05
7.194015229853998e-06
-2.5206178625977283e-05
1.61863184079066e-05
2.0962870563985294e-05
4.672025548651437e-05
7.46745767842071e-06
-1.3127666101478877e-05
1.3000940154690926e-05
3.4129251975917438e-06
3.878762794938439e-06
-1.8382365669098789e-06
4.1014690479396563e-05
3.661903803295281e-05
-1.0507802132933154e-05
1.3038400314124825e-05
3.8055987945230826e-05
1.2566633121678763e-05
5.355347265395427e-06
-4.6789283147314055e-05
1.847434236382355e-05
-2.6152562350748765e-05
3.372958450297348e-05
-2.745085076734829e-05
-9.769482047505876e-06
-2.5364706959736262e-05
4.1599064613208744e-05
4.988019870990005e-05
3.826449139217606e-05
3.3223758323166838e-06
-4.186049481531109e-05
2.482318867082874e-05
-2.5768877628380273e-05
-3.414153479869385e-05
-4.329489988528405e-05
-1.4498028423138886e-05
-1.5385330691923005e-05
-2.3657096307525062e-05
1.8626764886109014e-05
2.461442614900764e-05
3.357034697920935e-05
4.549733525476702e-05
-3.10328582698744e-05
4.7929817599633925e-05
4.43185111073015e-05
-3.589061091753848e-05
-2.4979153659460718e-05
-1.324470717178494e-05
-1.9920739657839516e-05
4.4768569109989206e-05
4.6993733941289e-06
1.0960654510694933e-05
4.0898026851832214e-07
1.6234643066286718e-05
1.546058550460473e-05
-1.0235632940600918e-06
-3.5285261505214454e-05
1.8522823906489667e-05
1.2805901049325305e-06
9.849123669595255e-07
4.922469712650653e-05
-4.4823640293042776e-05
3.1748144793753825e-05
-3.396945296091055e-05
-1.2157162207478392e-05
1.2134394828482743e-05
-3.162055293214098e-05
2.5049580842576866e-05
-2.187658205514539e-05
3.4189917962094027e-06
3.6356926141159906e-05
-4.133208955986675e-05
3.789209312938058e-05
3.1756300273449198e-06
-4.820104068976641e-05
2.2686923697346407e-05
4.731391483017603e-05
1.244726506839397e-05
2.5745392180747064e-05
3.26186779437702e-05
-1.312030084789273e-05
9.619536773864849e-07
2.9365097787640088e-06
-1.2747483098018334e-05
-5.822335516176236e-06
3.028205347545735e-05
4.4846142480980414e-05
-3.2441981134966006e-06
4.450315378244895e-07
-1.899984027853121e-05
1.8270667702486474e-05
4.804691848119113e-05
-2.6912948798614456e-05
-4.246132567302499e-06
1.0442997712970915e-05
-4.221877729742713e-05
8.997274469554454e-06
3.593271218024655e-05
2.1191466540836075e-05
4.070065237556658e-05
-3.4204444937810465e-05
2.304706778114962e-05
-4.985703535661521e-05
-6.330927509153996e-06
1.661361336549299e-05
-8.893105699748661e-06
3.072303611428587e-05
-4.1982410279578756e-05
2.722113903727938e-05
-3.027153053481005e-06
7.973288420410554e-06
2.8888584384456636e-06
-4.386482933277941e-05
-1.8024380372152093e-05
-4.877990095567728e-06
2.7800060105048615e-05
-5.920076899548887e-06
-1.810610593795469e-05
-2.3807381265770678e-05
-1.647891301308077e-05
-2.2805487866145102e-05
2.1418785122006996e-05
-2.8871038173144216e-05
2.033133539793604e-05
4.005564369510841e-06
4.037055600835336e-05
2.6662394645724306e-05
1.6433205160559565e-05
-1.809657223170203e-06
4.221917217204111e-06
4.900886674389333e-05
-8.254340197479141e-06
2.6002014141149758e-06
2.0435794150996235e-05
-3.616326673789635e-05
-5.320540647805926e-06
4.822345678102527e-05
5.329159796273194e-06
4.6642684567645394e-05
3.325773769992015e-06
4.9927211222228555e-05
2.3496956008146006e-05
4.257337128282861e-05
3.8983777196021484e-05
-3.351988064165585e-05
1.8695283216183554e-05
5.315302769821203e-07
-2.7712281299872334e-05
-3.3880891057071696e-06
1.2582636907184845e-05
3.8908296594910396e-05
-2.7763994165481622e-05
4.927036502970357e-05
4.264360921069452e-05
4.136846397365016e-05
-3.8765123373327124e-05
-3.981243420858257e-05
-4.2122823850733254e-07
1.1752685698649647e-05
4.930177198008935e-05
-1.8712007381963184e-06
2.8721524015066804e-05
-2.101486363021781e-05
-7.467565191669936e-06
-3.925598902619169e-05
-2.333338289409761e-05
4.982448595866577e-06
3.125334643551522e-05
3.167257664762269e-05
-4.370629437837935e-05
3.425222564640144e-05
-6.9549824446023435e-06
-1.9966703250885577e-05
2.682280684998994e-05
-1.531548012426114e-05
4.739553240244537e-05
1.2662899820047996e-05
1.868525413545409e-05
2.9331966801957374e-06
-1.8061357495015336e-06
1.0782019375530307e-05
-3.741291746522174e-05
4.0035888987784576e-05
4.3001004851604074e-05
1.6711988557113958e-06
2.8813531333688842e-05
4.429941174849984e-06
-1.541520743279393e-05
4.165551064041824e-05
-4.0397946929739224e-05
2.8304498126800007e-05
-3.7184836442270307e-06
-2.5475517264762083e-05
3.885640401312206e-05
3.654049144310228e-05
-1.6915673282738098e-05
-4.5875739963864525e-05
-1.3308939944078261e-05
2.751214232951407e-05
3.4142428172563004e-05
3.613513643437362e-05
-5.405365053490488e-06
2.1807847734549154e-05
4.959960304664826e-06
-4.089007012743607e-05
-4.9553935193125046e-05
-3.029485993813689e-05
8.243523390946112e-07
-3.0170342847715903e-05
-4.724582962018533e-06
2.5522670520796693e-05
1.1017037206029293e-05
-4.5822823962009166e-05
-3.5810869910449486e-05
-1.055814196319214e-06
-2.2514933798041982e-05
2.8065897833043443e-05
4.1064461237221964e-05
-2.3487715368594644e-06
4.1397020708735254e-05
-7.657103950459024e-06
3.518860700785927e-05
1.6078561147995147e-05
-3.014922776044455e-07
3.961792031370612e-05
5.306745116621581e-06
3.723432329230025e-05
2.4534883444731133e-05
-2.2446886493910057e-05
-2.6204906020817888e-05
-2.1610456281184834e-05
-3.621560478758414e-07
-1.960319957298572e-05
-4.835957034271334e-06
-3.535319084000894e-05
4.360246711909414e-05
-1.088071160608961e-05
-3.9097031446624386e-05
-1.388685484968487e-05
-2.8971945717265104e-05
4.090156052070251e-05
-2.7892416997246175e-05
-1.5334336278092983e-05
1.81089414134105e-05
-2.1673515803904255e-05
2.1351039781098398e-06
-2.258648195529728e-05
-1.8414049465627947e-05
-1.9531886765300035e-05
1.6721512271925967e-05
4.2652456500286836e-05
-1.067403480780057e-05
3.8209014048564185e-05
1.0624820387880417e-05
2.4057567249917608e-05
1.8492882220505625e-05
-4.791346639761971e-05
-4.2506431809740263e-05
-2.3364808532483175e-05
-2.2644143755663395e-05
-2.1864498995670602e-05
9.907686608543274e-06
-4.573618904001904e-05
-4.305270735266001e-05
-4.579434512597117e-05
3.6771487171396896e-06
-4.616427005209969e-05
2.6609947599850904e-05
-4.060400855712285e-05
4.679416555082226e-05
-3.8664042159459044e-05
3.327257996710342e-05
4.054244226638291e-05
6.123030881195837e-06
1.8585367171303567e-05
-1.7099544648434548e-05
2.6513275042502555e-05
-7.876623628716874e-06
-3.238945975793203e-05
2.7303717603384876e-05
4.397202466320515e-05
1.429155983545864e-05
4.9776302642177784e-05
-1.3085251115543731e-05
2.305660806028494e-05
4.5196002480644304e-07
-9.541440951684843e-06
2.9244314053231547e-07
-4.099576467630888e-05
1.941837616196722e-05
-3.240230526817364e-05
1.1784509739541593e-05
-4.585275557244665e-05
-3.4024930664869305e-05
4.2807951605221236e-05
4.770905267103716e-05
-1.2540835733162625e-05
2.264204171943327e-05
-3.1587530405338663e-06
-1.0375604481505332e-05
3.82591683747483e-05
1.2062642208849306e-05
2.3430172145348707e-05
4.7473022478046365e-05
-3.7429085809228874e-05
1.546460106425202e-05
1.1082082919901583e-05
-4.207700902336274e-05
-1.4536411106239977e-05
-4.4176877280133255e-05
1.6922501766258932e-05
-1.2512784279936796e-05
-4.745792005394931e-05
3.817767505752826e-05
2.472241663317876e-06
-1.679612435179191e-05
-3.9758497871953315e-05
1.663049901461571e-05
2.5109292831005022e-05
-2.8964190100786193e-05
4.252530467580063e-05
3.983984213558974e-05
-4.581540155733932e-05
-1.4803599310115878e-05
-2.3554718299991452e-05
3.1493356061724225e-05
-3.729908811978508e-05
4.533643003512254e-05
2.061408531918944e-05
-2.437347595710946e-05
-3.912370649703827e-05
1.4614097645884162e-05
7.002121306754692e-07
8.351967522236172e-06
-4.9642980437790196e-05
-9.194219591452397e-07
3.9198420715917745e-05
1.2898608541117214e-05
3.334277548304804e-05
9.442924119290296e-06
3.412773749011702e-05
-1.8681182448247644e-05
4.732518116484768e-05
-4.44230717965482e-05
-4.706837818835018e-05
-4.5612228099725594e-05
-2.6260740262809448e-05
-4.689234870802458e-05
-4.339476825995006e-05
3.895139943774569e-05
-3.878749065460232e-05
3.157184831806645e-05
-3.2805063579439614e-05
7.553137956463284e-06
-3.695069489263767e-05
2.052146661556213e-05
1.5928004479326558e-05
-4.0603781078270846e-05
3.862515643129612e-05
3.40611696530069e-05
-1.063536662972877e-06
-4.8152394369913546e-05
1.458755103884046e-05
1.6412178326890917e-05
1.9037435894347155e-05
3.09880537566497e-05
2.350431570936073e-05
-5.889564412632839e-06
-3.842286065964378e-05
2.0799870307624587e-05
-3.268171496783072e-05
1.9454824876954902e-06
-1.5677552834281492e-05
-3.736927456614155e-05
1.1397093827323562e-05
-2.2316742901443654e-05
1.8488580167686743e-05
1.9473883780625588e-05
1.084142945388785e-05
4.0414810583921385e-05
-2.6495915579393425e-05
3.446144725669293e-05
-4.057046010549442e-05
1.9644299506518054e-05
1.2430106024621735e-05
9.335854302326117e-06
7.13163757711843e-07
-3.768418868159506e-06
-1.7273446944973858e-05
-4.218250928955294e-06
-4.089611549401703e-06
3.076781902408352e-05
3.5934482663658504e-05
-9.167844772015079e-06
-4.8440344386712755e-05
9.830866678811487e-06
-3.363850330042931e-05
-9.91362102567627e-06
-3.231142509811016e-05
-3.2188819232288626e-05
1.7647695569660696e-06
-1.067042214809818e-05
1.3595727607088093e-05
1.0637681329351742e-05
1.4118987507272714e-05
-2.477281693488881e-05
-5.269944855118767e-06
-1.3809075168196208e-05
-1.2110029845930873e-05
-2.7076109070247445e-05
5.73353509422935e-06
6.286300661045465e-06
-2.602267736352626e-05
1.2062934662789982e-05
-2.7180837131963678e-05
3.168790426807928e-05
4.233616207490253e-05
-5.891565561296026e-07
-1.2434838235397275e-05
-3.7808636221023267e-06
2.3964327763178533e-05
-1.979661510767865e-05
3.792188793155432e-05
2.1647320894400785e-05
3.46740243660109e-05
-2.5184053529891082e-05
-3.783622108495697e-05
4.658114304573227e-05
-3.749909849286486e-05
6.5348736240038565e-06
3.3522890676542037e-06
1.215679534159318e-05
1.962771565950395e-05
-8.068344525212712e-06
-1.6858100874660384e-05
2.3006234154762755e-05
1.0037563309139716e-05
5.366165046023942e-06
-1.2709111819746323e-05
4.61764266478978e-06
2.388979766501401e-06
9.874981424655785e-06
3.364145058943704e-05
-2.795447710330873e-05
-2.358841037594449e-05
-2.93246642135818e-05
4.534695759048853e-05
1.8659788545252294e-05
-4.724608525444469e-05
2.9860848161070425e-05
-4.009982331830918e-06
2.5885921449891805e-05
-1.2033243904181646e-05
1.564749334094126e-05
4.077756957779029e-05
-9.635482185551346e-06
-2.974326894178936e-05
1.9920540967837575e-05
2.8454569028743967e-05
-1.37444954612608e-05
-4.38088836652984e-05
3.116734452349448e-05
7.474533462021773e-06
-2.130432520060388e-05
-5.861659657252125e-06
4.56477304843125e-06
-1.2085509124238926e-05
4.156216999109553e-05
1.356916818119591e-05
3.475942032962975e-05
-1.0868847112402006e-05
-1.795893172309733e-05
2.914740569426644e-06
4.7949515737126824e-05
1.85529892990926e-05
4.304554724022625e-05
2.2599484551814266e-05
-1.858063925969319e-05
7.5291712269188625e-06
-3.073277910821817e-05
-2.478407145269569e-05
1.2253209768960367e-05
5.795621413805329e-06
-5.700289569906922e-06
8.419133509166723e-06
-4.005404664654236e-06
-1.8969785497485118e-05
1.7718147494206073e-05
-2.1623220596727977e-05
2.2064863427262458e-05
3.6881621928437754e-05
3.0335286118881246e-06
-1.022621928802786e-05
-1.759970917561744e-05
6.657968314628845e-06
2.3727042612078063e-06
-3.154068365651348e-05
4.3133990885378444e-05
-1.2104931330585655e-05
3.4403276741431795e-05
-3.592342824136385e-05
-2.3165369210135856e-05
1.443411230160386e-05
-3.6798316956172445e-05
2.089640201757505e-05
2.302310223722802e-05
3.647635545215299e-06
-4.2334603929569804e-05
-4.045268787839763e-05
-2.5676449220129417e-05
4.32806961626094e-05
4.447857408460457e-05
1.8722472704514808e-05
-4.53993361959579e-05
3.57475963262422e-05
1.1614503293883269e-06
1.2600625445949807e-05
-7.67063993207986e-06
-9.218222085800134e-06
-4.264220101786867e-05
-3.709708691984539e-05
-6.128427098524061e-06
-3.302686927064783e-05
4.758155055752592e-05
2.962425888492018e-05
-3.973214123556949e-05
-6.544297483658716e-07
-6.805493011243836e-06
-3.025149661752299e-05
-1.2148148931897705e-07
-4.810812107989068e-06
