0.00015941497140587097
0.00015848721341155407
0.00026748496321108605
0.00018010249181344074
1.8565529479382603e-05
0.00014106532427869537
1.5676313467291082e-05
0.0001444395614274558
-2.4751055158731038e-05
0.00018540598966530503
-0.00022204911343292916
-0.0001790487115618973
-6.75851934081261e-05
0.00018326013884877067
0.0002460565347223947
-8.298533431000136e-05
0.00023771232092624825
2.6579484766589057e-06
0.00011242949733792317
-0.0001354219966831474
-9.243632240470712e-05
6.749882538445423e-05
5.419747348112282e-05
8.866650991861785e-05
-0.00013359309598350702
-0.0001875801584636418
-0.00014689108635536927
6.772758826507317e-05
0.00021829473492247824
-0.00020626427304432123
0.0002584729862676759
-0.0002750795489218662
4.692417412069578e-06
-0.00012233525646473918
0.00010121291196820516
-4.409967432975683e-05
-0.00010826405971075563
6.883425617270136e-05
-0.00010438870158185095
0.00016080765197105354
-0.0001371582642089898
0.00021936907476435412
-2.9534779858716347e-05
0.00020335886689996848
-6.928060578234824e-05
8.150960216037897e-05
0.0002983429777641653
-0.00013139720577504582
4.5964485312333895e-05
0.00015569487006871006
-0.00025150905930462026
-1.5861502950546326e-05
-0.00018504443897998137
0.00024722530203871766
0.00010046734269118156
5.347790865525278e-05
-0.00026658112689577156
6.123821149279498e-05
0.00013577236649679996
4.128041284895645e-05
0.0002421576612954076
0.0002546808034264327
0.00011256710108445238
-7.89099195535075e-05
2.1513543229287042e-05
-0.0001567374744251516
0.00022181667759426396
-0.000178788380655812
5.249131078530238e-05
5.464686270669698e-05
-9.572676228443306e-05
-0.00022630257140389092
-8.074330662155845e-05
9.200802654678076e-05
5.757808899926588e-05
-2.9543887714768432e-05
0.00017337571186618755
-3.585580958826058e-05
-0.00027049489965601725
0.0001369847337964277
6.497284020536888e-05
7.39171206984559e-05
-0.00011634671338089635
-6.66144787841476e-05
0.0001044631001955095
-4.8316676477703515e-05
0.0002041716300005424
0.00018856977634881307
9.504613987628313e-05
0.00010901392987596175
0.00021215626823064805
-0.0001547215920631202
-0.00017607890310059293
0.0002641771218004335
-0.0002780183826869487
0.00018356586583697943
0.00014130853353085755
6.675449399659984e-05
0.0001609197262324382
-0.00024871208919879115
-7.916589215930885e-06
8.255197721222362e-05
0.0002348981902138703
3.386892600361303e-05
-0.00021100051562538758
9.400178581190862e-05
-0.00021203774938589518
-0.0001930377846027916
-7.389219725627478e-05
1.2490419696361036e-05
-6.116213923625186e-05
0.0002324979265419989
0.00015334194413558903
4.505860824954703e-05
-7.529245857127432e-05
0.0002913374625129796
-0.00022652865316577313
-0.00023796393654007178
5.4548581415026984e-05
0.0001731119069620437
1.6698066080034668e-05
-0.0002319751710089713
0.0001557463384420416
3.988677801027783e-05
-0.0001919699594325639
8.36150401000113e-05
4.589382318138024e-08
-0.0001468395084898511
9.486339167785691e-05
-1.6663328111309484e-05
0.0002463646013018792
-0.00019485732491534018
-0.00015285191951786627
4.354349081598909e-05
-5.135589384099861e-05
-7.270119300047551e-05
0.0002925857714689086
0.0002603336955952031
-0.0001689262185035735
0.0002030761193069043
-0.00016659009594577603
-0.00012315997304359962
6.719401417059197e-05
-0.00018298574748020326
0.0002476588276057829
-0.00017644952402607852
0.00025004492854337
-0.00019758615373251882
0.0002196245553501719
-5.2515894216510024e-05
7.237809940771172e-05
7.75227842124026e-05
-3.745266704983718e-05
0.00010255135353463005
-0.0002464744593186825
6.292628562215894e-05
0.00015466498016550653
8.155538031208648e-05
-0.00017580095382114128
0.00010975535195086326
0.00015090485290112239
0.0002909993773608774
0.00011882063582711113
0.00011024384414227626
0.00017411871146197496
0.0001504516645050911
-5.2411926628031505e-05
-0.0002662299561664061
-0.0002841755075027587
0.0001319247485472666
3.415366287820831e-05
6.686348980244954e-05
-0.00014390764475108035
-0.00013986197084919527
-0.0001167091064482985
-2.7893843229610457e-05
0.00012279703664653396
1.9597173520242983e-08
0.00010833853106765668
0.00025911107074863673
0.00013884743945016408
0.0001670448659915676
-0.00028098823951759307
0.00022700154701996378
0.00013168416608659963
0.00010708537017080149
-5.442701149911602e-05
-0.0002205679015417677
0.0001343635960502636
-0.00010762739256907415
-5.547754111519086e-05
8.91704335965228e-05
0.0002144518019310101
-0.00021212407269547128
-4.8987781287588076e-05
-0.00029523168396679105
0.0002888449178544686
0.00023974588007676312
0.00012042194206954282
0.00011558759958003206
0.0002039455951208889
2.5257730680984622e-05
0.0002038142021942761
-0.00028401500234892605
-0.0002507120846476529
-0.0002854470458341128
9.946677690188363e-05
-1.3232731937546662e-05
-7.60253585593376e-05
0.00013354294330703373
0.00023066320054909722
-0.00016496651022758355
0.0002950133356868615
-0.00010017025200003931
0.0002968098267179254
0.00013828987505420465
-7.428319022207132e-05
0.00011270180686400708
4.116621226581336e-05
3.1178317262547267e-06
-7.386475385171527e-05
-9.488366563889183e-05
-0.00019075524163834093
6.728841265512745e-05
-0.00025521855917434293
-8.590290493710911e-05
2.5409279339243794e-05
-0.00011596819778220721
0.00021126302389807514
-0.0002899178858021897
9.394250659954683e-05
0.00021863360972411227
3.679148047225697e-05
8.6317796309495e-05
-0.00015777502563423424
0.00024556006730827373
7.825168428032337e-05
-7.536919938291959e-05
0.00029076812143257104
-0.0002050207610257467
0.00023721110169027982
4.0602605732102e-05
-1.922482701544921e-05
-3.843439392868075e-06
-1.6494372392228526e-06
-7.310063491052529e-05
-0.00023818143440865332
0.0001675139356758173
-6.700589060254351e-06
-6.232009961462686e-05
3.136799416286729e-05
0.0001458380225263301
-0.0002265055225487153
-0.00028773605672583873
0.00018653009608390414
-0.00010110075718373543
0.00010968765012908053
-0.00019892843388992463
2.047787813372402e-06
3.00617636641063e-05
-0.00019184146656443715
-0.00011939789158316356
0.000197118973024139
0.00023851648081330993
-0.00023623678998987855
-6.48478933004096e-05
2.8258927323894566e-05
-0.00019356718409020777
0.00014344306128196669
0.00022719796454199012
-6.722240014499621e-05
-0.0002015115156326383
-0.00017314744893264514
9.147317761391415e-05
-0.00026880523957362434
0.0002285325497863744
-0.00013789843843006982
4.222611715946423e-05
0.000200363440195762
-0.000266771336039949
0.0002303341580745908
0.0002464186034184856
-4.641885423488541e-06
-0.00025472213708773665
-0.00011824110404647572
0.0001480928157001589
-0.00029936092328021853
0.00022810183762193538
-6.510920882530553e-05
6.044383257116108e-05
6.003539439459088e-05
-0.00023735480536179164
0.0002273025589382668
0.0001638289622654324
-1.1231091981675695e-05
5.112592012914579e-05
-0.00012257408586028172
5.309024922668258e-05
0.00023480443999711326
0.00018752171615453922
-5.726853382577798e-05
9.529660339859799e-05
-0.00012027129597017483
0.00018068619066574317
-0.0002177309876892362
-0.00016590610385382813
8.65481973304934e-05
0.00011649510811681416
9.106937188853612e-05
0.000253769330602497
0.00016555595502717047
1.5271923364383621e-06
-0.00010330323301469335
-0.00026997316674916093
-6.487662412459563e-05
-6.380356788636616e-06
-9.67286490645624e-05
-9.614323597643268e-05
0.00018228434434516437
4.2803165738249734e-05
-2.4408516185710184e-05
9.077486403617795e-05
4.533822333516879e-05
0.00027194508967069627
-0.00023908185032650646
0.0002867303325743842
-0.00020773869279645043
6.563692149305227e-05
0.00020910897510419542
0.00015877250171367533
-0.00017933293668401966
-0.0002457353978938799
0.00010819162253389563
-0.00016132026058053296
0.0002686851836898526
-0.0001667204395951557
-7.631326656866154e-05
-5.4339391431845795e-05
0.00027342711482327813
-0.00027644663460018383
-7.481807381398399e-05
-0.00012803669621622025
-0.00027940580575221396
-0.00019331016428011252
0.0002462917597568681
-8.413489191750074e-05
-7.91790838285668e-05
0.00015342862236737324
-8.046483336008036e-05
-5.3431279149387305e-05
8.514587717781445e-05
-0.00018176164161333276
0.0002958780001293567
9.298433717371826e-05
0.00022882872321838848
0.0001471846514833175
0.0002618669412950575
0.00020248773774427013
6.04430345239954e-05
0.0002841134078967451
-8.142478944705983e-05
-8.581719901784273e-05
-0.0001371649087047213
4.88435185012695e-05
7.735810358118549e-05
-0.0001428362082202998
9.660626189365883e-05
0.00019673848021158714
-0.0002519791793227873
7.581492143627695e-05
4.634829571504667e-05
-8.555901665016939e-05
0.0001440814091584672
-0.00013618716958181654
-0.0002720884444074062
0.0001657446304303692
0.00013030249294336365
0.0001481584753049169
-0.00023670931448429796
-3.5620618151264375e-05
-0.0002955738969409118
0.0001409487589095178
0.00017353842764887025
-0.0001957987328815164
8.305166426405674e-05
-0.00023660189382620675
0.00011520296908310078
-0.00010213813304318746
0.00021119792690254988
-0.00025875326852280205
-0.00016240069490800122
5.768938998789672e-05
0.00016115681571463063
0.0002515961194862316
0.00019657608728357935
-2.0407696560686256e-05
-0.00014984484613062886
-0.00028950768270882165
0.00017361012685668492
-3.419593890155361e-05
0.0001896546823783577
-1.1309699546008614e-06
-0.00022245765713055222
-9.489626201965176e-06
-3.6937256548201915e-05
-0.0002033052140675329
0.00011943608592431204
-0.00019247275643820413
0.00026212042242969015
1.3137865564981865e-05
-0.00020184711089869028
0.0002930163193302021
-0.00022890280695821375
0.0002757717608828524
-2.1877216079280344e-05
0.0002413975991981462
0.00016997861768860143
-0.00028428806520996357
-0.00029856234278331117
0.00027177738867002836
-0.0001821700897545012
-0.0001417916362088296
-0.0002241270249370403
0.00013544636081519343
-0.0001205335429917662
-0.00020228931784811304
-0.00011834847359376639
0.0001641501423876596
-0.00014067865241138686
-0.0002359800475723359
0.0002852519922164987
-0.00020028063685619528
-8.353224990053181e-05
-0.00020844710354460622
-0.00019015624410768705
0.00028840665897846273
4.9083465793480776e-05
0.00024735589036939664
0.00012023367691624162
-0.0001447522692998628
0.00020895179072908271
0.0002037842591993113
-0.00015151105132649308
3.085257635096684e-05
-5.269888393379633e-05
6.266962283031315e-05
-0.00017849628614757232
0.00012354909339312074
-0.00013935428298534027
0.00014257336699217363
-8.319752845442556e-05
-0.00015416173319291224
-0.00018468872704606616
-0.000292848730118525
4.265469939869688e-05
-0.000221802660256277
-1.8598163030162382e-05
-3.7922577058078426e-05
0.0002935280259677012
-0.0002701661678076396
-0.00014437359704281815
-0.00017689506732269193
0.00016904996029373196
0.00010453614772842538
-0.0002147019501901055
-4.060963183393477e-05
0.0002575883627780778
0.00017506801865349142
-0.0001913918007388833
2.137075047201791e-05
-0.00011060839267726849
0.00019634066489164942
-0.0002828418240290237
-0.00014230267690692135
-2.7676942275912757e-05
0.00019690156818688982
-0.00024383022154806394
0.00028029110970645123
-0.0002991586904142265
0.00027942622172322083
0.00012952961909304855
0.0002001655308017161
-0.00018870271480381194
0.00015551449286032969
9.458118480529725e-05
0.00026465494206848514
7.730652709925397e-05
1.3194297574640882e-05
8.266409477936847e-05
1.5889102666606333e-05
0.00018418763408409555
-0.00012774523783311254
0.00011759505058497232
0.00018098012170121282
0.000270658573633887
-6.0424700781478477e-05
-1.8259174252381366e-05
-0.0002615772651347931
-0.00026519717300563174
0.00016887890943220388
-0.00023638173760238176
-0.0002274105565522957
-5.841141980980006e-06
2.956280431707422e-05
-0.00018228375370989955
6.796941018722557e-05
0.00026634963896741715
4.343063084404547e-05
-0.00010971451337723798
0.0002774705093291346
4.96096777104882e-05
0.0002186281442938713
0.00017174922166988374
-4.292109402182219e-05
-0.0001598038097084299
0.00010396221129167977
-0.00021659337373425812
0.0001088341473240884
4.719410859741163e-05
-0.00023317695097134345
5.4697158010731325e-05
-0.0001382448983397413
1.6271711584864973e-05
-0.0002082641772171141
4.280770628041242e-05
0.00018822723150396922
0.00028242601116611074
-0.00027268005646120965
0.0002112495768587784
-0.0002873548721474815
-9.900669519632562e-05
0.00024514337748072877
8.948325210396272e-05
-0.00011639218513414493
-0.00028308924372401513
9.322977282317455e-05
-0.00029394520022648165
-0.0002251488058362683
8.648785006860714e-05
-4.1824163330314264e-05
0.00017887013976153272
-6.226041255921519e-05
8.239503854993432e-05
0.0001851893015371752
-0.0002686131584827935
-5.909189158655122e-05
-0.00024789629116698446
-0.00014213187253572714
-5.8599666459206886e-05
0.00013671137450525138
0.0001647212888205712
7.025179081375385e-05
0.00012778836499839
-7.435739245199567e-05
7.508008497397923e-05
-0.0002661042755453286
-0.00012223536954440896
-0.00017342315847957023
-0.0002867355573182694
-1.3522120512043186e-05
0.0002642974965074188
7.285062439836852e-05
0.00021650687306459343
-0.0002161388725192726
0.00010756632566870139
-6.638170665104629e-05
0.00017147095961452804
0.00020599469330469217
0.0002491675139314063
1.1405697766437e-05
-0.00011936149558929796
-0.00015886774822984688
3.894004849477721e-05
-0.0002642172550003271
0.00013999473955318063
-8.547602342416638e-06
-0.00014462275922931986
0.00021266640897675966
0.00016126849189219332
8.57538123085364e-05
0.00011192269668860706
-6.322821500989617e-05
4.38038202847515e-05
-0.0002454710213974106
8.513983618662875e-05
-0.00015842488548715802
7.003676429446576e-05
-4.9120018295337946e-05
-3.873472723704414e-05
-3.094477865568825e-05
5.966521303615196e-05
0.0002665203219269501
0.00012663181233848884
0.00019676884909161256
-8.411422195502217e-05
0.0002460225356364708
8.185138354839603e-05
-0.00020503353517609845
1.058630075694868e-06
-0.00015390828566109657
-7.524622178269695e-05
0.00018573026666773114
-0.0001021481649812831
-0.0002181578239809288
-0.00018722805651286004
7.804241189503155e-05
-0.00016126629446377362
0.00021299768246973338
-7.39991163786596e-05
-0.00016859688050845
0.00012252050714257873
-0.00016977747722168036
0.0002453433933391086
0.0002486010132898787
-0.00023805124217538516
-0.00020397592192776634
-4.268798887850162e-05
0.00015644744674661435
0.00020577947339232822
0.00019350908150318373
-2.6673998153838778e-05
0.0001579372589031336
5.646715842800838e-05
-5.9221513461564534e-05
-0.00027884603544629273
0.00020694132024532964
-0.00020135343132206707
-0.00013434828871968605
1.508579822130906e-05
1.3083411384257168e-05
-0.00026767391391312753
-0.00021060218961199356
0.00010818155894143968
6.141150663683669e-05
2.74098588995622e-05
0.00028871761601367347
-0.00019180719307911845
0.0002696044646463874
-6.334550808748932e-05
3.4592224264472346e-05
-5.283955419021081e-05
5.473326115125406e-05
-0.00022722974702173588
-0.00013606233893267153
-6.535888136769566e-05
-1.7465352006459608e-06
-3.876934481449089e-05
1.5982100886426705e-06
0.00015870194650442608
0.00017084013639655286
-0.0001870119730998468
0.0001762601155209031
-0.00018463602436393628
-9.948121871021197e-05
0.00011908170967161173
-5.772397764990507e-05
-0.0001940774614420029
-0.00023895356388507942
1.853893778768444e-05
-0.00012193764887639128
-0.00028862962757535284
0.00027958248713265134
-0.00018859535473018105
9.126663873223914e-05
-0.00025288429060115906
0.00018149143458276012
-0.0002712233733452265
-3.9595547308749444e-05
0.00010533334302619717
0.00017709130582337768
-9.8785402405885e-05
9.368565538444423e-05
-0.00018422917059086896
-0.00013060638973635424
0.00022974916548343952
0.0002677358277670536
-0.00024336945475652238
8.086916293557748e-05
0.00018541719024130644
3.203113975124201e-05
-0.00026377101826967667
0.0001577445776610751
-0.0002068720359836893
0.00015253592873201168
0.0001090532887907551
-0.00024844970578321424
0.00027608097131712905
4.784888699994606e-05
-0.00014355874262429768
0.00018462638781647432
-9.012075643806324e-05
0.00013907051397614385
-0.0002912896777538209
-5.771564434518174e-05
0.00016296506943056508
-0.00018564052829268384
-1.9056255048845205e-05
-0.0002350451265005059
-7.29595482572277e-05
0.00027446441146893524
0.000273839255952748
7.29532746212679e-05
-3.493081163156623e-05
0.00022645278434285638
7.357781983106785e-05
3.5255933389556334e-05
0.00023704104295346843
-6.713350046647676e-05
-0.00029161165585875906
0.00021730009242794786
-0.0002410710838061934
9.993209371031994e-05
-0.00010345183434418075
-7.454363136817253e-05
-0.00027037484596797594
-0.00020085791096805889
0.00017492752341790615
-0.00029407500704470106
0.0001873830274446272
-0.000294170323436156
0.00024173671345076368
-0.00018574690609077747
0.00011735876273550287
0.0002284649542319376
0.00025295130931873405
-0.00017385443446760255
-0.0002957273805923827
0.00029875853022394693
1.66098201986024e-05
0.00011812525428130582
-8.13905954861915e-05
-6.4052162170802e-05
-9.757480701645254e-05
5.293743450150506e-05
-0.0001395853902028727
-9.847233132432952e-05
9.741295284213821e-05
0.00021665448128939927
-2.159444210962007e-05
-0.0002148881455833039
-9.302507724933505e-05
8.067214681475659e-05
-0.000232944188250168
0.00012380879690327676
1.6883231266263444e-05
0.0001431265289416903
-0.00024048398667442586
7.535764055954688e-05
0.00028275581068711654
-0.0001808697934750162
2.092982752400325e-06
0.0002593899865458367
7.361993151413842e-05
4.3987316030968645e-05
-0.00018843067524515022
-6.98918053188142e-05
-0.00013785560608436825
0.0002386460084011813
0.00015404371274605838
0.0001677947492053421
9.528264544931035e-05
9.448753920168908e-05
5.8002937758232427e-05
4.023080623465362e-05
-5.546981841194438e-06
-0.0002580668958967939
6.647875575482956e-05
0.00014717637605656897
-9.818949926115192e-05
0.0002827469766570805
0.00012013141332254296
0.00011707568724455777
0.0001142397487824285
-0.00023811727083672122
5.9044354775118855e-05
5.741950201381134e-05
8.278715230270741e-05
-0.00012717286562836683
0.00017131882697839213
0.00018242654599007083
1.1110462021162262e-06
0.00029248159354736944
-5.692248098863845e-05
-0.00022294840678293806
2.146711802556182e-05
0.00011511066271237264
0.00028085516229310576
-0.00024001070814433237
-0.0001420431800559976
-3.238957253404141e-05
-0.0001298357815080382
0.00022094937869510974
7.750252808460677e-05
-0.00015702115688018286
-0.00015682078626519486
0.00011917785539189066
-0.00019244950527292167
0.00017986443200074335
0.0001770293616083015
0.00025126561256716087
-0.0002462272291674834
-0.00022997125603028496
0.0001186024431823247
-4.117372513622763e-05
0.00023975827411259906
0.00023539115482668576
-8.152758800735713e-05
7.290234356303925e-05
-6.541910383742991e-05
-4.0545203441671345e-05
0.00029506014279956746
0.0002266003716354013
-0.00016016157261756271
-0.0002609043996029091
-4.075294486659693e-05
0.00016209319065970442
-0.00012594669387043487
2.1776008738729456e-05
9.945423259500572e-05
-0.00023347664233003005
-0.00029382319436936514
4.527991163152099e-05
-4.3299200722690374e-05
-0.0001839137988921082
-7.129986921105926e-05
-0.00020771740867971366
-0.0002893710758279332
7.58243568856816e-05
0.00028673256715791665
0.0001234873232093699
-0.00025578475773797567
-0.00023516497504362126
-7.92895647232744e-05
0.0002971886028490086
-0.00024206825364934834
0.0002947694631888316
-0.00012101822943678335
-0.0001950597940811583
-0.0002529406984901038
-2.039627727944848e-05
-0.00010641007059370287
9.891092913917761e-06
0.0002211541282698696
-0.00012170836197884487
-0.00022195953892286218
8.905648825357826e-05
-0.0002086166079773234
-0.0002075647073124083
-0.00015159268295596013
0.00023643614524983416
0.00021653668112005129
-0.0002101485529438475
7.270919357338314e-05
-0.00018321680774236756
0.00026093677041736247
0.0002958432028632385
-0.00017798821622729062
-7.506513106670152e-05
0.00013916777076181374
0.00019437623200252143
-0.00021174507590427134
0.00028003081737297677
0.00023531935360798485
0.00021469680009712533
9.031295284787092e-05
-9.950064223124622e-05
-8.467614158856745e-05
0.00012877147182823427
-0.0001310469068275525
-0.0002909987152001781
0.0001643105296339854
-4.5490094880942865e-05
0.0002798581901933722
-0.00022972547248831357
-0.00013277209221926605
-0.00011513227996716129
8.922895544107202e-05
2.5801653357406147e-05
-0.00012809406487821883
7.68220649979617e-06
-0.0002839203375230981
0.00015706607644179254
1.6013284478648697e-05
-2.8832934626454637e-05
-7.897022928991554e-05
0.0002451972601267074
-0.0002886617997608136
-0.00011499237223047172
0.00018321194338185383
-0.0002868606746785717
0.00015007135248481547
2.4767378194865428e-05
4.3427600762752116e-05
-0.00011753262378337847
-8.838384197480862e-05
-9.932385726118883e-05
2.7713178000370693e-05
0.00020726408255323738
-3.54219402402935e-05
0.0001533307054629961
-0.00021571866959992623
-0.0002487071484605219
-0.00014682034759934143
-0.00018159340174115772
-0.00013752840392443146
-0.0001688618382153743
-0.00027947203314780515
0.00028438033294674877
-0.0001758708025716838
-0.0001642782912557028
9.492804744546713e-06
-0.00010532774104499566
-0.00019858329380494042
-0.00011604271399780555
-4.143833670109613e-05
-0.00027284326783869815
-0.00018580952089805814
-0.00017658920602774171
0.00012403289804892374
-6.165135870566537e-05
0.00012183585869626003
-0.00013336501368209138
-0.00025041696653178635
-0.00012949293256174415
-0.00011474087662423441
0.0002973903460767331
-0.0002997680904390035
-0.00014145018103304315
-0.00027837343553466926
0.0002890842972040081
-4.729775827874461e-05
-0.00017631664146609884
0.00028768836376661305
-8.295501145781032e-05
0.0001267636275427483
0.00019555807749810258
-0.0002678995758100631
-9.889584497460322e-05
0.00024809157425715803
5.0336109852431026e-05
-0.000217477424398946
-0.00010239010282790881
-0.0002898886568999332
-0.00022233491182343704
-4.159070233199864e-05
0.00021473409624105897
-0.00029172912942044405
-5.119676490495664e-06
4.575499815959394e-05
9.120700640430194e-05
9.360490729037234e-05
-0.0002467057914587747
3.17009642411952e-05
0.00012901252247016952
0.00023393502005699432
0.00023654438151787018
0.0002773525681696205
0.0001961150217058459
9.52749466975545e-05
-0.00015901961763786665
-0.0002336044795833232
-0.00012101551989130368
-0.00020356486058245533
9.500142392249438e-05
-0.00011377963179792907
9.093637922485113e-05
3.391605124329768e-05
-0.0002315633399979759
0.0002147369976506441
-0.00022539159911110914
-0.0001372558560853809
-4.005502528078115e-05
0.00022097667543102486
-0.0001529736671806105
0.00022337853019676858
-1.0364511782976306e-05
-1.241315362595876e-05
0.00016220244513305874
-0.00011280998930628331
0.0002967359883133648
-0.00011611929675380418
-6.678599745267837e-05
-6.808042135312555e-05
-2.155024495841131e-05
0.00016580722609674134
0.00011473389167671765
0.0002744378790492334
0.00021406501975082217
0.0002625870698297799
4.45202607588649e-05
0.00021255450363574167
0.00017842452936466104
-0.00029983351739610323
1.9300021534615218e-05
0.00029594805697035403
4.52550220113873e-05
0.00020747207188732112
-0.0002469177094659474
-0.0001351518666723865
0.00022491240971393586
