3.1019072337119336e-05
-9.654141114773794e-05
0.00025376141597605045
-0.00023337907882317865
-3.1829334895498956e-05
-0.0001515341863404944
0.00025657276481216195
8.311512780630881e-05
-0.00023527559784097699
-4.902075630178155e-05
-7.256640683531921e-05
0.0001043822768169213
0.00029328816468895486
-9.773817403794193e-05
0.0001746682611751781
6.06928452693982e-05
-8.025879312588771e-06
-0.00015040304832330758
-9.942180161407835e-05
-0.00023757965108180798
4.941420287476404e-05
-0.00018701591484635154
-0.00022115230542487215
-0.00022539978718915527
-0.00019152325632123765
-0.0001837174385108616
-0.00018710652512708183
-0.00013920971585309504
-6.17377378028737e-05
-0.00013149384631116806
0.00028216257081166706
-0.00029420252318167927
0.00015511005607038827
-0.00012316831582250408
0.0001856627420870498
0.0001393237467969543
0.00016124815586831306
-0.0002676952761695232
2.6267090875123518e-05
-6.428884910894265e-05
-0.00024157073297719883
0.00018087648536886593
-4.611339754255229e-05
9.905276407806685e-05
-0.000216829041624256
5.5750320786367494e-05
-0.0002587868944310372
0.0001542459918554687
-8.099778630647663e-05
0.00021108424363095731
-0.0002878306029515263
-0.00015432478835991848
9.659396396390768e-05
0.00019147637911057707
-1.3517215006685036e-05
5.7098953133153676e-05
-0.00010084168569380342
5.291591735853842e-05
3.281638779335924e-05
-0.00015824893730236319
0.00012871282486943503
0.00013183660146246835
0.00011445043502452106
-1.828302056065893e-05
-0.00014226809298852416
-0.00016021799812941916
-5.3356827924100705e-05
0.00025124952759695776
-0.00011121644635479864
0.00015097774977119739
-0.00011679702018173218
-0.0002853283108648006
-8.362480860854492e-05
-2.5857208927439592e-05
0.00026246038050985963
-0.00027273101191037364
2.8914903447653387e-05
-1.322834410033704e-05
0.0002686102427063034
-0.0002886394915384312
-2.660922084332521e-05
-0.00027274628441802156
-0.00015803836528411843
-0.0002511749466287604
2.174043800490477e-05
0.0002784284190193625
-0.00019299387620718306
-0.0002770430724432807
-8.316137870905188e-05
0.00015822104194251234
-0.00015925544138491548
0.0001643025088811551
0.00010019778863695468
0.00015919647699108277
-4.184118989568531e-05
-0.0001365560232158269
-9.297558933553981e-05
0.00015805413091859804
5.664223919026528e-05
-3.337143575459406e-05
-0.00010066211467381702
-8.67527098701362e-05
0.0001976069663002415
0.0001186864795360889
6.738801995641042e-05
1.3796920567509864e-05
-0.0002445991704153396
-0.0002875004760155946
-0.0002575122443235934
5.2360772479594715e-05
2.8362371776341087e-05
0.00022438935631087818
-2.4322211558401184e-05
0.00024271575826306156
0.00016830149898624727
8.666011935712321e-05
-0.00010588828997680036
0.0001605448630073517
0.0002635643108384645
-3.1862497639368746e-06
-0.000201186646405358
-0.00025843818352407175
-1.3669370325478027e-05
0.00019370740618310586
0.0002748925172448773
-0.00021450094487564898
0.00025511187657192917
0.0002362471888146508
-9.710767734608865e-06
-0.000291310799704994
0.00014510465011293951
6.713579862593417e-05
3.858939142304123e-05
0.00021494502571650236
6.475983716477561e-05
0.00022647858786253324
-0.00013881707484232655
0.0002741203149231399
-0.00023854890832728632
4.878103263841434e-05
-0.00015216281379737238
-0.00018460673117555703
-2.2535534720073897e-05
6.873460891058139e-05
-0.00011364561152312944
0.0002729269402333002
-0.00023436725606170518
-0.00020037659464212313
-5.893503145262523e-05
0.0002547790723497841
3.9081533757223425e-05
0.00015164217436859634
-0.0002687021525462251
-9.44550019463784e-05
0.00020647317230795505
-0.00025050944810341873
0.00020070371994894025
0.0002491929077463139
8.107245357653442e-05
0.00024974564517633646
0.00012391367445881797
7.47628927107156e-05
-5.6268147528958367e-05
0.0002512797572171719
-0.0002953950329797938
2.1435978938506633e-05
0.0002683880354494407
0.00026204486654547347
0.0002959365402951352
-0.0001160548192472981
6.649215619395125e-05
0.00019915453791961168
8.644643958609903e-05
3.182498333020043e-05
4.877079697455331e-05
2.2780948696245228e-05
0.0002162477264707156
-8.1795952562755e-05
-0.00024225330369251948
0.0002879669837924349
0.00028373834976314077
4.803705422668322e-05
0.0002591726284580657
0.00024224590669267703
0.0001531651496569996
0.0002655388591037004
0.00027424952965922025
0.0001602268595534901
0.00022001993740270912
-0.0002155852613004961
0.0001398667507270678
-0.00029112107268919644
0.00029629615593239946
0.0001699839219515062
0.00027396305990377243
-3.166734652146168e-05
-0.00016884197543679653
0.0001866179543476806
-0.0002136032498352472
-0.0002116174109867127
0.00013420070533372161
-1.381801813772664e-05
-8.993387955267087e-06
-0.00014675494121773558
-0.00018537129418522694
-0.00012273831632652016
-7.916054371443835e-05
-0.00025234153726112936
0.00029858101451334795
0.00017835938878643605
0.00028993364013897175
9.877404214641655e-05
-0.00028734408406380413
-0.00028069462417476174
5.966507804843065e-05
3.1631505900475004e-05
4.422026175282626e-05
-0.00026954096724481226
-1.2296575289630026e-05
-3.838176303333301e-06
-0.00016434983832215217
-0.00028790549889492676
-0.00010465517085557485
0.00026125763426635215
-5.147908281395388e-05
0.00010432456773001571
-0.0002457842248085734
-0.0001099246742065606
8.920470467938945e-05
0.00026975486051790165
-1.5867511821986407e-05
6.591790022435841e-05
0.000214403156486875
-0.0002280738601017071
-0.00010929181838556366
0.0002777765290446344
0.00016408427856167004
-0.00010642988003252478
6.239423159815814e-05
-0.0002493581910012004
0.00013594464064073782
1.72030163215707e-05
2.2812404439844392e-05
0.00011753780288705813
0.00023739814874872747
-7.896311740269427e-05
-0.00023948162954316434
0.00026390913802070006
0.00014108428130095175
-1.6738775333468897e-05
-0.00019338132654146854
-9.232496384541667e-05
0.00024306401709628232
0.0002943861937357609
0.0001850856249825183
8.672460619858085e-05
0.0002349327598634788
-0.0002101021842392998
0.00011269971636293025
-8.608186487748241e-05
-0.00018867494822722184
5.191609322796018e-05
-0.00017254577991185796
-0.00024212795186551915
0.00021660499417522876
0.00019138046562921775
0.00023380269825317568
0.00018718685947622586
-7.827213290254021e-05
-0.00026989209522170545
4.509198512081894e-05
0.00020486123087566324
-7.229806522410307e-05
-6.758441116289045e-05
0.0002607087005854759
-0.00010318240588170347
-8.787647352248023e-05
-0.00020325582463088919
-0.0002468470103587136
0.00012163142534425003
-0.00021941078983559812
0.00015058222987572015
3.275194902861917e-05
-0.00023062542834828217
-0.0002322123980344604
0.00022936594781872356
-0.00012605186230456406
-0.0002231432035903839
-0.00023103006296234924
0.0002653471169828375
0.00021704421533305147
-8.906815403817965e-06
-3.002386072926749e-05
0.0002584618438701769
6.349473988764219e-05
0.0001069844249117949
4.397891399629696e-05
-0.00023296341834543548
0.00015296916875187546
0.00018303774356967983
-7.212780719603184e-05
-4.5549959830840656e-05
1.500045721816582e-05
-1.4842231036852672e-05
0.0002284477635841041
0.00021705815024628303
5.6884921785188374e-05
-0.0002730032455773955
-0.00029121113107995477
-0.00023513273492483167
-0.0002900998904020391
-0.00010551809931777948
-0.00025784438642776286
0.00019635760026579695
-6.87089442423267e-06
0.00018607060299421417
-8.338864021129657e-05
0.0002896433829949286
0.00022393690503689974
-3.701737146973266e-05
-0.00014804750830717275
0.00016308922723745265
-1.3814787291490098e-05
-0.0002121231813476374
-0.00024428190744210914
-0.00021902730040933036
-2.176890165905463e-05
-3.189061095021492e-05
-0.00021288172098511465
-0.00020200619469995824
0.0002762193890194162
6.0173584123846956e-05
3.627677519854253e-05
-0.00011232572614568143
9.157984298095056e-05
-0.00018980446200692595
-0.0001509316665987285
-0.0001319393004200759
0.0002150798782068109
-7.186798782683819e-05
-0.00018659223085509022
0.0002455995000216318
6.188527931401757e-05
-0.0002772136530692925
0.00020069883297803894
-0.0002862934077194895
-0.00015820540540519172
-0.00023615172136946073
0.00028614663178687616
-0.000123724171708557
0.0002510875547766227
0.00010166982080706704
8.104496691196738e-05
0.00021405864218438118
6.692727578399578e-05
0.00011613218551890972
-0.0002721217130456058
-0.0001830768322392512
-0.0002487040392619234
0.00023418048218465322
0.00015142750135314703
0.00023420534132086933
0.00014359578080640293
-0.0002590704131407056
0.00010894477252787992
-0.00010214394904621722
-0.0002022812977574464
0.00014463121086496372
-4.7577484810351514e-05
0.00010195145791364805
0.0002588100680748848
0.0001137327275974942
-0.000225602577502109
-0.00018533669743111685
0.00026503422325349423
4.097848707019765e-05
-0.00023262264123845235
-0.0001565833042249883
-4.421892924457745e-05
-0.00017453386364533728
0.0002027607584058311
0.00012347108728654046
-9.946978199089826e-05
0.00029454510308992533
-0.00021177162150567484
0.00024466245963325174
-4.05383984837877e-05
0.0002111652511889998
0.00011805885257510122
0.0002949918900000137
0.0002386392578154405
-2.632201118095385e-05
0.00014287359258694226
-0.00018866603171633451
0.00015153895292130772
-0.00022165709912272814
0.0002739563058468982
-8.446208136368355e-05
-0.00025058009103314237
0.00017916054873239339
-0.00028321757495301054
0.0001403431701643986
0.00019917463545098647
0.00015457904807063364
9.929905621448051e-05
-0.00014119213556796983
-3.4545244434375764e-05
-0.00013200196333401146
0.0002686956390162845
-0.000205512121950951
-7.196271468892605e-05
-0.0002981607269651078
-0.00016755273328439654
-0.00020168494607298275
-0.0001128156343296967
-0.0002458889354963828
-0.0001181770756997702
-0.0001897101538074481
-0.00025194430075631795
0.00019463102888192145
0.0002799106242007133
-9.414206238396715e-05
-5.2462499849525676e-05
-3.0037272874949698e-05
-0.00017547946904132716
0.0002454500378641906
-0.00023526099137807023
3.28152147411777e-05
-0.00019183116310833603
-5.2566438038415366e-05
-9.442171603331396e-05
-0.000298502118422173
0.00023564330794404793
0.0002910533884787268
-0.00019500874349705707
0.00019028547721377896
-0.00024443688038693285
7.46906585359457e-06
6.207571973240164e-05
-8.791600314701014e-05
0.0002301071164427868
0.00017033842043743294
-0.0002961074471882963
-0.00021894752288953255
0.00012123896772885166
1.7331444924643176e-05
6.543805614258761e-05
4.036569789283998e-05
-0.0002644507017190317
0.00010607875150283436
-7.201965818564096e-05
0.00026379518720733036
-1.5264987858621207e-05
0.00012741792152318437
-0.00021119819853681934
-0.00013698384602625656
3.822637640940162e-05
-0.00020143947718460762
7.632911741824508e-05
-0.00020966675420449764
7.670642654927762e-05
0.00018967290298303095
0.00022363697009791973
-8.434943614451466e-05
-0.00017984580226644827
-0.00012257647324238446
0.0002634676282970943
0.00015219186773143486
-0.000176788233323002
9.084527417467004e-05
-0.00017363318080494496
3.3339875617232164e-05
-2.8860847422211415e-05
-5.895103115665249e-05
-0.00013558106809652426
2.1965134937449165e-05
0.00025482098589215844
0.0002741437785653339
7.494034263445386e-05
1.0080351129203877e-05
-0.00012553947400498287
0.00013023893459138835
-0.0002883226374177592
0.0002724280351279218
-0.0001409817395213794
-0.00024276052352412687
-0.00018254612886333245
-1.540505049922548e-05
-0.00010518547876503366
-0.00014223656899469184
6.934033308967914e-05
-1.8998917555339756e-05
0.00023127580332077342
-0.00024425635027458943
0.00010337829561615682
2.4201356962564224e-05
0.0001025723828353486
0.00020408669336867126
6.145546928286444e-05
0.00021551444538658258
0.0001607202011027462
-0.00018366554400032283
0.00022305772869569133
0.00017699269744184565
0.00010669846096763593
2.8106193402369767e-05
0.00023512375004475797
7.689257373181131e-05
6.0130191939647155e-05
0.00017897343513736356
7.726664721716787e-05
-0.00012479023261798485
-6.476463261817039e-05
-8.995886629171017e-05
2.690923236246096e-06
0.00016298290093194406
-0.000249660560273934
-0.00019222226888561552
-0.00011352187858832498
-5.605390758302311e-05
-0.00010097759456699208
-0.000282287249301863
0.00015121538590123014
0.00016305179364215774
8.772158189717283e-07
-4.4637888094864236e-05
3.1864928074068705e-05
0.00025522741019154725
-5.416499615965134e-05
0.00026151053516461066
-0.0001877204106642268
8.260725535059392e-06
0.0002993397668494136
-2.2052952982090375e-05
0.0002563315195746433
-0.00028741836159150924
-0.0001493547911643486
-1.2331774203022086e-05
-0.000210524594930008
-0.0002656988964302284
-0.0001300433543096932
0.00020293102134625766
-0.0001882999495524826
-0.00029558797579815407
-0.00028981692082435685
8.409576404585866e-06
0.00026328502183236923
-9.618027490053852e-05
0.00012067648151366733
-0.00018095053685601888
-0.00021652431358645336
-9.238805147484104e-05
-0.0002165406956778785
0.00016617679278613012
7.962331812294728e-05
-9.583137142438829e-05
-0.00012420034197655377
-0.0002278111925022925
-0.00012722487995303017
0.00011711997686723169
0.00010452440436827491
0.00029325275390535045
0.00025036372981026086
-0.00014066534807189308
-0.00018233051067632571
-2.0625701209861687e-05
-1.2412063905452059e-05
-0.00015117179052547762
-7.188680871505969e-05
0.00026429780699836015
-2.0762252905459015e-05
-0.00017975304088568264
-0.000257883062457609
0.0002248046377003223
-0.0002638434193531216
-0.00021797405696783535
-0.0001338074993381699
-2.1501609203404732e-05
0.00029471435112657737
0.0002677736732382674
2.407612969674704e-05
0.00021858442743024942
-0.00012794119178978375
0.0002510422445414437
9.558680333787521e-06
9.400771072726958e-05
-0.00017564527915523578
0.00014245542460168887
-0.000283763750159656
0.0001053603282094397
0.00014294939868227444
-4.0559964046055566e-05
-0.00020853567973075078
0.00019427478934428208
1.6030781508063498e-05
-0.00025488821321012603
0.0002098016654680437
5.133493327347499e-05
0.00017472608591297925
0.0001460235169433461
2.8592046411746435e-05
-4.524947819439356e-05
-6.426338066857897e-06
6.929465647400549e-07
8.835215311829824e-05
-0.00022226338636191856
-0.00022512628712342505
0.00019950789353943848
-0.00020172028436926117
1.071580819153649e-05
3.711908487410802e-05
-8.875382422683862e-05
7.781464259968223e-05
0.00012007174897603204
0.00011636753990439309
-3.6307340875467355e-06
-2.223549350590851e-05
0.00015537291460905063
4.918685308249592e-05
-0.00010538225969265429
0.00012929615381222906
8.388188118950998e-05
0.0002594173210204726
-0.0001529511653549361
2.4243544275043402e-05
4.3367956034705334e-05
0.0001364772215490407
-0.0002636712055987901
4.454262806471732e-05
-8.528184994790566e-05
0.00014549704848485867
-0.00012129936710524801
-0.0002924176016598796
0.00020775975097772663
0.00019234493807018831
-0.00023280758232505463
-0.0002870238371652282
-6.724720650127652e-05
-9.802606527362006e-05
0.0001404843217318462
-0.000172681334110291
0.0002634170803406327
0.0001215662943613925
0.0002763913419387755
0.00011556055233563509
-8.281466622234125e-05
0.000143451636532764
-0.0002900925554161758
-0.0001303744975156545
-0.00018291319072831738
-0.00011241473365366424
-0.00029953303298350817
-6.31773508375379e-05
-0.00025704087413825597
5.168552842217211e-06
-9.973073796420753e-05
0.00018250423610280706
-4.4095166402947645e-05
5.74303031268341e-06
0.00020915837527970426
0.00023866407339325234
0.00020097370516019886
0.00020076212164066455
1.2774129714363067e-05
-0.00022505218128212383
-0.0001660196352698514
-0.00018695069597418932
9.569879125055864e-06
0.00010812732075203877
-0.00016240668524549002
1.8798843572505352e-05
-0.00012760121015454904
-0.00018513583783717633
-0.00015699519331455373
-9.783725892150796e-05
6.472040399111637e-05
0.0002808968965301798
-9.878879377164424e-05
-0.00010475118213271382
-0.00029496274063849515
-0.000277388874825892
-9.840054524994939e-05
-4.567015240733164e-05
0.00013453105742946458
3.852240183641791e-07
0.00020548451201071928
-8.053800988386384e-05
6.5996291487847554e-06
0.0002811849301305695
-0.00011348518660476701
0.0002588395059681876
7.318412219783449e-05
7.743245437507028e-05
0.00014114227487636453
-0.0002963586846534754
-0.00029013584603326234
-0.00016280840061054023
5.726133716273265e-05
-0.00015353299209290485
-0.00029875115098930275
0.00025691375792898807
2.9423452882358615e-05
0.0001523837378334273
0.00015014950402513784
-2.440722072842848e-05
-5.205953878527282e-05
-0.0002501416577144725
-0.0001654356810455259
-4.367446990120871e-05
0.00015183234878864003
-1.3708721287767874e-05
-4.039620515623591e-05
0.00012972133992860307
5.699075842024667e-05
-0.00028520403754956367
-8.293151003910002e-05
4.6095704813472354e-05
5.419905699332309e-05
0.0002675366748733431
3.793566047613831e-05
0.00019877660348821476
-0.00014404257896505156
-0.0001090560293280091
0.00022901354797130903
-4.2684113859107066e-05
2.0754476544282495e-05
0.00016889427919000353
0.00023922562613750033
2.775295583462735e-05
6.954869216929866e-05
0.0001095959828220054
-0.00024382234386030702
-0.0002784640622304028
-3.489733743592175e-05
0.000129535359060878
0.00015948121350983877
-3.999390514283275e-05
0.00029951948813181057
4.69512908431885e-05
-0.000249163137010764
-0.00014023388528599373
-0.00025641594240373086
-0.00013774330551206973
-0.00018368724173259084
0.00020673475615899125
-8.599287487599211e-05
0.0002297018466583518
-0.00028255923499616347
-0.0002793721054714898
6.449938955095219e-05
3.6033387255768616e-05
-6.786383526420647e-05
3.713965912638823e-05
-2.6677721393322373e-05
-8.141490194260446e-05
-3.3421201036105085e-05
-0.00022772194211300492
0.00028871284230999795
-8.640480864798207e-05
0.00019484884897030954
0.00014225762016866
-0.00010921936595951031
-1.752951047855636e-05
0.00011203522914479382
-0.00012125228503659716
4.26730223754432e-05
0.0002749790045555363
-0.00021894469130395787
-7.5310001617377e-05
0.00028653059131458503
8.073017390534395e-05
-0.00021521112128155913
-7.566269271077613e-05
6.719978989294401e-05
-0.00013336837882391684
-0.0001258957939515312
-0.00011317944244295625
-0.00019329274630420292
-0.00029957001838546186
7.749757984291326e-05
4.861774570614455e-06
-1.9488629132770525e-05
3.5586451440572852e-06
0.00024457238377739834
0.00021361184093622972
-8.453155685197688e-05
0.00020051728032455268
9.032816129091685e-05
0.00025129887375225035
1.111839684399908e-05
2.6996643319980996e-06
-5.478809780762355e-05
-6.652065323883228e-05
-0.0002925819830102025
-0.0002410181718296469
-0.00024180824002678028
8.714254739568527e-05
-7.083970507560449e-05
0.0001949074581285391
-0.0002531308162055939
0.00015082236261514283
-9.910083356585889e-05
-0.00015264526633504562
0.00014250401749811998
0.00024441053133111157
-0.00016082175907283878
0.00023902564507831484
0.00013155862697969965
0.00011153510270637689
-0.00012834367556057862
-0.0002432858112562164
0.00025937600428125083
0.0002980491383305674
2.335806662489583e-06
-0.00017763170029594057
-0.000231604285966959
-0.00018191377270740394
-0.00017259503392134145
-0.0001593056377149058
-0.0001663723169360843
0.0002985289086023406
-0.00010045715487333798
0.00020521673419710262
0.00020709429756024506
-0.00011325825463597307
-0.0002858714365407892
9.342458144696283e-05
0.00015199306886186083
0.00012372465029388425
0.0002694383597948861
7.348750614799614e-05
-3.6485794582323495e-05
-2.920532156026781e-05
-0.0002962947405466028
-0.0002429393573737919
-0.000163924191615007
7.338242095721834e-05
-3.592965861024883e-05
2.818781055368742e-05
0.00017964194890689026
-0.00012615924733863724
-0.00021895377983933832
-0.00018794803712524814
-1.07973713597201e-05
-0.00023680617212902647
-9.31130954356047e-05
-0.0001173340408615708
-0.00020214440611083064
0.00013112165864949816
-0.00018999667513880681
-0.00024176441888924198
-0.0002629484801916387
-0.00017113614810716708
0.00025349821637248054
-0.0002587192634646582
0.00023886798923611184
-6.169615623902375e-05
0.0002646711312487892
0.0001510650883367334
8.348054751112545e-05
8.903430864121766e-05
0.00013656915691441051
0.00021046894603035112
0.00025876999027775975
7.887914722447389e-05
-6.668386355882652e-05
-0.0001994221956730782
-0.00024034814562687122
5.816249029149572e-05
0.00018976389020911266
0.0002655849742486314
0.00010611271842984903
4.7897247454558234e-05
-0.00024135672541289718
0.00029278546575926167
-0.0002476853553450587
-0.00011671422691946883
-0.00010305785643174208
0.0002625436372450858
-0.00022219236542748912
-6.702074734442248e-05
0.00015891677600406786
-0.00022387576087984406
-0.00028770368557169424
0.00026598284487091786
6.579673746197985e-07
3.415967797944881e-05
0.00022984044038646317
-0.0002821502336908613
-0.00020329293292345034
-0.00015865580609291137
-2.4676913239954205e-06
-0.00013807657187285262
0.0001239013866126523
-0.00011479624997098203
0.0002595241062503221
0.00018198452549853076
-0.00027368650580413787
-0.0002472846437145761
0.00024773940200641115
-0.00026381245600275833
-0.00015206695971002338
-0.00017267692069421946
0.00014170501036559532
9.388714150956981e-05
0.00020257707662799785
0.0002720158793955546
0.00012536805452852226
-0.0001296938223826108
7.550009795361087e-05
-0.0002982317348871787
-0.00025216433537748157
0.0002482087930295224
-0.00020379377975741737
-0.00022319228950841256
0.0001242970312932281
-0.00029280576410836505
-0.00015127688742283638
0.00025238841255935206
-0.0001665141149620484
-0.0002719395595290956
3.854561075478634e-06
-0.00022988117498431662
3.7153884173265475e-05
6.644917326606052e-05
0.0002981231535215349
-0.0002639647148105528
0.00011419279807834218
-0.0001252531889028878
0.000203721957542912
4.2671885406317476e-05
-0.00028091830129318827
0.00010578946526405608
4.3427604241488946e-05
-0.00026541656656682463
-8.332502484455039e-05
-8.55800888772537e-05
-0.0002382215934293797
-2.2297548473193193e-05
-0.0002110741441882808
-0.0001869905332982981
0.00019861478616733382
-9.310406318850759e-05
0.0001533185635125637
-0.00022248727192050768
4.1479714112841804e-05
0.0001610759747193508
-4.630163377222893e-05
-0.00022356048560995007
0.00011936739929370004
0.00012425868330926245
-0.00023144802473047492
-0.00014924070328460677
-0.00017044564546749456
-4.127809816121327e-05
-0.00015126678314673222
-1.2220320121574771e-05
-0.00024686266833942014
-0.0002689514560244671
0.00022665462985895158
0.0002848298231178502
0.00029665961247028733
1.664723972163388e-05
0.00014814280031507184
-0.00013707149622164825
0.0002114910566841421
-0.00026134991806210195
-0.00021113093687651692
0.0002919285773069818
7.708088414444547e-05
-0.00016761422941478338
0.00022473245086177316
0.00024734730883206564
-0.000281301009710986
4.570568182724798e-05
-0.00023093675880581983
-0.0002665373029951674
0.00018239691266203187
-3.9726308559443965e-06
0.0001068051225448579
-0.0002678686290870687
0.00026681077926771804
-7.224996557372512e-05
-0.00010943701701076025
-0.00010046707620699208
-0.0001640806155509457
0.0001727354250597054
6.071759204453808e-05
-0.0001355411083035633
-0.00020549669422358292
5.0516885376138685e-05
-0.0002817896321769543
-0.00014029232820818476
0.00011073233802030201
0.0002462666080794812
-0.0001527677351608595
-0.0002527980417879094
-0.0001788993021815156
0.00024358700984572983
5.6811954554532675e-05
