-0.008000154276392713
0.010511994220911057
-0.013887680911275353
-0.014721189128282079
-0.017043684219252557
0.007743843782102494
0.024542149721067802
0.003824398670122457
0.025399875108760038
-0.015544408698179
0.02374751346274643
0.024990593251512615
-0.028268123222763977
0.005148818846516266
-0.004320959641831535
0.009546704329735645
-0.013239466278926835
0.022569469716268088
0.002466641290988114
0.015697370425246805
0.02347070483092889
0.0073912465873472374
-0.024512836617497844
0.02777865725515455
-0.017204026166738346
0.029076543479806802
0.029964825302848212
0.00964478454996328
-0.028441535645704116
0.024050859062648478
0.00901106106657857
-0.003354708177324254
0.02104209869322026
0.021371173985166164
-0.022885778365535788
-0.015324719982397358
-0.012693927716354983
0.021508193420403138
-0.024723237630779903
0.0037818198080716847
0.007321299840322808
0.012227089930313025
0.008753542005042983
-0.0005862471656042402
-0.009523653708175355
-0.016700129561072953
0.02694452626679804
0.01019570000997224
-0.02309844303549519
0.02790291812720718
-0.004030425300274781
0.01256734510209271
0.022986246099302193
-0.02364397218856278
-0.007012807231018169
-0.019979646836111066
-0.01824097423770519
0.01083131350513833
0.006699702339969471
-0.017176286315411154
-0.012541216963363373
0.020740838117269678
0.014522445770044017
-0.008309188637483644
-0.02479652296540867
0.025128351465087004
0.008189530073255888
-0.01882164951919993
-0.014958069706953899
0.02412508210016722
0.002896104458782675
-0.0010877188733294171
0.014150091527966951
-0.02643611859121073
0.0030534610026953513
0.010981939287915576
-0.021262944667099964
0.028702254945890494
-0.025646190807226903
0.0053226494761069165
-0.01824527627752753
0.028776246318655815
-0.01898228984333776
0.026146346023257334
0.017479859330344204
0.01232298767939563
-0.017203833272104375
-0.012139677097495787
0.01767876489398692
-0.018009054742281684
0.0017861552039025452
-0.02989538410056945
-0.0015755955031701158
-0.013617901946925293
0.0045168486429928364
0.0169858072189275
0.0022450173714509344
-0.027324302827029693
0.015012357069684755
0.00901330674071596
-0.006350582081117207
0.0005567736833611558
0.012899438337528955
0.027872611116132644
-0.011771634180107092
-0.01135361016238344
0.02601640611400998
-0.0031319797652635366
-0.024203786070823137
-0.007742452216002296
0.0028346252361510157
0.021043472928199213
0.00029952370884810814
-0.022282026048856676
0.028126707074686015
-0.02414525532862833
-0.008642238855608438
0.01904398890271524
-0.000611700850021376
0.004189774740659978
0.019856934778731607
0.010726653939097532
-0.02210439079407215
-0.02703814676189221
-0.022823028723658115
0.011455194938313325
0.02484069156435354
0.005901509687883236
-0.009593333552157808
0.001534474275343839
-0.004594331353381054
-0.006637494290040333
-0.004351635029609849
0.019565864969874974
0.01711829445485811
0.016609998423694858
0.003916097742697078
0.01045505371087492
-0.01255031195334681
-0.013431501359663197
-0.02315713653952175
0.005318354661637666
-0.016745030288339395
0.024328110639026658
-0.0015418293775502807
0.018910781294933676
0.002969493373942013
-0.016570106306165358
-0.023027004849573415
0.01622316903487029
0.010232499672060386
0.02952437647722475
0.027560206781385016
0.0038617956411539714
-0.023845706220000755
0.008220174664408095
-0.010378977797708144
-0.011789397348911806
0.005574840423042474
-0.018976173836480318
0.012009364581993788
0.02284681327575585
-0.017463636290272932
0.021826356261702984
0.01588750017417298
-0.007590369270630757
0.0037653168656001795
0.014338838726938224
0.011218080278489369
-0.0037179767904410403
0.019845900282958483
0.0160528554324059
0.012853957383910673
-0.012347234940615914
-0.01395632627493459
-0.007452264449396267
0.005919557612753909
-0.00014433921206678108
0.014824843531773692
-0.024506771876945437
0.010125882714997307
0.015448154179166187
0.02324714480193832
-0.010617711921939655
-0.00539919612300831
0.001794136646872363
-0.002711844553579871
0.026982437634197783
0.008290290854508733
-0.003706275992997242
0.020216582298487377
0.00744245007844789
-0.017695178718025915
-0.02874239681830369
-0.023960463798027
0.011500455389671316
0.012263416295481201
0.02978661211806405
-0.017953249855682144
-0.021453024514685917
-0.00032741788430756813
-0.023704162019590656
-0.028094772431053468
-0.012655183804801882
0.012565531742202984
0.0020128946127677613
-0.027550347485666964
0.026332788512633945
-0.00979133627382111
-0.00784881181828595
-0.0011276144624492307
0.002940915675881478
-0.02985920479608272
-0.002119940592169498
-0.013149858284032749
-0.005629256645449353
-0.011442876056396684
0.026617968762526104
-0.02537531761363354
0.0062609783899488305
-0.017223622323208045
-0.029938635452457372
0.013231140756479055
-0.022524292564580044
0.0006707069949845011
1.6594468292621678e-06
-0.029635812022263862
-0.0006786410290788893
0.028374556873595254
-0.02060973492007854
-0.006100060276831472
-0.02881360961003704
0.01708061328785964
0.028275649104471577
-0.025323195687999386
0.028620814284785752
0.020013072111800603
-0.014948142105905955
0.010318761451065549
-0.01557336155145731
-0.00202971697290864
-0.023249793246828774
-0.02352552778047437
-0.005431511667508656
-0.020175360121077512
-0.0002840513282863777
-0.012532724483355986
0.02279748370503948
0.026824492224148427
0.008629422322423842
0.02162559790621136
-0.0050679263718371274
-0.015927565988920436
-0.02146050377834021
0.020037823273280096
0.01516488464335252
-0.008545517100652576
-0.0005446152971878455
-0.015464653195799217
0.02036958068717383
-0.015608545493675623
-0.023822793749044672
-0.029007077001797773
0.01661552021641305
0.01852370655212749
-0.008631541688354446
0.022941791185985674
0.02232187079577476
0.013296410450331884
-0.026619306489803055
0.00819619261876875
0.024651507892276506
-0.003306601245933443
0.00495717315380631
0.0009270231507986018
0.01148661647708768
-0.010851133212807847
-0.013836550325237267
0.005696038353554735
-0.0269140606590016
-0.02101652229521873
-0.017914221185701785
0.012446814700437361
0.00771096862428311
-0.010774160323876528
0.027856677920188415
-0.0008957538848075423
-0.013991488863732953
0.0009684840962132547
-0.024785677400203786
-0.02397460868090892
0.016510851402598246
-0.016659107601573894
-0.0023319578246764026
-0.0071997084023065
0.02689946775326505
-0.008792477162954167
-0.0032200927394222013
0.005096319303822219
0.0006246024888950583
0.01229544204733097
0.026277274573378313
0.018303118764769068
0.004236036914875889
0.01766840973268738
-0.003563763981706592
0.025680864584016742
0.016274665344925207
0.017312245557137874
0.011845336017100257
-0.029334713610832373
0.0016542088167940047
-0.008033364292467766
-0.027569261703304013
0.025734506217513248
0.02915599894914394
-0.02562680830643482
0.011389245875592924
0.011246084916414274
-0.027543395654522226
0.005244820734528838
-0.020978769482826107
0.027924693794540212
0.020229904303296367
-0.026122804916113875
-0.024402094655665934
0.01698284097296257
-0.0026472091509562555
-0.016378211885317386
0.013364461691523735
-0.011507999204507006
-0.014843144660784261
-0.010943223509759775
0.02657960948640884
0.021560788982844012
-0.014887724585812922
-0.01722048428292669
-0.027901671045714473
0.029324910340038715
0.013664761775995744
-0.029951717066227714
0.0065835831918933455
-0.003127380148836772
-0.009588352627334235
-0.029220288069591174
0.010365232347454165
0.017058819257054422
-0.021773508524867653
0.027838511795886346
-0.007109683197829512
-0.01951210140243742
0.0293842310856618
-0.025398309798611136
0.014407568836782264
0.008964233768885457
-0.020056235446416538
0.02770846798305749
0.023138981842337945
0.0056303390195366065
0.01255439220023484
0.006214657655331773
0.01945114118051315
-0.015547729783230865
0.019596415975792682
-0.014679568714282483
0.00934449325157291
-0.02540393676599951
0.016664359544634966
-0.021586211851751216
0.020228975417415758
-0.0028504596048181292
0.004003593647522612
0.008750361596823263
0.0016253473771966828
-0.02908644009223283
-0.007637082701032635
-0.02353044224282491
0.013258336651720638
-0.002580886855062116
-0.009706160505525679
0.026007086413321966
-0.006869887680086846
0.019226662123910533
-0.009590042743828946
-0.001231756898440916
0.01510535787957297
0.01312887333080702
0.004796469400988067
0.02819062415632674
-0.025068156404408334
0.00963025534995534
0.01634646484376779
-0.0037542434099361414
-0.0010156298329076496
-0.0048801023431041535
-0.010584899728268607
0.0029061176172672717
0.011276347290109755
-0.020606251272365136
-0.028536163479427668
0.017571307595898977
-0.010041446487209279
-0.006844137861157947
-0.024313212772487935
0.000632685701774563
0.0009462957553353323
0.011049616722191957
-0.00396079283700719
0.0235074175460339
-0.01251452264368003
0.02883730711990954
0.02616996864540893
0.006458581554144811
0.012526993745789722
-0.02419631909263983
-0.0072832619612928085
-0.02160543695469034
0.026096680319996964
0.028749734436414563
0.028976369014828765
0.02467010677253132
-0.012686250741998091
0.01991781012548091
-0.007951799322903616
-0.0065250693298759994
-0.009107631894691243
0.0048133766697780675
-0.02983592375809027
-0.006621218172798111
-0.008014499318626241
-0.0256828704772603
0.02259112011140533
0.024794038507336177
0.003938361933062795
0.0008144330016090599
0.014214797206847873
-0.023239858427776133
0.010129888121285992
0.029255015246636436
-0.003833327775627445
-0.0020976531711335566
-0.006956404156756475
-0.000691264639028355
-0.015455295044075053
-0.020529348816389122
0.020235059438322288
-0.01871388471340446
-0.0009556833433726555
-0.0190839737298774
-0.0020266554182986167
0.019377600959095652
-0.01570162788889108
-0.01574975856123902
0.005836634774211827
-0.02432202390177681
0.006324511100881405
0.01091288789253858
-0.022030383924783382
0.01584312730546108
0.022276426350569728
-0.016383965661064974
-0.0070594061471064215
0.01524195170239527
-0.007629386743268331
0.011518338533890074
-0.00300340645671289
-0.026772536303775518
-0.021713404474990487
0.0056527712497611085
-0.0024152680410891164
-0.01081835565165085
0.02826765081864594
0.028883765631491587
0.008414037907342097
-0.006733485963162887
-0.0013234173041039472
0.015313148213008242
-0.024046205236023997
-0.01925979609069624
0.009981379951592172
-0.012546381987787524
0.012702554260010789
0.027862312778860955
-0.00611141022899157
0.014815458484273847
-0.01234268874993787
-0.01660007624458038
0.0028088684533783687
-0.01505752931372954
-0.004291203741496913
0.004363377325931374
0.016731979367094092
-0.004907369156214963
-0.0039115116444520155
0.01904349031875309
-0.029321402381105477
-0.010697072806958842
0.016822686302259048
-0.027631077865963312
0.0066051257967260565
-0.028980378015056596
-0.004254480780431863
0.011058659451441653
-0.015279750280421027
0.003147656380321301
0.005579394516249607
-0.028711033247756142
0.008065730465090341
-0.0183427809722498
0.02958453751009303
0.021505124691322805
0.0029361365828574626
-0.024083688754770582
-0.010627073807626265
-0.01704702887394973
0.0009257760302500244
-0.008806916481566434
-0.0010446578325137602
-0.0016315980995170384
-0.014442148129920637
-0.011931847066917266
-0.0076823978861619326
0.0004197130758142112
-0.015520971701223
-0.012691305534531624
0.02700689050208592
0.02009532082747912
0.012039154316105728
-0.02782184335187478
-0.0015135147937470894
0.022474173234864343
-0.0024266102060465644
0.024363107061110646
0.013866638422904906
0.021630113518700395
-0.02087522538447175
-0.020218240995378584
0.0032251906254816692
0.014872803831002743
0.009490883816690748
-0.00891822971841556
0.022377453963255252
-0.024551133284194494
-0.007132534961242425
-0.014613450552665152
0.018280688105333898
0.006266597924262221
-0.015734656282980264
-0.02218696342106873
-0.004356820658393382
-0.004856469496765631
0.027326840904979124
0.001085379128476574
0.005970391411766057
-0.021429478180048915
-0.01267087186303079
0.013682138627832713
0.007583636089101148
0.006126968531941841
-0.005228672360811652
0.023569889121601975
0.010987123423562624
-0.0044884173848144075
-0.004267845254237398
0.0157212552664397
-0.016263668579621207
-0.006811971771704967
0.005625968347445338
0.005143941271848966
-0.0008425026101369915
-0.025769261112603265
-0.015760479793068497
0.012764114748773606
0.022812974993349756
0.008803279694270284
0.028502004029068023
0.02586463332173527
-0.020301252268974845
0.015523374594159374
0.018217059181328682
0.017400843639746637
0.01993058562380065
-0.002403300354873742
-0.0036967225250809504
0.018543082134073637
0.01699662083615512
-0.019821499797374076
0.02861783016781303
-0.009421112872937839
0.004028419965284281
-0.022783219420044607
0.01650760731599773
-0.0024822746378338825
0.0049011758488202994
0.019463752799660346
-0.019047035406271548
0.022621172751236027
0.026506224373396003
0.007372816421363192
0.027259444323357376
0.011517840968604746
-0.018486950897485463
-0.029552166030038667
-0.008357666522340431
-0.0036666757251072706
0.004156751779255355
-0.00030386233787237094
0.02695506019389432
-0.022748714888454785
-0.023768132323828933
-0.005855961061675036
-0.002346341421290036
0.0032564236552954165
0.027454149284044882
-0.023720908522114656
-0.02693238343431337
0.010827849183127243
-0.0033371232217413553
0.018751660357152033
-0.015590488486960782
-0.019081175268894843
0.006965452074407408
0.023490929456695085
-0.017967154019655096
0.01931005473520922
0.02423941738737262
-0.00394080904747272
0.015663893793962935
-0.013690070390930856
-0.0003762377201697066
-0.024159930925609082
0.022410327902305453
-0.01755896187871813
0.015598780040683248
0.01718000254792614
-0.0017110565001989438
-0.026692301304900988
0.0004765609046839675
-0.008333331486966362
-0.006306904060910317
-0.02285787279445929
-0.0027319538338119523
0.02893498814608831
0.02157940106040749
-0.014727271553552494
0.011624578776724938
-0.006962184484423855
-0.02109205203124121
-0.02738281073791916
0.005671625203607755
-0.01918243516286862
-0.0042865527397138135
0.005970255566535881
-0.02115894604877668
0.022080902324097623
-0.019357914737423
-0.016916596367721297
-0.0148489156889196
-0.013249124724522308
0.02926874568302785
-0.027345747146670343
0.02422025138233072
-0.023933191408914246
-0.00522892308368211
-0.020207859290795528
-0.017006198052241045
-0.004906925049807394
0.02660623668648969
-0.011284038335715379
-9.900153662567579e-05
0.010776462190028514
0.02374559158838714
-0.00798022964891456
0.0250004633864501
-0.008588478837257291
-0.014416636444424712
0.008515458344554243
-0.019351089599179014
-0.019874710991363127
-0.01899111234669025
0.004687990606746094
-0.016121154171046065
-0.01061272863174902
0.027802685674568867
0.024291650247221394
-0.008121382481340943
-0.012680513676718963
0.009578977852482927
4.59947730118114e-05
0.011792545856517525
-0.007877883676469011
-0.02926409197033788
0.017824254791984274
-0.003228069606626041
0.02556973355113859
-0.020837580777769697
0.00461941243343271
-0.007665118702443543
0.0005755204697496276
-0.01953397291540142
-0.01895272411302039
-0.0016163532447005975
-0.020488073008633492
0.025775127870289134
0.0025644074033757194
0.009941488405829826
-0.003055285206441362
0.02117707177748894
0.014261398175842183
0.013391356887544205
0.022563966472375033
0.01136956226453257
0.02215785632506486
-0.010374991035091801
-0.027668634122606155
0.017459435870552494
0.005188800664197191
0.02310821045814776
0.013290300087385028
0.008904864113595784
0.0053590519037600565
0.02495545662313249
0.005691123527445503
0.002430281822772086
-0.005602365666284706
-0.017474103346225418
0.018153997475548148
-0.0030794637413903495
-0.02164993143595799
0.0015632589677203393
0.027722194907885293
0.026224223573851187
0.009513687605633217
-0.01651870444089116
-0.026485737682093256
-0.0037975666835787757
0.024821211008227775
0.02268253555662557
-0.004010683199225144
0.01228900442644943
0.015326725965755635
0.028658118746182362
-0.0082792875735424
0.020801971265522023
-0.02890186060400328
-0.029266635530026678
-0.00853061972852788
0.024487490279522656
-0.01324461566763135
0.016569054717355598
0.001550474199012622
0.0191994115969798
0.006475446869704991
-0.029641200297866637
-0.010366209157018174
-0.009598286349269292
-0.02636595745802118
0.016665780951368385
0.002946749937664604
-0.024975192792220602
0.012610824716707963
0.021833669440846436
0.0008918148526023545
-0.024460040357914214
0.007220577476911218
0.01864585803044301
0.027763079941491735
-0.003616268611643051
-0.02469025792889446
-0.02320079507347603
0.016588835779269027
0.014231909425210347
-0.016676308445718442
-0.006692192929046041
-0.026857867673028293
0.01593781030956947
0.0015742753063807055
0.023084608326926694
-0.02538583666878464
0.007747896499009831
0.008539944177982026
0.021249760594832807
-0.015406505266836672
0.014809616878639957
0.009293959364692912
0.029467655071362106
-0.019640006913817093
0.003951228699503741
0.022306640140569815
0.0021545927601483994
-0.02146417231819065
0.020853300626021275
-0.02674092472058019
0.011103417536821529
0.028692540328398436
0.0018012130706174315
-0.002763988663626229
0.010332697336278437
0.028880218766826442
-0.020386210316434294
-0.024394976117536264
0.0059522955913341585
0.020596266414819916
0.01767471363019249
0.023111851834876414
0.0009104031225848734
0.014872779276972559
0.005126422799479342
-0.029900591727390076
-0.026369134245927035
-0.015276827596135877
-0.0036153343752074255
-0.014824119458053056
0.02239305837998018
-0.0002466100718099551
0.004850976530332403
0.01986001456055446
0.006744163535847884
-0.02399348432071558
0.017795722606177344
-0.02235763979470226
-0.005117436010563244
-0.012622834043435876
-0.0010819499107780246
0.005172945059051068
-0.02829903894635452
0.018956016044389602
0.0010211768988052997
0.019917084795079948
-0.017366548237707776
0.02130091578582019
-0.006037162406927667
-0.00027861149655646067
-0.003292590522472858
0.004603995428146795
-0.002336270809986579
0.0008690269288290989
0.004665268785096877
-0.012932308217685994
0.02354360805921224
-0.024405852676159343
-0.005207550057481795
0.02355917154845486
0.01167822119064018
0.019961533034604434
0.012269186531981197
0.025104861384408872
0.028348860974994755
-0.0277202178244352
0.013778638013547055
-0.010826862200897479
-0.025030124179337133
-0.0010714858528732968
0.006407918371349894
0.011714177827563316
-0.008218764130060827
0.019260886972548415
-0.007758020026542856
-0.02401014333978253
-0.014543595804157374
0.0030382928364077744
-0.026431588813944935
0.01557612890399468
-0.008982977308378156
0.02253279780010846
-0.018212819272703226
0.0037631325073194596
0.017854977434991433
0.004935607464680206
0.02286460904372048
0.01444382742899463
-0.024110899527086206
-0.0023369364926859072
0.017247322414198574
0.019527232210268426
0.029407085666837564
0.011802693197850829
-0.013632615880745234
0.006439841544859874
0.0023099060252809653
0.0020075002135044595
-0.011592586049113205
0.023459792917223943
0.00873083745016353
-0.007540865591781333
0.01990852803835503
-0.0014565231125462652
-0.011991752342373277
-0.024158609219689597
0.004729498559999955
0.017399298503201953
0.005333194958920907
0.010961062563505285
0.025640246260736473
-0.029041990486801554
-0.013724867207406087
-0.006120160467286216
-0.012579040682630199
0.013827018094652192
0.014967847181239974
0.013812880052988051
-0.009175898501841223
0.012263475016130738
0.0064681019575904206
-0.000744970348354558
-0.020376653922319167
-0.00409493848204753
0.014458851655330111
-0.012122898380370953
0.016563359495682148
-0.011676725280008158
0.022857169722809913
-0.01350009388519599
-0.008809998853895377
0.021083998121248046
0.0140219901027216
0.002945008356823098
-0.008242071491602315
0.003944047791031656
-0.01796360752381905
0.0032668728152809162
0.014699079248985933
-0.029189439493658775
-0.01567850950959502
0.008298753494424174
0.017034013887532562
-0.01891753098502405
0.0069443200330769825
-0.02470340855184154
-0.02497146435833551
0.014225077770028113
-0.007258440154612529
-0.029937385452593016
-0.020289064423893978
0.027784821932342704
-0.015413965227843999
-0.029601056946800104
-0.025470851089884408
0.02549448737108302
0.024279247784006558
-0.010855463629406256
0.022699352681135238
-0.0265171172136121
0.027690731690381158
-0.021554920075404042
0.013392619570339374
0.027758993714658398
0.009738440871027154
0.012782646343597638
-0.008283951241298385
0.017089847391651494
-0.008230568203268257
-0.011495866923708051
-0.0010883377041774958
-0.02764920575302278
0.02548643626943737
-0.023019561036490048
-0.003472891379011859
0.015319203058584085
0.015225711417003365
-0.029895753842835444
0.021656603029973166
-0.002622553378412256
-0.00291142790903446
-0.014910952117935396
0.0063564148843628515
0.00480763446431548
-0.014458877348570919
-0.014526816768300478
0.02122058742910981
-0.02704851184731861
0.0005541648429633582
0.01738127648828946
-0.02781996643360886
-0.014569268107274328
0.008430119962347334
-0.000763765985551796
-0.029762023496573226
-0.022698641303311905
0.017219382241162998
0.002256985904480112
-0.020370543530227728
-0.017258876502357544
-0.01023871669845797
0.021416989034356987
0.025793229312715278
0.006163992219827878
-0.02640590334516454
-0.007341428887760883
-0.028381209532353777
0.01496869695692149
0.015239231628450117
0.026772216024755296
-0.025269516237591615
0.02145683310209069
0.02633228646775196
-0.021748982360566084
-0.021502598151089763
-0.025575771546203628
0.004144741989096035
