-0.004284787010866729
0.01388352280599383
-0.029971964055728016
-0.019569299662895546
0.01907207127752803
-0.029585597827721997
0.025101484730680093
0.014605239644033985
-0.00017199618030906347
0.012045166845080196
-0.024636994893148315
-0.01457905215722942
0.0013174368216104168
-0.024978478740621306
-0.007935446441710639
0.013119907785039742
0.001731416049338172
-0.023395120013215774
0.010147980639236262
0.00647960939227437
0.003222818238462516
-0.0025928955998157747
0.028086350977348018
0.02629310220660625
-0.02844209183481594
0.005119791990355241
-0.009628730563141893
0.002617905346255403
0.0014620093620749883
0.022328277029840908
-0.015234626625196592
-0.014168190881141372
0.027897685754227713
0.028360743533570598
-0.01923846106887306
0.019522595632535063
-0.018006610109972183
-0.023763244798825182
-0.02340418226256061
-0.012066569859940538
0.023184002656854802
-0.01394403182411567
0.007430260445293567
0.016848531424416648
-0.02786872252811328
-0.02475887413419647
0.017528439704589456
-0.020859390715541493
-0.00013160448048042325
-0.01680129084020298
0.01695110740885318
-0.006044038437017098
-0.003010303183243433
-0.01692436834097337
-0.025093813172266763
-0.0017800724894750514
0.004542846021126631
0.007829542072924148
0.012625215237610996
0.021171789706571874
-0.021780597137069535
0.02309339794423701
-0.01028687757667486
-0.01814300208893879
0.008258699603417914
0.01337868695322754
0.02837961740135856
-0.001332407787628543
0.0076615210764738595
0.02842622350967565
-0.01295289079631418
-0.0079370734408434
-0.015253553963696626
0.00416340226367147
-0.005871052534405792
0.0049086408283496655
0.01139755084551667
0.02977436522693796
-0.02450846011491839
0.00537976795139565
0.02964780585491842
-0.018924013616337165
-0.007047333934528964
0.013238105580595773
-0.021169582430910848
-0.026812023002523895
0.016320994802067425
-0.01402858711068089
-0.01782696019112583
-0.0038855887761761777
0.027124953053235562
-0.012156080855503345
0.011802975214306857
-0.00755901482959807
-0.01682394101588755
-0.004791882292723874
-0.016347386616765765
-0.005292280296852952
-0.0013171699956558529
0.015151406946694944
-0.020425433616194734
-0.015940092965790034
0.02626851821697735
-0.0035738624434417422
0.0017179724545847777
0.0018388127031322282
-0.0042041602261649845
-0.006545245433709136
-0.005166823435879993
0.012282631241334344
0.006988015287433175
-0.010498702606807405
0.02718346152611218
-0.0008989424276266908
-0.019471572725569396
0.026187444062261117
-0.01690553998703935
0.02341325129012036
-0.017530521898767137
0.0063383019802458335
-0.017318665063956677
0.02302426790490631
-0.02297202722820354
0.011142945138853083
-0.02360602303147391
-0.00560072303701405
-0.020292372715844144
0.0050476327128874815
-0.0012572878945792433
0.0011888135360458643
-0.01926390271291295
0.027397086171885965
0.014122386430949554
0.025206719181121967
0.01107342258759652
-0.01271402932162426
-0.012143367308767809
-0.01113056406337926
-0.01864704123034195
0.010277910833364462
0.022599933480795843
-0.02842299916275915
0.018187402992717754
-0.004260811143096687
0.004381067133489527
0.021258447773370055
-0.016203300302405334
-0.019974944879533746
0.0156423432084112
0.008287061622474758
0.00265287292085796
-0.022261961652541903
-0.0139603338098041
-0.021059563888275512
-0.016473287388279825
0.0236953034227294
0.0017051864199293526
-0.011566887612329081
-0.010437483486338547
-0.016150048381754142
-0.011760382031244614
-0.02889157485746659
0.0050117626513181135
-0.02321029182107689
0.009443552699642414
0.011107063051482055
0.00796748884654367
-0.007290063298748574
-0.027603540893935997
-0.02928432325733885
0.008381996435448576
-7.921062350777983e-05
-0.026373726985267344
0.004970832355723841
0.01770417980778738
-0.01299821942756356
-0.008252907249962266
0.0029270280901099663
0.025102992626063275
0.0036716679657217074
0.027414937000768816
0.025161578076409112
-0.004849447702132432
-0.002710227812202551
-0.012086326955124103
0.01802628274543252
-0.010321239627409915
0.010329415507122297
0.0075952050723173264
0.006886429881227639
0.029388271401353264
0.009071343097955889
-0.00016834174008251504
0.007437405139979515
0.019690601404834876
0.027211556988472045
-0.0029535949307252125
-0.028451915180392792
-0.012389834585055538
0.02732728664475402
-0.027711264497153203
-0.007236926126955926
-0.003658183445604618
-0.0065871144256480114
0.0005017960969850646
0.01743872390213414
0.026805179261454905
-0.026692415404826853
0.024566036283162937
0.010121814244306478
0.003376848528856599
-0.009715389123191105
-0.002700266411598283
-0.0254860320731912
0.015180842249481886
-0.018338464843052474
-0.023617371532625334
0.0029793958571501036
-0.00015487840975741615
0.004229126917241539
0.013177683940313635
-0.001498710436332193
-0.012572681232305486
0.010556870272105695
0.007569838754618467
-0.00936729828680748
-0.015140467091773949
-0.024393748828794165
-0.029757281214738314
-0.020410137973821053
0.018928492000261234
0.0030194888856990287
0.014530063918118986
-0.02278091855078243
0.014629280612415578
0.022469664806238236
-0.0003357822070827743
0.0298092431257135
0.012742555542188588
-0.02450646115484146
0.015154114849980374
-0.014164542275100656
0.02288571966021421
-0.0037500527651071376
0.017974506595384056
0.01053108996372027
0.019419599668782768
-0.000976937961465297
0.0017013794233845317
0.009763287098552717
-0.0018606365766490607
-0.017151652563014798
0.02376131232263537
0.014486652925858268
0.005749996082532141
0.02934964303938785
0.01765841861372057
-0.022797264998918803
-0.023078480535442366
0.027624565818072627
-0.0072926357351412
-0.025915568382800007
-0.013302328549370808
-0.010901820426361498
-0.02789915891366122
0.011833420825998295
-0.009171844306056366
-0.02253230803998363
-0.0006163310982429671
0.019520202950642135
-0.015675321218518976
0.022648874159065732
-0.021010432947366556
-0.013136842603515407
0.01824058233390921
-0.009005084941945525
0.028750667604250428
-0.01604592441105559
0.02189543701009706
-0.017447271733067572
0.018450500141709056
-0.021770398087662762
-0.012800521687641009
0.02768212345891905
0.00038702503593600335
0.02214538990948453
0.029215014493278006
-0.01966987164690507
-0.02434878520238951
-0.0019114134968122448
-0.021008146573190802
0.001819102421977456
-0.00517554477888647
0.02929638536950805
0.026852555287141443
0.015596127528210525
-0.009308851244609014
-0.01861055621124258
-0.0181666128348369
0.012557751329375075
0.004092529626051347
-0.019054448338825004
0.010197167958088817
-0.018621400084992076
0.01997922427641173
0.024744107900188966
-0.025070011619624147
0.015212414831247571
-0.005524511746740148
-0.01341775957055807
-0.01199682026317668
-0.006519232131410167
0.021884328065847815
-0.015161225968724514
0.01656754321385999
0.012115192479983737
0.014745770915082085
-0.019482667692492246
-0.013386729301504738
0.013897365502501167
0.00179731542103298
0.0006233124250419296
0.013383903103496506
0.01674668302741076
0.02521602254542367
0.008699507912836954
0.004083254650688158
0.01399667476848078
-0.021998042128776096
0.02385031320145005
0.013252699436975018
-0.0004216136075288063
-0.027218991240672768
0.011582122145449028
0.025092254424056014
0.020871431026430527
0.00489695501435268
0.00244542784469072
0.019537301889911117
0.02480769606315645
-0.0026520745527258867
-0.011361385884928299
-0.009328696810006101
0.0027797226787136878
0.019218425551149658
-0.005548321916639648
-0.008675991853975055
0.014709067830352009
-0.021215156093137025
-0.016486005821440886
-0.005941849095010967
-0.012210131890550768
-0.014918844536471564
-0.011982217463699648
-0.027601126080314294
0.0010767296623479389
-0.014392743326957705
0.02250332249471928
-0.01604752452113507
0.012766921642879965
-0.01667801471696939
0.012202860270159835
-0.02329493855562338
-0.017910012712638947
0.02018901589013622
-0.005675064927933252
0.001234662759091558
-0.0073431933897559545
-0.004245515298235039
-0.025228194766071774
-0.006644084471436391
-0.021956094642803722
0.018809650571664623
-0.011733217321755106
0.027668935169115262
0.014921985061368874
-0.014346359768697525
0.02498214916973808
-0.021503661847302888
-0.029496746756115837
0.029129975349019087
-0.02528363020929368
-0.021567792161146262
0.0025065144400932965
0.010460874976635337
0.010913149276740308
0.0038386449328538727
-0.004599809280702624
-0.008190969261145549
0.009545167645557517
0.029725837076993333
-0.01550040455249363
-0.010496127896824112
0.008796853123012878
-0.01799271537372155
0.0223448303137201
-0.02603422745864421
-0.011422599933321023
0.01513024738109095
0.02151074530038522
0.018037427265932104
-0.008583815475048908
-0.013736465552512313
-0.029599364561808506
-0.0013067141676441595
-0.014250571688594546
-0.005295455360005107
0.02276191014535872
-0.009067267618185774
-0.012650871568481051
0.0284788099831339
0.004586834041176997
0.019387738024271642
-0.0004149007027733388
0.02839870431094845
0.023156469240105726
0.027937639708891376
-0.003616029370714074
0.010396471918562272
-0.019499487451852978
-0.013046881858933865
0.009451727532202553
-0.028952794606928883
-0.027987366279970168
0.007830741997372624
0.004204699633823694
0.0282394646983138
-0.004463528082361706
-0.02549199891845658
-0.022145293488885595
0.006608209196789706
0.0043919596768806565
0.01789811370357089
-0.0006087484109450619
0.014935620701345749
-0.02250458877412991
0.006802620407012024
-0.022568540877146683
0.008193465438294523
-0.006970508326101816
-0.02727603197706321
0.011782499193584574
-0.01735027142714359
0.016967018062598135
-0.017485615960382388
0.011446055974881873
0.019051616706155343
0.0033428341600052827
0.003747515373295901
-0.019225523617624515
0.005927471782903412
0.01948190997452584
0.028713734349445956
0.006712589979291909
-0.0008068089618182908
-0.018600197854647324
-0.0040196461481414765
-0.005505194045129572
0.004110230872469485
0.020508168732619764
-0.0015587538388251165
0.016023826211348124
-0.0018845237812327859
0.015482817282703495
0.026772982528071913
-0.016388871570475878
0.022596243589331322
0.003951577718548045
-0.029091882593636095
0.005267686165617895
-0.021793201296008466
0.023715775172841264
-0.015864613153586442
0.012785900725851
-0.012937597861318647
0.00649463278365827
-0.00963262062195741
-0.0012423833526339217
0.026253695969379008
-0.018302274601028685
0.01913277224932606
-0.022347404158584303
0.01862542863562864
0.00010905115785696598
0.013335288306452406
-0.01184635575058873
0.021406104629556208
-0.02480560321140305
-0.01676403088882808
0.005703417613550615
0.014577620411561895
0.016274693010208903
0.0011781022649860577
0.02011726118027249
-0.029678965409789572
-0.0037406717389708403
-0.009239501914142124
-0.005678628236401695
0.007860824193758054
0.006986178635101724
0.011240632682769154
0.0012541707868066188
-0.009299823038233866
0.01786547201335397
-0.020147092016336916
-0.008019339174107534
0.017740967157443242
-0.013946007757503789
0.020934907709645977
0.004342571980216509
0.007170145640723755
-0.023523404616028115
0.02466595895985549
0.02989096303711348
-0.0007663281023805209
-0.00862283396925521
-0.01668385558997273
0.02048748504631872
-0.026240515343436945
-0.015938789571783817
-0.02183225249341042
0.01130379962545381
-0.02376875378350844
0.002961510598486268
-0.02812668874441781
0.011036404652809688
-0.007394236004065621
-0.022840746210295
-0.01274962784733261
-0.014890833116246782
0.018928705085344853
0.023093048451515823
-0.029968881625073728
-0.02222068483374151
0.004722768211830125
-0.010914095975406678
0.0007954504170075496
-0.011336602283292464
0.00033398815989128805
-0.001372769357103388
-0.01689201119635498
0.011196243960713441
-0.0020827957328274013
-0.0033759629578578275
-0.02043338751382607
0.005413214153183493
-0.01777623839868721
-0.012131046452213832
-0.02505022367153914
-0.016173326459261048
0.01335218409607044
-0.008415738193363349
0.026577870886486256
0.02884357237883465
0.011075015437069784
0.025759151652487676
-0.010460204204859568
0.024869632323430105
0.02800860792250412
-0.00020193441084679492
0.0027216884575919364
0.020436019850501586
-0.016442396549634787
0.02796896253389923
-0.013584781952364674
0.002743695790853068
-0.0179078747394411
-0.005265336616939776
-0.007322351391258069
0.008901634073423918
0.02402949328006334
0.0001747908520990625
0.011453742983064674
0.005315844274674179
-0.017188271570092013
0.025859465292037205
-0.010624580406840691
0.02252589353984602
-0.008619950411354552
0.000824447631388732
0.006695719776802958
0.02753921380318535
-0.0277203019745288
0.018997542542147437
0.008311129166417401
-0.00973045377832403
-0.022452555697414653
0.01250879762251085
0.014554574857005599
-0.014991393461347743
0.023415744472597463
-0.0156966736272609
0.025178764859850447
-0.026822240076406878
0.01879803340047917
-0.001975783778344363
0.02505737499960959
-0.029534718249477544
-0.0066053537853404155
0.012707671019269104
-0.01918933736004385
-0.0049613877511208195
0.008251080260500601
-0.02427898310104766
-0.006979217606218696
-0.016936430752098643
-0.027214590217248855
-0.011422639931206399
-0.01343146163812705
0.011955212164027555
-0.014470031721607065
-0.02247926360216404
-0.018910949022784597
0.0026165746751947924
0.025006866260784827
-0.015005137483814419
0.023308054559432127
-0.02938549766714268
-0.01799000615984704
-0.027433127794821068
-0.00896969115921855
-0.027893672156945853
-0.021919235350506286
0.004006112867626019
-0.007075834150681786
0.0017598088025420414
0.006501516583244583
-0.01614902131409249
0.0004936204960775369
0.020660104357012522
-0.021030914269633355
0.02609942243186903
0.002043109381919067
0.011563747383234513
-0.013778871650149606
0.01134555821402422
0.0268572466919942
-0.0020292024336308334
0.014409531184721082
-0.010439131228122144
-0.005253729362114452
0.02409636947589025
-0.00155755915325103
-0.024672155750884203
-0.016903179172178484
0.025109102556547323
0.01854320654764146
-0.00924051283008653
-0.007236175913607031
-0.021039139110938396
0.009480188404168463
-0.01496052265758746
0.007181319167976007
-0.013338287938795702
0.016681258021339497
-0.014319280464793843
-0.0205918907304712
-0.0004068856823008088
-0.024333617423306007
0.018292647059288528
0.017724728092270166
0.00554484660625805
0.0296663205960304
0.007234499110791236
0.02618714538222376
0.018859194600951833
0.023708403100141516
0.022835858668114557
0.007163603937952276
0.011088856508421015
0.01975201327781001
0.01261481727865807
0.02692529853697878
0.005883081342852425
-0.02443109555466163
-0.010109184753752488
0.013285116990298843
0.00514443057658498
0.017037050183730272
0.02785512983367716
0.013885580698836227
-0.01496250786831901
-0.011240971543262389
-0.008834538489774477
0.00221867312702638
-0.011464716096445511
0.010472848706664109
0.026857406041162817
0.012717669200443607
-0.026262536838196453
0.001969717629158707
0.02975682075796244
0.012674200570444404
0.014025557022166034
0.001257819021091587
0.014493270769598637
-0.02328786080658632
-0.019825402880777228
-0.010921426714429066
0.021237208211552457
0.024190012753810462
0.01491880119945968
-0.028469734238376173
-0.026592102363252282
0.009933841823160358
-0.029332906183074936
0.010703998541616293
-0.023690210783534116
0.02577744767517922
-0.02324442607205371
-0.0029109963118263
-0.005073586528872045
-0.029567881154418756
0.02229562888108405
0.02996777409402083
-0.0019339936958716678
-0.024946307069688513
-0.019235317564671783
0.0011782011387081008
0.008545314952533259
0.024421650737068673
0.02027903530725088
0.020107319945871144
-0.019885316943191157
-0.004423218733968302
0.006186019715237294
0.013856070239413182
-0.013886546519208717
-0.011891294694947912
0.016906197194635833
-0.02860398275365334
0.0002659599028681757
-0.003539550863903968
0.006374082738554852
-0.024467435843125107
-0.004156479365160223
-0.02682211735587782
-0.01909495011033798
-0.007891502524309289
0.02020240742110005
0.013990265491528743
0.008490294868957492
0.027140327493622524
0.0034061754828284274
-0.012848433004333765
0.014699234809463828
0.025496023373536368
-0.009469373044812875
0.016418569451444633
0.004325719328288534
0.019326800657066413
0.008239208928043737
-0.013075433214482127
0.025367524331068612
0.020194290609229157
0.011118087932037404
-0.021528958414707255
0.012232733031770922
-0.015322396189867537
-0.02131737543865726
0.02778870286340812
-0.015701837976166026
0.011824577058512614
-0.014150879996098285
-0.006301572706706338
-0.018589861184896486
0.02820967105000831
0.008087091354842861
0.01528144613646934
0.004370963894919679
-0.00912135860172433
0.020283390402569018
-0.01701856393287733
-0.0033307449152806708
-0.008749940505553371
-0.010988778991263031
0.01636742250782342
-0.000491645691102563
-0.020617002576343184
0.028442427611204718
-0.020392450941030753
-0.01643542720209166
-0.025712031822870584
0.0045670093189495095
-0.00673610696870236
-0.025979968548554833
0.019526900137606627
0.02645428090464816
-0.028881581126882216
-0.024933965151286763
-0.029664725907361023
-0.00516934621373304
0.005018371363419712
0.01762243763642466
0.01129301490811526
-0.01981257185383699
-0.0007001387606174851
-0.009631335477034562
-0.006898006320571932
-0.023225740854917565
0.010093720172602488
-0.017911327835580502
-0.012815027524882169
-0.008171934515470686
0.027043552333206045
0.022426393656674648
0.008377662601335524
-0.005995691375438466
-0.007972056284759554
-0.026549567081952715
0.02764334157903682
0.016465358009297458
-0.012180609177263744
0.003102349338457995
0.01320842826445772
0.018662330942967924
0.002221461346277577
-0.027692392009287598
0.015266405410095232
-0.026032440263915796
0.004917296422630689
0.02000139157547163
-0.013105911865765152
0.027908615773314507
-0.0028564642502065425
-0.026060746740265442
-0.017746013642914622
-0.021657289771444634
0.02355749025535974
-0.01807607027060469
-0.011746426074901724
-0.02646703293544869
-0.01382504020851167
0.009558145111030758
0.02538355222740623
-0.005643181374473796
-0.01609568351594025
0.00418952310748618
-0.013437388389513801
-0.004630196120668995
-0.023457543000308133
-0.023722088626902
-0.02522219348627213
-0.00994850626530492
-0.004930602284061905
0.022032542104340212
0.025707682820419187
-0.0016631450627353876
0.020903831683237346
-0.007227663380788164
-0.0027901620068288835
-0.026033428764696543
0.008335512070957604
0.016383420596405032
-0.0033877568771943124
-0.005550039953218303
0.012207448119887235
0.002028138421416574
0.001928506371751501
-0.024369792461220917
0.0028017487354180665
-0.01803906099653066
0.01009688082684488
0.018554114738362423
0.013980160119577333
-0.007160568363067256
0.018659967694448082
-0.024685001615128616
-0.018353122115649975
-0.014413852532120257
0.017418961507560046
-0.009145028884094603
0.021646355535106486
0.007093563584929623
0.0015098447479943919
-0.026195452686951497
-0.02102926104065201
-0.023563033369168325
0.020272363061956282
-0.029387090813106476
0.013186717278106254
0.02740492851266227
0.004790496317723374
0.024230427049747157
-0.004878275449703408
-0.000727001426882673
-0.020117508900854505
-0.029856520772724486
-0.02092205049320775
-0.024239410488576925
0.01166949172149287
-0.003979029215517033
-0.023810666306506592
0.017413723960455957
-0.005892994276447731
0.027379827282257914
-0.017527910660555576
0.008391093283964868
-0.02572529351761605
-0.00017008460933583963
-0.028869828706647536
-0.02628585159501682
0.01429648523756663
0.004441095606847675
-0.028100627722689724
0.007921869885753503
-0.023144875336634365
0.008561748364645821
-0.01949127505922087
0.015143070957145649
0.020508480905893668
-0.014259859728101086
-0.0123884600726384
-0.024175280996848878
-0.008695513648936191
0.02566626373797981
0.017383732813300114
-0.005972406968710552
0.02202930529018033
0.022838061707640155
-0.011679815515520591
-0.006612219959763455
0.01996613631296705
0.0030588678650118814
-0.010065964912732164
0.01096374548555927
-0.019324934202502586
0.004037546451841054
0.01798760042947991
0.010152456392514587
0.027714383264754394
-0.0076474200106886984
0.010608278227440752
-0.02806628022980692
-0.02228442601195961
0.01810537795822316
0.01911726294559002
-0.0012865662325312194
-0.01944003895832238
-0.01089488361369537
0.02876118385144375
0.01615547054141265
0.016447255145620107
0.01597351439834503
0.02677358051881984
0.0041537905336380895
-0.0025231849575691155
0.009935308069372456
0.02895021302668003
-0.018710729904304876
-0.029081119301067247
0.012634359544886196
0.019543926310326407
0.019891728455114693
-0.014599051267248662
0.005357493131973319
-0.00818495810499751
0.023537923134618194
0.009352283588631292
-0.00481825224025376
-0.010392266935637995
-0.010383546611946296
-0.00458292327585539
0.017511020182675495
0.017552369212963444
-0.012306311210279516
-0.004878976653249781
0.002514490293259307
0.012923896168942683
0.004194517851588038
-0.011036215161373913
0.02353815790892725
-0.020664650952856717
0.008506171262401323
-0.019682481591317882
0.006520706898877231
-0.029478178607326624
-0.008980273576978608
-0.018958911802287648
0.026870966748936666
0.027361652988968553
-0.006924807275458359
0.00017630526907004215
-0.022180336945475422
0.012553361496692388
-0.016179722634874327
-0.006834713091099204
0.02659938486038449
-0.004641834517390385
-0.0202134357457008
0.003455457956783231
0.014902821466301293
-0.007223342418616958
0.006858784335875355
-0.00869090178957415
0.006244523296051768
0.023061523241278657
0.005806830393160413
-0.011534449772533945
-0.010629691729535453
