4.298599586383072e-05
-2.066533445828698e-05
2.143027360214205e-05
-4.920510920728925e-05
1.5708760409307786e-05
4.338617608727393e-05
-3.661925970109461e-05
3.815273291772638e-05
-4.854772857493963e-05
1.0580756574615244e-05
-2.2970757374826146e-05
3.850400266551538e-05
1.4253897610988508e-06
4.435590746990861e-05
-3.588321675027705e-05
1.9311776529032833e-05
3.29937340126495e-05
-6.9244860385742865e-06
-4.1753218542341245e-05
-3.046870715021274e-05
3.2314984925836225e-05
3.078586480080718e-05
-2.9225606812052086e-05
-1.023710814186862e-06
-9.081847891624387e-06
-4.455400530370275e-05
4.4040474359858724e-05
-4.258904368828559e-05
-4.264728080462921e-05
-2.632633948715909e-05
-1.873605783423785e-05
-3.3092533571703145e-05
9.01894155985811e-06
-4.642619104693166e-05
2.2443238048392815e-05
5.003738079788957e-06
1.0345592376349745e-05
4.42837391262341e-05
-8.563577502626197e-06
-4.5587401110722574e-05
3.090701724918755e-05
-2.6117990731145923e-05
3.26740188705713e-05
3.666061234671257e-05
-6.22735599985532e-06
-1.7597136658829558e-05
4.463693302873425e-05
1.0548612105213298e-05
4.882531944365225e-05
-2.1059390308568383e-05
-1.5950532014542875e-05
2.795726429295648e-05
1.8671998166213968e-05
1.0607318085879978e-05
3.4132978849420706e-05
-1.8726126780992548e-05
4.5077254849382275e-05
3.205667130291003e-05
-9.588531360802774e-06
-3.271222813524703e-05
1.3316195823236803e-05
9.108250854593183e-06
3.439185484140775e-05
-2.184156492854853e-05
4.701770037852442e-05
-3.123614286636362e-05
-2.4797697180962064e-05
3.7436325935425736e-05
2.1352690542713886e-05
-3.825867980443261e-05
4.920936073834203e-06
-1.2951976664245326e-05
-6.6278184866627396e-06
2.694739096880573e-05
3.468816992305205e-05
-8.728771151997072e-06
1.9030096383938637e-05
-1.0792154708003421e-06
-2.3296737663403368e-05
-2.7636983174924213e-05
2.1765447963258643e-07
8.849997113110866e-06
-2.5351670409392814e-05
2.780085109415677e-05
-2.5727120038820185e-05
2.2411079893198156e-05
-1.4978015884068222e-05
-4.915344683949302e-05
2.0020462236050984e-05
-3.635468841898103e-05
-3.5752329409510797e-06
-4.5004997482425906e-05
2.8399088102354083e-05
-3.670362217411011e-05
-2.902079016774603e-06
-2.7712652590566406e-06
-3.7172026340531375e-06
-5.947097616247031e-06
1.7808137220695604e-05
4.2679927887499416e-05
1.2736466223653232e-05
-5.4833290283821105e-06
-2.1697648620875945e-05
2.332552269261153e-05
-4.421993687181863e-05
4.1949644317085153e-05
-3.322979497431937e-05
1.5541723173767017e-05
-1.278330053741508e-05
3.897716948248128e-05
4.981712813093096e-06
-8.41878559083754e-06
4.801208950241334e-05
2.9792038815093455e-05
-1.1229591821840894e-05
2.6003721579088197e-05
3.081627812687657e-05
3.2123635957778e-05
1.7410785541497387e-05
-2.003684779036674e-05
-1.6145865068008318e-05
-2.168622703640222e-06
3.7471138796145124e-05
-2.3890578165882347e-06
4.6725637480616963e-05
-3.229427763886985e-05
-2.458379328943804e-05
-6.1937936700499826e-06
-4.5137785155581635e-05
-3.594433575382712e-05
2.9046169310132225e-05
-4.752138401791024e-05
4.62002981150336e-05
-3.7791688997818005e-05
-4.945102632034874e-05
-1.8577515777944296e-05
4.3041622289275234e-05
-4.425254441902045e-05
-2.5181456401259652e-05
-4.5446787468313015e-05
3.5344540935821844e-06
7.71661148735977e-06
2.4044540321159853e-05
-2.1187505914094962e-05
-1.0225254192473187e-05
-4.32641170024115e-05
5.316869176095417e-06
-1.1938336307728024e-05
1.903606503266795e-05
-3.102049959313714e-05
5.846688844180479e-06
-4.186999195373697e-05
-1.9530058595149092e-05
-1.3141398101485569e-05
-3.444358662252238e-05
3.5291912379562165e-05
1.537205771671511e-05
-2.968050370167038e-05
-2.9510900084186265e-05
1.785413222501146e-05
1.359296548934549e-05
3.206078514784287e-05
1.0594392921847376e-05
3.070103013287105e-05
-4.42570962867835e-05
1.6356769546191992e-07
2.062868984229467e-05
-2.7795452920693864e-05
1.923464643350814e-05
3.27160338808727e-05
-3.208742327517707e-05
4.450409715830863e-06
2.6575482285177942e-05
-3.414617527914296e-05
1.929397778760781e-05
-1.926554410865814e-05
-4.7218262322522056e-05
1.3740257364915194e-05
2.1841265076846815e-05
-1.9797180750742915e-05
-3.2473765473922786e-05
-2.9608824434300754e-05
-2.1024361316949014e-05
3.7418882843342844e-05
-1.316503864561034e-05
-1.552007286750502e-05
-4.3738879889466165e-05
-2.7536819274907354e-05
-4.787424212056521e-06
4.253713992148233e-05
-8.105309417059423e-06
-4.460101610508233e-05
4.4760366097247723e-05
-2.9005402204439612e-05
3.0566556183869493e-05
-4.4791555856626676e-05
4.525235185406955e-05
-2.5379496953045645e-05
6.936441620185444e-06
-9.127326858517604e-06
1.6013904090780597e-05
-2.6127063596514965e-05
4.359700829237112e-05
2.821700231116545e-06
-8.060513365226042e-06
3.782159725602348e-05
1.988273202709834e-05
-2.94981987832989e-05
-3.418030334360349e-05
1.815891805215485e-05
-7.956675696211348e-06
-1.4644288627581251e-05
-4.262432881455514e-05
-2.5240553743756224e-05
4.197845507149397e-05
-1.3509371339874291e-05
-9.21234825632179e-07
-8.239993274926759e-06
-6.283032139194376e-06
-3.080931472274589e-05
-4.309499789310598e-05
3.726188384369967e-05
-3.35879817887366e-05
-3.194749300217841e-05
4.267108916558635e-05
-3.396427724271644e-05
4.592894483522447e-05
-4.32176958070347e-05
2.095455125980115e-05
4.2066925690532494e-05
7.284317542685092e-06
-3.4462874554274224e-06
-3.7234397096978824e-05
-2.096509629545353e-06
3.3776925229243904e-05
-2.2530729696913322e-05
4.468713112563383e-06
-2.4532445111374623e-05
2.5626055293998108e-05
-3.6831932261900896e-05
3.881499402378183e-05
1.8199267120562038e-05
1.4298755368395462e-05
-1.8962562658485747e-05
-3.959639628525833e-05
-4.380360511969526e-05
1.803284326324417e-05
4.2373547837529534e-05
-1.703197838925211e-05
9.311128038706319e-06
1.4043599878286646e-05
-4.612177284165102e-05
-3.084770547962766e-05
9.287688521934265e-06
-2.2959041930908132e-05
2.844543358064129e-05
1.1586055788356262e-05
2.4826938705851835e-05
1.3145845327412646e-05
1.7232806668460226e-05
3.664801401539239e-05
3.6483371427981284e-05
4.8588303148020354e-05
3.712103064357384e-05
-3.3643028847643854e-05
2.2096454549827147e-05
2.23843967525131e-05
-1.0884350675834887e-05
4.969430160425304e-05
-2.19381000895042e-05
6.558516468374321e-06
-8.55763419913048e-06
3.4982510141519005e-06
2.0615774286698165e-05
-2.9214830186257126e-05
4.1095930349471634e-05
4.283373419810839e-05
3.195956926913109e-05
-1.889136979713707e-05
4.683213546660253e-05
1.7033339745917114e-05
-2.779057311001344e-05
3.390820121207155e-05
-2.237835215986689e-05
-3.2144645149765325e-06
-4.864834583672979e-05
-2.146128998224951e-05
4.7841206395499485e-05
3.334716548508458e-05
-8.221183689146997e-06
-3.384263786886342e-05
-1.1926966165015438e-05
2.6830028672549543e-05
2.5867535175381585e-05
-1.5819357698073844e-05
-4.732724380548093e-06
-1.760332566222012e-05
3.302364044617345e-05
-4.506349407180761e-05
2.179314319670694e-05
-7.172361164198339e-06
2.410377210395525e-05
-1.3071292701607408e-05
3.0289117620489684e-05
-7.622011868669068e-07
-1.3695588137992731e-05
-1.4748318667462923e-05
-1.2770073379909186e-05
3.1622034564345794e-05
9.962409819923755e-06
2.5571505704306308e-05
2.6219307661608484e-06
2.5130048765968658e-05
7.589323028567475e-06
-3.131222816852311e-06
2.7459139077697827e-06
-3.3132875086429515e-06
-2.121271362428402e-05
-2.4277682447622696e-05
1.7018525813246946e-05
5.4300340528914005e-06
-4.649454967556162e-05
-7.761952793453682e-07
3.055708082673225e-05
4.5510293476753814e-05
-4.396119210857239e-05
-3.4094940829373334e-05
-4.55025553080893e-05
-3.149071516526346e-05
3.1579450014582954e-05
1.0712544795005354e-05
1.0333524346101509e-05
-3.2503591245687904e-05
-4.291051063006924e-05
-5.098979064730037e-06
4.279794531498464e-05
-3.455056146097042e-05
-3.930222249407881e-06
-2.719847158340974e-06
5.717907082340426e-06
3.6132241516193836e-05
3.251661207729101e-05
-6.878315717835926e-06
3.4010464478119284e-05
1.3994420312848445e-05
-4.714935261833796e-05
1.591104124356089e-05
8.702191607143928e-06
2.74905498604029e-05
3.194216211338224e-05
-1.4295069700632403e-05
-4.306540629110858e-06
1.2787431631078445e-05
4.8387388498209205e-05
-1.2985172186522797e-05
2.4537239911964866e-05
4.7983430644699396e-05
3.5468431067605574e-05
-4.2166195288322754e-05
4.758433646211479e-05
8.744766156683624e-06
2.3215593116813e-06
-2.809861650868736e-05
-1.2194634134950089e-05
1.5649944343881744e-05
2.3365328392503373e-05
1.085254596373826e-05
-2.946211497809036e-05
4.6784555586525975e-05
4.041476604936287e-06
3.625140137928767e-05
-7.061210778774472e-06
-3.907409154422411e-05
1.8583750522892113e-05
-4.9677457820357145e-05
-3.150949979342838e-05
1.8366577959386147e-05
-4.9500157371607435e-05
1.0436779320363714e-06
3.4543914692199334e-05
-1.6851898913452814e-05
-1.6938016591093855e-05
-2.5942012304484752e-05
-1.7730028051896094e-05
4.948320479748372e-05
2.2644080714492722e-05
-2.911696080508405e-06
4.8921652268656535e-05
3.073295801627512e-07
3.9004772211888036e-05
1.2125114255631787e-05
-2.6383488454860883e-05
-1.8233219345143617e-05
-2.9834621288953267e-05
-1.2139650206878282e-05
-1.8581713416626146e-05
-1.630848114167962e-06
-4.350692458046155e-06
4.569615295239956e-05
2.5046339570526656e-05
-3.734551779110447e-05
2.5847456780298568e-05
-2.3333704967335303e-05
7.668074231699396e-06
4.979417806655976e-05
3.393625318376332e-05
-4.364508789843249e-05
3.2925925249652835e-05
-2.152022560653909e-06
4.585195900550711e-05
-5.820249257009139e-06
-3.304943349915324e-05
2.2754693741917238e-05
2.092965187691151e-05
3.830209941633864e-05
-3.2455318836750066e-05
4.983945912768379e-05
2.1716333091531557e-05
-1.1158588340296651e-05
2.7105763851271804e-06
3.477211663607171e-05
-4.7866054127100336e-05
3.8776931828461034e-05
1.8563127182954494e-06
2.979966464832805e-06
2.7539769857525536e-05
-3.88037289230467e-05
-3.82791488514826e-05
2.365232987922031e-05
-9.52553432940013e-06
1.656445198060647e-05
3.803605885044323e-05
9.847804287611848e-06
-2.889201676134804e-05
3.3057449627523567e-05
-4.614278984625461e-05
-2.9122364491545084e-05
-2.1756890556941e-05
-3.164149273314285e-05
2.299436504981313e-05
-2.3267128728980437e-05
1.0053361318491125e-05
-3.575497955188926e-05
-2.507084883967722e-06
-4.8309956670756605e-05
1.545171628306974e-05
-2.580017914232915e-06
2.3230447867577076e-05
-2.3883717926088978e-05
2.370440004112854e-05
-8.35416241772631e-06
1.4395074694660254e-05
-5.136416006848374e-06
2.7509657839472542e-05
3.774644722284001e-05
-4.4590448892421774e-05
3.7967704285003835e-06
-1.2504046561161787e-05
-1.5047944874967378e-07
2.844003804671614e-05
1.1094864029091498e-05
-3.1709456881808974e-05
-3.599356154965796e-05
4.705482245936013e-05
4.161073275404704e-05
3.634311592806898e-05
1.5482045664698834e-05
3.842661060435753e-05
-1.3635796501276285e-05
6.480874147972817e-06
4.3850822732799506e-05
-3.635909205459556e-05
-2.5503798568504488e-05
1.8201172351840052e-05
-8.634249545026786e-06
-2.2761717684357697e-05
2.2286018889652175e-05
9.720368670524083e-06
-1.8593552478879082e-05
7.165423047987405e-06
-2.4911415569383144e-05
2.7459264836600765e-06
2.520249946700363e-05
4.319926401712195e-05
4.331745621750934e-05
3.183082202940329e-05
2.570025471264107e-05
-4.932939390659517e-05
1.721355090159712e-05
-3.88502280848682e-05
-3.2402754082263875e-05
-4.255788976038686e-05
4.724886001915443e-05
3.865908966427454e-06
-1.0049569930155558e-05
3.0849686913084955e-06
-1.9117627273277903e-05
-3.000461453332667e-05
-1.1962562785238149e-05
-4.197260100045044e-05
-4.0325915065103603e-05
-3.475804006230232e-05
-4.6551035214519745e-05
-4.239539589121698e-05
4.825371155965296e-05
3.177326581228191e-05
3.6195713785323e-05
2.8046880678214425e-05
-3.261831478674195e-05
2.671433795089174e-05
3.3503837492438654e-05
2.881215921629213e-05
-3.0358231908640887e-05
-3.977108233042928e-05
3.805112441674e-05
1.5041450917096306e-05
3.9468975888139344e-05
1.8628781184929005e-05
3.762238050052724e-05
2.8223969975604107e-05
7.974317857776892e-06
-4.786209071029376e-05
1.2406609213107908e-05
1.310622247380644e-05
-2.3646596483415063e-05
2.672581341490743e-05
7.19137188894714e-06
3.9906016492261116e-05
4.539081353547293e-05
-1.4137618394245455e-05
-1.6218199859298808e-05
-4.517795437517439e-05
2.1639480641599526e-05
-4.635179622014277e-05
4.071647429850302e-05
2.4657531410080502e-05
-4.2259953855210064e-05
4.5676143628537904e-05
7.554456199982842e-06
-4.8609025384685715e-05
-3.222508412541113e-05
1.7627716107989184e-05
1.8740340588732232e-05
-4.661491372808591e-05
1.756360732881231e-05
-4.824541187335784e-05
-1.331652740286569e-05
4.586122288307247e-06
7.815997994985933e-06
8.469276437503005e-06
4.052985878862241e-05
-1.1561441157867995e-05
9.921037647432916e-07
-3.8032781084238607e-06
3.623393040682888e-08
-1.146849924022897e-05
1.2846281246469607e-05
-2.1503132925891967e-05
3.8508511315618614e-05
-2.812197301704288e-05
-6.938887688929416e-06
5.660395664736296e-06
8.458602969904264e-06
-2.9083364784167576e-05
7.794048021372049e-07
3.09248793807554e-05
4.143414601163455e-05
-3.76530798231869e-05
1.045311500868922e-05
4.76334044077137e-05
4.9036128228355224e-05
2.5427443273076684e-05
3.4514573481553487e-05
-1.4032862239368924e-05
-4.496219786568582e-05
-3.2474133251314376e-05
-4.311680003286013e-05
-4.2091069092007297e-05
2.965003268419672e-05
1.8912584017950324e-05
1.489405885966961e-05
2.187679748935431e-05
1.9340700195960777e-05
2.8924244938576254e-06
2.2899716193474852e-05
-3.646487891054043e-05
-1.6061269829531624e-05
-4.132324159070055e-05
4.074995109166562e-05
1.7287492416309102e-06
6.607338508750503e-07
4.36991099690067e-05
-5.412194220775213e-06
3.4447078023089316e-05
4.393054795005443e-05
1.9692394439132927e-06
-1.7156216861559644e-06
4.22153413890273e-05
3.590410539343059e-05
-1.587964182751807e-05
-3.738822878731727e-05
-4.377689756456952e-05
8.321254637148881e-06
-2.44610641575855e-05
-7.567684433091912e-06
-3.107111481011651e-05
1.1727465319772607e-05
-1.9523630901554546e-05
-5.53511325438438e-06
-4.144186110324806e-05
3.555094454878172e-05
-4.1778332114257176e-05
-2.675178472053812e-05
-4.176677660302205e-05
-1.1485913320354624e-05
-3.308646278016558e-05
4.315606429541927e-06
-1.8282836980779882e-05
3.834554369840065e-05
-5.415641587087916e-06
-6.082560149696484e-06
1.8878489521839972e-05
1.0886473620452451e-05
3.879303260345588e-06
1.3367410316856178e-05
4.9353071094349056e-05
1.8979635036074116e-05
-3.0716979536973745e-05
-2.8815130839937098e-05
3.182137414415991e-05
8.524577775755647e-06
-1.0976605264363258e-05
1.2808441873763582e-05
9.565067703133343e-06
1.0840114644761632e-05
1.9446964361709598e-05
-2.3706276375996206e-06
3.375091000576742e-05
1.5753576348965084e-05
3.536213845516653e-05
1.6432642472125103e-05
3.9620293759786445e-05
-1.5342985539660856e-05
-4.653773929889673e-05
1.6936350717643202e-06
-1.3908054279771165e-05
-3.9995949206936886e-05
-4.484767087463476e-05
-3.0081912062803353e-05
-8.100178131577699e-06
-4.7405462837204995e-05
-1.003428209636167e-05
-1.7062102435063822e-05
2.791249122902075e-05
-2.928358683822071e-05
-4.6996516444333725e-05
4.026678203006812e-05
-3.470211786032328e-05
4.264986733952053e-05
4.764718693783977e-05
-2.2376399310100238e-05
-2.0550769638350465e-05
-4.5469805520009535e-05
-5.002571981426826e-06
4.5281259159920435e-05
3.0510027686707593e-05
-3.2342418849759424e-05
-2.6062720022436627e-05
-5.999608586420138e-06
-4.4342015225080104e-05
4.6903250045035514e-05
-3.7134398755868325e-05
-4.887241270491168e-05
1.7825563939233168e-05
-2.8854842735267118e-05
4.0722341296560594e-05
3.201761904134372e-05
-3.237716013407767e-05
3.1380871933119844e-05
3.543489799050198e-05
-3.5832227204237146e-05
4.189655095658272e-07
-3.5998041898582914e-05
1.76944225673196e-05
3.8149209608245755e-05
7.983106268071838e-06
-2.7822181880121812e-05
3.011398359573456e-05
1.9278029711512866e-05
-2.518769682777584e-05
-4.8712265090748076e-05
-2.0772086194314077e-05
-1.4830247288446507e-05
-3.801659082945975e-06
-4.3611642122777015e-06
4.277739962844704e-05
-3.250552543958377e-05
3.098491404271628e-05
4.650946148941499e-05
4.589239601953209e-05
6.871223970692906e-06
3.5997014445541356e-05
-1.6085438678916698e-07
3.5079553048014896e-05
1.846412399038385e-05
4.94370956276963e-05
-1.390879233039505e-05
4.3163888412417214e-05
4.131510080987175e-05
1.4268477888761847e-05
-1.9890426007327312e-05
-1.9688335942430312e-05
4.119499364989914e-05
3.8267951301751076e-05
1.88165555262464e-06
4.729519647411585e-05
-2.854884793714818e-05
-9.69336856686933e-06
-4.283537936947665e-05
-2.8909522131047227e-05
-1.6545065479234554e-05
2.232084221157519e-05
-7.273331762491695e-06
-3.709847849853746e-05
6.1421705966913516e-06
-6.711289576381561e-06
-1.0717536005002115e-05
-4.0309446444964096e-05
3.603637443146787e-05
-1.6907356710661449e-06
3.911457586334712e-05
-3.4472672289934556e-05
-3.917984634533686e-05
2.916451981481741e-05
3.2844086163667014e-05
-2.291595589893959e-05
-1.579697329804023e-05
3.363188813354045e-05
-3.7172293453456334e-05
3.420140955901462e-05
-3.003207778591044e-05
2.955997092794718e-06
-1.8256251222937136e-05
-1.509440828774512e-05
3.1271438228120844e-06
1.657212344824129e-05
3.877273360090335e-05
2.113389434073944e-05
1.8189640201739337e-05
3.77334321834118e-05
-1.846423506571041e-05
1.8070869720300527e-05
3.712025831683296e-05
3.564037843897918e-05
4.9197443446357966e-05
1.701914644327534e-05
-7.892299861694318e-06
8.699472697509491e-07
-4.614464387856498e-05
3.870674680778267e-05
4.949285784129477e-05
3.836276823511654e-05
-4.5710644116606414e-05
1.3801003513201454e-05
3.0405466960243907e-05
1.9598398137509266e-05
3.4413706854007175e-05
1.2487608247539477e-05
-7.756580934187628e-06
-4.0436514882157984e-05
2.2065069466558936e-05
2.05934680925647e-05
4.870731005032024e-05
-1.812536920878344e-05
-4.33169872928012e-06
3.3749327661713515e-05
3.0788060977053075e-05
-3.443219957741846e-05
-4.8522685618003086e-05
4.25375617930024e-05
3.4493447546411365e-05
7.924653257220528e-06
2.3328717992621254e-06
9.175417507981142e-06
4.885338497334519e-05
-6.4886928586223595e-06
-2.3149506426698643e-05
-2.6282602151031243e-05
-3.446814376944122e-05
1.607382736073953e-05
1.5503273247421865e-05
-1.1989143142002635e-05
4.728365051182916e-05
-1.9604887452306297e-05
-3.819915350171741e-05
-4.423732917733542e-05
-6.917074625006493e-06
4.766824895165292e-06
1.703508487789676e-06
-4.866549676154025e-05
-3.797059863487697e-05
-2.0573585640505188e-05
6.04485373656566e-06
3.7891976695309834e-05
1.1119457449004342e-05
1.1923523195653042e-05
-4.975271766417814e-05
3.349639669233809e-05
-3.2846074922465954e-05
1.7799445563178994e-05
-2.3608086224161964e-05
2.8025775711676693e-05
-3.246322267366259e-05
-1.2680656390920466e-05
4.427009908456576e-05
-4.8193676571464175e-05
1.2537332560388921e-05
-4.257862584996624e-05
-1.8113666905771934e-05
-3.962676491741769e-05
-2.8380183853826555e-06
1.1770216629415806e-05
-2.3585579900373345e-05
-4.583341774778976e-05
2.9464620441947962e-05
1.318887057383633e-05
-1.4550686355439038e-05
-2.7383617037084098e-05
-4.614986330013531e-05
3.8230055639737756e-05
2.408043555259107e-05
-6.409054583322392e-06
-1.6834856567837752e-05
-1.5236848101008775e-06
-3.147147329961101e-05
8.182612221882366e-06
-2.0262915385153314e-05
-1.1665289975729298e-05
-2.551410251298939e-06
1.0394049792147397e-05
9.311059151876261e-07
-2.259749588863037e-05
-1.4216464662593532e-05
3.3099889118789494e-05
-1.8078518284246302e-05
4.6667503304080405e-05
8.72964817805614e-06
2.4809508130898353e-05
2.788387983370952e-05
-4.545040361294403e-06
-2.9463807743868244e-05
-4.842770322158084e-05
2.6554836218371237e-05
4.781193593363714e-05
1.240018555441602e-06
3.499163283107725e-05
-3.0320625054324635e-05
-3.334301535769575e-05
1.624714343779535e-05
-4.6104971102108243e-05
-4.886411998469136e-05
-4.41183423177426e-05
-6.061059470474249e-06
-2.9890912852472256e-06
-2.832096865559688e-05
1.1495814487594629e-05
3.398265324746123e-05
-4.9451085252116e-05
-1.4860033080962886e-05
-1.0459877662517284e-05
1.4106003379568283e-05
-9.541873663785274e-06
-3.969475409092357e-05
-3.889658763387786e-05
4.54729159007846e-05
1.757143175997889e-05
-2.611457122217247e-05
-3.020135085702732e-05
1.338036852671326e-05
1.8087536155798495e-05
-4.788933941881832e-05
4.831171558657529e-05
-1.4359714707221217e-05
1.8837127470524427e-05
3.464967056625161e-05
-8.809947833405333e-06
4.4634869732943624e-05
1.3918995687721147e-05
4.2039788880346113e-05
4.4372855472556e-05
1.509340649448268e-05
-4.061534330380536e-05
-4.333525243921912e-05
-4.5662626882386995e-05
-1.586730816009073e-05
3.0122392147656348e-05
3.2402486636964204e-05
-2.310937936974623e-05
-1.3403726834416438e-05
-4.6527007303281356e-05
4.9224393515884234e-05
-3.313213733091237e-06
-3.361878454376116e-05
5.505205493164357e-06
2.6945101954125183e-05
2.704325516547352e-05
1.4025569634748342e-05
-1.3655593074119922e-05
5.475080594059737e-06
-1.313428941255543e-05
-2.632172801182996e-05
-1.9600630420915522e-05
9.663330920222098e-07
-2.949206243540984e-05
1.2171040075831362e-05
-3.438263525855866e-05
2.063324034257711e-05
6.6409141727426094e-06
-2.8976730735178037e-05
2.299863423879456e-05
4.683027697932853e-05
4.631830228713985e-05
3.4300783367399364e-05
2.1095942670530767e-05
4.421843599460348e-05
-2.9259911921506033e-05
4.327054635504445e-05
-4.373351811368489e-05
-2.5859635538770168e-05
2.4444207125140598e-05
-6.621458257782432e-06
1.0763342135927843e-05
3.235771212146281e-05
2.316011998000523e-05
-2.175210455507395e-05
2.4388645977608526e-05
1.3204343650197597e-05
-4.8352437119365234e-05
-1.3444565395701037e-05
-2.7093431418913394e-05
-6.332205456600768e-06
-3.832533034589203e-05
-4.777738147227057e-05
1.4699162191061535e-05
3.273770119082578e-05
-1.8638374856875765e-05
4.7620814087731256e-05
-2.7772692981158288e-05
-3.7677829460606454e-05
2.021047384018028e-06
3.799570443344159e-05
1.4057336842698616e-05
-3.8478461972222344e-05
2.5090684383095035e-05
4.98743138908473e-05
-1.5490138334067457e-07
-3.930488809137572e-05
-4.967800312330915e-05
1.3792147493354443e-05
-4.5151240861628286e-05
2.2012817735220912e-05
-6.744171672223856e-06
4.617177385466711e-05
1.7118569185435344e-05
1.5790851666173094e-05
3.195264755123189e-05
-3.2334066712139975e-05
3.4657664019568257e-06
-4.885094658477957e-05
6.726376463141283e-06
2.231000294562855e-05
3.550322131032073e-05
5.618753337168328e-06
-5.90549385507083e-06
-8.129108231730344e-06
-2.4468385516413596e-05
3.976247664077605e-05
-2.6746587900322118e-05
-1.703281020969333e-05
3.3309002241800274e-05
-2.447083084770372e-06
-3.6171213082305154e-05
2.1717906440182762e-05
4.326437115840413e-05
2.3653988125609702e-05
-1.789489256644651e-06
7.504419838478749e-07
3.982534209659534e-05
-5.0053806872840545e-06
-4.499421898723928e-05
-4.140058117139053e-05
3.610746607484147e-05
3.0452720800639464e-05
1.662770783695773e-05
1.5267048777688602e-05
-4.471093181236839e-05
-1.2080716494191722e-05
3.78617443050055e-05
-4.099517421387774e-05
-1.0159131193861895e-05
