-0.00015569896524492068
0.00014425867633685862
0.00025470572233660056
-0.00021238095619735233
-0.0002915713327972507
4.865483350451299e-07
-0.00023119378831220429
0.0001344358336390034
-7.879974002404733e-05
-0.00021707987192786735
-8.239392429101378e-05
-0.00014018526777374355
-0.00021562470652999362
0.00026591757926265695
0.000263045616032977
0.00014472646946027038
9.087799794645323e-05
8.355913318393906e-05
-6.0644745622884044e-05
2.9228085552840757e-05
-0.0002722420132146987
-0.0002805661756868373
-0.00018447506679387232
-0.00014460406611284873
-0.00022190798304940718
3.3034585104232516e-05
0.00019933364632852753
-0.00016140033461215905
0.0001801955621614558
-0.000249417139682513
0.00021243253287147316
-0.00012901967909614555
-0.0001998459871788793
0.0002120259689840839
-0.0001958598138990442
0.00014082975750195025
0.00023398384727184063
1.2662043972587976e-05
-0.00015859895222539822
-5.478073465255129e-05
0.00015313643199191138
-0.00011478407713722471
-0.0001221591311587284
-0.00019952239998590927
9.28144875203478e-05
0.00029645767096782993
-7.726164395423056e-05
0.00019462131033966707
0.00010584994629168952
-0.00019618736551360325
4.6316237320449555e-05
-6.687126982334916e-05
-6.649234119181655e-05
-5.348961914518693e-05
-7.054602465294036e-05
-3.4004521365010594e-05
-3.6363226345855664e-05
1.8423111907607092e-05
0.00025132228972938486
5.220198265096411e-05
3.351824009746287e-05
-3.339424841115413e-05
-0.00023588751309572213
-8.429592500181315e-05
0.00014929668899375434
-0.00029265120024144056
0.00020382930757210856
0.00010384526767444764
0.00021573335326441492
-0.00023732361309084847
1.959520927021516e-06
0.00017476437758023395
0.0001890686139067777
4.12722539216435e-05
-2.0299037030431933e-05
-0.00021914433760038244
0.00020403378207950153
1.2027186184370992e-05
0.00012518444552137557
-7.028866056007013e-05
-0.00028580632355630235
-0.0001906155955636475
-0.00012170613923890775
7.197519106379337e-05
0.00027568142886039924
0.00018474238015501836
-0.00023159405790242125
-0.00018547987831333306
9.061797682562465e-05
0.0002612928398371711
-3.552970065879473e-05
-0.0001258249762061709
-0.00020229303425100447
5.6732953506623035e-05
7.060358043816864e-05
0.00013432651326159803
-1.637280954849352e-05
-0.00025798543140798406
1.2084050112814982e-05
-3.8837360315203896e-05
6.292050329293478e-05
0.00010983784260138347
9.928278634664211e-05
0.00027154095900880007
0.00028843884514810023
0.0002625510123708279
2.0092979423515635e-05
0.0001204793208583587
-0.00020743495149935405
-0.0002262485428338619
-0.00019389553364699064
8.952264232031209e-05
2.87540923900196e-05
-8.729602577629034e-06
-0.00017411418542178508
7.290695287353075e-05
-0.00028833761029486207
-0.0002881779034779197
0.00028757516589746085
-0.0002385743117275894
-9.254576751464573e-05
0.00027360695507004526
8.364008108804465e-05
0.00013852812577620522
-4.2140170721895794e-05
0.00013837493918982712
-1.345975337042058e-05
0.0002466004596264842
0.00012275473889707632
7.214735381923666e-06
-9.774179014471288e-05
-9.19597071122216e-06
-0.00024817111050782115
1.711049727110166e-05
0.00025848251526786184
-0.0001569698475998448
0.00014391989303052692
2.4444589281170394e-05
0.00020391116572500873
-0.00019908037687033718
0.0001684988589646514
-0.00025975175912617025
0.00027239759188500283
-3.938207149184421e-05
-5.785805102066682e-05
0.00028327957755181036
0.00020995735895608603
0.00029283325099811963
0.00019982614925042843
6.395580230423534e-05
0.0002636359781269363
-0.00011582587617076673
-5.2942257828644335e-05
0.00018768631199700089
0.00013808386931755137
0.0002254540795452123
6.628866333840326e-05
0.00023849110385593873
9.291321708809801e-05
0.00021140745477241622
1.5250199387778658e-05
0.00012165370160497138
2.2746857481277093e-05
0.00017531680203050452
0.00028694852519326705
0.00027426361675282883
-0.00017636709610691374
-0.0002527569480352248
0.00023843585143741613
-7.883185514263673e-05
0.00016676073630653414
0.00029580540396770115
0.00023409996233648517
-0.00019207731234502682
0.00011736738287616198
0.00012957193644708636
1.749193876047025e-05
-0.00012135394606428015
0.0001247611863074948
-0.00011015990032508453
-1.9893299698425684e-05
0.00010083197989210909
-6.210293326095709e-06
0.00012102121867327173
-0.0001568578924583167
0.0001110360216870022
-0.00018005358697403226
-0.00019537478009815415
-9.29812509170766e-05
-6.274977542572349e-06
-3.344646581473045e-05
-2.9844434544839464e-05
8.940352651685686e-05
-0.00024011970046184018
0.00022473775043673475
7.038543399378542e-05
0.00021883532695294797
9.201518481665686e-05
-7.192287572156024e-06
8.805361923017743e-05
-0.00015357294313664464
-1.3272622327345355e-05
2.294271689791752e-05
-2.249543823423241e-05
-4.045840622290373e-05
0.0002145206551647149
-0.0002825142771669712
0.0001722282445089925
-4.2728701272879896e-05
0.00025222477598202305
-0.00010214677159899288
-0.0001043059486975773
-0.00016616916190506656
-3.1094191718274405e-05
-0.00017666066135342746
-0.00014569395649274348
-0.00021612333564302697
4.700195345473554e-05
0.0002611782582875566
-0.00020552759932957523
-0.00021244659517491928
0.0002744507268414797
-0.00014262306575188363
1.0397223118222454e-05
0.00026595141044288064
-7.99199863596152e-06
-0.00010998161029593273
9.281579761821475e-05
-0.00020766114157185487
7.770556989844047e-06
0.00023082071784443972
-8.887704702295092e-05
-0.0002948298275519772
0.00013645213411520658
-0.00014269021172799067
-0.00013535117521472313
0.00012369374294691376
-1.7722767660946276e-05
-0.0002053749421254844
-4.6687880701416426e-05
-0.00027410670139607065
-0.00010056801898609806
-0.00026676264714113054
0.00012297868600623444
-4.2465228505185796e-05
-0.0002518354542701942
-0.0002873770900065858
0.00010471978600395325
0.00018979358376430426
0.00016442388788540102
0.00016404701129073214
-3.375258718329543e-05
-0.0002854313019625439
-0.00014604975699230273
0.00011191209540383656
0.0001499189821667279
-0.00028893810845736313
-0.0001435740913030781
-0.00014072294730102652
0.0002639776313310505
0.00015996825953825707
-7.316689685893743e-05
-0.0002996215482493595
-0.00014057131466398178
-0.00025566556196385346
-0.00022626852377393097
0.00014550619364148338
-0.0001448483935508103
0.00029872119802446597
0.0002450768485307572
0.00015491588319233116
4.3311002182969875e-05
-0.00020786050683011974
0.00011108549314428644
-4.921237044915505e-05
-0.00013893758265378807
-3.4125674760484225e-05
5.624445460537141e-05
0.0002244684564482368
2.0565327557473933e-05
0.00023609143855858752
-2.889740311174462e-05
4.044892369106911e-05
0.00024679903188682366
0.00019602441266196622
0.00014040561636310343
0.00024425456126463645
-0.00017006979527125587
3.844377875001921e-05
-5.680484133377433e-05
0.0001326345077949722
0.00019834626799467323
8.057126886375573e-05
8.903580551537473e-05
0.0002497744622751349
-0.00018145074315149373
-2.347394859239971e-05
-0.0002090968650529553
0.00015248806923969644
-0.00018601129106052955
0.00017479345058687474
0.0002733236762377511
0.00011865910537570107
-0.00018242841373916754
-0.00026850081089046396
7.728197487305203e-05
0.00013550609055358012
0.00024598290237417257
0.00015447022923599366
-0.0001293242295887976
0.000253823035901694
-0.00016571110019027215
8.711058114718734e-05
0.000245580466509793
-0.00022942001549282405
0.00020455757054758044
-0.0002700517981978343
-0.00011847630870896449
-5.211691978543179e-06
0.00010976656906401538
-0.00013064825963463156
-0.00026486972251391734
-1.4543783673185426e-05
0.00020624075695944082
0.00019984850528321146
0.0002274685996050823
0.00013331115009404608
0.0001673202273524357
0.00016927026122225288
0.00014687324603067457
8.189283073176888e-05
-3.366803585184541e-06
-0.00013247002808047234
-0.0001791020468736898
-0.0001464430860705052
2.1564114928700195e-05
3.808773421281285e-05
0.0002832324377330765
0.0001841533759203136
-0.0001560362471154947
-0.00018554979911309462
-8.048427025891507e-05
1.9647238031165928e-05
-8.552041333400153e-05
0.000282680941183183
3.0435892190547775e-05
6.753797687679712e-06
-5.3842399037682526e-05
0.00012904276318391862
0.0002676466973958541
0.00022444041812178336
0.00017934560181680881
-7.181369419115833e-06
8.81950898876261e-05
0.0002503123664654179
3.0942063262360034e-05
9.932111702672184e-05
0.00016702620624568868
0.00025245425749652995
-0.00016282227172286133
0.00021967626223967917
-0.00017515862434718728
5.678269234308847e-06
0.00016984561450673332
-0.00022677804441796688
0.0002012134985946461
-0.00017358487781018254
-0.00026274331879370396
-1.952501427045808e-05
0.0002438433059959014
6.39396701212507e-05
3.8135008112580554e-05
-0.00028492299315642874
-0.0002367900093658967
0.00017389761519117302
6.412425543136219e-05
-0.0002353105389225746
-3.538052741711319e-05
-0.0002592288964084497
-1.3273318849280481e-05
0.00017148589058712095
-0.00018441435598340837
-0.00010242203187329699
0.00013919136585526388
9.437127155874071e-05
-0.00013039995377144023
-0.0002547995333578174
-8.37577167570051e-05
0.00018389219096691308
-0.00022556835168362273
-0.00014254565440199583
-1.0560397828870277e-05
-0.00015147565674298598
0.0002107293659719647
-0.00022917978479214613
-0.00028685220498874574
-0.00021268646631371796
3.454319206917122e-05
0.00016782526336812437
-0.0001805868987850591
-0.0002350507647805818
0.00029787586803658154
-7.918291685865474e-05
-3.858520304421474e-05
-0.00018181023318127577
0.00011249557167748812
9.993410288477973e-05
-0.000249209484726409
3.856811741024917e-05
-3.370137579568561e-05
-0.0001947513422216936
0.00016461413274152843
-6.333892060222533e-06
-0.00015436200847687392
-0.0001209567121267582
-0.00023901811500724455
0.0002486819432817408
-5.5751035496298e-05
0.0001987415449219826
4.689740518372485e-05
-9.732628420752569e-05
0.00026335297469559524
-0.0002880273827889307
0.0002569691958352991
0.00017169694091497039
-3.131226010970935e-05
0.00018355705639447215
-0.00011606905025391694
-4.1563349181996246e-05
0.00014000040748257209
8.981179889151671e-06
-3.3422228534800695e-05
6.381078694629608e-05
-1.5785042462407002e-05
-0.0002120507608142819
-8.358439585340186e-05
0.0002230501654275616
0.00016489208721398775
-0.00018008068838594292
2.3883782448354848e-05
-8.519651044844775e-05
0.0001698146371232449
-0.00028980969615487716
0.00027405651885647504
0.0002885974859206724
-0.00013589579819794331
2.3003964822258176e-05
7.265148710414594e-05
-0.0001723814195738031
-0.00012727439557459408
0.00014871447832334132
-6.0443105209915545e-05
-0.0002596720264296673
6.184047674265801e-06
-0.00011217016826807258
0.00014637338951827212
8.457500190694686e-05
-0.00021107781022322
1.8703069807902907e-05
0.00016476292850154848
-0.00016591151734117007
0.00025439131402445913
-4.863985664044549e-06
-0.00010804760671811767
0.00013234184144339772
0.0002481390915739478
-0.000291318220338802
-9.77594625373172e-05
0.00029859520705230463
0.00023847535007688933
-0.0002162334043487721
4.85541026778233e-05
0.00018243478212195735
-0.0002334473005259862
5.442823156129014e-06
0.00016242856239384243
-0.00021213420833974167
-5.1902905219434233e-05
8.059838549884528e-05
0.00021694641112512616
-2.9677229713704094e-05
-0.0002398434433867399
-0.00029427544024762393
-0.00025937756393238314
0.00029263684036301164
0.00019381623095652878
0.00013268856445776807
0.00012048736101832614
-0.00015382260959697933
0.0002748766627915129
-0.0001949992897353066
0.0002683792554782161
-0.00017606680609620268
0.00012346085471493618
0.00021353527138013732
-1.2606548122442746e-05
6.59419810765352e-05
3.2240229892618075e-05
-2.3663440843794893e-06
-4.110820464155418e-05
0.00020049666045362347
0.0001607036179000027
-0.00016486273592388246
-0.00012212161391373698
5.0797410119465835e-06
0.000249096161012841
-0.0001669630256898867
5.864395679563679e-05
-0.00011751512362918317
0.00014955916742690243
-0.00014265752375909932
-8.063833350482538e-05
7.982767243562951e-05
-0.00017009272413832856
-0.0002887347903781709
-0.0002455157723596239
-7.465015829157874e-05
0.0001628062660699117
-0.00015564565261550758
8.831328995005932e-06
-1.0999527215974796e-06
-0.00017585154734189423
-0.00023014502497844348
-4.9899267511204816e-05
1.9673799874399354e-05
-0.00012690112487529577
-4.5478209027778e-05
0.0002720916281384437
0.00029979747166263855
-3.472848747882308e-05
-8.152728768318513e-05
0.00021688136725692408
-4.851221503681123e-05
5.559676018226218e-05
-7.560693776297058e-05
5.1227569225903435e-05
0.000274834409821239
0.00023705992812235818
0.00010988734386129418
0.00016171391601711027
-0.000224499755892204
2.4003476852138105e-05
-0.00022460341692391036
-2.762838262535878e-05
8.275547987120197e-05
0.00016698236365334505
0.00011309824716131215
-0.0002613478661083445
7.375251943320246e-05
-3.535605295500139e-05
0.00012295516381892577
0.0002850830743741187
0.00027471488003439395
9.932733533690968e-07
0.00027018252151430033
0.00010559795746271591
0.00023549212901466154
-0.00013807202467512166
1.2936629914453727e-05
0.0002598391969313944
-0.00013246963945358348
0.0001237392339612264
-5.064767007055375e-05
-0.0001453541985883768
-8.698271333777621e-07
-0.00018721409893934776
9.577470521983172e-06
0.0002339625924958389
0.00018883676274644923
-0.0001469438106197318
-0.0001537295971495202
0.00013149732488694076
-0.00014175589530856096
0.0002484416344730891
0.00016479309855569886
0.00029746109537804336
8.983252926712495e-05
9.49306372203408e-05
-0.0002937490482402158
-3.218855536769009e-05
-4.320629061418664e-05
-1.7717369017392645e-05
-4.334933002056668e-05
9.987083330460631e-05
1.5314623533104865e-05
-0.00016535868244324305
-0.00010655945467872438
4.351992552941841e-06
0.00019638712551024517
-0.000255702792478218
0.0002551060085706944
0.00025140088377073486
-0.00020535751819095833
-7.304593729360364e-05
-6.1496579226035e-05
0.00016117048847231547
-0.0002481777861765968
0.00026008114329107557
0.00010532994099014337
-7.943158403631961e-05
0.00026549344139239816
9.154118490200793e-05
1.397714627349709e-05
-0.00013430251126711763
0.00012214957378767276
-0.0001509565299501724
0.0002313265192112793
-9.622871427781421e-05
9.830650399704835e-05
1.4818489549278115e-05
-0.000156173861685423
0.0001915310354607314
-0.00011654902722604208
-5.89830424664879e-05
-0.00010571324931342614
3.295662181321225e-06
0.00011530696981353153
0.00020938933031133241
0.00027010569344420346
0.00018093092170289607
0.000263826976202135
-0.00015219806793176108
0.00027472213752646426
2.1166884109726544e-05
0.00023217933314857107
0.0001795128966812111
-0.0002841178701439073
-0.00013319084220934224
4.7591288597728545e-05
0.0002711237321204887
-0.00028874044562217165
0.00021999333166426656
0.00018696308133577026
-1.2288282178379622e-05
-0.00019957129132844163
-1.8996061539768092e-05
-0.0001562949928408528
2.5061866917205336e-05
0.00012513416245079972
-0.00022887357739096115
4.600580209996203e-05
-0.0001511887470396629
0.00019979930070891124
-0.00024806013402523636
0.00029442782835879957
0.00022299667677618424
0.00027552982838223325
0.00019985762426142896
-0.0002490799870153409
0.00020685404573018458
0.00014377733102915574
-0.00014180815857606184
-0.0001876352614191709
0.00016242414384730482
0.00010337436000429655
-0.00011553291678437856
0.0002064009527125901
-0.00025770344750141886
9.178707581663402e-05
-6.566952405205303e-05
-0.0002986742344710614
6.635493931198461e-05
2.7041970883385786e-05
0.00021594247871321366
-0.0001247146514808149
-0.00010076426941068247
-5.557260897371118e-05
9.150961852210331e-05
0.0002744343872543961
1.6645013113669195e-05
-0.00023116581615418563
-0.00015036568116038167
0.00013090191213193042
-0.00012257832883762911
0.00025524754732691497
-0.00024058855722990414
0.00022722384006002
-0.00016394645827556557
0.0001307427173117715
-0.00015588050391431807
0.0002820665602581614
-5.6181289195153105e-05
-0.000125751059134779
0.00010848361099310728
0.00025862540678820535
-8.998575062728093e-06
-0.00014765347098250918
-4.3459778523639685e-06
0.00022609378460788503
-0.00010373829581650451
9.386312228412994e-05
9.457314353957614e-05
-0.00012160067411145652
0.00014181690178525087
0.0002501023031352076
-0.00020920501442882783
4.709258939988517e-05
-0.00023732396779518284
4.922408113566221e-05
0.00026252316331801907
-2.7303823597007873e-05
-0.0002903115870528787
-3.0188384873444966e-05
0.0001607939479240337
5.953719021541202e-05
0.00016185790251729251
-7.947848410415825e-05
-0.00020316583060852158
-2.1526202781070862e-05
3.056307619840701e-05
0.00022262276825563062
0.0002038999957872059
0.0001970025721760047
0.00016773774864427244
0.00016391144362512875
2.4921641447318073e-05
-0.0001632362173934183
0.00019862503792646976
-5.0948062472920054e-05
-0.00026686768876329705
5.3944865533538935e-05
-0.00010365664697683253
0.00017876662430856412
0.00027294109551373593
0.00025596888959048767
-3.6719457865108836e-05
0.0001819427387443311
-2.051774866133286e-05
-0.0001300887351403583
5.7794983523427206e-05
0.00011183167701407561
0.0001281985651663324
0.0002485437723766492
-5.368714259319573e-05
0.00013238053651595637
-3.7544880835383234e-05
0.00018413832927722254
0.00023639407269961484
0.00015970953287511563
-0.0001431785085245657
6.549644951820072e-05
-9.878485521992147e-05
0.00012884015472651726
-0.00028966038115597523
-0.00025650810335495596
0.00028183650839355825
-0.000142716895779489
-9.784408853528027e-05
-4.7225051149449174e-05
-0.0002460210866960321
0.00016277470442934648
0.0002565279187759631
2.3887355079883895e-05
0.0001807054519706801
2.183827038777157e-05
0.00010405610167557664
-9.95704148363142e-05
0.00021429448924507882
0.00022658433273033157
-0.0001835811635806759
0.0002578422286666046
-0.0002557110179616625
-0.00023035118655167103
0.0002675149312303375
1.0975662702495835e-05
-5.433193825789414e-05
-0.00012630810240625454
0.0002442795084700746
-2.3512860130890992e-05
-8.790055752293599e-05
-2.603079285287181e-05
0.00027317364631089704
-0.00024375744200236498
0.0002424784264977717
3.692764882520837e-06
-0.00028308921376491954
-6.436017249745001e-05
-0.0002934195889761559
-0.00022735839277401214
-0.00016315078061349104
-0.00024676219062645167
0.00028775558967563834
0.0001429787864361258
1.5687167554757464e-05
0.00027837634885164835
-0.0002379675036252776
-8.269332712350046e-05
0.00023158474208847174
2.606840808506419e-06
-0.000135034321488783
0.0002369984296324631
-3.215907225872686e-05
0.00019645699031981418
-0.0002813365553205385
-0.00028848969366022936
-0.00029384479356276365
-0.00023130505499929004
-0.00011368755288195751
-0.0002549261587548357
8.481151779192979e-05
-0.00013454457435383088
0.00022474918464536047
8.760329344415093e-06
1.8297510139746653e-05
2.0384226964719886e-05
0.00017472240164964717
-0.00013695830526613565
-0.00017413053648439723
8.132557445079264e-05
6.344825576134631e-05
6.456425439501024e-05
0.0001067885085680416
8.836156779570863e-05
6.915303860461822e-05
0.0002043417058026292
-0.00015401168384645203
0.0001685962727375632
0.00010776212121483072
-0.0002009293928215629
-0.00014859583604161537
0.00021579352017121793
-7.012554662411575e-05
0.00014329800178114759
3.6511697880742104e-05
0.00013864097720117533
3.2992864099670586e-05
-0.0002859572916964826
-0.00020631189442786569
4.5118935051395007e-05
-0.000210201424060007
-0.0002930793549453739
0.00022487646681406634
-2.845763086802266e-05
0.0001226365504044922
-0.000288965186134658
0.0001522551896768284
-0.0002973164704851775
8.86267689644787e-05
-0.00015752855737452087
-6.28873169759029e-05
-0.00013975973689009586
0.00029358924244757035
0.00011531766730807998
-0.00012340660555751142
0.00022367615779810213
1.3689565339064459e-05
-0.0001998716517285129
-0.00025688206917758434
-6.318807717588078e-05
0.00013002930484590583
-0.00014526242978309277
-5.192911485978275e-05
-0.00012894237739073712
-0.000157017957661032
6.588533373333373e-06
-0.00019698118296213946
-5.302027096987976e-05
-0.00014939983796720207
0.00010161407939939996
0.0001680150105825448
0.0002359583686789109
0.0002254783022668135
0.00028772643186648737
-0.0001685150025297609
0.00010386114379326951
-4.602244935487677e-05
3.259001688666192e-05
0.0002506159112695186
0.00012458878980036944
0.00024255847795467159
0.00024767154949980463
5.250272293292035e-05
0.0001669224459416514
-0.00016587216501412022
-0.00017439709137406905
0.0002662007241581549
-5.054163477022659e-05
-3.169516097470068e-06
9.085919913287235e-05
-1.2032842220398657e-05
-0.000113408263534942
-0.0002123234224365265
7.035692304015612e-05
-0.00010481711667274788
-0.00029222576226453856
-0.00020712011378117836
-1.780835300748128e-05
0.0002540985019193578
-0.00027243521243373316
0.00023502252969377304
-0.00014502054796748139
-1.5828663656863255e-05
0.00023189207782250352
-0.00016608726795987714
0.00029812023116097683
7.741253374818054e-06
-0.00016005735343585517
-0.00014926137471549838
0.00019955409220692987
-5.708884067855266e-05
0.00023772860280552342
-0.00021806666711526954
-0.00020676163252077807
0.000108563193109984
-9.988094874477065e-05
-8.363641302452132e-05
6.368938586517187e-05
0.0002673061746569948
-0.0001839131152597295
9.62755819172191e-06
-8.826953706556187e-05
-8.613794532395854e-05
-6.705493780903725e-05
1.3683755738663934e-05
0.0001321409986227357
0.00015241559568673175
9.811854420391095e-05
0.00026760479506792047
7.956195327113804e-05
9.389532686097512e-05
-0.0001955288775325547
0.00023620739914453226
-8.714358218442526e-05
-5.4131387660755073e-05
-9.344161439885483e-05
-0.00014916432890349615
0.0001660549768015949
-5.5553366040315424e-05
-0.00021333171746855585
-3.5712236947853075e-06
-0.00012226185552281543
0.00016482296712979624
-1.9908130073296982e-05
-0.00016600527010161538
-0.00016714619383287696
7.165700747529088e-05
-0.00028581841417306815
-4.374491748883731e-05
0.00011800087287123113
1.2143571241863974e-05
0.00018826637953481962
-2.6494779935447885e-05
-3.2576506889164304e-06
-5.168937189585374e-05
0.0002677730054211867
4.523766686467687e-05
-0.0001974585864382034
-0.00014816978861324556
-2.738491561736419e-05
0.00029354598962741705
-3.0013282762477724e-05
0.00012540491466821424
2.6865429484333454e-05
-0.00015121588771784545
0.00011937636668077101
-5.972971424124163e-05
-0.00016895473412740526
-0.00012670151786785757
0.0001817039846273365
0.00013369548499987406
-0.0002528523604302136
8.175561362584635e-05
0.00028030475829012334
-0.00022419947218216724
0.00012625074449657957
0.0001673057648802882
0.00014791127753813432
-2.99648125595722e-05
-5.6123756149624215e-05
-0.00018352843789627726
0.0001494647566360776
-7.021836088241785e-06
0.00024865320181748936
-0.0001781877985783681
-0.00012664896114588124
3.0535190644220074e-05
3.823472610999369e-05
-0.00018873532291032255
-6.20093763780738e-05
0.00010352189028232619
-5.604820815120328e-05
-0.00017615863717168617
0.0002606154097267983
-0.00019313130976866103
-2.3356330035793438e-05
-0.0002844544252205571
0.00023445980827208616
7.2929783333955216e-06
0.00019337092786804558
-1.6958001741151896e-05
4.929201653813142e-05
-6.241473612237641e-05
6.358071921302067e-06
0.00010944067277781971
0.0002863861520678098
-0.00010728224950201762
-7.080318988352612e-05
3.3620755593733896e-05
0.0002510240706554686
1.3737001526532367e-05
