-3.512709105664191e-05
0.0002225384469682397
-6.060530242258972e-05
-0.00021978473114736064
-2.6652744030463327e-05
-0.000224031155843246
-0.00023823000864223499
0.00024084359902523347
-0.00023504597024919983
-0.00021964571552883066
0.00017242616987663087
-0.0002757777692634853
-0.00010888290315401271
0.00015953498742643984
-6.749759187421443e-05
-0.0001199246133599455
-0.00022656606087109108
0.00022384275405049997
-8.228493359668392e-05
-8.480798633998346e-05
-0.0002539511022192648
-0.0002384377640370082
4.619468701207304e-05
-0.0002206116167805072
-6.147094525110216e-05
7.405624105130887e-05
1.3315756403893043e-05
0.00019534479365851068
0.0002737885926727603
0.00014015292870647733
-0.00014830507244821504
-0.00015320197516056428
0.0002538249541753716
-0.00024646036039927097
-6.202240730422665e-05
0.0002880112376572721
-0.00013136503715662658
-0.0001595590983945344
-0.00014381805645921562
0.0002464379730507612
0.0002581605868584512
0.00018456902467299307
-4.295335543642989e-05
-0.0002244841819744232
-3.3104674895230684e-05
0.00013454775321967825
0.0002825818977316758
-0.00014352495727597528
-0.000284271002183689
-0.00018862982412666058
0.00018523360575630832
0.00029672622460121385
-0.00019462106311592055
0.000196060076340595
-0.00017262390776108243
-8.133188005347592e-05
4.185514732005658e-05
-0.00024921443985071357
-0.0002540303112566868
0.00024383098135920197
0.0002242051828953647
0.00017291873651940437
-0.00011302544140404341
0.0002933245149384335
-0.00016444434427534199
0.00026689590081660047
2.0559830048520983e-06
4.231813514874469e-05
7.1480291411327645e-06
-1.8305329535943436e-05
-0.000131518616819943
5.258312383633971e-05
-4.459082112456218e-06
0.00012475681699689354
-0.00027371119102936203
-0.0002201968795387459
-0.00027181591649648543
3.4194573153942416e-05
0.00015259292817754216
0.0002387556576236456
0.0002554069801211603
0.00019472054356812146
-5.389836134587903e-06
0.00024273890657464
2.536942968353167e-05
0.0002817936746648448
0.00012941111565299837
0.0001559093291307993
-0.00014454372827912542
-4.16548557677104e-05
-0.0001453530923801216
-3.320791044471365e-05
0.00025139180502927713
-0.0001203661121932336
-0.0001462152230218812
-0.00010168923399069094
0.00021491420529454658
-0.00013829873199748256
2.6946087362512755e-05
0.00016113039963000487
-0.0001321049225005433
-6.829124463445077e-05
0.00010982913143055717
0.00025564584827569376
0.00014768277678662244
-0.0002081032634974552
-0.0001084326746041244
-0.00023441050094265623
4.5346504044902316e-05
0.00024749254840372004
-7.575059601315181e-05
0.00013106647988390512
-0.0002485138963860794
0.0002805612581814572
-3.071688325729155e-05
0.00026674595546292377
-0.0001784324015038727
-0.00022972337872248467
0.00026340478135970655
-9.222783435797779e-05
-3.877478338417469e-05
-0.00026294140712697513
0.00011138381419901756
-5.7023837089564805e-05
-0.0001761049275382343
0.0001178825768164127
-3.386999777711783e-05
-0.00010784809471011718
-6.784515208923929e-05
0.00010310798538989242
0.0001204224394097663
0.00013650795337164016
0.0002464304694276607
-0.00015443956424481515
-0.0001427820367198704
0.0001068302619171127
-0.00025516207593827446
-0.0002332887830200719
0.00011161323989555453
0.0002698463242831589
-0.00018067771768117194
0.00028039848124769936
0.00010162512724701603
-0.0001964241963473486
6.301956127668137e-05
-0.00014014968514352517
0.00022260704201289093
0.00026690599262883986
-9.500950221761253e-05
-0.00020430520946959418
-1.973271819120443e-05
-2.4547996320938438e-05
6.594357061074719e-05
0.00025864297082799325
0.00029586857381646263
0.00014263758057921994
8.81269529618751e-05
-0.00014676663871400887
0.00017280417699085522
6.66182994897344e-05
-0.0002620905466433111
0.0002523833186710075
0.00020166876138568189
7.008096705353646e-05
-8.833926251541858e-05
-0.0001057604241236656
-0.0001809575867734802
-0.0002438517475740156
0.0002021848675541887
-0.00020410156081335058
-0.00014132363292318804
0.00015567708281320297
-9.773203702156697e-05
0.00013250003745078273
-0.0002437930040928282
9.372784172884921e-05
0.00022342701846568813
0.0002742436886919053
0.00019000417370170836
-1.661424003777018e-05
-0.00022762042696238628
-0.00017927349739008184
-0.0002749021887500096
0.0001546692641198388
6.448545770903341e-05
0.00019649698486932753
8.221132443861833e-05
-0.0001555715224218463
-0.0001532229523164606
1.4052779510958461e-05
8.632216403890952e-05
0.00020202368202732937
-0.00024991366343658094
-0.000137387230630332
-1.6348654678695655e-05
-0.00019231351212844352
2.7430265947292346e-05
9.361886667544155e-05
9.98255190043916e-05
0.00025221302020501235
8.940335855450732e-05
-0.00014917883015364429
6.559394687050932e-05
-0.00022763460743774198
5.49762720742932e-05
0.00012168187416616681
-0.00012693294889736442
-0.00023088109243599313
-0.00015067871210791767
-0.00019491927480048184
-0.00017632890948522846
0.00010658217584084582
-0.00026541346948662665
5.170194448201687e-05
-0.00014217401324936722
0.00020979430225668546
0.00028184541275855143
-0.0002544439025555361
8.727964162648469e-05
-1.8168298446067386e-06
-6.846894257777443e-06
9.351837932343769e-05
0.00011996874598538786
-0.00020396895933352344
-0.00014091265753086118
-0.00025317638605888666
-5.431107710950761e-05
0.00012013739916563282
0.0002102027078008162
-0.00025915230417717516
-0.0001657917543297166
0.00017369196138349393
-0.000295432151639053
-7.181443994116102e-05
7.179082000893403e-05
0.00015433100315295268
-0.0002983709475490155
0.0001622751667973565
0.00015041466702870568
-0.0002572115084326639
0.00010618925371598542
0.00018103086783625283
7.30849922341598e-05
0.0002882784542921943
3.678130894395245e-05
4.5223072527585985e-05
-5.7798742205345406e-05
0.00027769235421104007
-6.499077355737445e-05
0.00010779819055158936
0.00014381109040336327
-0.0001975793613766051
-0.0002811811682242168
0.00017004206345317942
7.892037477784977e-05
-0.00010475480242373199
-0.0002109839860871789
0.00016366176211244385
9.013633569158108e-05
0.0002836871196647719
-3.0124632375170266e-05
-0.00012865592579897365
0.00025466963502197225
0.00011299852378810236
0.00018255447702321647
-6.154100534557899e-05
-0.00011203331746905125
0.00017362757424713713
0.00019405636264127922
-0.00026267795222143983
1.8362145557322988e-06
8.456712594374813e-05
-0.00014485029041325166
-0.00013996533577641186
0.00019560593624830437
-9.15504807060957e-05
-8.530268398801097e-06
0.0002896377344345909
0.0002256921018507102
-0.0002014962974319734
-9.812777809177777e-05
-0.00011404685056043708
0.00012467332013240318
-0.00016250201793149865
-0.00028823664048545843
0.00023863572875592562
0.00015209671627957092
-2.5759442287188246e-05
0.00016492400942730848
-0.00023806092913056375
0.00020291787907358963
0.00014193714118688756
-0.00010752488648250604
0.0001396318314400972
0.00026079196476060167
0.0001221680628344543
-0.00019674058234642942
-0.00023630889415908495
0.00015994971223967885
-0.0001288754131627966
2.2265168616763663e-05
0.000268098989165662
-6.211167635557504e-05
-0.0002691193994745136
-8.732130596308325e-05
-0.00025208882984592725
3.529222391118671e-05
3.735847083883041e-05
0.0001798617792637178
0.00016421389082722201
-5.529898771496625e-05
2.8889403809517007e-05
0.00013045316540741812
-0.00018916937071106242
-4.73231618818637e-05
-0.00012306954627851278
0.0001280479635944094
-7.896869708844703e-05
0.00010671782330292642
0.0002469123103985558
8.345419899686733e-05
0.0002336984832500588
6.253188353644144e-05
-0.00010455149821860885
0.0001916898405400072
0.00012610875780978275
9.883476351489173e-05
-3.4290488308871933e-06
0.00020381312647726888
0.00023665243803386646
-1.2246679562133282e-05
-3.962412192768083e-05
-0.00028022384206266945
0.00017344161141610013
0.000278016569003309
-0.00017492087313684433
0.0002408958070676366
4.5894722171629346e-05
-0.00022976270847713357
0.0002869718852726017
0.00016743026738341336
-0.0002277109320009401
-0.0002933359259897088
-0.0002042979561422443
-0.00019796536000758235
0.00010465799969438329
-0.00013634860475099356
0.0002524653984563716
2.060411522309015e-05
2.2789956825598192e-05
-0.0001933448768517212
0.00016634283061821368
-2.595976608472814e-05
-0.00024842567375813303
-4.985802558748619e-06
6.932559793691246e-05
-3.888099003154788e-05
0.00014099610617870586
0.00014269837363544699
-0.0001453746647854638
-1.0026741300480095e-06
1.1282677391675946e-05
-0.0002843686373305415
-0.00010079359026565212
4.080729853590446e-05
-0.00017002806514703286
-0.00015358627100616994
0.0002969604520012041
-0.00019664088948295267
0.00011072176924350796
-0.00023886313521661023
0.00026266173658525245
-0.00019977352880219408
6.393430504252512e-05
-0.00024463774188289336
-0.0002983018023555856
-0.00024070777420313137
-0.00011262985691572582
0.00024847357006028866
0.00014417643368482512
8.221066046090552e-05
8.242815208030576e-06
2.0248831224378174e-05
3.483274114030369e-05
-6.220482423850062e-05
3.188908003979972e-05
-0.00022312384922077496
7.71871529142739e-05
0.0001362751020183862
-7.600345965060742e-05
0.00014455738821684535
-0.00028344448663546656
0.00020783218149415258
-0.0002228801250732423
0.00021258095860947557
0.00025585220044305066
0.000234737818728286
-0.0002678540098685405
0.00027719624736990864
0.00012248445916904585
1.2686525576850467e-05
-0.00015619271488132526
7.892008030517848e-05
-0.00025794749268566154
0.00018165418960546686
0.00010572050052764609
-0.00020524429120958378
9.639226459001564e-05
-9.016269299451471e-05
-8.025847849071099e-05
5.155696773732687e-05
3.590672070698665e-05
-0.00024410032151296152
-0.00013859866364237934
-6.144478489982099e-05
-0.0001990620625418467
-0.0002540218725265957
0.0002406376628859256
0.00022601061936520242
0.0001554071065827232
-0.00020786329603865537
0.00020209802150292542
7.344277954311317e-05
0.00020957044255372448
6.453096836407039e-05
-0.00012733838302698188
-0.0002797906263676012
0.0002075271412358128
0.00015809135693089967
-0.00029294321337945727
0.0002927331694236121
0.0002407098069490431
0.00028846572128121115
-3.324827444935223e-05
-0.00020778121362037566
0.00023757617705380394
-5.819590643371263e-05
7.980629618270968e-05
0.00028563130389215775
-7.0195678449875925e-06
2.160651529431901e-05
-0.00022172888757984068
-0.000262268489920556
-0.00018937760303331145
0.00017301738293565186
0.00021637189035650042
-6.567873349854695e-06
0.0002928746967851076
0.00017235189223256702
0.00012164182651573598
-4.38359147078116e-05
7.156638658546325e-05
-0.000264637944881979
-0.00017817156182867633
-0.00014870496114355436
-0.00027615550407119737
0.0001610080611382986
-8.540350355156723e-05
-3.169596950595711e-05
-0.00013976429097632538
-7.074760677457117e-05
0.00025415079798616925
-0.0002217998379925794
-5.856663003196518e-05
8.625639695186872e-05
-0.00020523923801602043
0.00016727274159420932
-0.0001020357968724381
0.0002531781545708198
0.0002728070442816843
-2.8658588565906118e-05
-0.0002613450904559408
-0.0002301553112959061
-9.207014596154648e-05
5.8178754678528096e-06
-0.0002262269690780788
0.00022329139127532375
0.0001849885095045524
-4.53711833705832e-05
0.00023724908851389313
-0.00011804266930085747
-9.701612467540735e-05
-0.00023209428780421228
0.00017949104832340636
0.00028999147193668127
0.00014547528143832588
-0.00029735903483816726
0.00014287807872393854
-0.0001494387701575974
-0.0002090929491422113
0.0002612949819777041
-0.0001412666363407572
2.6051387321335132e-05
-0.00016324393192264667
9.8438398739038e-05
-0.0001989739707762167
0.00015861124028067087
7.150635700354575e-05
-3.214618103539689e-05
0.00026660474151803023
-0.00016058785229618376
-8.630176684802277e-05
-0.0001725834754205896
-2.0554775924758195e-05
5.561119721617932e-05
-7.65637246652711e-05
0.0002830720593785231
0.0002110487313603838
0.0001901757876265927
0.00022907688244476286
-0.00012864838499932442
0.0002831943380644701
-0.00021506111691199778
-5.5586929895902134e-05
0.00028332915005016877
-5.6829158850910826e-05
-0.0002131321128618914
0.0002560881342106122
7.3607571155024916e-06
0.00011333066052624506
-3.289280221748821e-05
4.4776569144817815e-05
-0.0002173513860921305
-3.895850166882309e-05
6.542187972329602e-06
0.0002062449177055331
-8.188925431809561e-05
5.1119254436727244e-05
0.00026620765923497696
-0.0002987464136120495
0.00022711951334665497
-0.0002832978111429241
-0.00020502650439537163
-0.00029129076492080984
4.2752915067251587e-05
-7.416594536465855e-05
0.00017893841174344567
9.744306500562735e-05
0.00020594764799609244
-2.5572008135421663e-05
0.00017836668246219126
-0.00017583643611554232
7.246936143419212e-05
-0.0002483702348444304
-0.0002095013850256579
0.0002897393079360732
1.439513726054077e-05
0.00025600371344502933
0.00028393670238918294
1.2662704417466125e-05
8.152315018931049e-05
-0.00014374242099808048
-0.0002864630056559525
7.529867530369264e-05
0.00020421225485728166
0.00015803814220562672
-0.0001780686076614615
-0.00014660833562288864
0.00023482272458014408
0.00012595547983607395
1.989121052180942e-05
0.00019179643802125988
-9.444576136121514e-05
-0.00026207883049045284
-5.383104898524024e-05
0.00011116820230342095
0.0002894873829961118
-0.00016282716377627975
0.0001829558261590859
0.0002956689733404516
-1.743419221625803e-05
0.00012953978135964416
-0.00021215899379523854
0.0001959189471095316
0.00018504586179424285
0.00027467371081674614
5.179480895894868e-05
0.00018039180863310412
0.00026811794990987955
-6.371878630128877e-05
2.780864002737153e-05
-3.146946540496289e-05
2.6942959709128208e-05
-8.990049438180377e-05
-5.5654881762710786e-05
0.00012393786737059312
8.326093868838119e-05
0.00013077892997913213
0.00028997162608321243
-0.00023355000108818584
0.0002828963259156265
0.0002101833697620026
0.00013660467518239542
-0.0002336541022869744
-0.00020707539284658778
3.711492618058761e-05
-0.00021389074957040303
-0.00018380808435293941
6.45608445173667e-05
0.0002454141128205469
4.605009295724331e-05
1.1941867097160362e-06
0.0002841053858749091
-0.00025247121482040576
-0.0002740979191026171
0.0001895622509892069
-0.00028059194281128283
0.0002450164329524025
0.00016428423775766187
-0.0002366024667134947
-0.000292932553894253
-0.00011329013249944546
-0.00021979147812378126
0.00015811433295629757
5.3745830834534805e-05
-0.0002567107890165102
0.0002833899207995455
1.3566450208175494e-05
2.8786906299256446e-05
0.00010882801553947324
6.679284447580833e-05
7.705800565405233e-05
0.0002592612983565462
0.00012827382465581882
-0.00014903276786686393
-0.00029914285278386535
0.00019593319161594096
-0.00013484354719799993
-7.926009247856747e-05
-2.6896158697415663e-05
-0.0002806645532254384
-0.0002357028467815056
-9.255555517353843e-05
2.1975117949821113e-05
0.00025880733020726567
0.00010552775815005636
-0.00014507963813317821
0.00011127925681456792
-0.00029850966240431366
0.0002726159074989679
7.671920125315482e-05
0.00014993524524073632
2.9803073596701716e-05
-0.00025519660907366337
9.777213101898119e-05
-0.0001479365557128005
-9.880913569884154e-05
-0.00015291913145252744
5.205746094305791e-06
-0.00023038284677751104
-0.00029778712636719
0.00012366274235306235
-0.0001260995064899458
-0.00024814288637183305
-0.0001623110437054363
-0.00028614857031036855
-0.00014346615351732434
0.0002941004395864524
-7.690222373705954e-05
-0.00029341208119865593
0.00029609976892379326
-0.00019539533296129155
-7.504370817568517e-05
-0.0001997209383508777
-0.00019542653219397992
-4.5083198441463635e-05
0.00023384106823439197
-0.0001035037786008795
0.00022450286230726808
0.0001878611203026604
-0.00023656605298972314
0.0001972534972448841
0.00012097726820385488
-9.236955540277783e-05
0.00014625698338692884
0.00029790086807118186
0.00029879288719172106
1.2711607346035329e-05
-0.0002058986868119206
-0.0002480864958132628
0.00029069011992447733
-0.0002908616655465072
-6.462852596653666e-05
-2.6439183008561656e-05
-0.00019969039511849888
-0.00013087684527737935
-0.00013212768990819058
-0.000242017762028725
-2.1110635869162574e-05
5.869708635835978e-05
-8.296999086703074e-05
0.00017074371227729872
6.6663614426376e-05
-0.00010003991195540289
0.00012091240578590963
0.0002460611171540515
-0.00017734878714424122
-0.00021148959658471596
3.27774101252873e-05
0.00024971347163867515
-0.00020858909237754733
-0.00027851176608328503
0.0002473004378219411
0.00014409083575077575
0.0002752910228233829
-8.802056023057909e-05
-0.0002111100651561348
0.00020151876251829035
2.5350715477702305e-05
-0.0001539565872943359
0.00027693698171906957
-6.963703144734681e-05
0.00020949666681332465
-2.8898222243416074e-05
-4.5395991161080614e-05
0.00018562829550401597
-6.821104099753066e-05
-0.0002468757399193837
4.39130996386583e-05
3.451854012501935e-05
0.0002625068742148845
8.580353092940875e-05
0.00028793245912089085
0.00024267095132754745
8.819378265619883e-05
0.0002587987003204762
-0.00023231839996606571
0.00016052206886138845
-0.00026131759489559145
-0.00021623096661413095
-3.055243876658089e-05
3.346838717218167e-05
0.00010430275645688191
-0.00021223403374763988
-0.00020940008628755546
-0.00010683245383075486
0.0002460661808040213
0.00017880214935199061
0.00012561183278199026
-0.00028886650667847634
5.472120218909558e-05
0.0001473349264314654
-0.0002477373199133797
-9.184360172456252e-05
-5.055153518518233e-05
0.00026335086347865374
-9.11718733615531e-05
9.662848108639806e-05
-0.00016951179981366867
-5.0951396328166826e-05
0.0002808975276669819
8.373390395608599e-05
0.00017431379872385403
-6.149988696353703e-05
-0.00016287542692076793
0.00017479547643988851
-7.194332421770367e-06
0.0002480695775937297
9.375065180920056e-05
-0.00019179433363684882
6.658645955520058e-05
4.318410468200811e-05
4.141316374034465e-05
-0.0002404175160008416
-0.00027496790775952633
-0.00019492887500027767
-8.211263799553909e-05
-0.0002480520953415103
-0.00017674450097383222
0.0001480726626472066
-0.00011805383028187319
0.0002933182782690851
2.4667613007321417e-05
-0.000183695202334597
-7.219026670409118e-05
0.00015754402080606804
6.334935943412573e-05
0.00028696248167651175
0.00017590238468022276
-8.580139497400997e-05
-0.00011926396684272409
-0.00020252924141357924
0.00011157419325499298
0.0001166723732165486
-0.0001590926936035959
3.0185404493645294e-05
0.00027887763283352464
0.0001394489345997429
0.0002671719120750351
0.0002598592926037943
0.00020010327713751176
-0.00019038159738714956
0.00029992191996540315
0.00013028482424648252
0.00015519793526611936
3.516254894614341e-05
9.632064276345775e-05
0.00016509586051687908
-0.0002785176851745046
-0.00013778144129269625
6.409503165588501e-05
0.0001971735010932798
-0.00020433776674676812
5.746930660043416e-05
-9.876464719600766e-05
-0.0002810613007882311
-0.0002723352961598071
7.493891177558866e-05
8.929999761386227e-05
-5.174118286579375e-05
6.67717605393635e-05
-0.00023529774528823643
0.0002640461966498295
0.00014252896260791016
6.257481092512612e-05
0.00014056397807766906
-0.00013019944764136175
0.0001575557632780692
-0.0002943941603948448
-7.527284293779935e-05
0.00013043231162312464
5.522628639776728e-07
-0.0002215621647710146
8.703060184217287e-05
-6.745242689462709e-05
0.00014447644699000744
0.00014030546771446906
-0.0001809974794049312
-0.00020027722511443264
0.00017694417489279594
5.082294117162616e-05
6.908273032161074e-05
-6.271761256957685e-05
2.840235449394821e-05
0.00010038666620474453
-6.155574329706913e-05
5.5302887261459094e-05
-0.0001396679669293956
-0.00010787051248637043
-0.0002949977519059516
0.00022550319252999065
-5.083663830060542e-05
8.80237780076113e-05
-0.0002834623819934271
0.00013061070890589278
-9.748480023807367e-05
-9.42190468497091e-05
7.088135865838377e-05
0.00021086293420992077
0.00013598670416180379
-3.602745566767487e-05
-4.840336137266652e-05
0.0002403832100534396
-0.00015763675733673012
-0.0001505124480970376
-0.00011366702664544076
-6.429706038509528e-05
0.00019876802311937658
0.00012789936132581226
-9.273971777502626e-05
-0.00019564114030352122
-0.00012700848149615907
2.4325824520454687e-05
-3.099476110959674e-05
-0.00027812333980724833
-6.989624297529847e-05
0.00017452999182910803
-0.00012293782675997742
-0.00013374577793411033
-0.0001787218622922708
0.0002784653771370586
0.00012008588653802802
-0.00015696554311514285
-6.708637547440355e-05
-0.00021818853910161293
-9.160463177838605e-05
9.835687024838954e-05
-6.412660881288033e-05
-0.00021555765676157607
-0.00015691740705976056
-2.935327834921182e-06
0.0002788645848659232
0.00017087016588979663
-0.00016840882880018323
-0.0002640748482876602
6.459033582433167e-05
-0.00010030222504817292
0.00021462111167122475
-0.00028852839629095787
0.00026869033970724007
0.00018409315860366587
0.00013382335007192418
-0.00014560730935331276
0.00025855277998820494
0.00014411020572845177
-0.0002986165171559736
0.000153876821416989
2.009608342505814e-05
0.0001307651904540922
9.460076717032897e-05
0.0001551818832550847
-0.00024831005930623165
0.00020501356788383754
-9.023751607221657e-05
-9.77870370615203e-05
-0.00011182322072630758
-0.00023689015040517146
-0.00012848626052337374
-6.714248929104417e-05
-0.00020574383866895155
-6.138494752403381e-05
0.00019059502684408918
0.00019588307917159554
-0.0002771745809547776
0.00024437259058597067
-0.00016974336880189113
-0.00026428260209044707
0.00027296331990127304
0.000210414013726412
0.00023635089337539355
-0.0001778661200464931
-1.3949461054913782e-05
-7.894992582217701e-05
0.00020980926963284186
0.00016687930431219755
-0.00016628976727426219
2.1756399221144803e-05
-7.344066369281268e-05
0.00021686771123172974
6.811414865727836e-05
-0.00022466569554301476
4.305648928350334e-05
-0.0002615117647239066
9.078266032776396e-05
-5.623533945411905e-05
-0.00017285172390271958
0.00023473008763272768
0.00023255027101438274
0.000285281284265413
-0.000187094905015073
-0.00025891412580830866
-0.0001263239556431513
-0.00012972147824318723
9.040051546137554e-05
-0.0002891784165851693
-0.00012762399261053066
0.00014605424097431018
0.0001035659857287629
8.789633099266038e-05
-0.00029239552556357203
0.00015670611910478663
-0.0002402525376176526
-0.0001899790575593795
-0.0001310216240177716
-7.536615962992028e-05
0.0001272768504218535
0.00026364587695026025
-8.033599309211631e-05
0.0002500585812319738
-5.903547926490235e-05
0.00022392165621854318
-5.0992063263620554e-05
0.00015725877919434063
0.0002355997715751547
-3.804774452260528e-05
0.0002933517860231345
0.00021223891743405956
0.0001499496241683184
0.0001796467369088355
-0.00013615100938417783
-0.0001696515814272874
0.0002811760780769308
2.4913712533169616e-05
0.00020294827164662354
-0.00028019699748414885
9.499767783208168e-05
-1.0133102655257022e-05
-0.00019015321183146682
-0.000134526517697176
-0.00010677954861399897
6.073673106955942e-05
-0.00015305637116852814
0.00016466292507115611
-0.0001408336498575901
0.00017368719663968636
0.00010519203297291573
2.3238002198918046e-05
0.00023956209892676714
-0.00021364351348681943
8.482756803052886e-05
-5.224518325306748e-05
0.0002096779298562497
-0.0002189286532034611
4.3499383027535156e-05
-0.00016836149322044431
0.00015305443469792302
-0.00011568299776765187
-0.0001762152732027933
0.0002266203067579948
0.00019644067777507146
