-7.089306873709616e-05
-0.0002124368431377138
-0.00018656545505359526
-9.565597570863524e-05
-0.00010372686535350871
0.00029264599395030494
9.25891786389307e-05
-0.00021491728663449228
9.134161389459043e-05
-0.00011084608312212179
-9.405827861016082e-05
0.00021001708171202756
0.0002645517077562097
-0.0002036303839291299
-2.0643028707712082e-05
0.00011514693878002203
-0.00010445562380232136
0.00010231292012870063
5.817158346221158e-05
-0.00023092956897389024
0.00024613914054097435
4.808013838130629e-05
-8.367135799997957e-05
0.00021128293223851823
-0.00011886780226726988
-5.1193722137299444e-05
0.00010811660365156017
-0.0001634834787686296
0.0001423589670985011
-0.0001107133626866424
-0.0001753774347135641
-3.870151237083948e-06
-0.0002234479501048003
0.00010191073911120315
-3.169694369489469e-05
-5.9068618285487056e-06
0.00012823342626331577
-0.00015374389753733077
0.00028207433289805173
-0.0001856510373449755
-0.0002527586096370155
0.0001379378983780964
-0.0002514326653191095
0.00029325182508689883
-0.00019440022873016058
-3.71637859717896e-06
-0.0002551584263508284
0.0001292062565645846
-0.0002651655726564838
3.1422915899189416e-05
0.00011212297469940689
5.710882790090061e-05
0.00021422994493631992
-1.3229737463332932e-06
-0.00021207751930727722
0.0001317221147485134
0.0002867814132524247
-4.7426025573577045e-06
1.2646105549619067e-05
0.0001770297969422161
-0.00025149095275395407
-0.0002576834572126396
2.6105695123851825e-05
0.0002844166929782819
-0.00017204255329819688
7.128091728507814e-05
0.000118841202337091
-4.2023706183699815e-05
-5.030059511017585e-07
-0.0001929357856310687
0.0002078665771958952
0.00028708131290990834
8.686209848745793e-06
-0.00029102027293780903
-0.00010987962326157176
-0.00011292089540608063
-1.5772232192424302e-05
-0.00013792695355610525
-0.00020416431611014441
-0.0002304982951237653
-6.902574954818826e-05
0.00011901718611044733
0.00027461626081298616
0.00021706160821715579
-4.5903832116154e-05
0.00013132106675814822
0.0002559261819271757
-9.916568364474359e-06
-0.00014230186158437243
6.302924099895325e-05
-0.0001797388304477584
-0.00013481467544631097
0.00015835954784612307
4.3957576887435675e-05
-9.220909524844349e-05
0.00014143366187279312
9.130595250735421e-05
0.00015317208614232583
1.929099209560547e-05
0.00012164277208329095
-0.0002009405275573295
0.00023328335007568522
0.00012361902505178914
1.5611603589692886e-05
-0.0002041835859286187
-9.43168767886368e-06
-0.00012665962917348894
0.00015045105091037126
4.542413396104789e-05
-0.00024421343609329295
-9.55430902096224e-05
6.437185708239987e-05
-0.00015262026942610538
0.00023996447452133326
0.00018339203781947509
0.00025183885599578657
4.012190429085986e-05
0.0001346114207932907
-0.00024412422377823782
-0.00018375494689672813
0.0001066470040227089
-5.620906447305056e-05
0.00019979502952455842
-1.892307031516868e-05
0.0002364075110081394
-0.00022008244876275414
-0.00022089694505145457
-6.317534710691429e-05
-0.00023378951344886305
-0.00016016211697474517
0.00017543928491663109
-0.0001363883390826553
-1.9431963099367277e-05
0.00023814368514057054
-2.4189668447916087e-05
0.00017036096302343572
-0.0001765208522732533
0.0001292462715454449
-0.0001104296823862865
0.0002962829211274692
-0.00011478945463432545
-0.00011486704026884376
0.00020680314798412607
-1.1717071048737975e-05
0.00025823432151068497
-8.988757286406665e-05
-0.00020395818453533324
-6.995388572804875e-05
-1.4201952414810844e-05
-1.5388590228245208e-05
0.00014467354314130808
-7.251420680867314e-05
-0.00013529311463158478
9.57844481574581e-06
-5.467288576587202e-05
-0.00023617725408743196
7.708254597576527e-05
0.00018505977057049452
6.189203295586549e-05
-1.7742121652064677e-05
-9.929539727340125e-05
-0.0002763579362306738
-0.00013108842297608915
7.54853195238841e-05
-9.831139377009622e-05
-0.00017688943020291285
-3.892996211845234e-05
-2.574882492362504e-05
7.962825662742525e-05
-0.00023549012829295128
-0.0001853593643028046
0.00011472509912481977
-0.00023434463195264114
0.000184472790866271
-1.9687453867289566e-05
3.2221917690402214e-05
-0.0001949072973690374
-0.00023033128462849722
0.00024226499224421432
-8.962745383804438e-05
-0.00010506966747708582
-4.349300185265358e-05
-0.00013082511198308575
0.00028992379832111064
0.00015309235802251714
-1.7070718208328148e-05
-0.0001268467169618257
-3.5381110911929074e-05
0.0001924404259749898
0.000266295345437683
-0.0001489832556571557
-0.0001516798036746066
-6.518731125219754e-05
-9.244248011510949e-05
-0.00021972141606154706
6.694740741863803e-06
-1.2979042066214213e-05
-0.0002119549317688346
8.302544087869268e-05
-0.00024376197205038915
-0.00011991491662855365
-0.00010072281520893053
0.00014462909839163833
-0.00018532468075162673
3.951893598175407e-05
9.827305050690943e-05
-0.0002245876184598528
0.0001806245182454265
0.0002585997174636998
-9.866468186498048e-05
1.301457610258745e-05
0.00014146053007816744
4.6905261756166735e-05
0.00015073725708389613
0.0001960574331506568
-0.0001268038829503318
-8.226499885614956e-06
-6.485278970722787e-05
-9.555628317835132e-05
-5.62741862543599e-05
0.00023699756825232467
0.000210493258544888
-0.00025669236683070035
-5.417360020401249e-05
0.0002997954662881089
7.651252152140309e-05
0.0001805631210380998
-2.2348918481524503e-05
0.0002280365465975091
0.00018052531591834542
0.0002888340531425337
-0.00028140418867359857
-0.0001803934390737229
0.00020713620694507985
-0.000299099693042972
0.0002436870030534213
0.0002843765267223336
5.8963529699673214e-05
-3.3039568319691065e-05
0.0002813047292454076
-0.00023883077705690628
0.00024149276280901756
-0.0002382668246744197
-1.7461728260965937e-06
-0.0001259925528679897
-0.00023726634056725092
0.0002400744286748078
-4.638405193811549e-05
-0.00017477296935408887
0.00028954090816040655
-0.00024737921178352116
0.00013396732849686727
3.9284073210249764e-05
0.0001738595707893077
-0.00024537816398847637
1.6751015105782093e-05
-0.00020928188010155697
0.00027032987811510557
-7.63198391268729e-05
8.481894129672618e-05
0.00022777671711385876
-0.0001381949524735319
-0.000261877941109289
0.00022817956934955173
-7.451319452779015e-06
-0.00026125797389492134
2.808851258017292e-05
-0.00029952837474092814
-8.887429085082765e-05
-0.0002456763581938208
6.092280818450709e-07
9.561623602705627e-05
0.00011627717357730197
-0.0001530996079663024
-0.00018720405785033808
-0.00015282803094205483
7.244934669961242e-05
0.0002956338262410883
0.00022686659640521308
-0.0001325599627496661
-0.00011861928919455614
-0.0001284705862867226
-5.950784086737295e-05
-2.095257951302272e-05
6.385026416951217e-05
0.0002612430348714429
0.00017961849984495589
-7.219075046037329e-05
-3.838842795190632e-05
-4.772564733060121e-06
-2.8440320311368973e-05
-0.0002628666982326729
-8.725273061297418e-05
0.00024939729281281555
0.00010971530526348742
4.427565613555803e-05
-1.8443112091218183e-05
-0.00020587366095012614
0.00019543230751049753
0.0002970083309292827
-0.00013502979942676876
-0.00013200722372165176
-7.383528383372162e-05
-0.000287946049040086
-7.186372037408121e-05
-0.00019918478814789713
-0.00014898191115727226
-0.0002796616461437098
0.00013959585337534175
-0.00013148930942931414
5.741904249980149e-06
0.00029987632360281867
-0.00015614143662747197
9.476352303357081e-05
8.515191990627886e-06
-0.0002879338947698951
0.00011956008877141188
0.0002470288278694609
-1.5374916090462893e-05
7.272884370553755e-05
1.9783590157009575e-05
-0.0001203676064617701
-0.00016918196859652253
2.014767958212867e-05
0.00011939303201294739
-3.2070622160606274e-05
-0.0002170153704027053
4.267613764587111e-05
-3.9675390234928277e-05
0.00022274322790821099
-0.0002664904727685076
0.00014992445730076676
-3.310468735812864e-05
7.49796587939645e-05
0.00016602884651786137
9.511112489048938e-05
0.00029267167010892174
0.00022932998144166542
-0.00016622422730395474
-6.385565520885389e-05
-0.00028523084179363575
0.00015787441693897376
0.0002798168502246285
0.00018549028723965168
-0.00010584054843859432
2.852469956985944e-05
-4.573635998111658e-05
-1.796289270910434e-05
5.998323387318254e-05
5.096384727828638e-05
5.699687934718374e-07
-0.000159330416007528
3.261744453543936e-05
-7.10317510389742e-05
-0.00018313363884732553
-5.80922485116791e-05
-2.060661689516673e-06
0.00019918336636274946
0.0002470476833243374
-4.623694358480844e-05
-1.902070034158276e-05
-0.00021436452552541158
0.0002973900561172008
7.052525811920602e-05
-0.0001451838888527628
-4.557264272595646e-05
3.825294053834118e-05
-9.937692970708747e-05
-0.00023487183003746286
0.00018186137452910382
-0.00016517484258781506
-0.0002657445241907529
0.00027823779458928676
0.0002728378184348918
-3.171820167153865e-06
0.00016772226291924424
-0.00022788359510394893
-3.623113488679733e-05
-1.9948114591184407e-05
0.0002841755658606953
0.00020777222784170753
3.5114838404238656e-05
3.795810755400031e-05
-0.00018177773051799589
-9.838302143765694e-05
0.000267438231821523
-7.835835781080206e-05
1.563317233361052e-05
-9.438904034332485e-05
-9.978055562992233e-05
4.315998770623123e-05
-0.00024339172963614366
-3.367532990388941e-05
0.0002509470962598833
-0.0001144576846166364
0.00015438178130584179
-4.0519724460302115e-05
-0.0002804275429881003
-0.0002035409314734041
-0.00025098610829069496
0.00020420083217451086
-0.0001489149930768754
-0.00010932875507706447
-0.00021023441591533094
-0.0002466932281337114
-3.657081132442516e-05
0.0001398915906099467
-7.5361580215678806e-06
0.00021610987626840536
0.00023524188176807232
0.000211286622810256
8.569498956150477e-05
-0.00016002625105806392
-4.6616156345066914e-05
-0.00013278226086189772
-0.0002564610676410224
0.00016192866519541214
-0.00020962516428570455
-0.0002915768729428827
-9.179751350421348e-05
0.0002881290609483672
4.7002695873132536e-05
-0.0002480165820638943
-3.990954989267759e-05
0.00010998744306327138
7.205344173419087e-05
-5.564953489426035e-05
-0.0001045721117975846
-0.00016213318926815523
0.00022710334883019296
0.0001750207568848254
-0.00027434881836031457
0.00021006129549837625
-2.426113647874072e-05
2.4323456164140997e-05
-0.0001961951823390033
0.0002428744639788863
6.665951014313233e-05
1.540724893527956e-05
0.0002516191574417613
-3.623982772270811e-05
0.0002659461470207604
-7.838321932060146e-05
0.00028211311733979696
-2.690456093357922e-05
0.00011003186349950542
0.00015020076294289887
2.577626585975693e-05
-0.00016021321481901393
0.0002979844853096678
9.544738206523668e-05
-3.0213866311027814e-05
-0.00015955978792635102
-8.5244117966252e-05
0.0001843574056350863
0.0002549910836636317
-0.00016214383712686968
-7.261910925737732e-05
-5.10201800339053e-05
7.831929537854007e-05
0.0002887832346511327
-4.475399185897849e-05
-6.313769072716267e-05
0.0001741785739233892
-0.00017569681381678255
0.00010441537939805481
0.00017030065846554432
-0.00017512830132543109
4.746291990986721e-05
-0.00016480842110604184
0.00021890092696447275
0.00018106047137029184
-9.007552644202068e-05
-7.831236434928138e-05
-0.0002627914026017648
0.0002881852245203232
0.00023266528897154017
6.131590114964199e-05
-0.00017923379019430064
-4.735978126538476e-05
0.00028869727547640593
2.2086407946568607e-05
-0.0001998850642510309
0.00019869545373855843
0.0002481398626287854
5.101933114969704e-05
2.31218428518864e-05
-0.0001779127472741211
-0.0002510776302607163
0.0002073206725238422
0.0001719420041771131
4.070169770504134e-05
-8.43513960413628e-05
0.00029981947078978254
0.00017997748709986435
-0.0002045643651711371
-0.0002968296561424419
-0.00018115805138820977
0.00013934366941928292
0.00017682898637836882
0.0002204860067730985
0.00011977740697846509
0.0002769997851769939
-0.000294527808656609
-0.00024805423702807923
0.0001226007000771873
-0.00016362643303383806
-0.0001375226803192846
8.589518781085314e-05
-7.889777144768061e-05
0.00013808952791714504
0.00025391301839692914
-0.00023835149581121395
-1.1717186197902159e-05
8.03671696416303e-05
-0.00019735488432815688
-0.000195306270539397
3.8278202100731754e-06
-4.965579802888485e-05
-0.0001857079076459764
0.0001879525371160614
0.0002555368211230287
-0.0002845142609281416
-0.0001518780612358092
5.258689155997784e-05
0.00021891300530679536
-7.17851471252994e-05
0.00017750524609089376
-7.398026696160646e-05
8.570165320589425e-05
-0.00015142859768579113
0.00023586595283380055
-4.4802999034220567e-05
0.00012774701493024844
0.00012479155320757466
0.000253914590364635
6.46212474802178e-05
-1.2441767837288297e-05
-0.00011847696970978237
0.00028178424346013924
0.0001292320944618573
-0.00022670381684012262
-0.00023372940051269474
8.517318957761312e-05
-1.2022445063546822e-05
0.00021465341525335376
3.7634494575731754e-05
7.705379583904624e-05
0.0001581945731431619
0.00010607821328880395
0.0002735996927374444
0.00023386357492945995
-1.0618130834342437e-05
6.286914854548663e-05
0.000176969606557197
-0.00025205557257505085
-8.675513103513927e-05
-0.00019581863711428792
-0.00026957356287873565
0.00027552537304304767
0.0001374930986766067
3.311140847697203e-06
-0.00011484983733941586
-0.00011187447257701453
6.294875355816152e-05
7.6110711758754475e-06
8.600914225840423e-05
-0.0001325247777349847
-0.0002520311864393171
-0.0001869407358806087
0.00025402553633686837
-7.458005046236032e-05
-0.00024653962061737975
-2.817350783768395e-05
1.5401224038994344e-05
-0.000154141287469864
-0.00028257319616924154
-1.956491664645895e-05
-0.0001347432077812405
-0.000298167737879976
2.6963930423280595e-05
0.0002613369298103475
-0.00021442245539618
0.00022508830649927255
9.953250025455333e-05
-0.00015335786731381223
3.3634688502675333e-05
-2.149381442592967e-05
8.562283016817497e-05
-0.00011674209875419975
0.00015864372515178045
-0.00012965256282630527
0.00026321192746651256
0.00016985137064405364
-0.0002524317248282592
-0.00017370236307832126
0.0001814562046171073
-0.00013721946964714136
0.00022539584687851602
-0.00022996111051337887
-4.093450756859079e-05
-4.435986249028633e-05
0.00015046584873081367
0.00025189058955565885
3.139803369869794e-05
-5.7383158369756534e-05
-0.00010081300783700988
2.711723181822093e-05
0.00020128579154193854
0.00026749420886069654
0.0002441835997353126
0.00026314585990445326
-5.644706434074676e-05
-0.00021058066250545981
0.00022785847489587425
0.00021183507314136548
-0.00010255783480009331
-9.499493577781444e-05
-1.305892064171096e-05
-6.458272342310591e-05
7.110679899181133e-05
-0.00019253739776772544
-0.00018950790345130192
-0.00022188215352950103
-3.8890701590534396e-05
0.00010307511075505188
0.00024144537600386207
-0.00018738318837024307
-0.00025946307514986895
0.0002999565649985118
0.00014389715476316673
8.675329803090948e-05
-0.00018629994055606154
2.737166963827706e-05
-0.00013081262924352302
7.095918024379547e-05
-0.000258297637581341
9.667681442791462e-05
3.753368539909595e-05
4.7175642144231555e-05
-0.00012671260720456952
1.0239486084632284e-05
0.00028684074462222473
0.0002111756182344207
-0.00017891968363709744
-0.0001185631577809619
1.2948761283090805e-05
-0.00021214085668735326
8.81140047935233e-05
2.6381370105477912e-05
1.451568218498742e-05
-0.00018100083805308562
-2.2415548450382408e-05
0.00013879777055365828
0.00012939389744822674
-0.00027144606488117926
-0.00016047129679889663
-0.00011572995197197468
8.602626709619413e-05
0.00018384381303524232
0.00022123710437351878
0.0001524246210374899
-0.0002899364560684545
-7.02103790941835e-05
0.00010930207621631514
-0.00028957938847966634
-0.00029363185745279625
0.00017318423514125044
0.0002711214596093624
0.0002576263995797288
0.00018578101379360383
0.0002666794854837121
0.0001887011528855054
-1.3909605830982757e-05
0.000289744410107216
0.00010431420548879784
9.023986694390863e-05
-0.00020620559062812578
-7.764184998442248e-05
-0.0001624414942086622
-0.00026289230848962645
-0.00013899018839013297
-0.0002992409892036982
-0.0002459492005955114
-0.00024743861354990185
-0.00016000488233718955
-3.4700294127433106e-05
0.00015434003458193258
-0.0002331435677127128
4.942236612942173e-05
-0.00023603227252323196
-0.00021917289377855673
8.999383868697145e-05
0.00018576393581307984
0.0001798828146578403
0.00015209709424791705
0.00025088535982079654
0.00016227103000156478
0.00018439098845885788
5.063955657329402e-05
-0.00028180544033896493
-0.00019751249857665533
4.16750189980756e-05
-0.0002441161776908919
-0.000185123482380505
-0.00025846564475868377
0.00012438451353337132
7.561104224199083e-05
-6.875902927951888e-05
8.493801613563456e-05
6.907179047998982e-06
-0.00019195222039244806
0.00019379393505426795
-0.00012567620780142805
0.00016452476971486366
-0.0002434090115031461
0.00029813175583656915
0.0002336286817147673
0.00016621583528758535
-0.00021610782093788288
0.00013274518080252186
-7.828337392415472e-06
-9.906083199852562e-06
-0.00028174030873680695
-0.00025422042283753375
-0.00012467024393923758
-0.0002076477400480067
0.00012173596968141837
-0.00029518917266369303
-0.00028738216452334767
4.771345254139732e-05
-4.9567389671286376e-05
-0.0002367876639145423
-0.00020183109172818093
-5.961871740875488e-05
-0.0001660717386667258
-0.00024417804446468384
-0.00023015741611478134
0.00017151915873539443
0.00016374512151050096
-4.7569285974395224e-06
-0.0002823987237977347
-0.00021167370734579988
0.00019630825570623734
2.0517427562084052e-05
0.00021410563280717707
-0.0001471537253174898
0.00019317371627274933
0.00021991327701120837
0.00018986543584231563
-3.169823358966799e-05
-0.00021032441642988866
-8.353877687872406e-05
-2.8257428353871915e-05
-7.206317179941902e-05
0.00027331886302338007
-0.0002624758523979382
0.00010217946070929156
-0.0002486952772710177
0.00026517311008963067
0.0002387418709209835
0.0002401865349384138
-0.0002378110400682509
-6.180241793679437e-05
0.0001588068122734686
-0.000271077243725403
0.00021687076962073848
-0.0002847954518019043
-0.00029066353617867484
0.00011093590068105675
0.00019599782058947061
-0.00020987131501016708
-4.7101044464151946e-05
0.0002779804667739537
-0.00018381681946326315
-7.993797983838724e-05
-0.00010314405802896155
-0.00018512161550245977
0.000236454534746981
-0.00017589200697496035
-0.00018306590639084654
-0.00015314575816757013
-0.00015645842512586883
0.00015296754815354746
7.118070004587208e-05
-4.344808593804636e-05
-0.00017203822871999323
-0.000283054088345269
0.0002673693361004269
-0.00014679898022475495
0.00015983534092356004
-0.000268332074394236
-0.00011529247283787169
-0.0002771929391106625
-0.00018303595732844976
9.706014733590985e-05
-6.981070047395367e-05
0.00016828050300966808
-0.00013668506928844575
3.5483974953469356e-05
-6.865065997190603e-05
9.21742239429435e-06
8.945237692054291e-05
-0.0002961016420019484
-3.556395207184108e-05
-0.0002908795339339386
-0.0002790899775283528
-0.0002698110272241274
0.00020975573970673716
4.3195028750053874e-05
-0.00021509546202051096
-2.1000822149108743e-06
0.00014356801076393456
2.1566321671858736e-05
-0.00011865344871308449
0.00019041580078965793
-0.0002595221739877447
-0.00023184234822187297
-2.9055115148747686e-05
-0.00010989867869666328
0.0002872140591347855
-0.00011449502004288076
0.0002686805874891637
-0.00025553164265249153
-8.173253890730672e-05
0.0001374868071503807
5.972989120507134e-05
-1.816231115204988e-05
-6.075952683942852e-05
-4.778526090935288e-06
-0.0002024917410526554
0.00018304985977016762
-0.00014413385344256435
0.0002950747345908693
-0.00011678668078179822
-0.00016092075817820793
-0.00010337637093321757
-0.0002979664398935005
0.00025837761962795844
0.00015493996119724115
-3.234146641425327e-05
0.00024680348979990693
-0.00021585204433845025
-2.7038883367431457e-06
-0.0001416172139570687
-0.0002055554556321766
-3.280191189327877e-05
0.00021944243515161199
0.0002980653295555005
8.464119240783629e-05
-5.225172414510045e-05
-9.684960856379818e-05
0.00017567622589394173
-0.00022004033041650908
0.00028212550322942123
-0.0001811334552505355
-0.00026693755109340374
-0.00025112868180633447
-0.00015439309266322454
-0.0002723352359128191
-0.00017354906745654952
0.00013857411227638348
-4.1114216980519516e-05
-0.0001727915056085998
-8.377528437398702e-05
-2.3378181319587226e-05
-3.6054057145279384e-05
9.337667829512688e-05
0.00019559525197959177
0.00029733459568122154
-6.455059417925088e-05
0.0002264374270079034
-0.0002699658374487608
-6.285254899850634e-05
7.793752661978634e-05
0.00012153685046079347
-2.84251973219801e-05
-0.00024138451580523905
0.00021293774281038624
-0.00015460779523123445
0.00012299351063892872
-2.9094981714679075e-05
6.586673798775807e-05
-0.00026498041420124237
-1.0883565696510737e-05
0.0002185728574729009
0.00017025124376292386
-0.00019754098072086932
0.00020651219964165055
-0.00024636424632740195
-0.0001963343732373683
-0.0001872780023988736
8.988812609272165e-05
-0.0002633708813096998
2.3327240295192072e-05
0.00011973962895581272
6.822258879770319e-05
-2.860001421060805e-05
-0.0002532189825267113
-0.00014931301531956776
-0.00012300900696437557
0.0002674414897689647
0.00016906661562503906
-0.00014107277507501955
-0.00025052747478025164
0.0001308982312875933
0.0002630326557262834
-3.456639046989582e-05
3.8145599424893194e-05
1.6901632854338588e-05
-0.0002951324359710937
0.00012301280460583073
0.0001246806830840673
-0.00022289019533723993
-3.3247141167368785e-05
0.00014335356550610368
0.00014379275404014354
0.00013971532731894425
0.0001584213636786453
9.192391442054042e-05
-0.00027571322616694983
4.324107626297555e-05
-1.838394318711854e-05
0.0002139474730581691
-8.448505717454442e-06
7.399955906084671e-05
0.00023430047176286288
0.00016913795137190013
0.0001611033817996768
0.00018655982692135153
0.0002836645780214812
-0.00021283308739326716
0.00025233464205868546
9.31550727380655e-05
-0.00014981862861660684
0.00014251834026393276
-3.154714155598724e-05
-0.00022271936595693638
-0.00023938214566642034
0.00018024668468193952
-0.000260363415454982
0.00015501318795283555
-0.00019995247768695064
-0.00016924027899047712
-0.00016614864062623917
-0.0001731909180728058
-8.615429629817305e-05
-6.881943591029006e-05
-8.544209566431027e-06
-0.00012168799915537686
1.8601355858611113e-05
-0.0002653197626288568
0.00018772566879114407
0.00011147833811694658
-3.015952783788281e-05
0.00022573782114838626
-1.1454481722308679e-05
0.00015641322544325537
8.522808461280517e-05
-0.0002758640041178066
3.394952842314581e-05
-0.00014491990346474057
-0.00020603388283768644
8.689583598245744e-05
-0.00014068760680657072
0.00022891780212329495
-0.00010821142973985523
0.00024237013633594823
0.00028733878353772493
5.179592252577641e-05
-0.00015492927936136555
6.218850194516525e-05
-9.634055206220491e-05
-0.00020232991985681646
-3.778212762680218e-05
0.0002152299686368336
0.00013775130762832736
-3.594512482903671e-05
-7.250250887128008e-06
-4.1879317438745954e-05
-6.21296060054417e-05
0.00025236192414951206
-0.00017079455201189845
0.00021098878778850935
-9.100899746013644e-05
0.00010675550932039656
-0.0002408489252459957
0.00015522750927864218
0.00017517516995360242
0.0002799761018318936
-2.7115218821575145e-05
0.00015505632705619944
3.356665702892466e-05
0.00013857145414944026
0.00011851004841365801
3.0391823847004018e-05
-0.00012378331170875118
0.0002241462921511982
0.0002015295319347245
0.00028858477526042464
