1.859312135853914e-05
3.177825343274722e-06
-3.6053155155027195e-05
2.352171859888412e-05
3.7772549904609577e-06
-2.7670048829011063e-05
2.848458557373322e-05
1.4463516346768531e-05
-2.340971380058896e-05
-5.8660239789784516e-06
-4.5542731182204754e-05
-4.588963686845761e-06
-3.8687908317005e-05
-4.338337548706722e-05
8.815233846345706e-06
-3.186555796808346e-05
4.929909803435172e-06
-3.868109146979871e-05
9.038216497110262e-06
-4.8523561980582956e-05
1.3599633511962571e-05
1.543047372965957e-05
-3.9202539026219555e-05
-4.872851697810175e-06
1.7055769012532146e-05
2.8510382287945037e-05
-2.3759519257693342e-05
4.563518647646437e-05
1.1090544529794421e-05
-6.364818108207781e-06
2.897584199653156e-05
-3.839819773828459e-06
3.7409968525556834e-05
-8.550830400160165e-07
4.131217236676883e-05
-4.4913866245607236e-05
4.829307972619734e-06
-2.099289142624803e-05
2.1666072430324243e-05
-2.5817705514574063e-05
4.986630465677803e-05
2.9759174884801266e-05
3.099409058457248e-05
-9.881141097063296e-06
3.335205192157729e-05
1.397527735968453e-05
-3.445253809479138e-05
-1.1619619580935973e-05
-3.1019340930387216e-05
4.516696760875198e-05
2.897641379712235e-05
4.800516063006981e-05
-3.968200131805355e-05
-2.1241292824645074e-05
-3.558035195439211e-05
-4.779503850581404e-06
-2.5148854140808297e-05
-3.7615740663132644e-05
-4.256730659936805e-05
-7.731791480258568e-06
-1.605644121646859e-05
4.254939957938386e-05
5.034408278452136e-07
2.2917732537435405e-05
-2.420714124488799e-05
2.502235065094651e-05
-1.2015087734789783e-06
2.0898305029727058e-05
-1.1250071953166599e-05
-1.2057282438302987e-05
-1.3072557901478887e-05
-3.659429292675942e-05
-3.0777440152347573e-05
-8.016799300291298e-06
7.446346575008522e-06
-3.4433150199751786e-05
-1.9938022068009578e-05
-2.1612805406146597e-06
1.9804630124769687e-05
-1.3623684605473163e-05
-4.4922060398783036e-05
1.7532015188675635e-05
1.4732304607868145e-05
2.824101092911911e-05
3.623926638248612e-05
1.3252091285665463e-05
4.106587275065322e-05
8.224217592902593e-07
-1.3110452103130013e-05
-4.614768343394197e-05
-3.169791503552724e-05
3.500055438078088e-05
1.4088985699493109e-05
3.696460021470209e-05
4.289407327302698e-06
-1.9625737824881195e-05
2.875986089223885e-05
-2.9773176014530436e-05
-1.8873522491698284e-05
-1.1349152959146267e-05
-4.787514191868594e-05
-4.143276750610517e-05
4.928463373532327e-05
-4.649844510976474e-05
2.8065622681386003e-05
3.874156222475713e-05
-2.3601055401282045e-05
2.2392803414511207e-05
-3.957656138280538e-06
-2.321725714596077e-05
-8.38522307126124e-06
-2.3914291825459267e-05
4.4258954112868385e-05
-1.7863790892704004e-05
8.983340884127192e-06
-4.7828608165504065e-05
-4.1026728358377907e-05
4.875548835514176e-05
1.3528125144128936e-05
-3.3797233895554483e-05
2.8964380918034863e-05
-2.8202467322628645e-05
2.6522547268536825e-05
2.3780911733754737e-05
-3.948621740205005e-05
1.3241815719888267e-05
3.0139085903536316e-05
-3.1468050284840945e-05
-2.8378479423085546e-05
-4.851594559448128e-05
9.420455517706306e-06
4.5075400295397664e-05
-2.9491341204716803e-05
9.642976939451198e-06
4.891528305632272e-05
4.365821841928338e-05
4.618734754702774e-05
1.0068306357263423e-05
3.2166980473581593e-05
2.5123947063106137e-05
3.587870990151956e-05
2.613986795675769e-05
1.0741720881648162e-05
-1.0463681202235297e-05
2.9985857608955475e-05
-1.8210705870428823e-05
-4.3239158952584436e-05
2.9893898506725768e-05
-4.911062036261378e-05
4.482900092703507e-05
2.3413811042019115e-05
-2.9442813525661926e-05
-2.378164796056319e-05
3.8369571427634246e-05
-7.200318639419048e-06
-2.1482771409234303e-05
-4.857009281357463e-05
4.952145902729981e-05
4.0901487842217334e-05
-5.2739512412780295e-06
1.978113796610272e-05
-9.054640936237513e-06
-2.9817173374350625e-05
2.5167986015275496e-05
-1.3491214144344012e-05
-8.973543398728369e-06
-3.0911247799198576e-05
3.140264268180968e-05
-2.5302779395259502e-05
-2.384809166915496e-05
4.2703289447834855e-06
4.6027506906323515e-06
-2.779963137708208e-05
-4.9392113611625266e-05
-3.3743568911430625e-05
-1.8705386422823432e-05
2.227723243412289e-05
-3.89076735501134e-05
1.2484066559798733e-05
-2.121753756329311e-05
-1.5943015661312504e-06
1.1282851436074909e-05
-3.736407445067905e-06
6.1746068193471704e-06
-2.289468041630334e-05
1.9892203000587557e-05
1.4044204959111013e-05
7.952694052236928e-06
-2.7537394920663084e-06
-1.943816339293728e-05
-2.4272037196133933e-05
-2.671122063277661e-05
-3.690040243944672e-06
2.513738844849618e-05
9.81862796184111e-06
-1.4470668269123763e-05
-2.6590867970823597e-05
3.2999723743881713e-05
-4.400116308629686e-05
4.24323312208762e-06
-6.723761611754433e-06
-4.701114451020433e-05
-7.09647850520703e-07
-2.534160524710172e-05
-1.2535356303814748e-05
-8.421310850171273e-06
1.5654110050969968e-05
-4.414643376524652e-05
-4.383908332817997e-05
4.4569998584992154e-05
2.5092342944140496e-05
-1.799272192654666e-05
2.949952674571141e-05
-3.952892628258898e-06
4.41200735452338e-05
1.6387323919338588e-05
-3.532137116780728e-05
-3.076019278276534e-05
-1.9774605918584343e-05
3.4525509508378324e-05
4.7151504393754224e-05
-1.951112706138142e-05
4.308775969348933e-05
3.4968739730897875e-05
-4.856922450668697e-05
-6.310993642767024e-07
3.010921334223941e-05
7.072416419309655e-06
4.106333652567597e-05
-1.122789115878152e-05
-2.8428097192204307e-05
1.1640797553120155e-05
2.263621354367345e-05
-1.6902683137499973e-05
2.9658885600271854e-05
3.2470464525224926e-05
3.0965517812296235e-05
1.0681906727831173e-05
2.2392103056400807e-05
-1.576304319509534e-05
3.630738959403224e-05
1.1643853569523876e-05
2.2292645666890046e-05
-3.053052214589474e-05
6.934959835968137e-06
-4.785683149960878e-05
-1.28936949604719e-06
1.371992202498196e-05
-2.1658261318179672e-05
-1.5486117750453885e-05
3.610916209077801e-05
-3.1619177355918536e-05
-2.63035300651841e-05
3.972452446081265e-05
-1.9873721998159766e-05
-3.606418533549993e-06
-9.739867347251783e-06
4.2907520305917404e-05
1.6659105195873182e-05
3.689767616962925e-06
4.9331269707434486e-05
-2.0141105172134266e-05
5.208194077438136e-06
2.0006764136782202e-05
3.016457502269207e-05
9.432887906902219e-07
7.529375989515152e-06
1.0268568893762045e-05
3.315281932241806e-05
3.514584856778365e-05
4.5293874405534424e-05
-4.946338536915119e-05
3.5117090799022383e-05
2.1328068270820532e-05
4.451125693300222e-05
-4.101011634010302e-05
-1.1627066188292324e-05
3.9045034732870114e-05
5.175029506157626e-06
-1.5074893092108722e-05
-4.127985444521767e-05
-4.7277960470644134e-05
3.282456691235818e-05
1.4235358284635652e-05
2.5897477436245317e-05
3.268424623497282e-05
-8.20928243918537e-06
4.976962871645842e-05
-1.18002513114006e-05
-3.517532214857903e-05
4.629085309096854e-05
2.1913187135993508e-05
-2.4642472748138524e-05
-3.19450743321778e-05
9.496748208115803e-06
-4.171792876268975e-05
3.5192438712737394e-05
-3.94320558067768e-05
-3.270444935380322e-05
5.01907978241091e-06
-3.7415390122722586e-05
-2.5706073128302788e-05
-6.624997492686692e-06
9.065632960036742e-06
3.8929124161690586e-05
-2.396750302562954e-06
-3.144157198706098e-05
-1.4534098624654132e-06
3.803171289233778e-05
4.82527766266695e-05
-1.5646586925223672e-05
-4.421528327972656e-05
4.27081836864055e-05
-4.871247530566392e-05
-2.2520034796563693e-05
-3.129357705496951e-05
-2.0806709768838816e-05
2.158867390164463e-05
-2.833131543442774e-05
2.3464562855062496e-05
-2.782711245113455e-05
1.7667167414019942e-05
-1.1797552150685473e-05
-7.734983675386362e-06
2.1006035066753695e-06
2.7930005580914493e-05
1.3769509139699642e-05
-1.6668619220628824e-05
2.610874361069427e-05
-3.2051724990282206e-05
4.463159226034562e-05
-2.456603620475585e-05
3.382024413386878e-05
-3.1449200240289116e-05
-6.994902377893573e-06
3.095952047541028e-05
3.160695438928932e-05
-3.180375499311007e-05
1.8319397152438857e-05
2.206706164246114e-05
-2.5275014048609336e-05
-8.398144054989979e-06
-1.3609403523556188e-05
-1.4539263022640849e-05
-1.5563781205883585e-05
1.0602348100840678e-05
1.0057771006549643e-05
4.750721568043816e-05
-2.134509135337741e-05
-3.3248113257365296e-05
-2.392776675363197e-06
4.858623493139544e-05
-2.3166594545570787e-05
-4.091866688389362e-05
-8.061810014451377e-06
2.738089737512575e-05
-1.228335648078174e-05
6.318233879809633e-06
3.951752671354759e-05
-2.1665116333320957e-05
1.5566622080669908e-05
-3.587907078040712e-05
6.071365597596213e-06
-8.917447405629732e-06
-4.5429690857332206e-05
3.1165080356905534e-05
-2.663788130415733e-05
-1.0070545414931498e-05
3.714981399127258e-05
-2.6087401685232883e-05
4.723507486647879e-05
-2.5616807649276298e-05
3.8218724623423655e-05
-2.618908054247262e-05
1.8685445898433528e-05
4.077358578551152e-05
-2.5783018634710955e-05
-2.9099389003665035e-05
-3.6482916902753505e-06
-6.942563754609675e-06
-1.7476261485932354e-05
-1.3915835198314064e-06
-2.6753921604314835e-05
-1.1602416186851463e-05
3.958872559548434e-05
-1.052258633066986e-05
-3.950239963503442e-06
1.6546423265365798e-05
-3.5478607380435404e-05
-2.4286772969517712e-05
2.2392268645826537e-05
1.3819012620068487e-05
7.840898912946547e-06
-3.172056762041379e-05
-3.176771806386497e-05
-4.68385943504606e-05
1.8425256211370785e-05
-4.001682833872583e-05
-2.9335162021253005e-05
2.012378640526792e-05
1.6575893473855377e-06
-1.001364943046981e-05
1.6881237551224347e-05
-4.2580978826327665e-05
2.94707473769459e-05
3.819903967080361e-06
1.171105298820641e-05
1.290451230128633e-05
-3.6920044329737735e-05
1.7111345854762451e-06
-2.8345522665621734e-06
-1.8741770899645086e-05
-3.4219671127312224e-05
4.890815409103269e-05
1.2577989453501776e-05
-2.561613569387269e-05
-4.3503801934263434e-05
3.3080920921358034e-05
-1.5117012709126535e-05
3.4007692574646106e-05
9.624396615232432e-06
1.2936685173387936e-05
2.1430562009680313e-05
-2.0670241644463283e-05
-1.0215184035050704e-05
2.7968556272798014e-05
3.0557636381392873e-05
4.947683790793273e-05
8.903514402374157e-06
3.095049817455949e-05
-8.281410977015458e-06
2.7781742141746553e-05
-7.945709229421536e-06
-1.2148785834897744e-05
-3.401038213279854e-05
2.1498304222272438e-05
-4.319360040501777e-05
-1.6804068406242202e-05
-4.981062011344915e-05
3.288282199141502e-05
3.36332976823186e-05
1.3914652741993028e-06
1.3951959090928728e-05
1.7201425843983123e-06
1.7599077815940187e-05
2.5812522587301662e-05
-2.2563279163379815e-05
1.4920917052670963e-05
4.9629840211375805e-05
1.7793084629818308e-05
-3.737444766059752e-05
1.232432299027864e-05
-3.7651366250888574e-05
-1.2111662101217114e-05
1.0175640299799906e-05
4.049607535605903e-05
2.9034392065794137e-05
4.368549584927079e-05
4.07573223015212e-05
5.88396364701773e-06
-8.006025372755997e-07
1.874189170965815e-05
4.1856926703637405e-05
1.3024795055573802e-07
1.53361423336728e-05
-4.8690328159109854e-05
3.135822425359212e-05
3.7939047345819496e-05
4.2745301473904805e-05
-1.4526964190252382e-05
-5.955270582121006e-07
-1.4767861774490123e-05
-6.4354265920322696e-06
2.5842029093449066e-05
1.650260907117718e-05
-1.8240576035541466e-05
2.2731077637265015e-05
2.517933221490285e-05
-2.021983199165399e-05
-2.6200386418292444e-05
-3.871067252236488e-05
1.0545920094397063e-05
-3.895883240048699e-05
3.065021206781691e-05
-4.977848295395748e-05
1.6142846837647493e-05
-1.3117509343967058e-05
1.566897954893542e-05
-1.4033219762676074e-05
3.7994354987759805e-05
2.900405670681458e-05
-3.359141453251379e-05
6.657644750559834e-06
1.6483795834814273e-05
4.023423420081323e-05
-1.4531038946413823e-05
-1.54354530881144e-05
2.6201943564661092e-05
-4.2106032113515324e-05
3.054377610566369e-05
2.4229245196051107e-05
4.6305967593064785e-05
-3.89746260975569e-05
-2.791480554181154e-05
3.4313659477345876e-05
3.432279442550812e-05
4.5797349835710085e-05
-4.44691080291032e-05
2.576113191445506e-05
6.13182735915486e-06
-1.817985627512593e-05
-2.6611906389234263e-05
4.0097801433640764e-05
3.813988172068437e-05
-3.605928695770821e-05
2.224298527739193e-05
-7.048709637646569e-06
-1.5531946846637002e-05
3.159393515760103e-05
4.5048125263194524e-05
1.449479514999982e-05
-2.2661428076579893e-05
6.449080927430825e-06
-2.050553258749628e-05
-6.459242669538029e-07
-1.0403504177148715e-05
-5.013116137459459e-06
-3.7671326446932365e-06
-2.177595794190268e-05
2.08361094637193e-06
-4.94125813204404e-05
-1.6283920907471286e-05
-7.607737597763097e-06
3.262863944594245e-05
-4.020120030423142e-05
4.997079961565691e-05
-3.389897675859348e-05
-3.300857336292495e-05
-4.120480764106481e-05
3.423381617053654e-05
-2.829497555033032e-07
4.235588234454238e-05
4.2687819041870526e-05
2.6790230168559084e-05
3.379963324023473e-05
4.802945466571639e-05
-3.0161356881223014e-05
4.335043368592856e-05
1.6883062229281706e-05
-4.6435655900238004e-05
-4.694637228107898e-05
-4.6634888770939265e-05
-3.463376836021748e-05
3.855517028243471e-05
-4.3688812815457545e-05
-1.9032130016562732e-05
1.1764758254769585e-05
-1.4688303029719799e-05
-3.03802426809081e-05
4.4455285532613545e-05
-8.140784169813834e-06
-1.3126465061865743e-05
-2.6874786205341153e-05
-1.9662600703732537e-05
-4.5642377840339326e-05
4.89211356485646e-05
1.5809147085355686e-05
-2.4814781061878433e-05
1.4908998748927982e-05
-7.4060618437877846e-06
3.344893360546773e-05
-4.254199640552463e-05
-4.262725178522089e-05
-1.3314692294885611e-05
-4.974804949043662e-06
3.081221476816172e-05
-3.753353986499343e-06
-4.928878580930222e-05
-6.811524578133258e-06
-6.886255365916626e-06
4.6546788857255077e-05
1.3369367572478836e-05
-3.8586548099153784e-05
-9.621725651217508e-06
-4.803502428507212e-05
4.385821161450079e-05
-4.2818433277756286e-05
8.47412948415357e-06
3.2597730197526176e-05
-2.5089705082339377e-05
-2.7075746182187132e-05
5.787047385010714e-06
9.718770746268577e-06
3.1662336898511885e-05
-3.6029499748379937e-05
1.54790355283185e-05
-4.558885843114123e-05
4.116074708249584e-05
-1.3415931387809555e-05
-4.465823955647739e-05
4.345755765187163e-05
-1.0346376605729436e-05
-1.956010892312476e-06
-2.248016915639747e-05
-4.4010459130987414e-05
6.405921347884038e-06
2.900185724923313e-05
-2.8312536002370837e-05
-3.7695594691742307e-05
1.6248043013519698e-05
3.000934433893937e-05
-3.535486980927918e-05
1.9084866255922112e-05
1.838399020930512e-05
-4.4144321426540314e-05
1.83200786761932e-05
1.6127247330435927e-05
-6.3268483293290795e-06
-5.311399370147965e-06
-1.4030004557047427e-05
-2.2982678651933076e-06
3.0083487911230613e-06
3.553422569944253e-05
1.9212931099302977e-05
1.0064370386801095e-05
-9.53683567446467e-06
3.206684597104881e-05
-2.118534052753236e-05
3.0301404653409888e-05
-2.0771254182754717e-05
-4.583265884669716e-06
-4.596096179789931e-05
2.5586329444786245e-05
-2.230830975467849e-05
-3.580696806249165e-06
-2.0196048009046907e-05
4.5428331563396956e-05
-2.4489951451442293e-05
-4.0738950677562147e-05
-5.692093426312164e-07
3.8646487518950207e-05
-4.858160383834665e-06
3.293645424067702e-05
9.58798222019209e-06
2.4132683664200283e-05
4.481022934785983e-05
-4.122616995921745e-05
4.208769507043949e-05
-3.992165453856026e-05
2.5727514648755062e-05
-3.248258769911498e-07
-7.114077557496978e-06
-4.551787945505149e-05
1.0901715788847786e-06
-2.663122009539256e-05
-2.6677240144158288e-05
-1.2861670105390798e-07
3.359839227745102e-05
-1.7649959517555694e-05
-3.0083713580089447e-05
-3.853778800459457e-05
-1.698387019755965e-05
2.116881468906063e-05
-1.8879674056332865e-06
-2.0152790008534684e-05
-1.3506195483159292e-05
2.5764527465365723e-05
3.474813606512858e-06
-2.0402929596217913e-05
-2.46990934968231e-05
3.8519514779022166e-05
3.0062319181583634e-05
4.405335556556016e-05
4.394447226780802e-05
-3.2683862093453196e-05
3.152347188626053e-05
-1.6179087754852615e-05
6.947691376605766e-06
2.760692133710264e-05
2.2853826619692644e-05
-4.50235487673699e-06
-4.913588088945572e-05
-3.275716538622905e-05
-4.4121038114247727e-07
-3.158934440326554e-05
3.770222113270429e-05
-5.3807638675882344e-06
-4.634175790702312e-05
8.710906256929563e-06
4.464331920995391e-05
2.3024984526738396e-05
-1.0857269992097372e-05
-3.514851330723933e-05
-7.043104192243124e-06
-4.798401748903566e-05
-3.262043069127103e-05
-2.4473421230359547e-06
-3.8979826392217075e-06
-6.145046212344786e-07
-3.9337711634662324e-05
1.692073591784139e-06
-1.2260307804648206e-05
-3.131116293015679e-05
2.0956411354420755e-05
3.0202347204643657e-05
2.3361074064965074e-05
3.6249626603905615e-06
6.871802977467893e-06
1.1290316404645352e-05
-2.1830720578165854e-05
3.960348784443431e-05
4.026404789526143e-05
-3.3267983635655165e-05
4.824702476645748e-06
-1.801181882748596e-05
1.4332231955311327e-05
3.3789285066207555e-05
2.054332065787741e-05
-2.9935764155200607e-05
4.4094460795263825e-05
4.801279620743361e-05
-1.120277258488923e-06
-4.4290342588952085e-05
-2.864631050137576e-05
-4.321722309889037e-05
-1.1356121754809445e-05
-3.0068595845207014e-05
4.5213210795699766e-05
4.331578128176218e-05
1.2962110173570593e-05
-2.9490615693426117e-05
2.9187079767994873e-05
4.9061676181640286e-06
4.664066493147043e-05
1.4000256275942912e-05
2.0247786449506874e-06
-1.284399861462905e-05
-3.817762696770094e-05
3.953463836288349e-06
-1.195081544025489e-05
4.1182829186369204e-05
-4.305215407483002e-05
3.4773404146260844e-05
-1.0478865875329977e-05
3.5260534932107864e-05
-3.2959036183059445e-05
3.901847789444649e-05
-3.0194870490629966e-05
1.810755013334479e-05
3.5445551061516124e-05
-1.5297016882471725e-05
-3.943137412947753e-05
3.972083653224811e-06
-4.705811930765955e-05
4.3198368222226035e-05
4.0671511003060366e-05
2.8294995846288492e-05
-1.206753323787135e-05
-4.970013801945458e-05
-3.7240698316425284e-05
-1.8454377347146365e-05
3.8884993601496e-05
-7.256113809514621e-06
4.950069969355504e-05
1.829790639056941e-05
2.338300866016839e-05
-2.048726734048999e-05
2.9460176752204994e-05
4.052245105533387e-05
1.1201227943179167e-05
2.034898794863781e-05
-2.1351705381001984e-05
9.01996160241624e-06
-4.4709816973830466e-05
-4.93286120811907e-05
3.423681353158004e-05
-2.171360818482968e-05
2.85130756061394e-05
-4.406466942342334e-05
3.4805960584313592e-06
-2.3718699166263292e-05
3.176717906015122e-05
-3.475765998476416e-05
4.8262070015354164e-05
-1.1853184904668938e-05
1.1278754660970965e-05
-9.402755506335047e-06
-4.9367406645497064e-05
6.242486429459238e-06
-1.1691966264431634e-05
1.2081331197282004e-05
1.7065828585491418e-05
-7.977391840785264e-06
-6.150605891639785e-06
-2.481178843020734e-06
-3.161974033797816e-05
-2.567669513035653e-06
3.18843464720526e-05
-2.819116843809384e-05
1.3876501669422022e-05
4.7915609984441685e-05
4.286396985269255e-06
4.986533313344813e-05
-6.0672843219272365e-06
-4.4525480807656226e-05
-1.8996600501275244e-05
-4.099124697352561e-05
1.8747864555870466e-05
-3.40845039213951e-05
-1.6807198312802788e-05
-3.6868777829218014e-05
-3.1014204119850496e-05
4.135085258368899e-05
-1.810371363393607e-06
-3.660239444269493e-05
6.271415901703906e-06
-2.3734368371968386e-05
-2.151702862850271e-05
-3.3663395017615006e-05
4.424748102091958e-05
1.3493916125242515e-05
-3.306357104614831e-05
1.3924315184022793e-05
2.804471117749218e-05
1.0084465293994517e-05
3.515615156437618e-05
2.4546245448665053e-05
-4.1366936816383714e-05
3.5070180074783435e-05
-4.599560915419817e-05
-3.0180840327642146e-05
-7.99609575086192e-07
3.290122114110694e-05
1.249164984006123e-05
-1.1658781623762895e-05
3.071186662213368e-05
3.121110455414666e-05
1.472557605269037e-05
-4.723015960341368e-06
-2.5655141055978995e-05
2.8912164075973162e-05
4.0862784973202985e-05
-4.5409171063807954e-05
3.515048546999971e-05
-4.767163703883626e-05
-3.8126169504255115e-05
-4.8606305267607445e-06
1.613963856408927e-05
-3.45619817610213e-05
1.0463410420671215e-06
2.809835062347064e-05
-2.8493966540995443e-05
1.8546535614520755e-05
4.925286219989554e-06
-5.681495136505786e-06
-1.608199180481863e-05
4.650733787381718e-05
4.7208228252159326e-05
-1.1164604300917991e-05
3.118509984248698e-05
3.310923961175851e-05
1.74572663396101e-05
-6.722211602377636e-07
-3.485524116191462e-05
1.1854216228830243e-05
3.7442201909337535e-05
-4.901294820505343e-05
-2.6873244387072294e-05
3.1233784745808487e-06
-3.591935773797346e-05
4.2761673283415036e-05
2.1659648316614583e-05
-3.497430300086283e-05
4.543817876225486e-06
1.123167282340026e-05
-1.2703200668829918e-05
-4.960428016372716e-05
-1.3710179697261116e-05
1.6328163387946927e-06
4.294225344623697e-05
2.858097061761228e-05
-2.3599846152425374e-05
1.5803902176325607e-05
-4.88696648504906e-05
-3.1500406596752096e-05
4.1038953011449815e-05
2.506151629911051e-05
-4.36446764424871e-05
-2.135059986354474e-05
-6.72596624178814e-06
-1.827264195540368e-05
-2.126816737104845e-05
2.2177802759297032e-05
1.7136645642910676e-05
-2.4774851210296778e-05
3.57533327113256e-05
2.0147661935009303e-05
1.6156396498779385e-05
-3.6956064910993305e-05
-1.089378971483662e-05
4.079788437722865e-05
6.897039334109732e-06
7.796183340392582e-06
-4.5099269207951046e-05
1.2443617795305787e-06
-3.3851285181304364e-05
2.2846109160196993e-05
1.3168007103276172e-06
8.787695424681642e-06
2.3760637035706463e-05
-3.133455235044387e-05
3.784945963009515e-05
9.16248364597918e-06
-2.618454714452594e-05
4.2485610586781863e-05
-3.119857144210392e-05
-3.973374626727007e-05
-4.851457251929432e-05
1.6897298188467927e-05
1.2521019738976395e-05
4.959406330015302e-05
-4.642088111117673e-07
1.2731680921751611e-06
4.046056633063122e-05
-6.540305978699648e-06
-2.1183011665062393e-06
-3.412065891865845e-05
4.0361541957123644e-07
-2.5116947760367882e-05
-5.534017380709276e-06
2.9996811163608094e-05
2.82828590035992e-05
1.4083136918063327e-05
1.9090032365203374e-05
-3.411027002469912e-05
3.833304545978709e-05
4.320079321784328e-05
3.248700699265429e-06
-2.4446070157085886e-05
-3.010804870564151e-05
4.162006983213154e-05
4.834956082138841e-05
2.8300818080913088e-05
-3.339103346644365e-05
2.4307328022696316e-05
2.6095412122479894e-05
2.7975149044705474e-05
3.555413496551931e-05
3.0578852519376204e-05
-1.3651800647077712e-06
-2.5540059522419968e-05
3.4970395110065114e-05
-1.3166685274906674e-05
8.735196164720227e-06
-2.9059968780459436e-05
-3.778104365900635e-05
-4.767614699661175e-05
-1.4440950823476605e-05
3.571876366042418e-05
1.257545182796049e-05
4.7077014205385515e-05
1.894770131750651e-05
-1.124688794511073e-05
7.941910960646317e-06
-1.5712881892214774e-05
4.329700025739512e-05
-4.615616322992353e-05
3.265838861072539e-05
-4.6439204825485525e-05
-1.6656165573811814e-05
-2.8877960316212572e-05
-1.2773619994159617e-05
-7.777320671403904e-07
3.787231985269313e-05
4.296838618923747e-05
5.251842184219913e-06
3.62558370224439e-05
-3.846358311161204e-05
-1.8085790196963324e-05
-4.949578742044154e-05
-1.69245008003436e-05
-2.9220418186694144e-05
-2.160496539574236e-05
-4.183301922400164e-06
-2.105562449839795e-05
2.6570227418323517e-05
-4.0508619342843415e-05
-4.975129617615213e-05
-1.5203683146488316e-05
3.369781960522262e-05
7.014516347386659e-06
1.1945798174588898e-05
-3.988116957744107e-05
-4.587172408690652e-05
1.9877228449920744e-05
-1.5039521405070191e-05
-4.7001547841934e-05
1.869677042235977e-05
-3.412334941924194e-05
-4.630457367704671e-05
