Simulation Number Dipole.photonEnergy Dipole.numberRays Dipole.sourceWidth Dipole.sourceHeight Dipole.verEbeamDiv
0                     2000                  500000.0              0.01715               0.0024300000000000003 0.81                 
1                     2500                  500000.0              0.01715               0.0024300000000000003 0.81                 
2                     3000                  500000.0              0.01715               0.0024300000000000003 0.81                 
3                     3500                  500000.0              0.01715               0.0024300000000000003 0.81                 
4                     4000                  500000.0              0.01715               0.0024300000000000003 0.81                 
5                     4500                  500000.0              0.01715               0.0024300000000000003 0.81                 
6                     5000                  500000.0              0.01715               0.0024300000000000003 0.81                 
7                     5500                  500000.0              0.01715               0.0024300000000000003 0.81                 
8                     6000                  500000.0              0.01715               0.0024300000000000003 0.81                 
9                     6500                  500000.0              0.01715               0.0024300000000000003 0.81                 
10                    7000                  500000.0              0.01715               0.0024300000000000003 0.81                 
11                    7500                  500000.0              0.01715               0.0024300000000000003 0.81                 
12                    8000                  500000.0              0.01715               0.0024300000000000003 0.81                 
13                    8500                  500000.0              0.01715               0.0024300000000000003 0.81                 
14                    9000                  500000.0              0.01715               0.0024300000000000003 0.81                 
15                    9500                  500000.0              0.01715               0.0024300000000000003 0.81                 
16                    10000                 500000.0              0.01715               0.0024300000000000003 0.81                 
17                    10500                 500000.0              0.01715               0.0024300000000000003 0.81                 
18                    11000                 500000.0              0.01715               0.0024300000000000003 0.81                 
19                    11500                 500000.0              0.01715               0.0024300000000000003 0.81                 
20                    12000                 500000.0              0.01715               0.0024300000000000003 0.81                 
21                    12500                 500000.0              0.01715               0.0024300000000000003 0.81                 
22                    13000                 500000.0              0.01715               0.0024300000000000003 0.81                 
23                    13500                 500000.0              0.01715               0.0024300000000000003 0.81                 
24                    14000                 500000.0              0.01715               0.0024300000000000003 0.81                 
25                    14500                 500000.0              0.01715               0.0024300000000000003 0.81                 
26                    15000                 500000.0              0.01715               0.0024300000000000003 0.81                 
27                    15500                 500000.0              0.01715               0.0024300000000000003 0.81                 
28                    16000                 500000.0              0.01715               0.0024300000000000003 0.81                 
29                    16500                 500000.0              0.01715               0.0024300000000000003 0.81                 
30                    17000                 500000.0              0.01715               0.0024300000000000003 0.81                 
31                    17500                 500000.0              0.01715               0.0024300000000000003 0.81                 
32                    18000                 500000.0              0.01715               0.0024300000000000003 0.81                 
33                    18500                 500000.0              0.01715               0.0024300000000000003 0.81                 
34                    19000                 500000.0              0.01715               0.0024300000000000003 0.81                 
35                    19500                 500000.0              0.01715               0.0024300000000000003 0.81                 
36                    20000                 500000.0              0.01715               0.0024300000000000003 0.81                 
37                    20500                 500000.0              0.01715               0.0024300000000000003 0.81                 
38                    21000                 500000.0              0.01715               0.0024300000000000003 0.81                 
39                    21500                 500000.0              0.01715               0.0024300000000000003 0.81                 
40                    22000                 500000.0              0.01715               0.0024300000000000003 0.81                 
41                    22500                 500000.0              0.01715               0.0024300000000000003 0.81                 
42                    23000                 500000.0              0.01715               0.0024300000000000003 0.81                 
43                    23100                 500000.0              0.01715               0.0024300000000000003 0.81                 
44                    23450                 500000.0              0.01715               0.0024300000000000003 0.81                 
45                    23950                 500000.0              0.01715               0.0024300000000000003 0.81                 
46                    24450                 500000.0              0.01715               0.0024300000000000003 0.81                 
47                    24950                 500000.0              0.01715               0.0024300000000000003 0.81                 
48                    25450                 500000.0              0.01715               0.0024300000000000003 0.81                 
49                    25950                 500000.0              0.01715               0.0024300000000000003 0.81                 
50                    26450                 500000.0              0.01715               0.0024300000000000003 0.81                 
51                    26950                 500000.0              0.01715               0.0024300000000000003 0.81                 
52                    27450                 500000.0              0.01715               0.0024300000000000003 0.81                 
53                    27950                 500000.0              0.01715               0.0024300000000000003 0.81                 
54                    28450                 500000.0              0.01715               0.0024300000000000003 0.81                 
55                    28950                 500000.0              0.01715               0.0024300000000000003 0.81                 
56                    29450                 500000.0              0.01715               0.0024300000000000003 0.81                 
57                    29950                 500000.0              0.01715               0.0024300000000000003 0.81                 
58                    30450                 500000.0              0.01715               0.0024300000000000003 0.81                 
59                    30950                 500000.0              0.01715               0.0024300000000000003 0.81                 
60                    31450                 500000.0              0.01715               0.0024300000000000003 0.81                 
61                    31950                 500000.0              0.01715               0.0024300000000000003 0.81                 
62                    32450                 500000.0              0.01715               0.0024300000000000003 0.81                 
63                    32950                 500000.0              0.01715               0.0024300000000000003 0.81                 
64                    33450                 500000.0              0.01715               0.0024300000000000003 0.81                 
65                    33950                 500000.0              0.01715               0.0024300000000000003 0.81                 
66                    34450                 500000.0              0.01715               0.0024300000000000003 0.81                 
67                    34950                 500000.0              0.01715               0.0024300000000000003 0.81                 
68                    35450                 500000.0              0.01715               0.0024300000000000003 0.81                 
69                    35950                 500000.0              0.01715               0.0024300000000000003 0.81                 
70                    36450                 500000.0              0.01715               0.0024300000000000003 0.81                 
71                    36950                 500000.0              0.01715               0.0024300000000000003 0.81                 
72                    37450                 500000.0              0.01715               0.0024300000000000003 0.81                 
73                    37950                 500000.0              0.01715               0.0024300000000000003 0.81                 
74                    38450                 500000.0              0.01715               0.0024300000000000003 0.81                 
75                    38950                 500000.0              0.01715               0.0024300000000000003 0.81                 
76                    39450                 500000.0              0.01715               0.0024300000000000003 0.81                 
77                    39950                 500000.0              0.01715               0.0024300000000000003 0.81                 
