-0.0004288751189932584
-0.0037905177474397735
0.004072277290361334
0.004980478653047152
-0.0010145328050630157
0.004696985043642145
0.0016474276673212294
-0.0035263395735167704
-0.003890196800313329
-0.00022157290888255316
-0.002611373494312782
-0.004123823482587309
0.0039848036895714775
-0.004886500626265377
0.0018033529053491605
0.0020653500824700678
-0.0036815698227380548
-0.0034050220426982735
0.000962843948312417
-0.003952383172267546
-0.0022712282631141725
-0.0043837512490183025
0.0018155152813517537
-0.0004450683619144783
0.003127563305324501
0.0003080571799486285
6.008469663081918e-05
0.0026161956248905464
0.0005940881571828392
-0.0037128515827136747
0.0004598231936078223
-0.0017572771189850547
-0.0024782511575255073
-0.00042076008484919544
0.003005224421875791
0.00028747087289793596
-0.00033269005296513755
0.0031204205531846973
-0.004034337775571173
-0.002635265421089135
-0.001952873884855795
0.004849349852823239
-0.0021062411616235965
-0.0031540027663759284
0.00025728779512000557
-0.000777214096985418
0.002474336395628148
0.00041308239862240196
-0.002135959433167962
0.001049976478887829
0.0020269827806840487
0.0036366104458753776
0.0004790255172655014
-0.0028834526544476847
0.004240636421447724
0.0007567417901677012
0.0024376409896974096
-0.0021341228180286075
0.004130271869355236
0.004239278853259664
-0.002594476099974493
-0.004771795332366922
-0.004259017514903964
0.00015446210882976222
0.0029019012575406964
-0.001406587215693719
0.00022559744423676555
-0.004867704134726108
-0.0034140171838506154
-0.002567746455052545
-0.0019504012318655186
-0.0026131731571238915
0.0016496870750179714
-0.004953279181419614
0.0008271447443356757
-0.0024701205563431696
0.004245959462491893
0.0032419113105825676
0.0009566239111587381
0.004009823579408726
-0.001969094795492208
0.0016859906973953577
0.0035907073155275115
0.003915656328331346
-0.0008385492231733757
-0.0039311506291220474
-0.0023038442597504405
0.002072189797901909
-0.0022715773825271834
0.0005811003939267048
-0.0028656262521440812
0.0005982371766616191
-0.0026899119204165547
0.0014075712576557577
-0.002423093495173855
-0.002632534846077349
7.306942889862e-05
-0.0012954689926508558
0.0025500197782849917
0.0013713188697456746
0.0036753084654424064
0.0006823486055753366
0.003852473124193098
0.0026874445920070525
0.0042612737469244705
0.0027563709240498724
0.0021364260530057112
-0.0020399431314052706
0.0002891208291307514
0.0014929140388360998
-0.0006485607860272124
0.002198086462881767
-0.00331366995471127
0.0036353874978947943
-0.0003302028153151079
-0.003915565566505257
0.0017957783814674753
-0.0011235594753298815
0.002203370895812783
0.0032667506294632833
0.004359112606323222
-0.001122022356143906
0.0004712408960630141
-0.0018874777641323106
0.00466115177219762
0.001001376286157026
-2.1778541157433176e-05
-0.0013976238397936914
-0.0026083740651775067
-0.0006890849622431337
0.004915253857095662
0.0013951685957200397
0.0007433285649743352
0.0032243312108750652
0.00199201074249336
0.0007274179119449165
-0.0005977079378800413
-0.0026751831142607175
-0.0034486549124737734
0.0009402632327252403
-0.003910032244618952
0.0030208726070608547
0.004845392209045827
0.0026727894085137116
-0.0020531712937102787
-4.611051148568045e-05
0.0036554654749002885
0.0004977947179543299
-0.004867962298583626
-0.0006787464183528281
0.003378622351469857
4.114873028002522e-05
-0.0007966143743880971
-3.521057848903872e-05
-0.0027845443776587453
-0.0022223717686427704
-0.004747728865574772
-0.0016669497486758778
-0.0022305995641166256
-0.0043019775002469856
0.0027030159459828238
0.0010327702428240262
-0.0038257627358999433
0.0009712277183505837
-0.0028586529404942985
-0.001167359468952819
-0.0012251898771781099
0.0044274368631043596
0.003856422807609031
0.001692449942359394
0.0032001843936801293
-0.0005194731409832046
-0.0016848193693233993
-0.0025407285284409233
0.0002619870732929186
0.002478244218254804
-0.0019582120873201958
0.0034123931703620167
-0.00233642317065651
-0.004850271185752641
0.004824009432061173
-0.0034254829602484416
0.00315708324240527
0.002219149429017535
-0.003461708285498883
-0.00038993645038782037
-0.0038761568772214816
2.2382113791007477e-05
0.0006063459165518911
-0.0018430152404026422
0.0009517733491150003
-0.003897929637787785
-0.003690933891244489
-0.00017846988667071136
-0.004370616271018369
0.004362865155888019
-0.0009805806090349787
0.00332589201346799
-0.0008435217622031451
-0.004989063001025941
-0.0023976549894944234
0.0017217005289239936
0.0019170830899194547
-0.0034741587301395684
0.002665213213742435
0.002750764040554573
0.002790185364899319
-0.0008149863964678414
-0.0026170974024974226
-0.0006390567344312535
0.0024824883942144837
-0.0033678122428708037
0.002158348033418127
0.002051453811274284
0.0005891173315025157
0.00011758337545398571
0.004858941044821802
-0.0026787621590699463
0.0010973406331587186
-0.002895678505805035
-0.002550258056433725
0.003593310947950756
-0.004780508729140735
0.0042615427933643995
0.0042003455858628655
0.003507602880216682
-0.0012991459649871486
-0.00034706564534156027
0.004628688544843033
-0.0032005470122878988
-0.0011053781490135395
-0.0013382402092574387
-0.004853887246050189
0.0009416100343341257
-0.0044598964841259005
-0.0036978406243861764
-0.0038433946844153377
0.00358459776839501
0.002039008001644276
-0.0021072019006619824
-0.0002817635270998455
0.0017862623199086207
-0.002317613095033241
-0.0037942427248054823
0.001513367589228984
0.0037386120369834524
0.0017336578867503004
0.0048476178892476246
-0.0008547864291667687
-0.0002747935990335326
-0.00011322864969688737
0.004971517330318367
-0.004944397120287729
0.0020798800911291113
0.0036292027351023963
-0.004134296039266576
-0.0014340261140990962
0.001469615710686393
-0.003015304028816981
0.0022269439885127043
0.003298527879173458
-0.0023853097268237613
0.002458676040322981
0.004701550613011043
-0.0003101471761923925
0.004111756478472512
0.0006490042703325193
0.001552450845006866
0.0015147336819015264
-0.0025200288937867266
0.0018375114307119488
-0.0027822344932408294
-0.0027252563705392565
-0.0008890361102168289
-0.0036835978250922673
-0.0024295019687068497
0.0006598990162429933
0.003088526141732338
0.0006904701034826256
-0.001181701502270972
-2.4405789370554945e-05
0.0035029800374528864
0.0009025032781694422
0.0043574353183116294
0.001958085556439267
5.949241183032285e-05
0.003648413412358521
-0.00385275965945196
0.0021752060567891626
-0.0002438128412472762
0.0026652158846269466
-0.0007530197918997139
0.0048746893765077804
-0.0038101716696793356
-0.0026269795449369517
0.00160402839837521
-0.0016631479571786512
-0.0007002884715693967
0.0015986190915730511
0.0031145875249364964
-0.002075704172797315
0.004020445070532965
0.0017461355353796922
0.0005121744486162819
-0.00408444127941795
0.0016931175743224846
-0.004603892471190987
-0.0006842987271396513
0.0019326404667913046
0.0032366531547062547
0.004894420664379866
-0.004953339420668391
0.0003327904454838637
-0.00273859190940827
0.004473056397838766
0.0002876987145997191
-0.002190699312969553
0.002063076147569512
-0.00015692523324630468
-0.002964835086987797
0.0036579111195383903
-0.0005143596794855952
0.0008899524959092254
0.0028080464138789327
0.0044679463064612466
-0.004358039854490204
-0.003910060803929643
0.0007947447714968412
-0.0025538160057012394
0.004680027367837109
-0.0009680155224306665
0.004067519847869562
0.0035523350225585776
-5.9331569296379276e-05
-0.004436138091796803
-0.003955939030830822
0.0008541187579062196
-0.0016969179125635582
0.0030354549603789508
-0.0014003381580821417
-0.0002644087572617323
0.002929460035719883
0.0014588641454068097
-0.0017608922474305032
0.0012195277007276484
0.0009596716888881918
0.0040093541788197755
0.0006096922800704315
0.004581273228058516
-0.004376319414106151
-0.0016001366695951435
0.004042844343341367
-0.002678843070242637
0.003086262663772107
0.0006950868966937593
0.0019367140440154822
-0.004666239970293902
-0.002814432792230015
-0.004931108441217794
0.003841915695748447
-0.0008673669615906097
0.004383204304748276
-0.003970394363302978
0.003664266783806095
0.0035711413583044234
0.002906141230547753
-0.00011612198164016006
-0.0017100451978913824
0.0014233480030548893
0.0017220601318001924
-0.0037135428039314243
-0.0010252349846500567
0.0018008722537824727
-0.00366148678108171
-2.688177666947296e-05
-0.0005307420899444493
-0.0028551211927039756
0.0035499737484016606
-0.004461599910898891
0.0014730012543667645
-0.0008053953621939428
-0.00444673792840474
0.004541788473596928
0.003456613704217398
0.0003891158411559589
-0.004972608902392146
-0.004228527609678715
0.0039875118498470625
-0.004297880010525394
0.00028496690072273966
0.004765079664617491
-3.5480806342707075e-05
-0.0028505252792598848
0.0005543588811956239
0.0002412287006179712
-0.004545224872549611
0.00488956246826294
0.0014289675898644947
0.0041993896920700475
0.004040505749240327
-0.0038334908547428574
0.0025845586572880346
-0.004887733370304224
-0.0006290220060630536
-0.00022667561098388845
0.0014656656008567989
0.004990585061219961
0.0021099931570432344
0.001910152832764694
0.0035480059954555434
-0.0020784446779995593
0.0023850925496452634
-0.0005337965750232213
-0.004201699790713665
0.0014163617525624573
0.0027014993931118577
-2.997928980149993e-06
-0.0010414839836231761
0.003664997748502679
-0.0047080962950680795
0.0026862527513503475
-0.002068338812051892
0.0010509531069381262
0.004299783131530209
0.004058780143472179
0.003020759567515242
-0.0016720103088920723
0.0006615607642079533
-0.002302123688720411
-0.0028467956641645797
-0.0015864285131827228
0.0032885229819502515
0.0016886399601460681
0.003855044506257856
-0.002518373272946287
0.0009227877855586116
-0.0011966520831212125
0.004870249850796856
-0.004443066275121234
0.004171429106015299
0.0018664746971975054
-0.0006740984708644981
-0.004133250609534531
-0.0007571110195230667
-0.0007701223717850991
0.0045638464058212645
0.0040652204089401305
0.003565736083556822
-0.0013562203042113384
-0.0025983318113755394
-0.0013040938545649241
0.0036820353986587425
-0.003853178068314556
0.0013837490498013316
0.0007841028745760401
0.003400301403383086
0.002808790899667862
-0.00032038389686560136
-0.0033674967121894803
-0.001342574706188824
0.003198969965762977
-0.0017114739349527908
-0.00015338200900311908
0.004139675662470252
0.003911055502855078
0.003961921153688908
0.0008198226548449981
-0.0015166588642233692
-0.004424737043541952
0.0034123136601795995
-0.0011682929144483678
0.0031260330860289802
0.001973203202563282
-0.0018217087783315954
0.0020567219657037818
0.0048493960981182615
0.0006528213804919761
0.0032389266531613484
0.0027271733914420258
-0.0013579677383416576
0.003756488819561259
-0.0024624795578241498
-0.0007111117750270993
0.0014801523702377044
-0.002399496434972226
0.004006991619263981
0.0033559899979337575
0.0023231257314986088
0.004788811705015948
-0.0012404135610324662
0.0020560720138564437
0.004580988652847965
-0.0002610656684149436
0.004060111652400142
-0.0035732577221988583
0.0030368893761098152
-0.0031506634910601393
0.002576420253510049
-0.004762585878290683
-0.0023678233022585427
0.0035622514159322103
0.001353498219852524
-0.0001553304320282044
-0.001990671355962099
0.0032853753268398496
-0.0030678347945289875
-0.00039730319997916246
0.002313313729867327
-0.002864269622458877
-0.003753812313502097
0.00161646679781408
-0.0047233869596315595
-0.003015587662261978
0.004123079355344553
0.0040738436492570645
-0.002034943921077823
-0.002539723813046424
0.0013245190044903887
-0.002468815772097488
-0.0013413743992090978
0.002454029187059223
-0.00025198429065254307
0.0005692566703482818
-0.001531885933517452
0.0008009908446073959
0.0002938303196226887
-0.0022232276958731156
0.0015277069930923447
-0.002736052374803688
0.0014754757391700034
-0.002974471455042034
-0.0010461395121865802
0.0032865542730485713
0.001043323439394346
0.004901326799014683
0.0007731632743945803
-0.00021342226568435083
-0.0017438117207794301
0.0016014553700164566
-0.0029638673470851274
-0.0023301454475107477
0.002809954929933526
0.0010484901374446286
0.003863167509223108
0.000606993745182716
-0.003887653762007677
0.00025387368290186695
0.0025107397283924597
-0.003074696224051765
0.0020304882885964328
-0.0013875613713899624
0.00244150975011483
0.002461711922281419
-0.0042119909043400105
0.0010808105121385874
-0.0034643191523723313
-0.001728352392701501
-0.0006166257796222799
0.002177619157814916
0.0035419469332212813
0.002280981628514294
-0.004984065660093011
-0.004710675585263668
-0.0019264696083163692
-0.0012751499806414792
0.002707299265974722
-0.004196231030044149
0.002679968104841969
-0.003836144223883984
0.00277332246997656
0.0026670670757287162
0.004950110958875984
0.004898714962185626
0.0019965987701291987
-0.001369164071070227
-0.002824847844294973
0.0037729699768857825
-0.0021158158600770973
0.0018920838090770572
-0.0009446413903625118
-0.0019694025795489846
0.00303679373624455
-0.0016630534771019832
0.004086862143778572
-0.0025044645702702053
0.0005882771432097304
-0.0005564211991021372
0.002290488906365457
-0.0005681472764395637
-0.004517585731656295
0.003768205239817037
-0.00014138172731346411
-0.004354789866298973
-0.0036436904081586655
-0.0047674138881239605
0.0030647547085411236
-0.004201735832471218
-0.0025724149732427337
-0.004763963862295284
0.0007160544471956909
0.0037960115200981704
-0.004845159140548785
0.0011682647484107756
-0.0012927698225189475
-0.0023994733213127486
-0.004859357092999758
0.0011836864319697592
0.004301402305745918
-0.003247474270315831
0.0020950309434951808
-0.0011615388195498422
0.0007602090121412476
0.0020539783918660784
-0.002610552038472854
-0.0028080012835501565
0.004527693743985578
0.004645337301823702
-0.0009254644718738577
0.003789818797872797
-0.0012222487840380038
0.004931474647227545
0.001462806768042415
0.0028203262892437094
0.0024202324780780923
0.0025226829600947763
-0.0038090141671921975
-0.0013998795041619805
-0.00026621148656701815
0.0031110319673125853
-0.001013239039081154
-0.003375722276466828
0.0003260605681421379
-0.0021462641785754077
-0.0012552747004609434
0.0002647189491044267
-0.0008485579339900986
0.00018779855226880738
0.0022300760241752114
-0.003686167683510935
-0.002913676523019477
-0.0038951425697203532
0.0041351073314105655
-0.0031508541464105944
-0.00435267572895854
0.004564175361221918
-0.004453002285235462
0.0021831833668407895
0.0004093677243366019
0.0023300888095556752
0.004378385616074162
0.0006306471589689342
0.004120459881970943
0.0032361999106061924
-0.004097924868548767
0.0010980203641109574
-0.004875422304028835
0.00042413737276626555
0.0029624615579242923
0.0021107661809392376
-0.0047189360833988616
-0.004086960811249095
0.0024958916224359267
0.0028700469640813965
-0.004195878732413311
-0.0008316096786283346
-0.0037077664767611665
-0.0018407890055007823
-0.0018618745352572776
-0.0021670685588155627
0.00012402627984509085
0.001019860353851535
0.002846899046207549
0.0038417981068773295
0.0026105273497998736
-0.0007559227470546317
-0.0033772936922493225
-0.0013358238021637004
-0.0029495376445134005
0.0022618270151148192
-0.0018037284497819071
0.0007977267257632701
-0.0011015283781802576
0.0010843313803587905
-0.0045398771697428356
0.003050507140396776
0.004927286151939819
0.0006007731567115281
0.0007628451209821642
0.004949020661475674
0.0007522844950943854
0.0031177918135096077
0.001826096942801475
0.002496160887653847
-0.0018937903183249248
-0.0008710229027179394
-0.0003723482601857139
0.0011150632595711947
0.0020890622926853985
-0.0038775971802719545
-0.0028230772909426196
-0.00352592973248526
-0.004386089359237732
0.0001568807062484797
-0.0042101051238064196
0.002684019187622535
0.003422512102837015
-0.002153127834301727
-0.0010911251800987606
-0.0028566179657359505
0.00039752529436450686
0.0036883927505372794
0.0030827947024598653
0.003431774777953928
-0.0009076256633117853
0.0016583618453404527
-0.003076420667545049
-0.0014182369090673776
-0.003849016634829422
-0.004225158394199973
-0.0034148114788654406
0.004553230791868063
0.0038691837866359933
-0.0037937976221252613
0.0019548592464104933
-0.004465473970917431
-0.0037709321744402455
0.0013731097626817615
0.004529722944361324
0.0021779040617572873
-0.0014319142656756979
-0.0014444783058426792
-0.0033135450257212153
0.0007196029333853826
0.004522077771244107
0.004229749289321335
-0.0037925154168331797
-0.0031163112595000053
0.0019144488060182487
-0.0033397388699050413
-0.004013150924210923
-0.004081605093443764
-0.000128752072899657
-0.004230656728789463
-0.004535512694599457
-0.0010792738060416765
0.0037557891724858206
-0.0037064880875200957
7.239659991822335e-05
0.004490636821060244
0.0011920395087133143
-0.0019817187486396073
-0.004031058661553035
-0.004815359614047704
0.0035196384758916883
0.0018106438041392055
0.004311135883353711
-0.001150836077015833
-0.0009104620177971109
0.0028372169138642335
-0.0018797211561176743
0.0010468162790522786
0.00482470353778476
-0.0031146373595665323
-0.002029637503633346
0.00017433752864471318
0.003461948170078325
0.00042107340864627404
0.0019035896249092864
0.0023070733355841123
0.0037479992889736828
0.0020565383107945005
0.0015162245727186859
0.002188455285030211
0.0022365736454960502
0.004188364715565013
-0.002771798579363902
0.0020129493183469564
0.002344787545006297
0.0035011991632599047
-0.0024339071277038795
0.0022932389727031675
0.002019999714267401
0.000310284239779861
0.0041482123780357165
0.004689754156899686
0.0036643934373118752
0.001051332334317626
0.0023077108590951953
-0.002558159260468772
0.0014788056781176182
-0.0032290952214970737
1.4239936371804839e-05
-0.00022299489715259333
-0.004073199322958345
0.0037519163914246827
0.004751752464748737
0.0009810223441765274
0.001865088893152348
-0.0011914113951069518
0.004992531885146639
0.0017693552638073772
0.004832724653539196
0.004173871971212423
-0.0014806244627143948
0.0008531584004746965
0.0028397720561731442
-0.0015251973136684717
-0.0039091848380580965
0.002010116665194064
-0.002358163693233857
-0.004010013499644494
-0.0013713054281356708
-0.004476800248713553
0.0014421346483229971
-0.0017054893870298692
0.0007533109264798834
-0.0014985178758315687
0.0039528226440278666
0.002628800185340891
0.003132541276897571
-0.0039496175185314685
-0.0039260489798944795
0.0011504774852877297
0.0018905724074936413
0.004745226583748519
0.0027041913556330836
-0.0035252810830470275
0.0006367065901523791
-0.0038657202089843416
0.0008776076167972095
0.0038149632729464105
0.00011281393935683864
-0.0004928569537603665
-0.0022193053190836644
0.002305392498674226
-0.004570169195935135
0.00273765540449342
-0.00025580174426231405
0.0029115632542763585
-0.004047868259228959
-3.617631824216847e-05
0.00030921163024059603
-0.00390595407281221
-0.004151510677573759
-0.0002528442780927644
0.0030214198519157255
-0.0042905243550930275
0.0041427172197468715
0.0026837770445922804
0.0034152975400665734
0.004971760798747011
-0.0020119136294527063
0.002892138283822769
0.0023427826276414846
-0.003211176228168541
-0.003363317835297246
-0.0048669363338115414
-0.0010426456140757564
0.0005440902681642865
-0.002527838189514058
0.0009091210849169595
-0.004204288908195408
0.00462391162521309
0.0032352933815126507
-0.0011293887790975697
-0.000802251060880479
-0.001423204835625731
-0.004179411068635143
0.0005894629287814734
0.0010018964181223635
-0.004125479107810025
-0.0012560319089680826
-0.002642580518218707
0.003435371819504404
0.0027183183712108875
0.0044702437771098015
0.003485155397152501
-0.002135739063818426
0.004319235701761864
0.0025437527633822964
0.0002546536608541263
0.0011774126980988878
-0.0003088759742840789
0.0029279170768128073
-0.0014620576750519
-0.003649410279516675
-0.004905217076648308
-0.00010800386266644063
-0.0020904134147369012
-0.0025219325599216
-0.004683579484286881
0.0011378771518861146
-0.0011517905511442906
0.00043598488033976066
0.004624539178243239
0.0032884134513685758
-0.001516793360562826
-0.001236272955797747
0.003983253041294102
0.002260932148040058
0.0043673141611356115
0.004182108870881993
-0.001664355234287007
-0.0043385977192032426
0.002208420805610266
-0.00385993748958973
-0.00024520952613160934
-0.0014492088349508168
-0.0037345591409670706
0.004622694563855961
-0.002309978577812265
-0.0008277990853456547
-0.002529850780610896
-0.004046405041299624
0.004336758999884358
0.004928755402068846
0.0025060036033971653
0.003343642570125301
0.004633038342029415
-0.0012263244503066483
-0.004478164116393016
-0.0015641771018147653
0.0020062323535081274
-0.004661154910550533
0.0030566240651851246
-0.0014453038364924974
0.0005288289943562174
0.0038068802913395388
0.003982839240886409
0.004784970009837799
0.0007046603885648576
0.004999820540667345
0.0003826066734570095
0.0027303308128449654
0.0010937756524324735
0.003014991634325029
0.0029716327428784975
0.0011767388342532005
0.0011103273171411202
-0.0026002025128339656
0.004532136247062476
-0.0021878442050061743
0.0012287701839656887
-0.0004813766870946897
0.0006585516566932573
-0.00375407588654889
0.0032396658829020224
0.004295167559008718
0.001716546212692612
-0.0024466730604361976
0.000714273134807375
-0.0033368656016462186
0.004477079868274627
-0.0020647215640855355
0.0013153104033757565
-0.0007144079908949948
-0.004628028201890141
0.0038753670309448355
-0.004338213109255219
9.76740169532312e-05
9.429856613494408e-05
0.002397579574002026
-0.00034295890876868355
0.0030591285799604134
0.0011752900260855069
-0.0004239884391628
0.004742185107280065
0.0008715734739903327
0.0029474331575227346
-0.0033907571146826153
0.000416003809394749
0.0012041599922659706
-0.0022791538334150795
0.0005041558539367798
0.0014610573702625836
-0.003858971669598368
0.000313857411134281
0.0008377705712680995
0.00306060260412921
-0.0017303005544296178
-0.0024371733601175638
-0.004940357448238888
0.0013866794672053647
-0.0021318376148733342
0.004550194542980185
-0.0012162157374416018
-0.0032401551969770707
0.003142204480676632
0.0014331096691653682
-0.004230079290538281
-0.004361291863168422
-0.001876571712528472
0.0038086044039961743
0.0026565483098351713
-0.003050197218062578
-0.004354817996801223
0.00126288666186579
-0.0005042312816483097
0.0034755479406941856
-0.0022444375061315934
