-0.0015604994280747249
-0.019689833516517177
0.026083464698252352
-0.020185652085503908
-0.014284174388583832
-0.010251621802029407
-0.007682239136947849
0.011958695923510003
0.00021171305768225013
-0.005204668531930055
-0.025554356537191927
-0.022663515206892682
-0.024389421264096364
0.0024179618659595156
0.027902681222867792
0.012855469562200121
-0.02679063618431797
-0.025770218012629815
0.02813396500815052
0.01669811354962991
-0.01039705086179658
-0.021906930723961132
-0.000698369931086313
-0.02576227897986854
-0.007102287878763883
0.01850389944968065
-0.006911294171140111
0.014400572848391302
-0.008110010316360959
0.0019498509132965247
-0.022610278584387404
0.023174523034350226
-0.003088966977036176
0.02136473334286084
-0.020356187785372445
0.009605185146984413
-0.00774974591289233
-0.024121758079000775
0.0035974093408281047
0.0032639469462165185
-0.00940987698024669
0.029778863506305542
-0.023276190133962975
-0.022737265894689766
0.027785346033832488
0.0011749874081168343
-0.029029736121055957
0.010349264301524053
-0.02466577096568301
-0.0257262173296655
-0.009971720061905963
-0.021236920358281328
-0.005692884135205061
0.022822146794416583
0.012683272244982238
-0.0161876325058343
0.006276758130408476
0.029242950050889276
-0.012215124844804973
0.02427071657997648
0.022845928787832363
-0.0013084254902579681
-0.021767726668794327
0.026955084131384727
-0.005224536337998666
-0.02759458226609294
-0.0015199811177824957
-0.007246897132132224
0.014672965180298522
0.022479766700740436
0.008047468787264755
0.002225231215058382
-0.01079813721270165
0.01766201473224409
0.009292340252473621
0.007886515342014969
-0.02802951458949944
-0.026983092813757485
-0.017292001846371398
0.0017161098224696275
0.0015167499554959163
-0.015495977423455345
0.0002309754789707949
0.00781560425615866
-0.005873856263512282
0.016437738120794576
-0.02422957955220008
0.001177948367394318
0.005706870494558966
-0.027409839738969526
-0.01692860981332167
-0.027303168181234336
-0.028491876120932593
0.020724803453494436
-0.0022763596319006624
-0.01944036170353825
0.022523394587713713
-0.014528832396881115
-0.0019269077504523134
-0.0009445758684889227
0.01046693115119448
0.008914418895567808
-0.020863889893994618
-0.015803551571797372
0.021230262827344207
-0.012022768652635435
-0.01954140129133903
-0.006008907564403254
-0.001922836539912983
-0.009615151312714
-0.014228129865764858
0.00281131155552819
-0.029518799914926643
0.015330023811869022
0.02094410449377839
0.006938738423256582
0.012800661070773843
-0.026672979498892406
-0.019456951953349084
-0.023345034369055676
0.022198760761574524
-0.01759026300410533
-0.012607089915091515
-0.024684707876246745
-0.009026432359288024
0.021812498064784094
0.014642148632121467
-0.0159120008472943
0.009034619581762902
-0.019053145958587654
0.009387169409749999
-0.009592371662790259
-0.01937446885060523
-0.023253306748542635
-0.007111591437656453
-0.023973768794337262
0.024650094859112667
0.0171527817525464
0.022226191231447347
-0.021266633595158152
0.019045779541084946
-0.01180827263708627
-0.0018497874666548383
-0.02457503538480965
0.014961309491724382
-0.027872591443131783
0.01998357212937893
-0.028774325311867452
-0.0245129694702113
-0.018910042251796357
-0.003949324870030774
-0.006882635143865862
0.015378356238596451
0.02699569324089962
-0.011846148082368349
-0.029552201734008673
-0.011945251338224435
0.022526661338138305
0.010400891136171528
0.012954645396904385
0.017023473688602117
-0.019426945748696786
0.027720436704082883
0.00833435390742926
-0.0021502891864664496
-0.01648199193533867
0.002073275365592965
0.006770390593684721
-0.017527341527118594
-0.027932141709627625
0.011126922777439228
-0.003742022704734088
0.00434824460858934
-0.02832531770432984
-0.006428833029239328
0.02926814707271646
0.002188684364283232
0.01781211810215287
0.0066517396390232825
0.008328729004175257
0.02838867149498915
-0.027122206107896854
0.012090157708904238
-0.004616670249474392
-0.013531961991275588
-0.022704569930543803
-0.015652416042825093
0.02840595099339649
-0.018237007341134308
0.02397696160092929
0.0281052722171955
0.00692467254037582
0.013099467287640894
-0.0015411684664546899
-0.014581110953816707
0.00014279927298206305
0.008811886180329472
0.0238370183633606
-0.013507716875112177
-0.015519337341924504
0.0026373042111013517
0.029396427234332993
-0.008245557659453659
0.02594080230070203
0.0158752378566146
0.026962605094195617
-0.02041186730290284
-0.00872892057068424
0.0007712887125197812
0.02454559730771485
0.02416512817674668
0.02673973153971118
0.02912262604452919
-0.005850404702413884
0.024942222646243732
0.027122261089160653
-0.010473611961460426
-0.020170859730048937
0.01075540114436381
0.026212594621508017
-0.009732919574850861
-0.0018595825709454526
0.021624496332813645
-0.009699030793143278
0.029477139826387957
0.004023192951450753
-0.010580494811255621
0.020181437469205595
0.01707135175566303
0.01195615556134369
0.025054012325456336
-0.007622530139614933
0.0010302854794213973
-0.0027209104104314423
0.018025119174965777
0.006163168231967518
0.016289309892613887
-0.02432680372807142
0.027921485986322638
-0.010189512338352608
-0.006806236268930496
-0.02233112408601061
0.008043915567512813
0.028865294385512157
0.015573650662830653
-0.013659164315424441
-0.014038713230346927
-0.028119305397744366
-0.024568943525045864
0.00641923471007292
-0.009301196462855127
-0.01485639436163605
0.02117650758449443
0.004216248196634208
-0.007784890475613773
-0.026243613284490992
-0.018629311989217186
-0.0016416083742939735
-0.0023889449255953613
0.007458903023502134
-0.001891193589465684
-0.015447418547565697
-0.02040036521657653
-0.007124782112149147
-0.014204735758221537
-0.021759793047976095
-0.02123036687917414
-0.0023102238849077583
-0.006102835399315165
-0.027729338593215195
0.015521683469091309
0.006875055745606623
0.02356211744732413
0.008559373244354018
0.015765680908267132
0.0039013006789720486
-0.009574691335887522
0.00421510723438704
0.026357804593319045
-0.01953066669150348
-0.0006179469823626264
0.024055827131886746
0.01264114507119908
-0.02527725492985814
-0.005205173597986577
-0.025496168030317318
-0.01693706082296509
-0.027983108667630027
-0.012265629746801246
-0.021323766824694716
-0.0034856664132660864
-0.0210114829191215
-0.013705120607010967
0.018184848309925228
-0.027022946590788542
0.026344829590323457
0.017210202626879167
-0.015125862363545005
-0.02143590435181104
-0.011332586698292294
-0.024394662205197905
0.027615244346654265
0.007197215957066197
0.0038168849119848067
0.029635898265666268
-0.01018870519526759
0.021060813321367007
-0.014599768478574839
0.026178689310585916
-0.027268896821085433
-0.011701129148414147
-0.010161016752764283
-0.009936627657118665
-0.02533563184365311
-0.02542501097023856
0.02470131905280922
-0.009467539917903622
-0.014166909248505943
-0.007762805319246564
0.023454801622572637
-0.0029058058103323924
0.02673431146289533
0.007605463600398467
0.0001773545815528521
-0.0001989214017809847
0.024526979152381966
0.0030758571264326295
0.02049616165721039
0.028939881044877408
-0.010697581655226097
-0.018423434994664742
-0.01575520861165669
-0.011747067208103455
0.0009977008311047274
-0.01541186516567431
0.003371054179452021
0.021180455195706438
0.024207251568728744
-0.009364987049613444
-0.025242922635992558
-0.008364163779846202
-0.0037877693090199553
0.018446253648608864
0.015783829690869118
0.003021437354737734
-0.0030333599221998957
-0.011127485224519205
-0.025923492781792193
-0.026179019773672412
-0.02657071860441255
0.0023319417427689684
0.017196864014215885
-0.00658087459725893
-0.02253442311593715
-0.014233088186187258
-0.015320243629620922
-0.0197681198038749
0.02257168364687713
0.0265768915273058
-0.01643664126038702
-0.0158011446216857
0.01474303725872323
-0.02995474670893028
0.022473465907444888
0.01264420058935331
0.0016038732548921686
-0.02039987554042924
-0.009368006648077208
-0.02553671525117994
0.023592853213681153
0.01392476712703547
-0.007443357070798396
-0.017321569126313514
0.006464068566646747
0.01601758600057878
-0.007092368961905186
0.02772368095272751
0.014496643506374751
-0.027941572145686162
0.0014239417947001579
0.02370849293449432
-0.029359353458538066
-0.017849862467328732
0.003816361557486471
-0.0140752124886817
-0.00806841167360696
-0.0069218983759207035
-0.02339722829264764
0.013058118452111418
0.023236295778122203
0.026070409588402725
0.01387282739631443
-0.026494491862531604
-0.004053173839017734
-0.022809324977668
-0.0023059788065166627
0.017557285120295807
0.017311901516711636
0.020485902973624362
0.021423364727414025
-0.024251457918246115
-0.010626135578490157
0.029979178604247578
0.00040675442524350583
-0.022190735069249977
0.021846744560218102
0.01033922230463405
0.010549419624336705
0.007527697184658538
0.01417001121534215
-0.01142179573581878
0.008341101031212897
-0.006443490607383841
-0.0007660102113279249
0.016570790807258783
-0.0030371896133027654
-0.012518892157734374
-0.006816626987074449
-0.010088717598048837
0.02439863619689832
-0.015376594053740244
-0.004913384209721417
-0.026231339551170508
-0.005820372301005156
-0.025076223497148064
-0.022865703147181664
-0.020031876036171854
-0.02659195898939524
0.018362389084421962
0.003220580381285462
-0.010692518521175857
-0.007666340554536227
0.01849907073424189
-0.02660754928167373
-0.0010727353846195394
0.01415112898860018
0.021598270789690642
0.0034261444713245617
-0.010259616114960207
0.003586398886054082
0.015311156329842326
0.02341873228101187
-0.0033310146097467047
-0.026230009617034384
0.020696540912524458
0.01445446689253152
0.003349393584113916
-0.01535916403366326
-0.016117174082254083
0.023780963026455146
0.012422482194649635
-0.021205032906106577
-0.012858824575118086
-0.020553409773677256
-0.02862988065454246
-0.002891631495505101
-0.028554447956545582
0.025876327811205524
-0.01971640732884225
0.013015037592082078
-0.013290888029791628
-0.011132640546039747
0.010156587452946605
-0.01652944698466342
0.024271376832816688
-0.004269375937272148
0.01260385531117688
0.013887355668748678
0.005393783810426787
-0.021632833332650918
0.01676119714075648
-0.004762947678596571
-0.028799205988623025
0.00594954129623998
0.02723302274263746
0.00314320274629986
-0.0037052208567078353
-0.02126408181449875
-0.003363261227735833
0.02885050501358588
0.025982833598816535
0.00816646880740049
0.022052702965047716
-0.026248408709969535
-0.00036169377700798894
0.006699630504195225
-0.004803885737626756
-0.029080429097947422
0.020099090956925615
-0.0028057380328901857
0.01598377755420677
-0.0014032281233920668
-0.012626261534245061
-0.013801513896941925
0.02056076823550069
0.026287585767929333
0.02840784961624638
-0.021436181363526846
-0.007329681976092163
0.012244014081571428
0.027656735826377767
-0.016574961380416114
-0.01020373813108967
0.026881134284936256
0.015842718185336294
0.02124349517690268
0.0014814731319143584
0.025168754699537298
-0.0176728780240683
0.00584462430498444
-0.005054344617864082
-0.02946641896414939
0.005395227218838408
-0.019007676947098547
-0.023705246909931532
-0.01974827877513005
0.014253301913252817
0.023593860018940767
0.02913507784728553
-0.00562649345266672
-0.003484926351071286
0.01869403625844042
0.010104282628812404
-0.01641585318773893
-0.010982334559736292
0.02940736995070218
-0.027101303024887814
0.023793059617926576
0.01925324515154176
0.0247622401325844
0.012179213732185182
0.02321023936851741
-0.019707590574633484
-0.021113644636707042
0.022753867067599333
-0.026877426712907906
0.01179102367456887
0.014004483133184385
0.014124261289324466
-0.013002996944183793
-0.01818379060490733
0.017419900578392877
-0.021868867618312544
0.009473304713891545
-0.011794146851063076
-0.028080820124767262
-0.02099162926740501
0.007141596329868445
-0.02330585531054773
0.025645176303927222
0.02742605206054849
-0.014014746739850564
-0.009943888769045138
0.01822192406130023
0.02927865761701503
-0.0010582571012258853
0.022593611674863782
-0.008947385174020404
0.008320011083679114
0.016165462220466817
0.012432124193633286
-0.024251438499502315
0.0034899119864110137
-0.017811583848580927
0.010913261786322681
-0.010079559556305805
-0.014877040159612468
-0.029571096531983025
-0.027819840660268078
0.022783612469847808
-0.021767609729732865
0.017145663752750978
0.01948322357324203
-0.02533988339005413
-0.011341633166532309
0.02447064145308079
-0.02195322237949472
0.01982809279642872
-1.2203962044331912e-05
0.018362795283920895
-0.009838000065203505
0.013702553441196766
0.025196936848611552
0.026110329817448083
0.00817635014434153
-0.002042710618849891
-0.02187615837034456
0.02696684060884444
0.009356939463117595
-0.0035532312734002335
0.012514225814520344
-0.016166331550254077
-0.00025115748479100086
-0.01943577823616214
-0.013948618967398619
0.014929211237260175
0.007720582504640257
0.01672753918082636
-0.01244451383446274
-0.0035684840971149795
-0.0077877668192856755
-0.010976933714156843
0.028469301040850034
0.007077612227477124
0.026524494056917744
0.009601572077768517
0.004907509170164692
0.0009139593771372197
0.005714991481555062
-0.024028351057861472
-0.01892694798412673
0.004841481818587734
-0.024496351876225637
0.005671822993915561
0.006895274118149726
0.007184090009485798
-0.001378055406685147
-0.024258989988600807
0.007948671827256545
0.003656491155011342
0.023902120649264808
0.0022118520545755874
0.01545527192640251
-0.013202695934970622
0.019531073324625496
0.028123195343274662
-0.012775225087413172
0.00651233456882027
-0.02692775718592446
0.015936518261981572
0.01685633086724167
-0.027038944566191894
-0.005117284747434229
0.009888945127157343
-0.009192410346597474
-0.02370013293387285
-0.016957334113486888
-0.008627607943560423
0.014610711066154553
0.018846890931538712
0.02100414878966391
-0.01638776941444721
-0.007881613652296521
0.020082166525213503
-0.020868485972427214
-0.005974348139976021
-0.021431488425846835
0.02733546779865042
-0.019744417574263415
0.01881302653442333
-0.020449117505181264
-0.016818703752559148
-0.021327251150671536
0.025577382188742705
0.027129501163257852
0.014866725078867521
0.029138499710414545
0.024134182903121866
-0.027452058603127223
0.01636960612551648
0.0006245376423892751
-0.024102533066472427
-0.02002464454028105
0.006833652075284226
-0.02736086051860523
0.009415205221641285
-0.029427467497280077
-0.020226561970210437
0.01792310478686516
0.008536042615262432
-0.012545235515501331
-0.011166580859847269
-0.02046401810985923
0.004676024569912812
-0.018061438607523142
-0.008990432640344818
-0.005021215370720658
0.02496899255190449
0.004363790273252108
0.016689084451194762
-0.02007090163060185
0.027274055688498326
0.016725481520076038
-0.009530326399714354
0.02082632274714053
-0.014197722942789846
-0.007664336220329186
0.016914507283737515
0.0026857401863667543
0.026233377969013476
-0.011647386979220659
0.02467962894136471
0.010942348038035364
0.02203414470498588
0.013772517416543416
-0.017076426602850428
-0.01945218233922128
0.006299299439922253
-0.025134636181699564
-0.012118971903380807
-0.017519883725704243
0.019131109856560358
0.01749316140480344
0.02035253933773712
0.0258149370234894
0.028932101739382876
-0.009189006228667987
0.0066288669908698
0.01442221727444079
-0.005449324871709859
0.003838570694997802
0.029906726635855585
-0.006678552236764973
0.022922325917602064
0.006409762992122751
0.00794085176056248
-0.007594162232910175
0.007081795681382556
0.021900336748512272
0.028559968717938748
0.0029345382896232702
0.027892744414816734
-0.0030016245923787724
-0.0006328665203013811
-0.023482778208944295
-0.028043189229325232
0.02757292045994461
-0.016593789353532833
-0.028252836390464983
-0.003046222540532738
0.01980595391934835
0.005482518500519444
-0.02529250501060728
0.028871569729580236
-0.010371352483037569
0.008952307026213344
0.024913304410219855
-0.005867720329667366
0.012458827324462629
-0.016012001468894352
0.020772263885905237
-0.004389772521843419
0.01120953656335947
0.022543763718626014
-0.004211866014355369
0.012650979860413351
-0.0037342267893986023
-0.010311361007902083
0.023085268915071497
-0.012617193670866028
-0.026650804426150334
0.014311046299690766
0.011889543749315133
-0.025051375631679893
0.015066807049550164
0.0035158627909111367
0.0005485661111434281
-0.025574309018121258
-0.019640860809311347
0.025160876178715028
0.028377371794966605
-0.02850742685242521
-0.015631570062499323
0.003017473501636614
-0.025576758925444695
-0.01794640951113232
0.00042600662387454885
-0.013836032860354959
-0.017043780016548733
-0.010582498916826194
0.02968549406193287
0.02744591557244401
0.021043520783122438
0.005446697545384543
0.01451046234133109
0.006190734834354117
0.003842996709292952
-0.01542401907340548
0.024762147267488495
0.007413328412027707
-0.016782471945961046
-0.008154548014137883
0.005784174865717723
0.006913750613913784
-0.003924671885579226
-0.005225347698600814
-0.010856755095627502
0.012008278495794486
0.027812001155430387
-0.022843111203428055
-0.022398269012764843
-0.01858743595540477
0.010753998407270537
0.028362891017720805
0.0010928329122719127
0.015078211145456391
-0.025347169594198096
-0.010868651158357497
-0.02280679430198481
-0.005818013505034903
-0.005365261878215795
-0.007260420166669949
-0.01051339590505624
-0.025356655524916213
-0.014888340199217042
-0.02694045280939121
-0.005635989299370082
0.021635916682074825
0.011308780694565222
-0.0008835495220690798
-0.028618930317921478
-0.011361026273853866
0.015028071159976411
0.029426278283852157
0.001900922607405979
-0.006652098851160904
0.009599046866420928
-0.0051348747861272165
0.02980212174068174
-0.020885224999409875
-0.015725821528568194
0.008667266296532618
0.016335178498995566
-0.0249731331531424
-0.01567756433394688
0.005030431809793387
-0.01668653817760178
-0.015026050004744608
-0.026864042138692725
0.023572483378662433
0.007203705692164018
-0.010335031262098955
0.006133465136965298
0.02240866052624163
0.026797428100978418
-0.017478731085496767
-0.017232249303102867
-0.025758086471836236
-0.0014037814698676342
0.021711841159929537
0.016161272969601792
-0.010046324112198472
0.02614876139241519
-0.0007985162077062125
0.013722586461242435
0.011012347450237527
0.01868706594784217
-0.007146618842225082
-0.026922114580505068
0.019273268868246145
-0.017744942970156222
-0.029281745323318068
0.029461242454660197
0.0024952839259656315
-0.0071813579034120355
-0.01585404625067731
0.009142866199548481
0.0036589264798289264
0.012940102952437783
-0.01141790209888724
-0.02695950121596861
0.005879875248685183
-0.00555933455352613
-0.024795255367252498
-0.002784037786847871
-0.004499888619045232
-0.01645425321318352
-0.007292030933421605
0.026214211631507278
0.013529603556242789
0.02477394530921672
-0.017765959250306933
0.010914448521342435
-0.007913897914650827
0.004496121824708509
0.005264013002880277
0.011061212977061814
-0.0005424895751953117
0.020039272066994747
-0.01616151747384685
0.012746365471383275
-0.02979800797118931
0.0013091881814953008
0.015868649645379825
-0.0212280935010915
-0.007325782557963515
-0.017250894968336317
-0.02146556246172595
-0.006494761953474093
0.021258701498733407
0.007224769361370294
0.016174443284886333
0.02720783833647851
0.02080746395005087
-0.016821989276403042
0.024590684454844566
-0.004597068411662495
0.005677761145206198
0.02467177569453903
0.017587843447021835
0.021043353340244604
0.026526269610369274
0.018476147638952806
0.0267423505926093
0.002973707806049504
-0.02920588696393573
0.013370706827273073
-0.022444127696870028
-0.005331362716725182
-0.018134474078164573
-0.012330811492068848
0.010749896781681832
-0.029064599696375048
-0.020800613821407417
-0.0223212439017457
-0.0023001236584557806
-0.01991494406407775
0.022186411553595783
-0.02475173953307483
-0.0013411803010350692
0.011873996702795445
-0.029061205464457635
0.027686169994197332
-0.023407559527337248
0.01859879564347708
0.012863818260948102
-0.006478727098807875
-0.02981590224943441
0.008271205647703783
0.0007486399053404751
-0.02095390282442449
-0.01402221822822168
-0.00691003046710276
-0.0298954269511263
0.011422764381127583
0.008169994533341503
-0.004925450219288995
-0.020052009411292274
0.014096005924517707
-0.018631386432441565
-0.005316895127517218
-0.029228312140985344
0.020668927628611236
0.00037497547085853233
0.009524292372858886
0.015635149340368908
-0.005391448801006199
0.021577518631007292
-0.005891229064900531
0.02505358913760492
0.016311125060752066
-0.01202613090005241
0.018755626797221432
-0.013596751101181786
0.02289901412957049
-0.013597822180740963
0.018814698694194235
-0.013688657453516058
0.012572796708548863
-0.021652063904444355
-0.006789612332269934
-0.017202734209846686
0.0162554039577483
-0.02833525294850775
0.021784697227227034
0.004543991976949449
-4.46040631505093e-05
0.008435081987156146
0.013584539106733642
0.02829780326160422
0.024028850884759582
-0.003489569593178053
0.013575092953775118
-0.0021187816447853225
0.022681492887056766
-0.029647007528846404
0.005748180416484408
-0.017609157068750384
0.010311310923229941
-0.00044601588713099466
-0.016127083527195503
0.016164711990430625
0.012014914179433116
0.01434086922601769
-0.021952012962889855
-0.012699287387553215
0.004727042070588758
-0.02086855291485163
0.015174512623423085
-0.026897392449139627
0.00850073075627332
-0.02570180975250038
-0.023314022684153692
-0.026213766904690357
0.028153692974983137
-0.022123295852301005
0.02396248792988779
0.005236268146104707
-0.029149504313536304
-0.025300888551603732
