0.00695691290515444
-0.005102299686429258
0.01278357049396997
0.010294839879609954
-0.018432464870676943
0.026637461661681343
-0.012764154006074238
-0.00804152965011604
-0.021980128544161086
-0.026337261216917953
-0.02584469530204226
0.01598283936624633
-0.0093780675298966
0.012348210051150804
-0.010205013936772325
0.007318041908571049
0.029740940036628888
0.005336711467450246
0.023905590823295346
0.0017135479354245045
0.026399873600487248
-0.010121843794689132
-0.028564340899100187
0.0018490156415713124
0.004817118645001735
0.016656611642386097
0.004162559526761887
-0.020221830607750704
0.008512969320075357
-0.011385858560869835
-0.028656899340273864
-0.004495736957365458
-0.009684384372248288
0.025130228016816844
0.0072815187925369534
0.0004466871110595412
-0.005224789843415029
-0.022867614672110348
0.004736354764735148
0.009653522986915797
0.02508201911292287
0.016402775547309914
0.019936453648056164
0.012448502786163329
0.021187468587843622
-0.010596539357418014
-0.014033092426643957
-0.023035167401027908
0.016383722094701923
0.007134750089581275
-0.011517496515346733
0.016009958480008593
-0.0056439422908742196
0.027865452693033983
0.022597590392505355
0.02606948445636647
0.008503867790971821
0.007819856266471338
0.010546599300070701
0.02936989199331711
-0.008249399644055074
-0.02904549166765343
-0.013442365731006784
-0.022196940479328808
-0.02694272379726789
0.011656676651421435
0.008554563248482923
-0.008018774331985314
0.00837457530140625
-0.012337126011046223
0.009158285360730066
0.007692705642147003
0.028983339758673433
0.005220565634456817
-0.014394393227335014
-0.003323843832711979
0.004325743646916756
-0.02401665382788673
-0.0035076781134122832
-0.022662968501500187
-0.02043956778872607
0.0183635812547059
0.026303889579099238
0.011528146466633228
0.000941297478726174
-0.019314446987316963
-0.021147100207479154
0.02834114647697958
0.020279173773143346
0.004442739677495859
0.0020910661743594947
0.014913050269779918
-0.005701318427526553
-0.012564979041707388
-0.0073391605899598734
0.026980087004601326
0.029749225438787268
-0.015575680207349143
0.00157474996117353
0.024146477939277627
0.02532546621958979
-0.005324364392670856
0.02787777031028632
-0.004204224506495564
0.008439704250334766
0.0120097939186384
-0.013169584364194742
-0.019460242474800264
-0.00974447382973381
0.014255513777356309
0.011951768261349978
0.0067484241396483305
0.0016197615720462202
-0.006393792804592097
0.020086376382767106
0.02980699653898758
-0.018576045080843942
-0.013692674513854367
0.012440012834816466
-0.005553488434544812
0.003253087201062467
-0.019749553407534412
-0.021903242479678793
0.005153993159043316
-0.022681277176471733
-0.021871676955580545
-0.010756092934671484
0.006039648559741102
0.01075079730870928
-0.016047211749026326
-0.02386945872990801
-0.006169418435279753
0.000781856917598401
0.007366246830230752
0.020466078592374752
-0.009674947016605508
0.020479527583474343
-0.029402618158173254
0.01991586256459401
0.003971620980164625
0.019342119314637543
0.015550808536798313
-0.014280185891278909
0.013828777146420917
0.015769821469817757
0.02671621331310558
-0.014127423589302045
-0.004807949439275823
-0.029978960145471963
-0.021483888275967138
0.007313629544763181
0.0241987269866029
-0.025425343794523665
0.0263999777644539
-0.015334463329384894
0.022477148123144705
-0.017037255537498554
-0.02747826013937594
-0.01658363999899045
-0.0005701140292358187
-0.004378809143587403
-0.018277997469646902
-0.0001812484333922719
0.004957759068167769
-0.003896611908006463
0.006274313049535692
0.001592614944264159
-0.008320981852380682
-0.015161284296041477
0.016903555185704335
0.004930681575574407
0.023175296853008218
-0.014994226257093022
0.028789823574896838
0.006977594078198257
0.019446327746342404
-0.019653014041813244
0.005827851357969274
-0.02916063588942764
0.017725931696928918
-0.01652493159109674
0.004000261028560964
-0.02111916553686541
-0.005367336386360513
-0.0078408699271885
0.01557513635758264
0.027745426854651693
0.024689711380771896
0.02217909583871131
-0.027040099771646644
-0.006881667815692841
0.00954864875274266
-0.02772049568325392
-0.023663428496512783
-0.013544274403594132
-0.027383737486808318
0.009494974851544102
0.026539872197459777
-0.024104465475559885
0.0035568580981297296
-0.004767548825606344
0.01947444603138849
-0.002470744811023516
-0.011616830127514268
0.004977054824508713
0.0028602948319324875
0.024328870193361538
-0.028522478162548718
0.0025180497980526254
-0.005705719616386985
0.0017644982775636558
-0.015916774813497733
0.008777285636718951
-0.012553201962752877
-0.028726291950619612
-0.029221443319746156
0.0182494379319533
0.017960122480760052
0.00652085262281301
-0.0057352105810598575
0.02617003306637223
-0.01222064771947855
-0.006760129006984618
-0.02241053350215589
0.025319525594284145
-0.006791002687865002
-0.008567843196758317
0.02354731326159401
0.000801503068908669
-0.022486134698706542
-0.013151836108075299
-0.02519159105710445
-0.008896875628346929
-0.003541609687037612
0.019143566310828662
-0.02143923443793893
0.025830566901677614
0.01518425577700698
-0.014928705778697452
-0.01792685280445093
0.01696356712712866
0.0036009307447998976
0.004526595593578084
0.00423224308602952
-0.02909331413498688
0.025815203051489398
-0.0008193389484396525
0.014020727031323912
0.024611772666804095
-0.02019584770588554
-0.012938091398663799
-0.020604267616282534
-0.008767777719167938
0.028894823316767022
-0.014168735848058871
-0.004657650601564721
-0.013027467262865449
0.016667884542631982
-0.02337385953723724
0.02036482629393921
-0.01880509225896962
0.017437235076715067
-0.009159705766275218
0.004612588959885179
0.01664349280731809
0.008497392459344631
0.013228886693039975
-0.02515379402363536
-0.012764130973598565
-0.012325389091926073
-0.011174426829491647
0.02536570519382262
0.02689077790242239
-0.0235319428199475
-0.0037217740278227343
0.011789270304189643
-0.013562989855758885
-0.0038484901226800497
0.01650686930119253
-0.014382113033736491
0.022147027490162646
-0.02000730363773493
0.003504178922159068
-0.0013601146515383328
0.00038963890620829014
0.009604996137974518
-0.01287893826330529
-0.027988716800203373
-0.0070839576148237285
0.02919585569975479
-0.012052639909064595
-0.00727344803409136
-0.01915100494063142
0.01519765551382253
0.009587396201743266
-0.012278271250696911
-0.0031544101241240616
-0.002072232879440583
-0.0010684537951328003
0.019274543553348747
0.020950057350491456
0.01916937437492653
-0.013339072543568583
0.02008938573417049
0.018712061467549737
-0.000768230923300469
-0.0022911381318850774
-0.024506669333989758
0.01186062242674156
0.02918137000736954
-0.010184192902477216
-0.0181439726973587
-0.0033929828865180423
0.025457801019814125
0.019222528089610953
-0.021594041905031943
0.02782017822814846
0.005070337745292426
-0.017721137877063985
0.02698809782128584
0.0012729563097013535
-0.0213802272841462
0.02954800796210602
-0.003152401155121474
-0.014771662861557901
0.02537682018115702
0.01568599428577995
0.0293086167681079
0.028127559848435603
0.026499232797081516
-0.0018211528798596568
0.013832110610454924
-0.01861472518559145
0.001203811188352305
0.027580318147381842
-0.004259107068622026
-0.0015790556440627955
-0.0051386569408094045
0.006347359503301314
-0.0074947281413333434
-0.006390743725844444
0.0016094794416336017
0.008386978983295663
0.004494772274842719
-0.022349644885642044
0.016251186269394327
0.02494782078166506
-0.011978425258640613
0.00200904394089986
-0.004820277070221309
0.017420841625810563
-0.015020253435283777
0.01984043872922811
-0.018459204804529027
0.014146707390032993
0.004671054785374239
0.02904823967784475
0.016272196165893614
-0.0037794746138556726
-0.012746508055441644
-0.013172492624933346
0.026933691203508706
0.024243941188983653
0.02091246779665698
-0.020743092933400122
0.020686588770047712
0.023286938513838902
-0.0274387811667758
0.02106111782088583
0.0009681749447589608
-0.004881038482916215
-0.023015597334665853
0.029626668825103446
0.008634639038194357
0.012925695419650836
-0.0031974798903922318
-0.012180857567124777
-0.02407529283749015
-0.01789394221127536
0.02689360009373703
-0.020989629861755683
-0.018183455417392337
-0.01672351624011855
-0.022192811019826356
0.0009110364358327315
0.01743546673545688
0.014872521692324482
-0.0013245251351070055
0.01406216541348649
0.02976403354685086
0.02213163144108355
0.0035578041190687873
0.003640200192138905
0.01057956613400822
-0.0026205625573866576
-0.020794040709324536
-0.013193761775817079
0.020351689329595676
0.007064344243703252
0.005776718121941284
-0.000805976095602904
-0.010936847602479337
0.028890163470310377
0.022205594566463448
0.007906765640674641
0.002211890334505834
-0.027047488100083183
-0.018323622662346935
0.02139722341777508
-0.007824405374035424
-0.009307913253576251
0.00042153902926549483
0.02742835625413529
-0.008195198004720228
-0.004981151904889878
0.01435388375269888
-0.004058866868952526
-0.029633097162062267
-0.0150777080319346
0.018071038270274745
0.016529641355624708
0.01137618830027299
-0.028551708253527493
0.018032826121376452
0.02475140256501803
-0.0035734719594656406
-0.02813640413413313
0.029893777432446686
0.004741446323106052
0.014883899608674561
-0.025581546927377494
-0.002769152853579041
0.01733559870262845
0.0005041168329776823
-0.009548620516368008
-0.007974811035317393
0.023311556595079802
0.006199243544740864
0.025514744512817593
0.023316317587790854
-0.00677734895286216
0.023267230071453385
0.02505878137613586
-0.014785968766933003
-0.016071526384946706
0.021321215265527424
0.015545182826006178
-0.027540092536602265
-0.010534043766409634
0.024848954190164092
-0.015860819583153888
0.005471927589089251
-0.015363013583737834
0.02177921655888533
-0.025870023616053985
-0.0027288659938576147
0.0064094958980710215
-0.02948240110545394
0.02598388032620607
0.027772588948603544
0.004392992259041981
-0.025591472447863643
0.029999898642878192
0.02962187839149314
-0.02719441460999721
-0.021672150780063563
0.018008466105065735
0.0027750132676472514
-0.004346908061697682
0.008137060576504887
0.009844999095873844
-0.021948053840775784
-0.026658109911673895
-0.021999485524724013
0.004249789825088925
-0.0027333014651395975
-0.026689217294971146
-0.020024264581967467
0.002697394586749946
-0.02424029787676385
-0.009259778433820861
0.015976096886279947
0.011959578582427487
0.023018547366332097
-0.004799844818582401
0.002272301446681148
0.009266029419373434
0.02393848225851341
0.011819981503563982
0.01825256192926096
0.010867372377017001
-0.018245966150087275
0.02166544277508404
0.02228254966222222
0.007225051083782998
0.0027538275999900302
-0.007645200812898448
0.023953719053744278
0.007728056304249699
0.00601657206219261
-0.016588895193994882
0.021326767366179535
-0.005850653195580546
-0.014109730596111678
0.015538393191630584
0.0033467195197781213
-0.029908716391672092
0.027808868708062227
-0.028794321838850397
-0.029556422876822
0.017526964807735558
-0.012335141567356812
-0.008667676765078122
0.014974015475161279
-0.0033322410824483187
-0.004920654743696656
-0.021988108138504114
-0.01099363722132668
-0.010999573831618356
-0.02828176396531482
0.0009162611719533177
-0.012042653372617122
-0.005123432816185672
0.010377136918597159
-0.01750055833726334
-0.029431960058092406
0.025442786759705793
-0.028098092862799625
-0.013355426793229638
-0.017866226012175045
0.013402749865391812
-0.01502687908747565
-0.0012007268144011186
0.0016013334301859736
0.0262799019045638
0.02528015865412482
0.0011305437181271423
0.02038608103575111
0.007233460461605279
0.015295128581442344
-0.029732954922658823
-0.0018831568515538903
0.01618329250532769
-0.00420884496027801
0.016733449726825375
-0.019736685497448562
0.017841161509632865
-0.028141553272995102
-0.027949596035275567
0.0026840799969614984
0.022558043992679556
0.0023109548596563223
0.013466639137753332
0.02768631896605018
-0.020968741909796213
0.027916516038014844
-0.028838120235444374
0.008735651841641955
-0.01861270530752169
-0.006539855900549507
0.027807639238659226
7.086442002326651e-05
-5.72415517720859e-05
0.010516922647096298
0.02273680228732168
0.02112186136728867
0.006857011458666823
-0.010877001666222533
0.021070316769689006
0.027050936900098112
-0.028282101371510993
-0.00857610308288102
-0.008260306489895525
-0.021264853952139978
-0.013651976698787528
-0.029443604194680388
0.015315081186779766
-0.001223560471156824
0.0007755091287604925
0.013550666955316877
-0.008438602244605568
0.022016974646445545
0.017191421393082273
-0.014431290371964748
-0.01303471031203015
-0.02473149953823485
0.004374013435520949
0.017692828498842676
-0.011565055022625614
0.0028047185629648877
-0.023527057041735733
-0.009672306154031099
-0.012862998186719581
-0.0048040281367907195
-0.003702460739861281
0.026876063946427525
0.022797341724069893
-0.02849340852614514
0.015960209847158804
0.01333649270083588
0.021573309017131517
-0.020283199592633198
-0.0054107995107898765
-0.029513968036410026
0.023464359806757623
0.019235460389034238
0.029654482021184925
0.005706971407870971
-0.008429205952593336
-0.007486831535682133
-0.02579753696253242
0.02106639402003606
-0.018225661811474253
-0.02220078962270608
0.018446378235826302
0.012236468793219851
0.025243803105045183
0.0026035249591828194
-0.0005722482006378649
0.005426831386300755
-0.008468107028422645
0.008489954926897761
0.014408362643070369
-0.027683178493754897
-0.018994924689148415
0.027522716700262066
0.012229441747104185
0.016186287747666304
0.00047852013718319847
-0.01616874521942662
-0.01859024128921238
-0.01370927801851855
0.0035209497466987885
-0.0070861280750591435
0.028891020333931573
-0.0004846294780550091
0.015993492301443077
0.02822629531507076
0.019933205397419967
0.010724578626564285
-0.01094101284197016
-0.006370900310371613
0.0035027990720004967
0.018625902352381332
-0.0049776899831159675
-0.02534748611827075
0.006761423349065834
0.0029229891324088347
0.00032708961748679
-0.01830868031299693
-0.0038359809138470043
0.027008248017410405
0.0051890139976495525
0.022357815463396775
-0.02919880657041963
0.018634127979598188
-0.0035624083842004765
0.026355545918427092
0.02524392746951651
-0.02464674422078911
0.014881809028049836
-0.004223019235283322
0.0017523417094170157
0.024031448016067
0.008646211542412595
-0.006908440480851031
-0.021528150387435444
0.0020653441108654247
-0.022830915700645507
-0.028248598085038115
0.007590841986557385
-0.003550839473282604
0.00823942904537233
-0.004979332553619313
-0.010980977804118663
-0.022093487028055362
0.02554100928076042
-0.023083755490518887
-0.024203790813594327
-0.005413821570898376
0.013703765458885811
0.019550202032577076
-0.013008502398719451
0.027868846256593693
0.0016317336362380863
0.020335770846877634
0.020070012741082527
-0.023610847045219388
0.0167545712833237
0.018171443984046465
-0.0213880806190737
-0.004033590196334605
-0.01605893013002266
-0.007329764265110776
0.006572370367460285
-0.019804486786972893
0.003522502801421544
0.029358017478534684
0.005796809805181692
-0.023543441540914874
0.0069427849698610045
0.021124283677933384
0.02154446817327406
0.00768841058718326
0.004894547224104977
0.02559585325899589
-0.011221123170690857
0.0037456369117419702
0.0242854520856184
0.0006389701979713121
-0.019314541680909018
-0.026018042563393608
-0.0023724565853389945
-0.016623407708284254
-0.003470212820782935
0.011561198351321245
-0.014034407612196396
-0.004117080481030527
0.018557460267371165
0.023136259489984018
-0.02505834180008578
0.01989434316837603
0.009071212879269888
-0.019639210616470268
0.009577197877314016
-0.012902046239097683
0.025716538944077827
0.0002627455351472477
-0.011051057775085457
-0.0005950002904493851
0.007814554385248237
0.0063497274537468035
0.01943269794030017
-0.013165464374220618
-0.013231173786918283
0.014901184166741278
-0.028578790497234535
0.02645320475750801
0.027144040781467565
-0.025896816765381213
0.017414184307568303
0.022993731827372625
-0.015675426433624656
-0.0007094890683054488
-0.017212719504349085
-0.014643961049302998
0.026076834326311193
-0.008481194581489371
0.007101767707909885
-0.01907215347120447
-0.013569456070853293
0.025650505233138617
-0.02485575108843338
0.00117031558603203
-0.017092751186644245
-0.02870850354116126
-0.024837663977296507
-0.0011066285367503995
-0.009677387338601174
-0.024588128065331328
0.026709593918016826
-0.001641700265052462
0.01810129420500981
0.011204351287853707
-0.008892504062619835
-0.004525734648553784
0.02467381452179202
0.02329571286431787
-0.029351562149727436
0.010309050550822166
0.01152184133928192
-0.014702007312828468
-0.023036512990438136
-0.001057444274789713
0.015139910016402275
-0.025605311718876162
-0.014955466191225595
0.008561432146027712
0.0011182496508735894
0.009906043357600286
0.008910218644956155
-0.01979275845192902
0.02082260042804903
0.029930370883623596
0.023551724665703412
0.001242017323371973
-0.020360019284862377
-0.010997031948205144
-0.01551109306022411
-0.022668415047480545
0.02783831340437204
0.026981786648048137
0.020875379912628327
0.01409803453276217
0.029665595956200184
0.0031488565157862317
0.02121401125238815
0.001404948431533791
-0.023222458824401753
0.023800823741337233
-0.021996339610189243
0.008536730088541632
0.01765030705507071
-0.0012100606887646276
-0.028343789967456862
0.012676654918537818
0.02813392340802353
-0.02056871814442597
-0.013072577630049084
-0.008231799088882923
0.0011077135022550776
-0.015224930091738515
0.018647205207640488
-0.005355717635396363
-0.016051182628245494
0.009564949240071369
-0.008914052168658742
0.011241826927635215
0.02556016972292842
-0.008172955230740832
0.007259567216049735
0.014622432864918246
0.019108970165164392
0.014561178821941953
-0.007747633911635056
-0.015006734355116501
-0.004384770983895198
-0.02980296821735121
-0.00934862188946754
-0.009921048855967458
0.005503643284463983
-0.029624186195824125
-0.029286321767454358
0.02396128509923373
0.022216318964619577
0.029293138717170576
-0.008878215617004852
-0.028913732743141716
-0.001308583919256548
-0.006950921590105456
0.01716041024097257
-0.028587548125446307
-0.02926438729503231
-0.025086626509782925
-0.010981136201715709
-0.021376961853506793
-0.02630307536338213
0.014866575542968663
-0.027315976433576163
0.004399736998409114
-0.029554879509180718
-0.009317325318765491
0.01197367470170381
-0.027573828741118776
0.009693955100145833
0.01062578230872082
-0.011210064195696989
0.00988987198064148
-0.02903439742413035
-0.02896382364789965
0.019778584112474996
0.0017530338977233412
-0.007769263260334142
-0.014893656399571967
-0.023170372890560394
0.02580020055513279
0.005947420713259814
0.016131913153737742
-0.0009685580916900423
0.012448602701483888
0.0004883416034011864
0.008854580779158593
-0.025189633909063404
-0.014402403705787999
-0.022842675419196212
0.027491750388091186
-0.02970986119324091
-0.013023648816009262
0.010598465017849126
-0.023385495875482484
0.0299430376115429
-0.013237171278408476
0.027554248136090552
0.02860468188249564
-0.006659558716065713
0.004424165171745868
-0.021099075515593445
-0.012521788901650798
0.009434019173259096
-0.010253042689704374
0.026867716500753508
0.01341173252766574
0.00029870002283642616
0.020195411296108697
0.0025100848800275466
-0.01302661096854714
0.025700818777099517
0.014131858314010662
-0.003811729207343694
-0.0028022935832707034
-0.015007388888272997
-0.02645583121773132
-0.021189759428720367
0.011120237660334376
-0.0009697227732461816
0.017305047892892375
0.01350229011307396
0.01689201630800974
-0.0071487273598086695
0.026761307823186406
-0.0036232700666693277
0.016087476395077342
0.01706425836654174
0.001508418124043856
0.012610105453679216
0.023819054706124457
-0.0032072861017387808
0.0006879025834614673
-0.029623170758876285
0.014359634962024734
-0.019291076102702434
-0.01320417660426227
-0.025256635859171737
0.006752541792850945
-0.02438052212779056
-0.022737473010392653
0.01929819688697773
0.02376083956018788
0.006590542394184072
0.020161058006757403
0.02993553895575768
0.005185377013245812
-0.009314359779230959
0.01838078259301086
0.0024740499728243964
-0.009901499961095125
-0.01637797016440586
-0.01998062286664059
0.014724935640849826
-0.006459527759014504
0.004256930138954319
-0.00929491891251686
-0.011131407007883967
-0.005749390202039632
0.014585942941100459
-0.010717095287207462
-0.00638404422213
-0.009282062488972773
0.028313110614661963
0.006248615361470533
0.009132972508333642
-0.022073328475689956
0.02976625741273769
-0.02806296775369424
0.001646237903805789
-0.016763590794452252
0.0017343237919602225
0.01597309041857474
0.003691987078093477
-0.022129349484762
0.02394878468652368
0.00354299538837749
-0.010728951275801153
0.007590514474537208
-0.018258190122145527
-0.025981705449642564
0.009743486674535742
0.009567455498402051
-0.02689078834908302
-0.009973984769266166
-0.0003915156398040312
-0.009421840506636345
-0.0015988801561530042
-0.008896677204463653
-0.011892801555459336
-0.024224629247834254
0.011367716382830698
-0.023029954409126925
-0.00030255001920809904
0.0024785628270721227
0.008756712215959604
-0.007684234865211144
0.021117403746128312
-0.01349587637141305
0.0071386883123136305
0.005886055216798004
0.019030594508825265
-0.024267356876759922
0.01718552568969442
0.028897966375327273
0.014630623226447391
0.028332584381041324
0.01445865618814525
0.005932888374264075
0.002713398477121369
0.013512911478717735
0.004625607888552659
0.015278729213839687
-0.014428259456510752
0.00481234998712278
