0.0038210540241050478
-0.0001719500971529113
0.0042194595915280115
0.0015467777636597587
-0.0036554496533516036
-0.001768197016599885
-0.002896453390798601
-9.230611662033525e-05
-3.6181527582446193e-05
0.003566167631577394
-0.0004765845649886977
0.0015618171386566513
0.0020917655655959396
0.0034544559654057323
-0.0023922663959315004
-0.0031389649859061165
-0.004355566510552708
0.0029957388840214953
-0.0005419864825032183
-0.0016273809542998265
0.0007385355721715716
-0.0036456151415630847
0.004666491494758553
0.002209179599527802
0.0030613862530574814
0.0029116020679430072
0.0041506744568069074
-0.0030376994546144264
0.0018005741421861033
0.0031246451235922663
-0.004198747386232195
0.003044553797446535
-0.002729935972145555
-0.0015204644128897892
-0.004243316486408429
-0.003025122512984572
-0.0014982579922557838
0.002104677200717821
-0.004241353616308753
0.0039395234697978425
-0.0015406933963595893
-0.004709521515845015
0.004065225193445901
0.0006764740656917045
0.004765025480404877
-0.002147738008326584
-0.0018716357431459861
-0.0024365698755839183
0.002796463093165511
-0.00443109191485677
-0.002239651876299217
-0.004426280794208917
-0.0024096055483391133
-0.0018135774426120276
-0.0039854895768632465
-0.004077286864628489
0.004036630135848291
0.003979703912864281
0.004242269978256454
-0.0012489338859014375
0.003721160663562606
-0.004533553991080637
-0.003949617666802325
0.0032062635401290803
0.001631466018153501
0.00041095727178477957
-0.002873546823726476
0.004975762641240431
-0.003956723447757722
-0.0010950521556665383
0.002978419488353025
0.0022819872056170165
0.0013632163467017424
-0.0011162519862310638
-0.0018107696030463306
-0.0012708295613012757
0.0023479214442767102
-0.0010348858676558327
-0.0029564340931239443
0.003444959530871635
0.00104627757127395
-0.0003132660090610362
-0.0014683728640614568
0.0018233818749610635
0.004714477449764771
-0.0022936812431043263
-0.001623676921735462
0.0027982943896611625
0.003224249717516457
0.0020924233291505466
-0.004876873130209985
-0.0010876250067094664
0.004944138638363319
-0.001526685341425661
-0.003963980380671071
-0.0007630179444183295
0.004851107908989447
0.0005004289799081319
0.004017791888072894
0.0016203769306926286
0.0028117389363273224
0.00442773744540883
0.002088168945075095
-0.0019336037664998218
0.0046817550508402245
-0.003463206494643498
0.0005013118105033328
0.000414797776804224
-0.001241664349069158
0.0006047863767773727
0.003190964711008988
0.004475366811720787
0.0013864870071737378
0.003432632850766149
0.0020145149740563454
0.002714906907611607
-0.002209869422028754
0.003275646763880151
0.0009857840581213766
-0.0002335704621884583
-0.001078480277936604
0.0012721545348623065
-0.0038514198649797025
0.003336784419044842
-0.0020026019939626692
0.002173443388037868
0.003981157753473743
0.0007091847760903212
-0.0021998609008054802
-0.003835060108585712
0.0027057007053798397
0.0030722115212695736
-0.004575563879065367
-0.004694812282859099
-0.0031902791248259945
0.0017360756086427283
-0.0013200458385870827
-0.00397863166106082
0.0009443011341783124
0.0033314884976805145
0.0005271937450957711
-0.004959460158545695
0.003268344541770403
-0.0029560499223599767
-0.0014453380343945198
-0.002566177954013662
-0.0028468675401035395
0.0015864547142906875
0.0021218358988323712
0.00043569170714631827
0.0029017282500582884
0.004038112088949914
0.004462067971445038
-0.0027079863818512484
-0.003946887377282769
0.0016537997248650838
-0.0019765002368158846
-0.0012214983056263186
0.0020494562801395286
-0.0015290021893050133
0.0019245767970740065
0.0008456926003063536
-0.0008379751846871678
0.003531017078507376
0.0004232798801663872
0.002419336549480397
-0.0010113442201540755
0.0030608998459822198
-0.00462915433989499
0.0014773828751595362
-6.508459466507497e-05
-0.003045986202391959
0.0024614904615826846
-0.0016949492546449274
0.0032355007003478714
-0.002003675169633461
-0.00023892138628425676
0.0008014474097067636
0.0010466863730279729
-0.0038620863548219234
0.00027605584150935426
-0.004223670644733605
0.0008686433917266022
-0.0033028955615552746
-0.004606123983258057
-0.0013260648666028876
0.004929122149307957
0.00030998464143169435
-0.004220333336450653
0.0002930500527261303
0.002411604859945472
0.004796370575770435
0.004016850783026312
-0.0004960490667923721
-0.002384701366922717
0.0003486375612176259
0.004666302669676078
-0.0020565567976585774
0.0013508571858627154
-0.000908407612944884
-0.0020273104438272137
-0.0031175779701865013
-0.004319050350998843
0.004216453367068882
0.0006353272174011446
-0.0007092011281101783
-0.0026460363491763663
-0.0014787055216073253
-0.0008572762822885672
-0.004380200514073434
0.00021270664283866338
-0.0006209177644946129
-0.0008042301969944732
0.0012244303965684537
-0.004968120069305868
0.0030799671205674296
0.00366942022128658
-0.003639654183269624
-0.0021276678671873993
-0.0042257356391942795
-0.0038959364542544015
-0.0014984381619935127
0.0035100765806808437
-0.003726122411139581
0.0042475776354264924
0.004823019804938994
0.004323384658741789
-0.0008785870025929581
-0.004076898002357158
0.004722752406659913
-0.004823194389155638
0.0005757521381208001
0.0032406431151461605
0.001145914662637344
-0.003996276954944147
0.002409020784383497
-0.00021608464691790646
-0.0011317507857607069
0.0011555576960527282
0.003657206828530658
0.0005672459677054974
-0.003987120451091615
0.0006238213732189914
0.0034487816334991843
-0.0002680468661139246
-0.0031472537225436105
0.0007498068706984651
0.0011950540323966688
0.0033388631624257153
-0.0006679209621919917
-0.00016723035992872917
0.0008930678745930594
0.0021910166406472727
0.0016221079905537443
0.003743690985953517
-0.0003485106088709118
0.0006325350381446828
0.0008942985653316894
-0.001088926953115024
-0.0001909622223407858
-0.0019423558163748369
-0.0035123901173026465
-1.3073891725858683e-05
-0.00473777055337682
0.004350255442028065
-0.0006986834615706258
-0.0015556976570929902
-0.0037622711725305113
0.0021629915287028293
-0.001435457923937916
0.00291620641459863
0.00257806256000541
-0.004857656622057351
-0.0023968046594386393
-0.003341637758170558
0.003987750855875403
0.004534628323876677
-0.004049949616909806
0.0016800002391638511
-0.0020376305927255257
0.0004511590691093966
-0.0037833781367378116
-0.003390895662447293
-0.0012212539493938433
-0.0007496089013394281
0.0017126465594123038
-0.004451727602629305
-0.0025843272381448536
-0.000153211745463332
0.0027027340965493085
0.001594382887611291
0.0041023146947488575
-0.002917705734471746
0.004879252144186119
-0.004160919342469739
-0.0020303190337252566
-0.003943454237286275
7.638833063561019e-05
0.0016857539856018943
-0.00037090640017667636
0.00024824775525813646
-0.004453102830663865
-0.0024433256473927333
-0.004904629642881096
-0.004300698438944793
0.004955508310134822
-0.002051653925734586
-0.0029042345585184883
0.0031115943025192437
-0.0007271958260902647
-0.00028252806793643576
0.0043815529659876245
0.0004153593994788759
-0.0021806262380039887
0.00046259699286735085
0.0030474490805684493
0.0012006356013803303
0.0026663265500754523
0.004170315713669467
0.002926912106059539
0.0037253142669619226
0.0007377632763453327
0.004439749471692229
0.0033152798598499013
0.0017229660178168793
0.003042948183429637
0.002248121017785193
0.002404055711107048
0.001976815114326501
0.0007278192231598346
-7.833832670890543e-05
0.0018174734102700115
0.002715639583193311
-0.004965050060955344
0.003755966333618338
-0.0031399686204613875
0.002498043144619688
-0.001052248625545608
0.0014887643781061532
0.004607494301821043
-0.003298404325736002
0.0033181413151154556
0.0036299826979760913
0.0029352808258381905
-0.004665643439087316
0.0005678419861652175
-0.0036607757578319966
-0.004906651825469505
-0.0028877877125128306
-0.000282679459758961
-0.001877788945829233
0.0011322492171153596
0.0030355001034095682
-0.0016874903919964334
0.004053560406179051
0.0014565135637626967
-0.0035786551990167736
-0.004080500349958113
-0.0023303619252655937
0.0014128536136695426
-0.001970133808957564
-2.0082331207752456e-05
-0.001603661524435934
-0.0006338624593455197
0.003874966833177681
0.0017879711943161155
0.0006364727841889697
-0.0011871675517836824
-0.0030760285478828907
0.004975679943608314
0.003380257866511224
-0.0008080477627642945
0.004882411490982561
-0.003118661720103423
0.003017759370980022
0.002086779987307604
-0.00014833155338960912
-0.0015493388285864685
-0.0014349985897241925
0.003958005140942164
0.004010125560868786
-0.0027658993946047985
-0.0013488305464765629
-0.004119034205873241
0.00017497671757325632
0.0032225349783054453
-0.0025737028841004194
0.002971956048236129
-0.0026441328674649536
0.0007618139697218133
0.0028016985934626168
0.0008325427768094296
-0.00022783090294434174
0.0032131670848771126
-0.004383205816589849
-0.002052649825641347
0.00047320009180598643
0.0024467754452909404
0.004754980765995713
0.0019587331597673355
-0.0014221664987099057
0.0025488285858406732
-0.00493410481934908
0.0022734643731514136
-0.004395362474381322
0.0027664074169589156
-0.0019125095511655001
-0.0049697592553260206
-0.0038296686937489455
-0.0021120936985095694
0.00376298244919382
0.0029527475082178926
0.0018323399893254502
-0.0013008544721597247
-0.0008768344514455215
-0.0014774974810013242
-0.0013536565351512419
0.0005937243433885827
0.0026493378658686475
0.0007415153409171702
-0.0017127001620087933
-0.0012085761679941965
-0.0017346587081402132
-0.003123411672106771
0.0031536011992219755
-0.001395292561863484
0.001093281085788874
-0.0029381591951080544
0.0008863446785163731
-0.004939071840444466
0.0023865090301173775
-0.0007538938064133461
-0.0007219283851030425
0.0030401645945715558
-0.003945734127927293
-0.003966065780909426
0.0025222650377399285
-0.0038128766974791484
-0.004288279825829794
-0.0002987135218564148
-0.004986446022409222
0.0018286926904042796
-0.0012461654674851032
0.0018816734885014732
0.002012778222596865
-0.0016102695823121782
-0.0002675520915353556
0.0031732056708457896
0.0011986640877597156
-0.0018793075570278338
0.0035569681827234837
-0.002948380569519983
2.5424688475845364e-05
0.000676383380759973
-0.004049308659223539
-0.0012772764066541686
-0.0023685268397090854
0.0017031280998868973
0.0027518138219446266
-0.004440472230030996
0.0035029655460166757
0.004089547876779043
0.004145818531288445
-0.0026740196486746194
0.0014700726176112558
0.004673981568968074
-0.0019332277704981336
-0.002855192184904961
-0.004330099690776789
-0.000358645055593413
-0.0007780638469534499
0.0030513464979890865
-0.002952050003799369
-0.000851333961596
-0.003487316370746555
-0.0008392043493217032
0.001961230837608046
-0.0012727016467510644
-0.0014881909279010732
0.0038953575391641833
0.0012526455764328114
-0.0009537749319601489
-0.0025614762679063074
0.004212148248531202
0.00236134131481377
-0.003384215739587015
0.004346585094751086
-0.0017552677969228502
-0.0018105336123666847
-0.00032000683632970716
-0.00025932441778045174
0.003471285980146268
-0.0007000502488164022
0.0011911856856859984
-0.0014408316435565783
0.00011830405022099887
-0.003237179292036794
-0.0036792870585663274
-0.003723589780867973
0.0046919288340090326
0.00024175483458645144
0.00454677259586085
0.003202073364205059
0.0002495217401913344
0.0030815443480068675
0.002678023409484577
-0.004495535828758258
-0.0010807031913327714
0.0021392093354903087
0.0033561648735639825
0.0026045405591088935
0.002535053787956036
0.0007496674467388185
0.00046214720297197125
-0.0007041474771386736
-0.004214351186261816
-0.0009776142406528196
-0.0007144087698999543
-0.001543354619638121
0.0048358628455905045
0.004863530888647222
0.003227168555929802
0.0014823192914403573
-0.00024094771354939842
0.004247011753914208
-0.0044132049504341285
-0.0011719105141558815
0.004331182028225282
0.004376376230448943
-0.001084738427334894
-0.0019662629802949414
-0.004771453248310574
-0.00432878629429619
0.004368210711674927
-0.00396335736390168
-0.0004139364524243308
-0.004061183077433734
0.003248530259601724
-0.004065833488721764
0.004161649747225428
0.0009013564770059598
-0.0041897812741130604
-0.0008836879535920293
0.0026170821572393446
0.004737484993538195
-0.004245536287745142
0.004648334785577703
0.0013114995549495358
0.0016648621280740926
0.0017737403443131242
-0.002310368240599042
-0.0004845781397793351
-0.0020575045285397752
-0.003240979939833676
0.000744537995566211
-0.004706433152917796
0.0005689169984295769
-0.0024952910790804386
0.0031070685010443884
-0.0034020765135824127
-0.00469764291181466
0.003720710074590276
0.0007125247398156002
0.003040365015008403
0.0022497974628215974
-0.001275550843614759
-0.0007627429933463126
-0.004303023202956439
-0.003830697172236228
-0.003126341673676476
-0.004495317760323743
-0.0005542966196967151
0.0019338023845621756
0.0018978274796951763
-0.004520921885717304
-0.004043632063988781
0.0029685298573168687
-0.0007300006792150746
-0.00046354719903673493
0.004291302348774762
0.0035894498274410052
-0.0016997501490667267
-0.0005397851120893292
0.00451735965497115
0.003575136014083188
-0.0045937519207981115
-0.0007518509161314711
-0.0001623432167818283
-0.004223365718389595
-0.0015593450419735411
-0.0022477836619082736
-0.0016698135487492596
-0.0038686304457277746
-0.004804340286037354
0.002555896941453249
0.0004372621183313429
0.0047008219358664555
-0.00042508203186039737
0.0009452097806765744
-0.0010918553170801357
-0.0006032220802784736
0.002259181799483077
-0.004968927085399026
0.004022435348406793
0.0028818678094770815
0.0038699491735196276
-0.0029287585726566335
0.004638526807690504
-0.003724429338014924
-0.0001093380898617791
0.003725694802901253
-0.0009923348003996598
-0.0004337428239628337
0.004076632959249278
-0.0002543431197362285
-0.0025114285167662843
-0.0020909788387024077
-0.004608123857288549
-0.0021507495434988744
-0.004088714516918095
-0.00243669263034196
0.0024618105650878594
-0.0022805733427666342
-0.0007564958230631344
-0.0013744184236142844
0.001361510975110807
0.0014102413427523513
-0.0003468984766244439
-0.004861058593123754
-0.0033584238041787654
-0.0013035082334096103
0.003153887681172575
0.0028971055391656684
-0.004193709578624876
1.9446748273630778e-05
0.0024426902082636615
-0.0038903959304147926
-0.004273012074655902
0.0037771117856076437
-0.002213812313756175
-0.0002848783575109268
-0.00019675899615878654
0.000859350534782314
0.0022599180874801486
0.0016182382107734136
0.0029330802772484675
-0.000933164748859008
0.0030077091015486305
-0.001794549670533089
-0.0026186580127952187
-0.0017643762920396856
-0.0014174104763329432
0.004446007553004607
0.0033662618377706425
-0.0025410362568191636
-0.00469584973754698
0.001925565079499549
-0.003820674862583295
0.0026706711366958546
0.00039249139895732553
-0.004283985849075819
0.0011795304875731692
-0.004564861257275378
0.000992515988797519
0.0023305778660639405
0.0014312439980035943
-0.00013732329981614236
-0.0026858518423381285
0.0018866703088105076
0.0016276333113993367
-0.0028081159136404098
0.001843803505775181
-0.0007879817630223763
0.0040315547799114225
0.00373135116340705
0.002557427446189948
0.0024807858351238877
-0.0017787175327466467
0.0013434248133060503
-0.0029755064638030118
-0.0005499199204892901
0.00013576972546778913
-0.0002154407771636259
-0.0030033647455022907
-0.001396553336507823
0.003068416626764772
0.002254818344120668
-0.00402002725144026
-0.004533591425000035
0.002411794992041163
0.001877353473566862
0.0047898533111495395
0.0017726823332248143
0.0001317686128104933
0.0008618680652819309
0.0024916134037544346
0.0009613452434865917
-0.004392005201205737
-0.0030306747626862264
4.646467093358687e-05
0.0002277295761870142
-0.004674814023568364
0.00373175826302827
0.003168366973160564
0.004044743004729768
-0.0018707492492489887
0.004770270428543984
0.0030701811164085555
0.001222595117464322
0.0010646316815585612
0.0007879803496717453
-0.0036811228429465496
0.004200008459393257
0.00016058984571465113
4.106118078396788e-05
0.00206816254269695
-0.0047438526439423844
-0.004289575538804575
0.004062300196840657
0.001927202409736272
0.0020219779111015105
0.004835236227556915
0.004465498287424941
0.0006570793651064048
0.0006521213792071703
-0.00037714879676285524
-0.0040342692117543945
-0.003755651547051541
-0.004733710490728625
-0.002341046485659636
-0.0045656299766554135
0.004081775550404217
-0.0017168954026771355
0.004608936938504585
-0.0031362247753868523
-0.004224553935275
0.0036760252293835697
0.001258675241976659
-0.002179286048158723
0.003239751315835028
-0.002371124615871151
0.003499367162630191
0.0038042776897794566
-0.0009422301286952225
0.0035063861480550103
0.0024596496369712817
-0.0046472858999386645
0.004128239983834442
0.0020922782251422386
-0.003740075670572345
-0.0016303943600756345
-0.002579326081367286
0.00119857837619073
-0.0014089130656989393
-0.004521388294654599
-0.000869442555602745
0.0024080143241828056
-0.0017528921442057479
0.0002987022547423137
0.003679864205954549
-0.0007089557271634508
-0.0021184882709754027
8.976655915459916e-05
0.004962428217949281
-0.0033464773812762385
-0.0014270196763400802
0.004453132553177987
-0.0007742736697142431
0.003011505389858283
0.002647735720540228
0.0023338167667377166
-0.002967141813424924
-0.002848516293316252
-0.0006113681695056519
0.0028990321818098694
-0.004200429134838336
-0.00029485342675479413
-0.0002670080183838474
-0.004019081208835679
-0.003450272636267789
-0.0021067008970258737
0.004554477508178279
0.002681305233609998
-0.0001696944936339876
-0.0009078161669867236
0.003921467117316005
0.0003632943444788197
0.0019417519270737583
0.004465222364242085
-0.004237640618540477
-0.003971771662058904
-0.0044688949900578145
-0.0021580023542753946
0.003940035194612684
0.0006706589478612923
-0.0021959131846079906
0.0034707895829213234
-0.004943590673888764
0.0027898925063564025
0.0017844055847809678
0.0021662239478156846
0.0006475743048804739
-0.0020774154725916737
0.00029938255046764624
-0.0015183361161218456
0.0013442661973040492
0.0009065068198589521
0.002181792672609665
0.0018119216884357279
0.003993313809104406
0.0014658763291832038
-0.002325438376546788
-0.0008928651475171171
-0.004099522453531579
-0.00010616250605061453
0.0003191018906853827
-0.0027422013247081355
0.001435421937332879
-0.00213542786915777
0.003747435025979135
-0.002065574286671705
0.002399399588693258
-0.0012414182263193597
0.0015534815463138741
0.002062704385291451
0.0013630957820225534
-0.0020500012318997664
0.0032735804465627285
0.0016944267450256841
0.002503202497845295
-0.00243750454456673
-0.0012795917017763094
0.0023167704571348726
-0.002027714436309752
-0.0029239986726524283
0.0011432142585858516
-0.0027848893765889285
-0.0030180920202125916
0.00047076002151950295
-0.0010051693623112654
0.0008281894717594267
0.000994308372747301
0.0034203305597220518
0.001712841218481538
0.0014436969033312201
0.0022925266204988134
-0.0031762412357163373
-0.0035287742894825223
-0.002962406836076863
0.00233277176363358
0.0026873579128126315
0.003718567184576595
-0.0015204774391066145
0.0015376383386754488
-0.0036285770900218754
0.00010815788592874551
-0.00496187645828312
0.002344822609352478
0.0008115657072577005
0.004744574375005716
-0.0036732160184925746
-0.004811765037956935
-0.00047512352843365104
0.0041660166417217285
-0.0005866789924345098
0.002832360102354453
-0.0002383908763607936
-2.7877547183915302e-05
-0.004825281059360657
-0.0026903058746004373
-8.849937229783895e-05
0.003914437174599362
0.0017355098865158057
-0.0017542766956206704
0.0008260273522062858
-0.0039045788001713343
0.004346895899739112
-0.002198698691845651
-0.00014544173023597895
0.0029301095676920194
-0.0009407048658024294
0.004743514800784237
-0.00438466825543814
0.0014466954993731197
0.0015017303181609045
0.004565665366517543
-0.0006825689773974049
0.004678175041023779
-0.0028017681615260903
-0.0017338159301184186
-0.004013539518233579
0.002653531613403766
0.004516927634443204
-0.0015354622794204764
0.0021045034362500827
0.004160051018157913
-0.004161050414559808
-0.0018312554089548027
-0.004180844089597584
-0.0034479172230294963
-0.004191774971389732
0.00045299628996956463
0.00041176408331170325
-0.004937615300136956
-0.003754590890267596
-0.0014246787600597122
0.001228371727061763
0.0005821588693770696
0.003917162309716883
-0.0038207895107060454
-0.00447987352867151
-0.001952951520498777
-0.001583116833648637
-0.004205940356173464
-0.0004359857573935002
-0.0006217486428173324
-0.003251383216106089
-0.0011468526061888216
-0.00016747997682504435
-0.0038081220190056032
-0.0020164386648652255
0.0001320883982937008
-0.0028950562255540004
0.0019994339915034827
0.0024593587737546862
-0.0030501232950704937
-0.0007888452681146796
-0.003879479033392275
0.0010358223545493548
-0.001584164983285904
-0.0035692401141172846
0.004439770112266009
-0.0018495392694597955
0.0019526654216822968
0.002786912847112931
0.0005860099877726165
0.0003482317076557882
0.004739261656506683
-0.0019252762550331813
0.003903943818124328
-0.0020594641482452815
-0.004264441959879371
-0.002496376715837545
-0.003514976617877196
0.0032132232246129882
-0.0033953350402687933
0.004898655491894765
0.0019525959359815073
0.003449549857827473
-0.002231259770113455
0.004939213549317162
-0.0034331708675618047
0.0037212017916916544
-0.0026210921537677258
0.0007510278543990711
-0.0009779894613328836
0.004045721901973903
-0.0007985314460747881
-0.00042494882984857665
-0.004563080608925239
-0.0007979343656944939
0.0007708674878032515
-0.0009793305653738515
0.003978768374744778
0.0024528860847364796
0.004650714169743604
-0.004737311473698371
0.003956398186246181
0.0035777636432621157
0.0017191004713915051
-0.0015651859177959692
0.0011948582930455687
-0.0006969153153656583
-0.003890615234894813
0.0034164189418929266
-1.0260729204483038e-05
-0.0012990706145786812
0.003367482905290392
-0.004218989985191712
-0.00047304439688120037
0.0029941176956385885
-0.0026355310714032388
0.0035699825921123073
0.0036927796457618166
-0.0019088900656863907
-0.004360277640912032
0.0023265763848014133
-0.0030038886895675555
-8.537368502063974e-05
-0.0006084211548490846
-0.004359658282584838
0.00358980128932133
0.003439475847653156
0.003505502764669652
0.0003097596608316235
-0.00451541775447688
0.0011390740106743558
-0.004538227497571997
0.00451652929496727
0.00489542757242514
