-0.003110960263638095
0.0007465273877943204
-0.004903977842393404
0.00410004828119646
-0.0017265586931767408
0.0024991247667169895
0.0019494169745087131
0.0016056293595578912
0.0018431509715620409
-0.00035831755862027713
0.0034388636607403595
-0.004583593904597047
0.0017859920573161502
0.0036020550391193023
-0.003616908756853867
0.0013478067144799925
0.004636823321155809
0.004566472181538077
-0.002800386641898467
0.002760452121503578
0.0032915326115624905
-0.004876966832114808
-0.0015341391824937266
-0.0015117234325516737
-0.004196974793110576
-0.0009960738468994508
-0.0022031808842692224
0.0002411678770952051
0.0011869912965777295
0.0037022609617686627
0.004337260906868426
0.0034555560169062414
-0.00021434082219557154
0.0038406226349371768
5.154578837453499e-05
0.0036566441593346858
-0.0013435511373416586
-0.004563924362369557
-0.0031060991663457416
0.000195085452583248
0.0020158117866798716
-0.003998610003997235
-0.0028129636749941924
-0.0014461967993277237
-0.002697455773282188
-0.00047587781431941527
-0.003872005411439625
-0.0031189253729998435
-0.0015919690155887334
-0.0007665289037973796
-0.0036861023217422007
0.00222053757756564
-0.0016856310877788783
-0.001904367041416226
-0.000772172103226494
0.00011045831098118082
-3.889117167016603e-05
-0.002934743820011139
-0.003104385335968755
0.003093959188134974
-0.0008528608434080695
-0.0017117538275771794
0.0005493899950441026
-0.004688273192462054
-0.0014978580290258992
-0.0039971307564890335
-0.0030761088557207305
0.0016165324931197355
0.004981660488332633
-0.001928278975971036
-0.0015234849163524868
-0.0014678663184107587
0.001801974438578372
0.0021923384905981266
-0.004071217863986088
0.000512899439054291
0.0013180519691191718
0.0038027438178979576
0.004546879322312036
-0.0019408953660771324
0.004816023324970448
-0.0010822249038466404
-0.0015383247125811648
-0.004092562345687769
0.0047782085337511925
0.004395281986169167
0.003941898302990697
0.0018444702792082077
0.0026316020706164244
-0.004325200752487799
-0.004351894889570618
-0.0029592354386541154
-0.0011792258018991286
0.003256407254723059
-0.004703496752983917
-0.0017796376305231386
-0.004896035759816364
0.004349949927645427
-0.0028346407164929056
-0.003925122571281647
0.002716112486762794
-0.0043190941909419835
0.0028324910012349916
-0.004762308739733941
0.002787315085468844
-0.00434915800765063
0.0009523828051336315
-0.004361287332651514
-0.0007419635454849636
-0.002007740263202098
-0.003402122081446102
-0.003782288070014143
0.0020986858811227506
-0.0014560734960980593
0.001800567770675503
0.0035220544240082705
0.0036745560012260156
0.0017737775078459916
0.004076445894717042
0.003275971207044909
-0.0005393753470993787
0.004662076018989631
-0.004531287674738808
-0.002663859111187068
0.002305719553404667
-0.003804965847552172
0.0003345369489907279
-0.00010238486963696797
-0.003576382015746292
-0.0028450926468354776
0.0025005554481569246
0.0016629833602550036
0.0023778733221219333
-0.002041790359165497
0.0007753682769197556
6.825874698001763e-05
-0.0029022873548549865
0.004594086100661432
-0.0013101291265672256
0.0025315335434409857
-0.002021168300087948
0.0037992091593803097
0.0037695255346242946
-8.927038623122822e-05
0.0030560328936523754
-0.004749041617587012
-0.0017851531772997919
-0.0016578533405127082
0.002502069678984074
0.0007750401153129626
-0.004434249466690846
0.001765278519495794
-0.004795734522669069
-0.0038973856761218995
3.506058381461553e-05
-0.0037912841979402235
0.0030704859262997214
0.004248442770862366
0.002574513749013252
-0.003486707831312291
0.004876238702541975
-0.003106492960689663
0.004875757747694674
0.0032076898281169454
-0.001008660746000185
-0.002329585832938963
0.002695003252443746
0.0019392019952307517
-0.00267356656800143
-0.00011886446070450904
-0.00022125879558744337
0.001358612336162631
0.0002403657967166746
-0.004880133832491069
-0.0047012527083411665
0.0006216535344172793
-0.0012978102564641268
-0.0023307393182971725
0.004267319622416963
0.0019068555956665402
0.003120763182846012
-0.00014598014904400238
0.0003251470811840296
-0.004741980907709187
-0.0031640512014008805
0.001713825895404684
0.0029113167677065318
-0.004195949824115312
0.004064527399742218
0.0032125757997023196
-0.004443043442567136
-0.004812003331931721
-0.002859422734597914
-0.004749547741190694
0.002758389260546155
-0.0023636270922930635
0.0019526758043622253
-0.0037987131086577785
-0.001227871245759943
0.0006529268982385884
0.0005529601336502887
-0.00047993580657943943
-0.0028722229423827983
0.0007884489733839053
-0.00014019809828398015
0.004705467746097282
-0.0017985478806601418
-0.0025267635108574527
0.0036706123759849803
-0.004698071875791125
0.001991021654593644
0.004168828284844152
-0.004963656509313593
-0.004088517563283749
-0.004251868657748933
-0.0020105466854611733
0.0030798156509033196
0.0011040924043458902
-0.004450704026623505
0.0027381213348021457
-0.0017749994948332826
0.0021995907386245786
0.0016120651113876814
0.002681605078656938
-0.002567982453291756
-0.002451228388644903
-0.0034596918997851743
5.809608234625535e-05
0.00076402042814111
0.0012367417232208413
-0.003945851878771956
0.001690105597859766
-0.0036480001086462567
0.0035762053124605885
-0.003459818026176068
0.004647352076739028
-0.0009890402478743131
0.0005191806901689491
-0.0036849952858806004
-0.004019277881311971
0.0033747625690223144
-0.002151418888082256
-0.0004414169692665568
-0.0017175665865681424
0.0012624146959521023
0.0020052276106913595
0.0024790021825005773
-0.004614454360629069
0.001349301960628129
-3.193739065911021e-05
-0.0018555620980495913
-0.0035507447386562852
0.0013225254260629772
-0.0023780485211486904
0.002959816240034884
-0.003735855102001119
0.0009194726394393601
-0.004704314664839949
0.0026157152520745785
0.0012186531349909465
0.0036192652107178503
0.0007993259063063009
-0.0004694430688480791
-0.0010995108160690601
0.004290264543909563
0.004747999785854193
0.004196514822252685
0.003132314610035683
-0.0043060007303801825
0.00041687097159829895
-0.004097738687700001
0.0002324147215723004
-0.00034416369032510327
0.003864843301072525
-0.001005329475855141
0.0006100947900134846
-0.003557101994631463
-0.003893223275134795
0.0014718209116844315
-2.123332456858279e-05
0.0027787205176304742
-0.002378917872982976
-0.003252683228240707
0.0037700761821975624
-0.0019760290084783637
-0.003729415949401407
0.001163315609939145
-0.00414684275853152
-0.0013205026053623057
-0.003081727905269444
-0.00401391240783947
-0.0026009028436426306
-0.0002742632793383791
-0.0018126743264180833
0.0029680407758021247
-0.001639107556428261
0.002447382626043117
-0.004212246520339112
-0.004752208368614829
0.0026499480355801457
0.00114424260952226
0.003172160131541213
-0.003080883298841729
0.004863871256930473
0.0006042277923408211
0.0007035866362504681
-0.00273543113748989
-0.0006177774156127906
-0.004184519078765823
0.0009489103796350359
-0.0004700183031324731
0.003147843234361459
-7.759366258674842e-06
-0.0020057095906914047
0.004255823486355208
0.004797724307378892
-0.001629364661771453
-0.0038175003709033984
0.0006663542625925918
0.0009272263833578166
0.0008594532655890616
-0.0022266797631930756
0.0023847580722490876
-0.002425900503358328
-0.0005556870617775033
-0.004329525710956937
-0.0026359918737457635
0.003606747883122415
0.0012920635390777794
0.004081067236408627
-0.0017949590164687036
-0.004859314995807958
0.0011818887780519526
0.002170387105321538
-0.0032007052374894273
-0.0020562671771027488
-0.0036802482344878407
-0.0014107975483500668
-0.0005999574183006336
-0.004848281860167177
-0.0029411329458787785
-0.0040591073465466075
0.0006448754404062848
-0.0019086034702403276
0.0023813758797964673
0.0030029816780131205
-0.0006098915804734354
-0.002297506678994763
0.0034923343129782966
0.0038736302818838135
0.002659504127517657
0.00038097363782016187
0.0012015093579345855
0.0022200396838988803
-0.0024927394008685587
0.0025289410944549385
0.002910807820860526
-0.000679113798949119
-0.00044339552235783935
0.0011934462268778489
-0.0008505640131485446
0.003665971697939421
0.0013374894294285802
-0.0009382978622787599
0.0007137508286091518
-0.0022591226227546926
0.003269983444405139
0.004050584668331991
-0.001464962253093859
-0.00391352401998011
-0.0037675134142670444
0.0021813191072034147
0.003172620588206109
-0.003831898695055995
-0.0006230151658470264
-0.0029307460214350414
-0.002145428887861709
0.001698755249270871
-0.0011962767249041506
-0.0005264456282856999
0.0003525048316166566
0.0011007791504550543
-0.004633760579370209
-0.004401014034390796
-0.0037198502636197053
-0.0005162008492639904
-0.004919828856159681
-0.0002629944416885563
-0.0013912714234040604
0.0005737886723146211
-0.004995067262594214
0.0013436182009655294
0.0044923280733392005
-0.0019161882332625934
-0.0031180570206518175
0.003951207843785395
-0.0014889848067542433
0.002876457104299824
0.004698863760612341
-0.0040843089366871446
0.0028625256754842175
0.0016010452596140479
0.0047529936791362816
-0.001606872396023422
-0.0015873581549033355
0.0032208410979173334
-0.004838410889918375
-0.00028038355118084526
0.0009892006363562003
-0.0024796020480368987
-0.0009772436476860324
-0.0009304099351976668
-0.0037513965573643185
0.0012652236306201214
-0.0017417102360127402
0.002115880716132801
-0.003636662668879014
0.00325293984071946
-0.0008703472349245464
-0.0031473394816979227
-0.0048477414865747935
-0.0033163780682815428
-0.004455630089058982
0.0032605681018823716
0.0016367063274606445
-0.004406222350454351
-0.001385085668893381
-0.0002470053929291109
-0.002842216142268237
0.00010184976773505976
-0.002948747883511601
-0.0008980574817788346
-0.001021654484786633
-0.0003299616901215772
0.0012374277509546224
-0.004697631918090597
-0.00013987748152640127
-0.0016933737226240363
-0.00402703096895291
0.003555191597885852
0.0043225011375845205
-0.004059009887616831
-0.0018404580483543996
0.004471217027968671
-0.0012524201995226859
0.001176108490998167
0.0036429625952007954
0.0003539903912450175
-0.00477011548983025
-0.00015962503437403578
0.003846608141263564
-0.0028335737121774154
0.0021450355519507733
0.0019362700768954825
-0.0036206974421910624
-0.0031734598978969187
-0.002995058154302902
0.004810943549809131
-0.0023134374056778552
-0.0016348566248633278
-0.004999225394979982
-0.00462840960857791
0.002751991912557968
0.0031395286092747573
-0.004092054469008026
0.0008786459953826764
-0.0015809995786122012
0.002520810999795389
0.004731381886135121
-0.002214099615752999
0.001179886763562705
0.0002537404718169567
-0.004828758944319844
-0.000437090137730768
-0.00015974142807926445
-0.00438026045778068
-0.0014289632121353324
0.0030106463884426666
-0.0049734222460070645
0.001148213641428082
-0.0012851349457466523
0.001614178339592918
0.0002249253555602973
-0.002688306023628443
0.004081266305445654
-0.0005598552631881967
-0.004805230830525863
-0.002995101043632824
-0.002239157351403919
-6.649160580543979e-05
0.0034909990146120293
-0.0047058202189237
0.004995396280581463
-0.004440521670390628
0.0026760366958442925
0.0001692625122660333
0.004499584286097295
-0.0017504576607130797
-0.001370422619217946
0.00045488974169385823
-0.00168169003461352
-0.0001919221512124659
-0.002935625592912281
0.0020187187228361495
-0.004622265059768061
-0.0038795452316225977
-0.003796695482703113
-0.00021562753666873324
0.0014971686344911342
-0.004870791093609327
-0.0030689998549169387
0.002846442481766521
0.00163045643551879
-0.004790810030885404
-0.00021934501685342417
0.002840554235503991
-0.00391847139043633
0.001283052901528534
-0.002103479378915627
-0.0023204428997076042
-0.0006952072943305241
-0.003416421477222574
-0.0018377132777499185
0.002417284227930962
-0.0046444079416459285
0.004345901173723274
-0.003935616583376749
-0.004927415336931499
0.0034268869379666484
0.0019885579832067454
0.0019078290742813872
0.004528692744387645
0.00018523957433811203
-0.003818745436377965
-0.0049615080245867
-0.0031344655620617144
-0.0018901881886098449
0.0008794994517977049
0.003701805561693669
-0.00336242809476108
0.0003243924819346187
-0.0021978455037176027
-0.001742290102867563
-0.00041727697247181256
0.0036425125821710055
-0.004121448902128358
-0.003551391725909834
0.00440161450465944
6.58933368704994e-05
0.00404973865464994
0.0044824069246168835
0.0021013044608938006
0.0014896409188672423
0.0023020720936260007
-0.001099118119336925
0.0034685908991469025
-0.0034918857007724966
-0.0036480302320478376
-8.954819028891316e-05
-0.004894509568960801
-0.000872702301658642
-0.002846868973615845
-0.0004358913722825831
0.003722632388402431
-0.001092486803995223
0.0004263669983020739
-0.0019742782327185847
-0.003226306004200508
-0.0026585817380310618
-0.0010031524649125904
-0.0012914100161751352
0.001606782254128583
0.004100027386836532
-0.0006710794156790404
0.001706575945496126
0.0037287324932956207
0.0034432515842974304
0.0004372749871561412
-0.004886378708137022
0.0030375913135795634
0.004459527280340793
0.0021352160990908376
0.0044691013254409455
1.6509063381929534e-05
-0.00017805927839848433
0.001313665466641042
0.0005115172488861898
-0.0019246047132583533
0.00479029549174697
0.0010951919736372218
0.003811531366861438
-0.0017939612098685363
-0.0019423808639294961
0.0037223705454582307
-0.004644314157294114
-0.003272392253757297
-0.0020900553819825553
0.0024474804492169364
-0.0016364254522297727
0.0031261003992287427
-0.001259736284689018
0.0047228999571092495
-0.004858962561327953
-0.0007392227548121879
-0.0010926634711797027
-0.0029550920948857775
-0.0037037702801379414
0.00321031650553505
-0.0018266357337541304
-0.0006589275341556547
-0.003039321033128567
0.0047029578821296695
-0.002976077185647671
-0.0013315023141260473
0.0032485027802009103
0.0032925038392424425
0.001072909230211386
-0.004272978357224691
0.0036472516586944234
-0.00026306344651502635
-0.002880881826430275
0.0001862463840119899
0.002642103041659063
0.0007590831767553862
-0.0033837086809236916
6.780835619979528e-05
-0.004405575401269277
-0.0021324062104435748
-0.004018295683626977
-0.000817837960477589
0.00023047600661593726
1.4744109110969954e-05
-0.0029372734117954027
0.0038200221958220046
-0.0003952726828506314
-0.0031720234845387797
0.0049071645271743175
0.00209505443977479
0.004294886899957243
-0.0006156652148737061
0.004332295801054231
0.0034730363735959906
-0.0035726570149777525
-0.0010722982394129263
-0.004212416383022536
-0.004813234768732723
-0.0003811382088329731
0.001176302805430414
0.00078390451454864
-0.0004011018027729775
0.002156505037686658
0.0016320150387848734
-0.0019880396189303497
0.003165393420298799
-0.0017289734932754621
0.004502936337693234
-0.00416458937116259
-2.452863433564413e-05
0.004602870851217405
0.0019018873117236483
-0.004591641890199517
-0.0028758936987830033
0.00326077131286369
-0.001762255811212894
-0.0018732934037457506
-0.0022004537893187525
-0.001297607608863376
0.0022118127473853945
0.0007948527147405484
-0.0032286698332147745
-0.003234290952284188
0.003190184674797641
0.003954716422207465
-0.0023657963360473187
0.004196867407951651
0.0037248050129400937
0.00015414881971978836
-0.004320096751019912
0.0043624448604227825
0.0026595943017076653
-0.004211523721272539
0.002247778674428819
0.0007460350936473407
-0.00024067987130300082
-0.0032108031895838555
0.003020570494932159
-0.00408520492022715
0.004014797044869021
-0.001808775134379892
0.0024586366385409278
-8.811551136496138e-05
-0.0014698910025319157
0.0008379335850455805
-0.003103424933073865
3.577598050184556e-05
0.0024483993520830307
0.0011258185599622847
0.0017414745181195332
-0.004403555805411256
0.0017100495008519076
0.002610162227207651
-8.350110342454035e-05
0.00466425787086784
-0.002274795298903084
0.0010161481131772511
-0.0045672630595387466
-0.0007952983355642108
-0.0014386087230842228
-0.0017448122786577224
-0.0036584811522774974
-0.000999209027344257
-0.003635364672428325
-0.0007429668762693135
0.0008134244440148762
-0.0013201400129858733
-0.002597189517435594
-0.004820673589084129
-0.0020572746792987995
0.004018969614977026
-0.00463727472221308
0.0023302599969155444
-0.0017919943224479528
-0.0041423836421042165
-0.0006933406658235662
0.001017381828549973
0.0003923348750477073
0.0013647855576878528
-0.0018033190527753664
-0.0004968713451621717
-0.002567254348214387
0.0007785910943686114
-0.0012191658159633658
0.002527078651316809
-0.0002987924349964399
0.0002596169133154483
-0.002091864002378322
-0.004198684619357257
-0.0006285432656593856
0.001451780774092807
0.004227177364195151
0.004434225540645696
0.0037341906591952584
-0.004246676469079277
0.0028305473618902314
-0.0005223101171655618
0.0026510108898281006
0.0013006992110750019
-0.003009184373673104
-0.0009390132866002755
0.0036538638822625575
0.0028307572240489328
-0.0011342069170440215
-0.0033887192968359093
0.00026856169028446203
-0.0030613234991040063
0.004237524334283922
0.00044430100911298925
0.0009720162743795391
0.0006270573129367497
-0.0009846925320753479
0.0010219496658378938
0.003116266994382679
-0.003688068753373389
0.003971880992838218
0.004491565111138021
-0.004740224553782882
0.0041984136603157194
0.003679160626437844
-0.0001261500810136127
-0.0006192317937805357
-0.002630100642671502
0.00012801757162333744
-0.003488583680547205
-0.00023721668289706545
0.001245549707233261
0.0016638893423511839
-0.002909449901016811
0.003447494733683364
0.002612427802666276
0.0009943746164455007
0.0034505787548467356
-0.0013081706247949766
-0.0010090550512188035
-0.000700116327962675
0.0013439137821958137
-0.004021754313233542
-0.0012209889966928035
0.00260797575511185
-0.003139613575481228
-0.00455560533563943
0.003989378302221648
-0.004824876383357172
-0.0007377106165576876
0.004602215263319204
0.0016968541221820677
0.0006664336073814274
-0.002626942582178372
0.003345186825016287
-0.0021371706181184382
0.004096417908237418
0.002729667424426468
0.0002675446031838091
-0.0006867940439803663
0.0015684324837879201
-0.004594192047191086
-0.0035289291482670827
-0.0021313503547194415
-0.002117177451105776
-0.0045204369849450214
0.0022196263735019773
-0.0011256725333184912
0.0041661440750921505
0.004645212200608608
-0.0010789222177501438
0.004924931780929121
-0.0036792325794985327
-0.0011301282639504607
0.0041409435551980995
-0.0007111742153541401
-0.004901023283002387
4.292015459175097e-05
-5.31981320710485e-05
-0.00010299291375201209
0.0031597238872968026
0.0009850206091624033
-0.004984712681162522
-0.0011213175369239824
-0.0018106256482647185
0.004537102728634169
0.0002723680707415934
-0.004805096920741245
0.004450378880313408
0.00021249215372713334
2.811629220612552e-05
0.004131181154701948
0.0007449499303740156
-0.001075647443789466
0.0008245242879084116
0.002296821364275006
-0.003636196151250033
0.004583449707329213
-0.003573126139198307
-0.00494036743500837
-0.001338345606831375
-0.002588220466503741
0.0006966931267782328
0.004948210310591196
-0.002126183288762664
0.0015852967071723467
-0.0043714811279329645
-0.0023717134281927266
-0.00046908281164703
-0.0018463005220016337
-0.0018542319780839433
0.0018159400199932799
-0.003587004271470685
0.0007634076238216027
0.001254167176097212
-0.0023459006937034256
0.0011545863466805332
-0.0022395486090391794
-0.001690290661632754
-0.0010948062647895716
0.0007082194303430801
0.0035691675640664644
0.0024081360750011094
-0.004161285971988135
-0.0009190330339121948
-0.0031228603135988998
-0.00373772859243932
-0.0015953251284007075
-0.0012162025892802886
0.003149141046821415
-0.00026124372635646237
-0.004878234609247779
-0.003384420763659199
-0.0027920002468529437
0.0016034375987410811
0.004324216825983604
-0.0035280509889180334
-0.0007568449106273682
0.0007061925521951104
0.00036423461661191925
-0.0030347237252040062
-0.0024698662097468074
0.0030751468607442137
0.0015895785512415987
-1.2498369469919612e-05
-0.0035601379701314362
-0.0007874016198784724
-0.004159425565073432
0.0019154119939722913
-0.00033595350894810843
-0.0005833916843238042
-8.454160945624636e-05
0.0027639646332654182
-0.0022044118804001867
-0.0008088881791327883
0.0009043043999831298
0.002175125122413456
-0.0008515537247582514
-0.004533991691994937
0.0013846279198152485
-0.0029026915663952937
0.002440226560866913
-0.004489279416234987
0.0038303170991733975
0.003576748922972806
0.004395671412476041
-0.004140703422691322
-0.002880217788801136
0.0016417904293097307
0.00391887612655764
0.0028548549855275324
-0.0007896012050995528
0.0032150789081173753
-0.003258276730370823
0.0011316919070466173
-0.0010328916248215636
7.369082825448361e-05
-0.004982935966165815
-0.004232186594223812
-0.0011387162804975992
-0.001466229293435566
0.0034949063258809332
3.302653364548394e-07
-0.0048715978691999595
0.00014503613463084063
0.0020774071090966352
-0.0038601264795821667
0.0032353253511778297
-0.004432064045384381
0.003549040913843441
0.0008312438278182529
-0.003773416114396331
-0.001849762548398819
0.004116964732468461
-0.00434273415983946
0.0042500124871803725
0.00022474806765028672
0.004870147202527168
0.0009039241111818115
0.0010267809196730917
0.0011339498403560144
0.004276471141591769
-0.0004953074598720766
0.0033438478283412025
0.00362549374160128
-0.0011671197694220346
-0.0036754174283802534
-0.0006821286120797512
-0.0007638749719316969
0.0010053265879759968
0.0007997115930930103
-0.0001593915411794997
-0.0006454299325676623
0.002342639133390392
0.004475504195450613
0.00046648079917964696
0.0042017323665970935
0.00016150839077543142
-0.0018423380112370926
0.0004979215157632647
-0.004240495571593117
0.0046476683623536295
0.0014081389625197139
0.0037951812532234725
-0.000311055280131917
0.004375790541982251
0.002457092604969964
-0.004720039616331894
0.00017147238714144628
-0.0021953846705171586
-1.0576829654334804e-05
-0.0035400807260752443
-0.0037468186492548104
-0.002560026807259189
-0.00023442704135737905
4.427340363171231e-06
-0.0005213967783721032
-0.004069786566885755
0.0005583529461665356
-0.004299941915703157
0.004356563438929204
-0.0027921906127536533
-0.0012472781343591667
0.0015038927880410436
0.0026929194060175323
-0.004722085363010891
-0.00466605838659649
0.0044963007878756804
-0.0005340803325027598
0.002150085056945342
-0.0030495820278952732
-0.004380181077139496
0.004593505742606768
0.004105329245872028
0.0038824799856340764
-0.0014141809037859264
-0.001463989993482533
