-0.02512257324657216
-0.028707061039377993
0.021722436433961073
0.02722361403988669
-0.027004765010412147
0.013283761428623045
-0.013944749270941189
-0.013075401647006771
0.01631665383808016
0.005083909296906067
-0.029014614597072948
0.005302879106837827
-0.00256051040583357
0.017004078408035486
-0.0273339013516454
-0.012436236132294099
0.0013222848812771346
-0.010380397986827689
-0.028417602352686883
-0.015441517464203584
-0.0008199509229852991
-0.014179661297784502
-0.014859793890936019
-0.00182637306786268
-0.008428849065951125
0.013323423017847537
-0.008093049929195899
-0.007733310342494651
0.027373626562570877
-0.014854562387832072
-0.02900712873910878
0.02263245771328272
0.0006966622193653668
-0.026105011477022287
0.013442732059993454
-0.0140153175356382
-0.028256550230277747
0.025536255245498914
-0.026100466128484667
-0.016085824615911147
0.007878507026841786
0.009746902987522878
-0.02378557416788278
0.014317837324503015
0.026017357311767866
0.0017744456350994448
-0.020386225723511973
0.0175828836693624
-0.029442567708002968
-0.009801814992494991
-0.015534464727620413
0.014259153786307613
-0.015049744601500119
-0.003375595057297863
0.021413973520923515
0.008919691601481747
0.023295199266234877
-0.01958930179312044
-0.004356874986309035
-0.013947594736636242
-0.0018613484888581923
0.023355893999954233
0.02901792182388213
0.019968756648871676
-0.01285883290686542
-0.02531127227006988
0.012625307920412186
-0.027450335386938095
0.007491226998338006
0.018928162428568443
-0.02950670079462896
-0.004136844156543518
-0.025614308511888978
-0.014872588440427232
0.022902304297808117
0.004332791535554881
0.005995148712260916
-0.005797192747697237
0.015695179406298866
0.0041163231181175555
-0.00512959594064933
0.017080514331255042
-0.024968392957252776
-0.004579604334026724
0.013350429884447623
0.004728912772832959
-0.02106775375838914
0.010331267552016674
0.021703557352205055
-0.00826387781088513
0.009503482153689867
0.006998873370535029
0.015519173204820769
0.003985719968219746
0.025131818681871976
-0.005228706173285257
-0.028264710425330408
-0.027331300551879892
-0.018545815256303607
0.01704515504186649
0.0036111704427549407
-0.0076380938012248385
-0.01969118470086744
-0.020526086443037217
0.02455707029038324
0.022807858795137026
0.018769361440055095
0.029227088381303
-0.008505676703187023
-0.005669831652893788
0.024429451448229347
0.02388862207924762
0.02403801052315388
-0.028823820797487926
-0.016053883285346647
0.02532410809624422
0.023996745069561128
-0.019140581517989183
-0.01251576852576335
0.010134253589139067
-0.019095989831150177
-0.02056270360158556
-0.00793299224280392
-0.00608993765522943
0.013003438031536231
-0.010645626269836363
-0.007075893551596327
0.011778048082268205
-0.0070780683224334895
-0.009939618418139996
0.01625397821655144
-0.022115283619639936
-0.012287812316799578
-0.0054556775227517056
-0.01810515616453189
0.02018177350435002
-0.011914760862159157
-0.010490804874606147
-0.02921387064268431
-0.005823119421073893
0.0027395169038338107
0.0245956391907989
-0.028699472494793495
0.009342977662952015
0.02460466188517038
0.014284806991896042
0.015591883571520582
-0.014570869529390117
-0.024599489177966213
0.014407109947629858
0.013800944604526591
0.028517119598943208
0.027907971782577923
-0.014195568688563663
0.00017284736943946888
-0.00562016462794886
0.007707406760046019
-0.016572336695689756
0.023296206553684078
-0.0034650234484632086
-0.012731918110198085
-0.015258311026025519
-0.0034836063562455576
-0.022541649302546405
0.0013977693744056732
-0.011984313317038354
0.010044378945726497
-0.020050207713471817
-0.011381901812972158
-0.011034802325077399
0.005926589126737852
-0.005254085589596037
0.02463025020740421
0.02224600910618174
-0.02906547059602166
-0.020334688895857073
-0.004552063619381236
0.008651802149839807
-0.007310193646981083
-0.016128575343793083
0.008099689836742911
0.004295700069153939
0.006329418850258055
-0.016837938736757367
0.005770117750727388
-0.027224505438079177
-0.02714122319335246
-0.006893077397104704
0.018928314749370116
0.005171222516272951
0.006112791357552903
0.02348216132409011
0.024257693927678327
0.012258878293875751
0.002976184406582205
0.01849937521110579
0.016653706243807444
0.011190880875715327
-0.02423271956210036
-0.005535884200464077
0.009199333192856013
0.010705117037889525
-0.016924620399699768
-0.01573628916244025
-0.015189120070370698
0.025273009735965177
0.018150588219718926
-0.029124325718697122
-0.006240069150655999
-0.022079021414369696
-0.00896836252431937
0.010835637102467564
0.02908409617221923
-0.009444244233887938
-0.012168627297629686
0.013077798502768065
-0.010359856337715696
-0.020642287076891502
-0.009832875007615153
-0.012616079638354125
0.022894542114779086
-0.0091151594162256
0.02768617989360741
0.014744813998198894
0.007540879880879155
0.014442100784810091
-0.011469660597389048
-0.002235564481458289
-0.012724022275970099
0.013642972138450123
0.022920798743114507
0.0003180945460795302
-0.022949683344771064
0.02862022850626702
0.027548555802904773
0.0184177420920862
0.017797909785441254
-0.02561955879735246
0.0011351517941033222
0.002332025128671235
0.02513796574223591
0.023420193482513646
0.023361802628465808
0.003072465635262256
0.021085937638078735
0.014417634118056591
-0.010831966056232947
-0.0024848457439199216
0.020385352825920307
-0.025067763491469795
-0.0256215368294864
0.006662868427016626
0.004919950195159298
-0.02430411280420438
-0.02989599288425936
-0.02016994044952363
0.011957633195964698
0.0069693724296213955
-0.007292899425335678
-0.025463453173897692
-0.018093839825659888
0.02826170553899414
-0.016008901497944036
-0.017083895287214827
0.010264181039087696
0.013176537817176676
-0.029377688602179458
0.028549954417469943
0.02383141493415554
0.007551666155162513
-0.0075140180625518325
-0.027527050110034992
0.02763883544432713
-0.028593411952331747
-0.0062273224088364755
-0.022288165039720326
-0.007089037317068867
0.014618743547450033
-0.007654367610022431
0.02667427138062601
0.026215497300900947
0.02183999377199594
-0.002887553822754671
0.006244803952640654
0.023120657066984247
-0.015105063418101005
-0.014141534956097407
-0.005100325464574503
-0.024340084783053453
0.023825127149563433
-0.0074238776192238135
-0.02994340328406004
-0.029318423079814523
0.029794179562039967
-0.02551412896682273
-0.007471870854356896
-0.006627044996639096
-0.0014324176622598876
0.02868815446490012
-0.026692718883748186
0.028348224344804183
0.020324420705067826
-0.02852501341772229
0.024332223917090327
-0.02999137778128227
0.019154017904946488
0.012923454170088493
-0.01990644035143059
0.013871271574546769
0.0275025549500457
0.009746978558877392
0.014149837500994175
-0.015678331419288233
0.009489119838604641
0.024593267497522643
-0.018224313204156874
-0.020406594240827886
0.024438319202903146
-0.003554436269802931
-0.023056106254685675
-0.002706610098753552
0.026785592383257638
-0.015943207152428834
0.025750165846095213
0.027771711949866065
0.027233177495408545
0.006747633809725519
0.010791138720382995
0.029234502065101295
0.02153087970910582
-0.005057330524823898
-0.00525017042721939
-0.028745250268199882
-0.004807627084203386
0.009025152221294443
0.018398677659100193
-0.02141991145067745
0.02314156422361325
0.01683116492221451
0.029852451576648092
0.029156358169599106
0.028489759232569398
0.004900637295152457
0.028289460731684063
0.008448614098437099
-0.0224204347743042
-0.012261653871404942
-0.029412715047692908
0.0040945669380726205
-0.012811330302078257
-0.021735898754126185
-0.009332345412330995
-0.010858670112979283
0.011508820456530094
-0.017372485696060737
-0.01125253693991106
-0.001727392931459227
-0.021215446708920928
-0.02505000475076536
0.009176180441109495
-0.008462858822702521
0.017680007164982713
-0.005727403023722405
0.007009220395382765
-0.026614257985490736
0.010182537267669212
-0.011970651302579856
0.024364519507355506
0.01475968171742293
0.01247371087061263
-0.013194434140734661
0.021175936630049894
-0.002762456481679259
-0.019398670226790135
0.011673992147566946
-0.020337408560934595
-0.02669076309415947
0.010541016409411852
0.008613230126868182
0.01327241736863364
0.028570199111639848
0.012616866082883885
-0.013333886760057808
0.027381343433759926
0.0017360957745796296
0.0048178869459050075
-0.02099826981944436
0.00514663210736703
0.023535747775246953
0.019214467035755245
-0.001908762477965547
-0.012480207637170043
0.029776674888763698
0.01180007731209421
0.007560189973568214
0.0011397915873134663
0.025616999210341863
-0.02808176289019448
-0.01372835380131101
-0.0017609740667070203
-0.012218673028600125
0.014012058522906726
0.006802087179282407
0.02387518888617407
-0.026443972027844757
0.005491118283135928
-0.006406737377959586
-0.004362656368374265
-0.018674822700065055
-0.002079138974971969
-0.015522185586183124
0.024587101946628845
-0.02208126772495008
0.019587971808670765
-0.003449791215056758
0.019172363133720956
-0.020942122880300493
0.009038744561528117
0.028714616562655206
0.0007015918026676594
0.02592549604714394
0.010805037467124162
0.017397287855378973
0.0297203851302913
-0.020296951908048647
-0.01444333189113409
-0.017097461625526965
-0.008624692187288369
-0.013288708603367446
-0.01953809562511409
0.027876339513774252
0.00396274328269703
-0.0004460770473552339
-0.002395154187904966
0.023392184874323804
0.01261086955222012
-0.0021468710418320602
0.021242742824382724
-0.006450261698325053
-0.003997058186139671
-0.012047194813345187
-0.013453262189366422
-0.0063528529548850556
-0.019512527702093264
0.02293221686259607
0.014198484144884845
0.016291481529987162
0.0032382667543038868
-0.02540337123431856
0.0023863970423387074
-0.014620351274276968
-0.015678670543107592
-0.022406621088565875
0.015768770649714457
-0.011232469210397625
-0.023324123623538473
-0.01264789021704308
0.01647381055688974
-0.009958467238349252
-0.0074270025070116395
0.0011251722824071504
-0.019153864531525684
-0.003805834445015213
-0.005133275937434095
0.023458807844382666
-0.010556156998695346
0.0013275460858208563
0.02437833962158157
-0.013088095010102323
-0.011427194289077885
0.012535544060209479
-0.02432882438413997
-0.029983803517370587
0.023703900054390173
-0.016293622552507502
0.024864495518442532
0.024199424930351314
0.0054377869042258956
0.0029558979888525475
-0.029304029710636913
0.017723112669452402
-0.029270816460969518
-0.014292785468260346
0.024398103994122955
-0.0058745396573465294
0.027143529540142507
0.019851956817816402
0.011067953503261486
-0.01495113390780786
0.02120976110731547
-0.004745553587729667
-0.022705680951852502
-0.016020168876901185
0.005364772076016634
0.005477896002162662
0.01328888520575186
0.005954422915144572
-0.011008283840332044
0.028263438571202913
-0.018811375293863154
-0.003414998414970588
-0.02141688004034823
-0.027631216559397834
0.005056854782456509
-0.003423455174709128
-0.026265263699408906
0.01612939804814842
0.016635523507535117
0.024676703752536548
-0.014368212734310583
-0.0009325665617395465
-0.02479698936788398
-0.012998833991855176
0.004481258270281167
-0.0017532205883117984
0.013368101721404811
-0.023117392524947322
0.022820796324986965
-0.01666916510077796
-0.029833909303038975
0.029889926927060793
0.02322518822941262
0.0028038917002067634
-0.0158324257926878
-0.018488897865963413
0.012868720972281339
0.01869966254534787
0.015544645103577802
-0.019218367033874792
0.023250945205818496
0.024078098685125324
0.018405461833171023
0.01464668595880523
0.006308062081499241
-0.01907434637706169
-0.013696072475917184
0.02593366576063901
-0.0192923524865962
-0.01761110363380909
0.025295863192146252
0.022951070095828988
0.023756426428803427
0.023209963817778893
-0.029763310455957887
0.009828745573226404
-0.011504003250713678
0.023669651484587592
0.013952631155723247
0.00859625500368394
-0.0026001823665267737
0.01816613443533676
0.023083402171390634
0.015925257372297864
0.026989558145571566
-0.0256653721107648
-0.0014385398636888001
-0.020794608318933826
-0.01646003334132471
0.021846286102198673
0.01062886060991531
0.029213154498016265
0.00019472164494762495
0.006727367485365815
-0.02210197110323907
-0.006129747895467913
0.0006078643342736084
0.028115464766164742
-0.02672742747591569
-0.0061559325858179595
0.012945289616066356
0.00800520056440996
-0.008839560544637512
0.018439020800801065
-0.003713874485749759
0.026198546831617868
0.01859886843477406
0.021581610093298932
-0.010074402159832546
-0.02031609958123088
-0.007370922007478731
0.028138370237719847
0.006590064037525711
0.004034930719427544
0.02376301900581359
0.006716612759811849
-0.0029404831673651537
-0.018611434031994778
0.0008628578624744684
0.01569632581336451
-0.014617144034030617
-0.0031014828722360326
0.02088599224257317
0.012957630234899403
0.022171069748189373
0.02410619649411498
0.008982870982017298
-0.029425592091628823
-0.02974774979188123
0.028940810585933355
-0.02276864657533666
-0.005309937417737949
-0.02337497336307011
-0.011493103454793697
-0.009822089312970416
-0.019986869994388173
0.01702587036855239
-0.015543733487189425
0.003347684914090744
-0.002790007845780696
-0.001974319072004495
-0.024244863191661595
-0.012374999467869421
-0.015134468662162016
0.029658748774464894
-0.01089708086249978
-0.012885024974544745
-0.0003960030757373875
0.0025567095862573386
-0.008916632869382223
-0.02437043916884027
0.007354204271983446
0.01951352845394204
-0.017003137020992792
0.01872643828025173
-0.02627290900102233
-0.025425978126302536
0.01861462188178671
-0.012346704784163727
-0.002330181127695164
0.0029350053184081445
-0.000779454890410855
0.0253560053778911
-0.008557602722047423
-0.010034263961553623
0.029039727430146725
-0.010918489399334867
0.027786720232552894
-0.005119912136562703
-0.00955662932523597
-0.0005055679459522802
-0.009648229716238275
0.005073006698800148
-0.016512679842759014
0.011942747171250968
-0.007817361712236428
-0.0006963324521144128
-0.011554296186910437
-0.029879211751695358
-0.016130101918806636
-0.025514348606466314
0.028052039252535035
0.0034162336777444416
-0.021349017644178646
0.012952145126582687
-0.020843587309770366
-0.017838297420914424
-0.006069787308267384
0.009424177168667593
-0.004259424854270721
0.01080935605275822
0.01182901541139518
0.022767193836451594
0.020889646859061493
-0.019467238537723586
-0.015006632705593076
-0.007848455497253003
-0.02031803261976744
8.475306875250707e-05
-0.006357899842237436
-0.023748940148200105
0.029821425545587414
0.00116840430794099
0.00912220020573809
-0.00886641438035388
0.015923459130078435
-0.02483220910420935
0.014676527848712852
0.026913026282748456
-0.018984267052542025
0.0034050004062961964
0.0034693040295930636
0.0133242408938231
-0.023880207806930037
-0.002489485074170371
0.0015811012283481404
-0.02504887287353011
-0.012931826441624123
-0.007793081037936224
-0.010961836476801882
0.026091079870341143
-0.01736669903333625
-0.0031725370387509257
-0.01194580525327241
0.014049404928380672
0.003008557619335564
-0.001944306642505434
-0.0056793283627021435
-0.006373644768408602
0.011236887251066738
-0.0003795139817627559
0.019540431731291177
0.02908260248189492
0.0031329270108655383
-0.008136507198069028
-0.007756388337207855
0.01812130306195845
0.018367481177471917
0.004480900775694782
0.024972909056625907
0.029685796308579336
0.020360590262096273
-0.011995568438611
0.02701497614622339
0.01859663390470981
6.459886244754992e-05
-0.024970932680656508
0.029700342791699856
0.025747253774659216
0.022064025493238965
0.009878574048760767
0.029023977041557104
-0.021413590495757157
0.0063248326239350935
0.020116467031309905
-0.019466081677880467
-0.002148836457679996
-0.026948867656869047
0.026425777579535306
-0.0037140049068454216
-0.021315213601740726
0.015595812264593202
-0.01713267606178687
0.005520124053454548
-0.016087521667639083
0.0023969517408962138
-0.007432693852351121
0.022902161870648842
-0.018183251667000768
-0.027547846083150782
0.02606991065521031
0.022349087863844944
-0.007578028506002036
-0.003298748689018239
-0.029711914710434308
0.025689851030547654
-0.022784247521717052
0.00033198999244194935
0.025479455687874818
0.021019606243069866
-0.008989158438762586
-0.011950863111011113
-0.004584885494475659
0.018539052902868516
0.0053468816431883615
0.015097727903111209
-0.002502434940332726
0.020824592108071083
-0.0027147020142728948
0.014335199668743678
0.016646694602469952
-0.023774492976895475
0.0236443088375514
0.013040969155784177
-0.025377939972821083
-0.02681764142237057
-0.005901029602442105
0.008362749817952347
-0.025929603463679333
0.019574113736899552
-0.021613990816835793
-0.000911277360340676
0.021335581277601337
0.013359111412249589
0.024088048289265876
-0.024261900073010156
-0.029896594509889223
0.029848884779285448
-0.018168080006725016
0.00797256872412299
-0.02713652765379184
0.0254046560534716
-0.011183248308742948
-0.01825219408883153
-0.006758044921254383
-0.010482628798882974
0.023524980632682345
-0.014202945105395492
-0.0115350792246538
0.023048404445741265
0.0166040821274853
-0.028851710969097673
-0.017762997217326857
0.017265193114399842
0.013535232407136
0.01227461289718948
-0.02829080930821978
0.021975736566913574
0.010154503311510639
-0.022281329320870822
0.019758451132881792
0.015106931324840686
0.018251366301989466
0.0005557031260141308
0.0006670148533582179
0.02132321392878661
-0.022569460781140294
-0.013865986897657587
-0.022956509889706697
-0.012187712106915136
0.018048786901834812
0.009874311798617703
-0.022074492590966867
-0.007277328259051464
0.011771444047980882
0.008929684984621149
-0.025219929569038537
0.02021292749325114
0.00442689721346768
0.025282062141482986
0.02923456676770115
0.026075955121564937
0.009679849260904205
-0.022970759144655226
-0.02362499409997779
0.0069928581823436795
-0.003174568690053
-0.000513410870794876
0.020660752698820922
0.006794627842363871
-0.006671236491750734
0.0018860783055744401
0.02506269064236733
0.0020410998790327955
0.006856840525385995
0.023911755571473126
0.013883076057695634
-0.011677049592917432
0.0008411045324465578
-0.008658244467165795
0.0014045629651225078
-0.017827647082960783
-0.023706430678627568
0.013519166839071367
-0.022653931442146287
-0.013482736300550125
-0.0066242324810351985
-0.006551112868251656
-0.019019317003510457
0.0023563944047624505
-0.006098952815611798
-0.025711965039007398
-0.019878326173560276
-0.008719800467734209
0.005698513944765886
0.028171207283523618
0.01763174290771797
-0.026129592266857616
0.02057201031416813
0.005330449089947349
-0.028993288622608783
-0.02359761411678525
-0.0027869375934047695
0.006615791604098573
-0.00019346373204255293
0.01836688466058141
0.020711239170196002
-0.013940121575919888
-0.02909905848164735
0.0016661691322544248
0.0276744425220488
0.02631573153132674
-0.01854880697733101
0.028422562623367613
-0.01559992826392566
0.022890141288929515
0.029504821649670103
-0.004514918759118674
0.009495384610703768
0.016668752133639456
0.029091953764030946
-0.009947348359421945
0.00026442210920873607
0.011550710312911237
0.026930234554331557
-0.028251538203506354
-0.003914235494939584
0.008605142008316295
-0.023211797908981
0.023104327347273163
0.014487300690451857
-0.018588096503077432
-0.0041749951177485305
-0.014107230977230854
0.002908237591064955
-0.011969221213641863
0.00429119596663477
0.02756782440787285
-0.022611661636080197
0.006292405343781962
-0.016755565349084428
0.029957305093302827
-0.023726564955514267
-0.029545648553378896
0.023348129555955485
0.008424802920054791
0.022489234096718616
-0.013452091220578642
-0.028757722227469185
0.028661816976813373
-0.02065128419397038
0.0158779178036572
-0.010086250525805682
0.010627047550815331
-0.018412740404627634
-0.020137004371683177
0.011969089959351031
0.011481124627874227
0.0031534520437369665
0.009462778014812392
-0.012164920366199098
-0.010149912798760239
-0.02936568968188677
0.028166175185143957
-0.0030300824279787357
-0.026962545176961214
0.016186513293119376
0.009449677888374856
0.013918176074377182
0.000913660925283194
0.009908541999331638
-0.02760204263386622
-0.011487122476481575
-0.010459074813034739
-0.014954446559086086
-0.010751765685598845
-0.015981095541594673
0.02492929696635182
0.010955369345938985
-0.020832638191843098
0.006653102071599602
-0.003110851946668061
-0.017583308200495692
-0.028123502494832277
-0.022096555034457607
-0.004907461580414243
0.0031578745567303126
-0.01393208996881802
0.004588312867310984
0.028923477886478303
-0.015277533091043977
-0.005933509711410618
-0.017696327500621813
0.012919491052410956
-0.025162860699724225
0.021474604568412735
-0.010802375343452193
-0.01823144952904174
-0.00594738488852576
0.015831043180946636
2.2210359831856957e-05
0.012744089042772161
-0.003967772791861685
-0.006661881204438617
0.02146856858593609
0.02951290540538399
-0.012516579068383191
0.007042393666217804
0.028600738284463745
-0.012110467969949624
-0.017576856580454304
0.004709972472835118
-0.0002773683116779578
0.011797767987641615
-0.000906802064684676
-0.02878735336305405
-0.02136257074303436
0.0029829459385631446
-0.026238515280515788
-0.02657540686253318
0.02842624936123874
-0.01868700902271931
-0.003483396783293378
0.0039369504998043245
0.00263497383057143
-0.014262214458892614
0.011543992096280167
0.008973316224266926
0.027507791341112517
-0.0023819275803563834
-0.00951649211593927
-0.027751074920234202
-0.018984290622210007
-0.019340287380168616
0.003992397633998619
0.013892406416647123
0.014209935363461747
0.009472676156655889
0.014042441419695496
0.01265987992663739
0.026837592821652295
