0.0016046682669095622
0.0002804234770178273
-0.0029285312385078743
0.003418653756556123
0.004444567137128474
-0.0016403450809180753
-0.002397218363623148
-0.00046406840130711145
0.004131973787392052
0.0014444553875880154
-0.0031754846941885375
-0.003371740780394007
-0.002309229227428745
-0.003029779372848335
0.0030468968833984563
0.0036093987631170077
0.0024345559516974194
-0.000358771363859269
-0.0015988349553115143
0.003212260849304242
-0.0037223429188655123
0.004898602488990143
0.004569572878197971
-0.001876936532110015
2.0197902976728556e-05
-0.0030978749643379043
0.0003278817881490646
-0.0048899777131370305
-0.004771614403928343
0.0010962874205871958
-0.0024861286535623815
-0.0028085792296866506
-0.001403274758335198
0.001215411587216028
-0.000369831775591899
0.001999226593716704
-0.003125513221962247
-0.0003339749595654574
-0.0008420426767665823
-0.004438123647724763
0.0014029988402822048
-0.004696350926133117
0.002582982232684522
-0.003307483450750074
-0.0032432268696761316
-0.00048144347963809033
-0.0021773385014910284
-0.0028415657320334286
-0.0017000377398094192
-0.0025833058072362736
-0.0025355581554225635
-0.003278217529645533
-0.000926274007244157
0.0030304986051278666
-0.00444178667095107
0.003278772948419789
0.0038577078965934724
0.0024134722548335283
0.003465105028898424
-0.004927447585743779
-0.0033340245264143363
-0.0017957796576372489
-0.0005122690847986751
0.00047712678210353864
0.00010058329803631742
0.0016857412636080973
0.003211056940044108
0.0015651280587448543
0.0003236587013539481
-0.003891627786684838
-0.0035030172919904203
0.001375687732769265
-0.001455164122336997
-0.004505285534351942
0.00022647688094279157
-0.0038308586432180157
0.002845098022713626
0.0035937091332587457
-0.003351782258963797
0.00162732577338893
0.003722740507854881
0.0016139138436417223
-0.0024016727547191774
0.002466411723994177
-0.0010224568007590508
0.00016013972986186464
-0.0011527180947515769
0.0013648884082605329
0.0001945753148003401
0.0025325222353059776
-0.0010428901801007142
0.0020286472002518678
0.001998315582436008
-0.0009404050644439554
-0.004506381774876369
0.004517921267460339
6.88882665982769e-05
-0.003092589405163001
-0.004074274505993454
-0.003322232576010612
5.525637070571878e-05
-0.0016646170495423608
0.004147573849357521
-0.00049867691934338
-0.0012933237265453788
-0.004396763001696739
0.003995567179605876
-0.0017882243532532506
0.0033422557813257937
0.0033110886042072634
0.004232291623219349
-0.0004806935409483702
0.0001028861890266311
0.004785273704601329
0.00018975727502924897
0.0017740881269893037
-0.0018520922639207404
0.0016571686659627863
-0.00442074636272939
-0.002665323491108793
-0.004186306192546332
-0.0016819083738996822
0.0031249777086033636
-0.004707967337441199
0.0012353825012675172
0.001997158073211756
-0.0008624834289450121
-0.003204417551414527
-0.0014695398541668702
-0.001193477541006095
-7.579865266020384e-05
-0.003886619949576381
0.004705728670158651
-0.0024755274342353364
-0.002762146266800495
-0.0020920616840242557
-0.0010467773464354624
0.0008903657138022341
0.0033314212444811855
-0.0008444554354932569
-6.928298892615314e-06
0.0038826071024178873
0.0034288671729089245
-5.6976560500649615e-05
0.0019892921801284436
0.001589839122520074
-0.0035614483490366534
0.0036519296106053206
0.0009146121130919884
0.0006914565554258087
-0.0036305507416283045
0.004967334872163237
-0.0028200657731834123
0.004702574533833696
0.004458346732924262
-0.004983578738987165
0.0027644193021322417
-0.004272204117165961
-0.002094155451978246
0.00293519628450854
0.0016151023206858435
5.5250925178401515e-05
-0.0012377379457705205
0.0005214633756271151
0.002051927140337406
0.0023083034902291345
-0.0048026440180730405
0.0013408988771022815
0.0025832504797110465
-0.0007797525211698016
0.0033456435959883764
0.002934261592125189
-0.000994744724524062
0.0027741630401838715
0.0018596322441373119
0.0029298879805038517
0.004697573329243271
-0.004147680190612586
0.0034845396672337344
0.00022206579241600827
0.0013060149938924582
-0.00465123778872396
0.004529582535812325
0.00039827065376651146
-0.0037210992889502147
0.002181674084308931
0.004875104690189934
0.001797869484085484
0.00348256570878499
-0.000822736582106659
-0.00025406854450955516
0.0012710132003023959
-0.004335123524084553
0.004345078941547187
0.000465234197361831
0.0019926825386594104
0.002411446734446229
0.004835019300195327
-0.0028625237170637986
0.003720262576283305
-0.0033456042355542383
-0.00177571353072718
-0.0020834139500650072
0.0003316701771026555
0.0018858057955754674
-0.0026285114747754347
-0.0014871202887311629
0.0021213391395878464
-0.003991300108961345
0.004259238682764017
-0.0016924127344439756
0.004025962487053857
0.002543282914044369
-0.002152427949125637
0.00227189747352394
0.0013165819147083835
0.004394363445983239
-0.0022771110880448675
-0.00013734454959671814
0.00031993006339513155
-0.002696887499403723
0.001468696345960526
-0.0025498226627578193
-0.0041003410072480186
0.0020435538071922653
0.004539339756393445
-0.0001880979805189368
0.000317553867415216
0.002940451372729999
0.0024704288350839735
-0.0020808923030480875
-0.00010706975123621603
-0.0036287362930090064
-0.004962365031909848
-0.004593083170020211
-0.0048668351677595865
0.0010254442438727722
-0.0036838862644483594
0.003172100357040482
0.0004950981079942518
-0.004684140592211631
-0.0023792827844967457
0.004263312699714846
0.0008775955623810646
0.003260102844106873
0.0004976831788289747
0.0015433640837103592
0.0030107348041804654
-0.001540563854706457
-0.0018772635653032566
-0.0017202967459541063
0.0017518806366340726
-0.004127700535132628
-0.0003360695668736032
0.002375814377614344
-0.0020726314603813334
0.002824369970033655
0.0047101374821006325
0.004559952425470305
-0.004677344525552699
-0.0024804312540774166
0.002657857223816047
-0.0016933248755132092
-0.004706339974140109
0.0031619998280723255
-0.0004600626544394191
0.0042756470263734065
0.003196361071009111
-0.004101305656237639
-0.00461115046558379
0.0011042136636957552
0.002794547073429323
-0.003165869262586221
0.003190789766394299
-0.0047306963303939565
-0.004161248598110254
0.003122958059336615
0.004887226878194077
-0.0021059342460769295
0.0020737521678625406
-0.000796895384244877
-0.004519324222962656
-0.0017501027506419521
-0.003462218102769579
0.002503052170926544
0.004905163411820581
-0.0004892348017248079
-0.0013328614167295296
-2.239909468249035e-05
-0.0004187297908947781
0.0036799027519276535
-0.0027755979418244846
-0.0013962656913083303
0.0025292478192869726
0.0027792151144785185
-0.0013675263259956818
-0.00409025445271285
-0.003356066683222263
0.0005529580895639805
-0.0037422919900941152
-0.0007322885222945854
-0.004912376467730419
-0.0005764266133778603
-0.0009870600178872044
-0.0009503534521825398
-0.004344829300286516
0.0006244969368933793
-0.0029667000342142235
-0.0015682451692165035
0.0014077944652380213
0.0002778412097442142
-0.0014648469991492587
-0.000438761196405079
0.0012026790436390463
-0.004341777528125394
0.0012271453475557557
-0.002242839190498297
-0.0015735262342130175
-1.004119365021535e-05
0.0015374454222719016
0.002236513348667788
-0.004682495474387755
0.0032593908065159357
-0.0028697783896163786
0.0012429297003084764
0.0025255405362472564
8.77975151177858e-06
-0.0048978638701399945
-0.004209208386329233
-0.0033200998806087742
-0.004647203278462044
-0.0048717223368950555
-0.0013965497544108129
0.0009372763276870987
-0.002322529097418343
-0.0036580455811933707
0.00425266875425669
0.0005859422090189739
6.296751840230083e-06
-0.002641340112551286
-0.004189808202918901
-0.0021540672264164507
0.003387372090707692
-0.004628630752816843
0.002242988378118594
0.00015324185834671242
-0.003137711419559739
-0.0021706066350464935
-0.0019951711330051516
0.0021014398124254005
0.0018210984139693121
-0.0027924750075730364
-0.0005791823319443844
-0.0014566885132723706
-0.0014165561710349937
0.0045365587795380075
0.00493592825560911
0.0031166345149415105
-0.0016307691283209036
-0.004235398449115121
-2.0178283701552738e-05
-0.0043857966885677705
0.002141385906553367
-0.0013743005736680616
0.0008905282079740518
0.003423126895776005
-0.0017451386747863707
-0.0004884666073945295
-0.003674627865527886
-0.00032335478882593825
-1.8199485626868572e-05
-0.0042675026983303175
-0.0018408707557447447
-0.0022142846736974055
0.00041497250619511577
-0.0003588774356544991
-0.0009188426944520631
0.0032727252106442293
0.0033051220712344174
-0.00451921922386516
0.0032328416571000473
0.0033523900012136813
0.0014356208858112328
0.0017963661029713049
-0.0024046850911584785
-0.004342403109585807
0.002623434078467263
0.004646634926390264
-3.439647202383399e-05
-0.0016665622190915799
-0.004423133987647879
-0.0014111916840838013
0.00463728954391279
-0.0026160326576679196
0.0024330009894394967
-0.004546586597423746
0.0005342938074902734
-0.0019608990628846934
-0.0011910697160622753
0.0023270577649970384
0.0016270896984065244
0.0010932560850757155
0.0039773189767222565
0.002579751052269494
-0.0002420826431282228
-0.001413593543601426
0.0006870841121396675
-0.002894313176801534
-0.0005072257250476608
0.0029447842766038143
0.003672625557282985
-0.0019756885644379883
-0.0021021765005147575
-0.0026946456379369045
-0.0027621635365176036
-0.00178857575102356
-0.0033096207812714417
0.0028928394617587097
0.00024132016758740635
-0.0012192005475742018
0.002252975627687703
-0.0022727811361095552
0.00369236060922619
-0.0006074773131138312
0.002188483535489688
0.0015121014444497791
-0.0038448098160934916
0.004374252997863012
-0.003891435923482771
-0.0006247986783218685
-0.002543823782455581
-0.0018791652248631675
-0.002005232394001768
0.003785181643183081
0.000871468149392836
0.0006140427550207894
0.002353978927720448
-0.0017914229168155505
-0.003910099957883746
0.004362138619377009
-0.003969840468039069
-0.003191036864232366
-0.002217325675434316
-0.0012496727589215318
-0.00013661753560364597
0.0020815635322114856
-0.0030446552266110384
-0.004497585832078717
-0.0019769493324655017
0.004498101133958612
-0.0019399091452807237
0.00227185760372032
-0.003306198544449187
0.0013053559580343353
0.0005785827263326401
0.0029647279301299083
-0.00309960181240036
-0.0028468648861795574
0.001897003514537524
-0.0006543900665175947
0.0034118229663579564
0.00010693751495321514
-0.0015687957958116085
-0.0008040862218476174
-0.0030476926385071034
-0.00199733630128368
-0.0012429719585866851
0.000356655135617767
-0.0035928171509249252
0.0008871957779467811
-0.0014126122017022978
-0.004335234511056646
-0.00356709457690449
0.0034476022998796855
0.001700750370980596
0.00128290608137666
0.0037331583755174777
0.0031521817551630167
-0.0014017972981509074
0.0018661638573525766
0.0026544117361075835
-0.0027442006223650805
-0.004703921891576684
-0.0025883993297578247
0.0027471300212553633
-0.0021684229365495156
-0.0024645331448446784
-0.0033547126996719802
-0.0036279149330639936
-0.0029950679845375493
-0.0039462611421491305
-0.00473298968046901
0.0022488422936062487
-0.004504723445766695
-0.004985075693628815
0.00360574042616654
-0.0022200257678415213
-0.00025109253355094525
0.0003185754610667453
-0.0030000673264284016
-0.0025155796369741323
0.0011727249654160067
-0.0010523373216974842
0.0006833750511479652
0.004511073462997645
0.0001982509518088883
-0.0036439407121916104
0.0007170059330241898
-0.0014686997281477378
-0.0035153208176531936
-0.0019158341405113343
0.0007582662768863191
-0.00014615531463810574
-0.004829966371737541
-0.004250441624769857
0.002406128936434054
-0.0021347025507470895
-0.004078342416276517
0.0015687248671137285
-0.0014847464706077874
0.0004751713471579785
-0.001559463558943498
-0.004208039954279513
-0.0013255604809601297
0.0008858310401948909
0.0006320110255500057
0.002336500192225175
0.0027059863360781033
0.0042493133916140695
-0.0024734543441361566
-0.0017250273374278457
0.0017512837536676111
-0.0036980485414398233
-0.0038893314185287665
0.0013970317037285875
0.0018374712568917278
-0.002726766460413227
0.0032514479603848396
-0.0007838541230537413
0.0010003957622743863
0.0027190827918071505
0.0038556225860935473
-0.0006912733619489674
0.004415750825819783
0.002931460399860462
-0.00016512673513431522
-0.004449164619964479
-0.00264861909652279
3.955157749901614e-05
-0.002009377855680198
0.004202692104710482
-0.0047996498359417165
-0.0018001768637153294
-0.0034516153706721873
-0.00147990036457456
0.0011764444664991661
0.0015811122058995587
0.0010228991106383213
-0.0038798685282658164
0.0003932862092456083
0.004116437099949533
0.002297751952118037
0.0016624695532612968
-0.0012473410653071047
-0.0015915771360167463
-0.001640849813856383
-0.00014137085722064086
0.0037491610042958467
-0.004817921894009204
-0.003460999203057472
0.004171708885794796
-0.003980889917832028
0.0034881537727201916
-0.003924323012357206
-0.0032953057792126416
-0.0015350391648122986
0.003168292731400465
-0.002852766624068981
0.0026552335914604335
-0.0048870285229767755
0.0028973570226663243
0.0013418265832555497
-0.002085415502103275
0.003896065374196767
-7.863980960813415e-05
-0.0028682313068071476
-0.0008509206909792736
0.0025804066901034383
0.0009372410658916152
0.0021376601989813128
0.0002033372433639779
-0.004880703314052043
0.0038868475832505535
5.6707231861280634e-05
-0.0014217240715228307
-0.0035669228997011315
-0.0035199525827808668
0.0037398039475936328
0.004914759455730993
0.0002763746820247425
-0.0006592815943500417
-0.0037953539746697173
0.0022380615407974628
0.00034361544804797396
-0.0021674074741663686
-0.003241703463272381
-0.003699880687033882
-0.001175210819404633
-0.0011268296177711036
-6.88690800971746e-05
0.0031480650097549584
-0.004437758876228509
0.001995842854001624
-0.003302222711010939
-0.00024412117289750093
-0.0027558684029391255
0.004671116789239082
-0.004627636194247619
0.000946619868061529
0.003203103789616358
-0.0030444971813631937
-0.001121379213096151
-0.0023105083055816856
0.0034344974823813405
-0.0042244768151001475
0.004313605751311817
-0.0007329303820675613
7.8655680342158e-05
-0.001073364152013089
-0.004189715985172536
-0.00026646965336822506
-0.001490418449134976
-0.004880401972968778
-0.000986076917445902
0.0002717622688112242
0.00314162639519226
0.0010978934487420652
-0.003832341367106178
0.0008622312858336542
-0.004744996385941974
0.0007378148670334535
-9.531459177148337e-05
-0.0007507995519558499
0.002346289319011298
-0.0009995369664649936
0.002470780201166138
-0.001251289397872806
0.0003863261103583841
-0.0004276354695934761
0.004765876691740663
-0.004608715241475808
-0.004292346963540812
0.0015643846946099176
-0.002815659761788041
-0.0018469161889913223
0.0010356480766033852
-0.0017214143999271015
0.00016200838061198198
-0.002870494261573705
-0.004691248178380018
-0.004914247741377744
0.004097428377795898
9.344745952477671e-05
-0.00104284626344034
-0.003176116838786042
2.4147955483843492e-05
0.002706212126336864
-0.004938199325178268
-0.0038932289960581746
0.0032564943130326115
-0.004211296663106418
-0.002320844748885216
-0.004311586132033184
0.003496530435748401
0.0022516294559218964
0.0018390321028736436
-0.002525206585581369
-0.0006645097275709659
0.0028912928269828513
-0.003354259764986393
0.0027325403201695986
0.0036084195611698353
-0.0027467691450680544
0.0032701126718187963
0.004480083913509147
0.0014896476973885941
-0.004459073484404786
-0.004820854447846516
-0.0013532215174046915
2.813435142440951e-05
0.004286713068255622
-0.004150890371943252
-0.0023233095704193528
-0.0016571447416758346
0.0031181424881956783
-0.0004184639898177642
-0.00483051386464056
-0.001334530734836701
0.002795134005933584
0.003830324105924065
0.003619398267650553
0.002126120861134292
0.004660538847199638
0.0002749605829095274
0.002439400869942372
0.0032082535321913365
-0.004494502240305952
-0.0018391382278958768
-0.001760816941015977
0.0020914327178180774
-0.0014627444905683283
-0.001143539868001745
0.002825159221806684
0.0033933018504278155
-0.0016321571974497497
-0.00324637062300444
-0.001058708394892147
-0.0016548938435102922
-0.0040720982610905725
-0.0006854700935691564
0.00139697247172466
-0.0015381654322443095
0.004489142055381263
-0.002235138208352704
-0.0035335492734186115
0.004374732263292057
0.0047442393903439515
0.0035685418113820576
-0.0029851581593672806
-0.002736828350083629
0.0043330362173965966
1.3076680635581636e-05
0.0010500318043961641
0.0009855338427561446
-0.002501723047958815
0.0001296367535050637
-0.0024767154370993107
-0.0003904255442941599
0.0017500163362414159
0.0003279950332168444
0.003239050383105694
0.0007173124728014312
-0.004013164645816645
-0.001649486867150537
-0.0006156606653365763
0.0025388623268826254
0.0013772746176448115
-0.004841133676956865
0.003885412328784597
0.001902615627844365
-0.002571650532800193
-0.0045571882217415914
-0.0045836973126344716
0.0005522468000064614
-0.0020852469727594735
0.0008176045469829628
-0.0023045880462359424
0.002244111590747484
-0.0005844479661608493
-0.0016582345961950263
-0.0035553148100052065
-0.002052149334189931
0.0003899691252239124
0.004530915349248619
-0.002995816579571892
0.0004983268688712886
0.0006826808763532579
0.002632370754264755
0.0006552492819488585
-0.0003840945992508024
0.002888490065876134
0.004775774249334257
-0.003969313716028988
0.0034221212267897235
-0.002290346018729261
-0.004814974202684007
-0.004920620401680644
0.004510210564015272
0.0011568090231186224
0.0032140528462483815
0.004696152961136269
-0.002411926561931204
0.0035397321364666863
-0.002621386286233246
0.0006522990092489578
-0.0005984147531593528
-0.0044837511121880455
0.00043842765441583914
0.0022025679190212774
-0.0038114883036779327
0.001712186258801214
0.0031942251483612653
-0.003050310970328445
-0.0010454508332103495
0.0032138366835554833
0.0043777518606237876
0.0019006653386526209
-0.0025442358244650467
-0.0013048441430384785
-0.004581094765799478
-0.0004401796046028441
0.0006057876934759347
-0.0005808303954212748
0.003434024127906215
0.00016518012816984628
0.0003882686504666751
2.0052072562306428e-06
0.003586591920527367
0.0010237437327801227
-0.004057463387852868
-0.002342031527946897
-0.001580822874264066
-0.0031403309899019406
-0.0021330852609379616
-0.0006220749239896862
-0.0008036947402001674
0.0033075175479284355
0.0003733325202371308
-0.002911940289315179
0.003555172086901701
0.003800288447074884
0.0002956004645484865
-0.0037485882721564313
-0.000813340646282701
0.0005009993612832978
0.0013299225076242706
0.004992042223644283
0.004170314071680846
-0.0026841751708067876
-0.004490245832816212
0.0006650005486192202
0.002580831360418149
-0.0029048941159115636
0.004241623793923634
-0.0046664803308628724
0.0007443594278873809
-0.0005888358165079014
0.002598934417448363
-0.0017468354038034642
-0.001921247243024803
-0.00430611959691094
0.00038020683740814555
-0.0018095766035845263
-0.0015236342116986181
-0.001296041854458706
0.0045063494513310496
0.0001259037923090232
0.0043513236020136835
0.002166152688085901
0.0016776176934032118
-0.001545045021367525
-0.004763062744586677
0.0014021598175917834
0.001718402356854388
-0.00301939645559544
-0.0011726035269787492
0.0009365205552436797
-0.004821575419651436
-0.0020922308844990634
-0.002392151353810317
0.00028638500655065336
0.0030679162028528937
0.0029038672623624895
0.0036127756665595675
0.003953814583578608
-0.0035544819396256867
0.004798328629241846
-0.004522171906274962
0.0018224801278254711
0.000865216268078446
0.0031416140577964482
0.0027746950911249303
0.003329469431907788
0.0037563820921331257
-0.0016932047725973722
0.004425226059997176
-0.003174373005790599
-0.00023050894113873285
0.0021820357106957086
-0.0018977569355944969
-0.001951623427885464
-0.0022145317756292328
-0.00499158601164648
-0.0024738257529449714
-0.0031051655671096258
0.0021163907100543574
0.0038293787592026613
0.0009724474308049338
0.002530255670448551
-0.0023640560627318486
0.002299085094956334
-0.00335499752902668
-0.004510046686434832
0.0010542371940683425
0.0035505666160247926
0.003463244204473237
0.004801991753095601
-0.0017791914812756281
0.0024512222717642876
0.0004349640944092785
-2.0433621841349503e-05
0.004046018090474618
0.004113028309466383
0.0019420450103774436
0.0006321323613971497
0.004462436669200814
-0.00461584636686299
-0.0014107021878702651
0.001969375599182569
-0.004497616855863064
0.004948614148324252
0.0017019638532611925
-0.004336799653180717
-0.00046845834022354524
-0.0029140153582367812
-0.00269659494450906
-0.004147268600814614
-0.0012342222883243259
-7.807029549321363e-05
0.004118728892583533
0.00021693805186352808
0.0022359747167599413
0.002011508061917993
0.00331755940058387
0.0008569218950299252
0.002103957006146742
0.0006018710343984393
-0.001796715167249966
0.002460414326444787
-0.0034807545251888195
-0.004445990617380696
-0.00015156083357145602
-0.004766740145565555
-0.0011030285381073359
-0.0015445858951962667
0.003958556335396444
-0.0017119288032787605
0.004332970956324651
0.002930075836167675
0.0003369094923344586
-0.004250068015633122
-0.00023151561816013057
-0.0032486369668851016
-0.004599116603709592
0.0022552300643173774
-0.004207958768633044
-0.00032270988732706167
0.0007590672420852498
0.003750166896622431
0.0014022272302089836
-3.029513209783577e-07
-0.00383011627943891
-0.001207118768541059
-0.004133317342468996
0.004410994817447215
-0.00010161651175321761
0.001370237930843868
0.004268708866660423
-0.002598704473745456
0.001664842748020836
0.004802986722928841
0.003789643520986939
-0.0005458353720182996
0.000869105948599738
0.00035501791357520594
-0.0026164938561784247
-0.004422413050188784
-0.002281729529598551
0.0004895323621035667
-0.004634328626264787
0.004929383585682499
-0.0008036932502230518
0.004848294812714495
-0.004662128105935644
-0.003930714021384339
-0.004399472908848931
0.001394721136757553
0.0013955426007104454
-0.0011884432549323243
0.0028836809941480074
-0.0005295016297194024
0.003155737745034818
-0.002992165757211681
-0.0023505744940781337
0.0005938423172556192
0.00273343595098999
0.004508664372678145
0.0012175911270723904
0.0014474127317824284
-0.0033268312548871224
-0.00463915074208356
0.0023895390509972303
0.0027346737129222585
-0.0021108929770734873
0.002535753653014977
0.0037448275349086105
0.0026513989140861506
-0.0014224203270746783
0.0027464715680972094
-0.00037968131405914825
