-0.007546956247331128
-0.0020377080341044823
0.014239347896814948
0.02889564419223198
0.022659982105959882
-0.025277394418790476
-0.00037763709225323294
0.00783720244499686
-0.0017540544530671616
-0.006156273699025765
-0.0021458525723430134
0.014692889641091979
-0.02770493192587489
0.009172078712314048
0.008251124135207684
0.025928666142260602
-0.02843575271095242
0.009166047935515453
-0.0009720184941761703
-0.021229326539108966
0.02631232096314936
-0.0037860373868698026
0.025103245588384067
-0.012681316496737413
-0.004940447813366212
0.0014065204413173313
-0.0023839948324404572
0.028148280309909873
-0.029772575126400136
0.01911768623331963
-0.015946235500675202
0.012045070642640328
-0.020316723697397523
0.022087841005827176
-0.000794458645674373
0.013619323306402607
-0.026846367327174058
-0.023617118080446756
-0.02830809571779635
0.015274723319589095
0.008830279874410651
-0.0037889887574114947
-0.020308227872466708
-0.02494021524640425
0.026483320863807683
0.02308325427050157
-0.02665524113421154
0.025229824763317116
-0.013149226351292665
0.029255149397139545
0.019324674000666973
-0.005414883574610355
-0.029650505030149644
-0.028596501944525118
-0.005717161493695434
-0.014296506644076334
0.007951014920386593
-0.02076094895600155
-0.0032531011361627005
-0.00037054791820286676
0.0012500172663204787
0.021207192229243818
-0.018393675321761803
0.028836597653575234
-0.014362275199049757
0.013472553228659853
-0.01981038265780101
-0.011057969160786597
0.022980156010023976
0.028884101827275167
0.025736983348494766
-0.027290296934123413
0.019918067626183214
-0.013180711831659291
-0.007405730872374658
-0.0036253867058272868
0.013077541185606015
-0.004808320594253356
0.0020105042317641944
-0.01096130220273396
0.017103777771299657
0.016315561446428567
0.024060994516700143
0.015949041121593135
0.016286182256859662
-0.006472786451113571
0.022919915780250176
-0.01718181494967652
-0.0033679083205000564
0.014732819060850548
-0.023388122912898712
0.010071408332430094
-0.007069967884590349
0.02544534525215529
0.018686867722803972
-0.008115497251522809
-0.0010428295028531258
0.019704502662144567
0.01751603116341733
-0.014018950488354883
0.0013175984655825548
-0.010385082397210563
0.00046936680186746016
-0.01753752688720188
0.00463137117819689
0.0035481035362175395
-0.010808489793496415
-0.025098954788467583
0.007380666991038939
0.022237232867173898
0.008200428121303963
-0.022908760927866263
0.012726700824352802
-0.027844617525771536
-0.012194052483237218
0.017949098893130302
-0.008020044002924939
-0.020867069817311398
0.022396323747449452
-0.022232242473494365
-0.027070451596231365
-0.018062594760519066
-0.01532525410838633
-0.004207180685540907
-0.019400903085531752
0.015151779159049472
0.0016311883347633616
0.017794811843751812
0.002097896111445688
-0.020629998729560412
0.012082576984432922
0.02912488440282708
-0.004946108670522264
0.013415841327223711
-0.009512747356658285
0.017954645133280434
-0.014689308530743154
0.023862427692963824
-0.006014766433650089
-0.027696602019158016
0.0018053982791582032
-8.977230870791525e-06
0.026868349999442133
0.011847312743741248
0.025448961953888953
-0.024140675732996695
0.004156151800836623
-0.02226191527357435
0.00249400929404385
0.013248428539808572
-0.006476967675135802
0.005238484729662207
-0.022825961117006764
0.010599415961864166
0.020958764704181086
0.0012403057961655854
-0.022221648407727293
-0.0065732252979871335
0.006544027283822598
-0.014712166793231058
0.015690122361987233
-0.022453714599513862
0.018717161092643778
-0.013199886608827607
-0.015927040687156613
0.0021584478751450822
0.01797455495848342
-0.0069139781832427034
-0.01650613401598189
-0.00882373511222245
-0.013657352021339712
-0.020566960402196695
0.014188606845543239
-0.023789916730128906
-0.02907450120947114
-0.017064157902854135
-0.01902303613961365
0.023299162607912746
0.020528907333067385
-0.016844379296070747
-0.019660442120193102
-0.015503734005168742
-0.021801876487591423
7.559899772725809e-05
-0.015911660523610774
-0.026283587055106847
0.020331890424934163
-0.02122052014737333
-0.029179246236487637
-0.011991858951730733
-0.006486662461246417
-0.016061943237519187
-0.005781940624367432
-0.015641962589050783
0.01779587035754787
0.027699870396824415
0.0009926347755740764
0.015135072083755571
-0.0005102286754670379
-0.010817096533553758
0.013595536579198583
-0.01640298158587586
-0.018600842461335962
0.00030572198784568905
0.0076721640354851725
0.02604011287914551
-0.01716606604675995
0.009867549535091884
-0.008947486866294575
-0.0011907229485133147
0.008236634860156293
-0.02963652377573882
-0.0115649169560008
-0.028744051467170857
0.004672754190218904
0.019839719681317314
-0.006365991423919484
-0.018791711871192236
0.024662976385305194
-0.015714024079046353
0.012186705832046237
0.008233629137180919
0.007334848942814241
-0.0032034486198245886
-0.004173436761680742
-0.012358103286851708
0.019852073438279334
-0.026802087203561604
0.00965678983235315
0.004869901380537445
0.015127084656137858
0.014220678980605098
0.0009849837303696138
-0.010802238667012628
0.018990222894281615
0.027596934680418996
0.02096142282639018
-0.02065451731107873
-0.01946155654096153
0.012869166140704262
0.011014397702613976
0.023052433187140058
-0.004290178574631209
0.005886922098692814
-0.012608341485031909
0.01865391116185923
-0.010794152762803624
-0.025337620945253284
0.01905339828373144
0.005258585976509023
0.012713101473781623
-0.02796616065573515
-0.018039368030302295
0.005818332695563526
0.0027104598131072813
0.02852268588591448
-0.025748942458556544
-0.019530984159448622
0.023581692281990363
-0.001850446943853997
0.02776867363226202
-0.00912826047812704
-0.028877598514885274
0.01726129205997911
-0.016552862391291234
0.015771553718522166
0.01374586642912997
-0.019150562495232046
-0.01563172566238056
0.010141346146565873
-0.019544925141142123
0.008453167473567488
0.01045803191450595
-0.009990929108960295
-0.021308231315475414
0.028525337206960225
0.01004840205360484
0.021892170688318467
0.02656624100798037
0.02506696617892227
-0.017426626598094717
-0.002260094016311248
-0.013340112339667046
0.01419042207344813
0.0035611959021766143
0.022671421789977823
0.006618547171732131
0.00431998712618744
0.01834606968118048
0.019919503741034995
0.020075699598608172
-0.011745583649173903
0.008037119561823056
-0.018974985866166173
-0.02114713648492573
0.023388638116642442
0.004118413108282627
-0.009803284551390117
0.02981824992280479
0.01300102517769966
0.009938898006944988
-0.01581572167926433
-0.014455383004841747
0.012354786493291595
0.02329228377035912
-0.005869117596752321
0.024071829696757058
0.02731449072940649
-0.025354931874426397
-0.0292368847061294
0.01143048933555782
2.981344106716896e-05
0.006782973951763756
-0.015424137325198338
0.028281867889022316
0.026400695989036896
-0.020456541737478587
0.02315144904428875
-0.006490522994246968
-0.009431799434404083
-0.0005879818357815321
-0.013737049456924107
0.011760093491379173
-0.014167484181895996
-0.019159874803719577
0.029271606305997254
0.013893771120621644
0.025399605854468404
-0.011325743341682858
0.006282795998912696
-3.777528215105977e-05
0.02240965916064895
0.02865772461458444
0.004780621468858673
0.023707045341881616
0.024304822369166847
0.008194001540004957
0.01044189971838691
-0.003516633024773907
-3.522688517940825e-05
0.028083596165139058
-0.0028833726990151846
-0.00969401374343034
-0.022279935949607366
-0.004631249054235766
-0.014571480331255304
0.004222011748766595
0.004688978179161675
0.0031991631560548406
-0.027466103159017638
-0.025502856149799497
-0.021035219830332713
0.004935182763506199
0.0002464671828633601
0.013782134500851563
-0.028740390042786234
0.00303466174400472
-0.0298646353761926
-0.014578494802654949
0.004388278188545369
-0.026464232558643823
-0.00748148669809684
-0.018411882889307278
0.003641367463281024
0.00820188401951824
-0.019433534111667393
-0.02499428377712031
0.02494950866446114
0.02841285455042731
-0.0038702675385392897
-0.028746070280101295
-0.02971740346631474
-0.02078541115541004
-0.020957129158765936
-0.0005727975694769134
0.018825662584620047
0.029488227318997
0.01878972083612126
0.016870127668445305
-0.02301313345767277
-0.02217325576666644
0.021539584084975895
0.0035638340135851834
-0.008627720808239824
0.0036929539521213042
0.0006326650026933292
-0.02672505771507972
0.006012487954549471
-0.015321582324433744
0.0003770978728096612
-0.00819556080686467
-0.027305815465931065
-0.012205686265648288
0.019648598038304446
-0.00025749222452144116
0.02808611515494621
-0.022247832645144912
-0.010267591440458728
0.02314502829890281
0.018089627093266385
-0.01579149192207679
-0.01719705378275003
-0.009872549108794513
0.029399289239028202
0.016820638299771352
0.012049540281631937
-0.028225325445833623
0.005123963206555664
0.01791886955590396
-0.004459358769823972
-0.006237602336769701
0.026737608583929075
0.012157229702205452
0.016859054805604776
-0.008355194804094163
0.027781296751189927
0.012351556906534979
0.020355725537143037
-0.018900501162179232
-0.02212629631945629
-0.019462382626500296
-0.019718649738384
0.009265702818430262
-0.02861540971007422
0.008392616265778294
0.0009707937592125446
0.006819857401554441
-0.022303885783070132
-0.013071023580699191
-0.002770698273840945
-0.025944903600320715
0.024069271353167006
0.0244886963014269
-0.017055263930722996
-0.019805851989561446
0.011450360911625976
0.020291385354262725
-0.013650098802769801
-0.002450760787632327
0.014835622253651953
-0.024740100116627993
0.013906929779521696
0.013203542600978495
-0.00706332596484012
-0.01779640846041526
0.012802916153117495
-0.0034815561994949694
0.0013617670232768525
0.004769413715255702
-0.02430832942336891
-0.0020973139063002744
0.015369163551513638
0.019784870961108196
0.021807174160357698
-0.019121910741352513
0.006532229810635254
-0.006058913980912958
0.01899173480088026
0.006870613378885497
-0.015693559230711775
-0.018737748101989204
0.015752181609070395
-0.00541668141174604
0.02263926570937217
-0.009367128944034502
-0.022619776516075985
-0.013117853627070051
-0.007048121292060765
-0.026241541747464528
0.014186868119112038
0.015622137283925475
0.01072904639320782
0.01764880286563212
0.012209360468703523
0.028845197052371672
-0.014359700928731095
-0.004470072221143338
-0.013635284598479964
0.028256171409787686
0.023602170054178473
-6.005194522980262e-05
0.02897080621372597
0.014739415120890421
0.017901604545431125
0.02137495663347374
-0.02482499445065103
-0.004667502159756996
0.027567286908003412
0.02775718566940935
-0.025804818372384346
0.018540690830317293
-0.011942053314035948
0.007391037078630001
-0.017503165128187947
-0.028666181763636882
-0.017784174705504523
-0.020182777345823973
-0.02208208820690805
0.015535439485797345
0.023006866484826964
-0.01103947413784476
0.0035961241752759804
0.005735789218814208
-0.011553016519910114
-0.021661250316563543
-0.009514410174289306
0.01668188084409783
0.02646480749471368
-0.011423704322589944
-0.016744302497471372
0.002139787387653788
0.0010895435005076406
0.017821308478423142
-0.021479986235021946
-0.003911654825675591
0.0016074328237909163
-0.00021858255250685119
-0.0032472998141016285
0.010183083858721485
0.025595056529162226
0.022592523252496374
-0.008449539338975676
0.0009226745580409451
0.01470828085719713
-0.02463769709556062
0.006812146728499904
0.012364899244133844
0.010088097937691158
0.017882985890720626
-0.009420557216587837
0.021003422269404527
0.0024842333669536504
-0.008635243521795836
-0.017040104846089567
0.020967429169384273
-0.018021522891928363
0.023553069175367362
-0.007970612254259105
-0.0043447716101499695
-0.01002305471272286
-0.012048554855737442
-0.01785714530081978
-0.015152185712183347
0.02671289374411437
-0.023836387600487882
-0.02809083210835178
-0.029773639937783255
-0.013534331985558073
0.026150659664140465
0.020653892156589748
-0.016008068370361513
0.0036891772749713184
-0.005591241969316214
0.00801759489963269
-0.023727945410008132
-0.014346452103247809
0.02013947457387056
-0.02074096178710115
-0.01918880413264621
0.0066167809120204965
-0.0072298423925973125
0.02290907886602675
-0.0013525072852759584
0.0249182359055998
-0.016773961664678573
-0.011481784014103626
-0.019772000263355842
0.017401471198203712
0.02896745283300746
-0.020943963716131747
-0.019819710972181707
0.015380930387688133
0.011953546307481251
-0.024872357822245332
-0.018214922368734822
-0.023222878454100888
-0.011442376613797926
0.028368863628809873
0.018696538492486203
-0.004352144022969517
0.025806020955665122
0.0074808278079291565
-0.016259520701553697
-0.0229806521520011
-0.013949838515888692
0.0056845389680708
0.0020982243533995623
-0.0032203477664100692
0.029835562569683942
0.025074180498674638
-0.022731636720358037
0.029360628058571307
-0.003623336402965919
0.01640345788155783
0.013102711486321153
0.009574295195160822
0.011334842357750792
-0.004013674874937093
0.007091800014800358
0.02587576274330302
-0.02580489105777476
-0.025883394238276177
-0.0073254340705005035
0.02472562532296451
0.028987947947912963
0.012831878697700985
0.024663337541126
0.029218809941434526
-0.011673459558708639
-0.022636442359260905
0.01701215023693789
0.02162246338523363
-0.005043447206488104
0.017626159739484677
0.01568073174073415
-7.88187766043863e-05
-0.012866396297242937
0.005553984116470657
-0.01698049940910519
-0.02633589078436007
0.009368175942922892
0.014092069481366314
-0.00020466641293042168
-0.016421989960608778
0.015089942945956399
-0.021517434646408352
0.0088588914106918
0.013891483050901585
-0.01571032995182748
0.023577420793048018
0.017135251558040673
0.007471947760699302
-0.018202481126975714
-0.02185044915591209
0.028564062294844622
0.014757867466184155
-0.024560026790593624
-0.022666564610257515
-0.026750618315681294
-4.679709566138973e-05
-0.025355681481304758
0.020242783649409908
-0.026893591138202083
0.023618745402735418
0.005082131575271487
-0.014626148857464775
0.010433695625720003
0.0070335283695734455
0.0025948671181453067
-0.014128713987977617
-0.01395509632150303
0.017570055254015303
-0.008561087518978588
0.003496913575691568
0.018752975547619115
-0.0007527433309484632
0.011645271925129028
0.028491065229522376
0.02999975894706859
-0.02085505622820087
0.028624737254470276
0.008359076081586266
0.022337596870558266
0.019078090739142115
0.006195450133428912
0.016786509309422916
-0.028029865855252474
-0.012574920076627215
-0.006565351847724752
-0.011092611732381814
-0.010777036384067091
0.009609445814510571
-0.011166396982864403
0.009783254894811202
-0.007849974746450428
0.020210604543317807
-0.01229395745493219
0.021981894111967534
0.0026418791044023754
-0.02836394963707828
-0.010630951958706971
-0.02999497184817841
-0.00107749468708844
0.028552941632052513
-0.00593305401267839
-0.029217283938018222
-0.023652971774266833
0.006870246394181864
-0.015364503160936788
0.024663259256731712
0.028275050200033985
0.028412135319610447
-0.024973394847760552
-0.02637087512691711
-0.020455498726279345
-0.026006864025761384
0.0036626624775544167
0.014831934904454579
-0.014851671802241053
-0.0071657824364616644
0.001892774514087675
0.020303409827390713
0.020622724991957574
-0.029308065906976665
-0.021450236511060226
0.0264383987488696
-0.013745702286286503
-0.024427303666938908
0.013113501127778572
0.015596137193995198
-0.006267876294929909
-0.0074733661556783335
0.02019478749426841
-0.022492916351074848
0.029911548600013008
0.02197779556653602
-0.020581400763135936
-0.022765491528676737
0.012596380512302788
-0.027280937494333902
0.024187542613866388
-0.01655052296957448
0.0024075519933867
-0.00019562794683098544
-0.029002914374555266
-0.00033040649568848515
-0.02957212405785281
-0.015266643222049027
0.016896924584805913
-0.028608468996898735
-0.028880918418947434
-0.028360000011808092
0.009093450951124883
0.028724325881587354
-0.01274813827944574
-0.0205669566574787
-0.019973137739126574
-0.0076622787204777935
0.027991661523381152
-0.017855664106811206
-0.014820948907006363
0.015194981165464146
0.011286965683784705
-0.02312519629423708
0.014715786120784287
-0.028927294724793454
0.02011670715709591
0.008964417833058944
0.0018002154052200667
-0.006372257264092188
-0.005502236481769188
-0.010801612881198953
0.005868161562263989
0.011077764531779825
0.011572719697004977
-0.002391143070717583
0.014007477576825265
-0.00836422312382662
0.01269871333353291
0.013373971170785759
0.001314468892821559
0.021074092497161065
-0.02701073218950196
-0.0008963155262279587
-0.029369746947481616
-0.02174714964694497
-0.01695040254229707
-0.02705853803450618
-0.01314664114501211
0.013524734031914232
-0.005479661911564328
-0.02433668454232907
-0.025660215788245382
0.02745968167706453
-0.022565458718949542
0.029030334652349256
0.0014797387271486065
-0.007344099683042803
0.017772804809648907
-0.01879249934872796
0.00021434557157441747
0.009965536211475355
0.00537404770064738
0.013503591171250925
0.0240088240102498
0.008374598611706557
-0.022596651753938133
-0.002114375914628444
-0.01793782095799885
0.020396853123859922
0.0267985125501475
-0.012552368220978025
0.01954032839024028
-0.002591058351296003
-0.026769874414352527
0.029914505186281026
0.01940321251710518
0.01923525469972892
-0.01772838143320622
0.0031122156039663784
0.024337260143079333
0.0010325571917667586
0.019286502754400484
0.008645812694089573
0.012319103232087618
0.003448468506819506
-0.009197636185870304
0.020809339431582134
0.01380138334170413
-0.013571124785640962
-0.014972518258822414
0.027889167315793592
-0.006423465680794223
0.008423466122878066
-0.004857678311692964
0.02120852227253956
0.004624624529446106
-0.02718725907009292
-0.029408601731184397
0.012191049020846188
-0.00032117232044391944
0.010148878320242874
0.006284210804630264
-0.007315761988160363
0.022393469091651012
0.021842900220477954
0.010646980116324742
0.02168610142935968
0.026607014345893652
-0.027992553679747265
0.01918442770271788
-0.010315692402190359
0.01390833945556609
-0.008376238302552508
-0.013398508634407561
0.005643375389507876
0.02927969235841664
0.0002103103225709578
0.025989734883532498
0.02598880573179109
0.02730349721405602
-0.018488082232285836
0.00879462830017061
0.01102096386303119
-0.00489845022481156
-0.026375272525496277
0.02443123863032593
0.024240190887936677
-0.006984701963133725
0.013128887439065914
-0.007643555383622474
0.0070125118044521845
0.021035932576665042
0.021259611259414134
-0.02231674540169542
0.026218109068043893
-0.02165160982369964
-0.018213590275146012
0.02867072142621513
-0.029545130985342234
-0.00819460098268664
-0.019267423674551244
0.02348667852186754
0.015503491704512574
0.008210895225068036
0.026018053418999855
-0.02538215047739071
0.011475342461995122
-0.01819936512682762
-0.012760857379164638
-0.024053277043795653
-0.020304390629023797
-0.026685879512597616
0.026987208689036687
0.015466629289074593
0.022451743195764068
0.014135308663604386
-0.02906571172974212
0.027830398292972756
0.026090143113394935
-0.00015806636820230383
0.02962715786838701
-0.027077739043349213
0.009617650949981918
0.012205777090617341
-0.016712046297656612
-0.022537299480676128
0.020022727237756964
-0.00599919343860901
0.0011229652027134503
0.008052168351970507
0.026440122040606175
0.011289224353627371
-0.02176436509857852
0.02326080321853223
0.006882240303990685
0.02393585302827616
0.024961450885716628
0.008467560317258462
-0.026463113412160018
-0.01097297950275804
-0.008151668901809603
-0.027139113505222395
0.0017118515409153406
0.018420280436536776
0.021512741416427617
-0.016184935539621935
-0.002128282027618937
0.006221933959386777
0.005182492333691023
0.026317840191843328
0.01558801274559251
0.027562063052640688
0.01736605788686172
0.013853785701237326
-0.0010757752243657354
-0.010822076116532756
-0.025720457954016694
-0.011444097821770322
0.013857764792617966
-0.024863690603313636
-0.016052645771138442
-0.02349183756706067
0.015352134937943303
0.02466305105878642
-0.007500980693742266
-0.020182177320900885
0.00595777910201243
-0.02620456769961147
0.01597448726366734
-0.023735757222955168
0.009711778484884269
-0.026815294472816633
0.011494188414538989
-0.01579199436115695
-0.0069539991061736
0.018802970936780246
0.015024441679195692
0.00844854033019942
-0.011030072114898058
0.006711416141043161
0.027323733328303672
0.0001727294324194925
-0.0008885231522857591
0.022171711886102133
0.010220977997501088
0.0143248847339488
0.011615502074246352
-0.027402722974185858
0.012694775722719868
-0.01277887921101378
0.02698355322488151
0.008183408535021003
-0.023972656316086846
-0.027576546877124766
0.0048885713865192415
-0.029556156145900483
0.004447127171082324
0.00900071662544321
0.024974150398808743
-0.014107693230453452
-0.0072141131238712165
-0.006803725734249498
-0.02684721330476609
-0.006232614529195695
-0.009958095211295842
-0.02118137466264264
-0.015115803006128699
-0.02328885412829192
0.0021324923345590746
-0.0020704775521281672
-0.011717697954678256
0.025140593328891077
0.00955422544433597
0.015176193686455335
0.02677871068641944
-0.019985901447354827
-0.00923038634040092
0.021235242914427035
0.026919899976199133
-0.023902063023837655
-0.004349139019222167
-0.011931625572962342
0.023396682444364034
-0.018887991677979252
-0.010109198680275697
0.009383837933254396
-0.0017430964485942654
-0.014934645134075948
0.022068106381327383
-0.02754569078396625
0.01565026143743487
-0.01926025068421454
0.029287695758932017
0.005931806900224892
-0.003525122381045683
-0.0006006188779973769
0.009562713345353968
0.029832572810944306
0.00868654020962592
