-0.00024939338978406813
-0.00024126864095483665
0.00017694671221365338
0.00017064451057699178
0.00020627854141295332
0.00015279643745780004
0.00027718443794060634
-0.00016325012796384778
6.018828572573016e-06
0.000107731266078946
-0.00018819749968221862
5.319571307736611e-05
0.00023231909305748737
-0.00017822143508368457
-0.00024629033871959504
0.00028741379569480094
-9.844026688807424e-06
7.587670004631031e-05
2.8211008201886373e-05
4.959837252978012e-06
0.00010039504892910445
0.00022670412552273786
-5.7180489049041435e-05
0.0002541149921796402
6.957251648003035e-06
8.712540868134936e-05
-0.00023807915181209283
-0.0002719021837510975
0.00016975271939910318
-0.0001680581932179584
-0.0001256474321058872
-2.1002092530284975e-05
-0.00028420552155063395
6.229715767539157e-05
0.0002452791752172929
3.5147083025165757e-05
0.0001522476954652719
-0.0002844594795525298
-7.368960363338714e-05
-0.00021092370828199595
7.722190267127896e-05
0.0001142339341794335
-5.411928120856955e-05
0.00021280600153079037
0.00023709763713182557
0.00013189366786612423
-4.919801398302272e-05
0.0002729973258766922
2.8089648504013044e-05
5.430385200185222e-05
3.9885928627110025e-05
7.171509647442602e-05
0.0002802297493819744
0.0001641528567166975
-0.00029656096426315106
-0.00027623533508924466
0.00012733959265322323
1.4187155078215492e-06
-0.00013522323233464823
0.00023617671734746886
0.0002869476202312931
-9.788308524419115e-06
-0.0002620760320761205
0.00019661133650347116
-0.00011211924369540003
0.0002309350924501005
-4.413918265511397e-05
-8.391564059034149e-05
-0.00022025052638999828
1.3046750077754855e-05
2.8110879427728475e-05
0.00018790255548501242
-0.00013891418790454736
0.00020301087673069287
-8.614930760797272e-05
-0.00021102946877303688
-0.00023238359169090944
0.00018420131767124455
-4.431846463697457e-05
0.0001766803123699755
0.0002689187242662806
-1.2223007002750926e-05
-8.931862579375708e-05
-1.4061125674622293e-05
-0.00013975139657045814
0.00018747968154075173
0.00020513627552913078
0.00018249186999168076
9.730679959612967e-05
4.0872111069402927e-05
-2.77235540072285e-05
0.0002622804360764085
9.776207836755999e-05
-9.333821665891723e-05
-0.0002780407038925439
-0.0001657281230304031
5.3014476018027504e-05
0.0001684325259723425
6.227406758531334e-05
0.0002327086825736012
8.166994089699138e-05
0.00023252679041123417
0.0001448758953853699
0.0002571096835613426
0.00011602886461080039
2.5037005385278917e-05
7.854698342341608e-05
0.00010780004395085507
-1.7614018025866442e-05
-0.00012137311544132073
0.00010231804410538873
-5.9197247435824145e-05
0.0002698262014393827
0.00026563489056306806
0.00018134559578416042
-0.0001745200242954512
3.3250475461047346e-05
1.8869100937510003e-05
0.0001085483638406156
0.0002517089670078041
0.0001617774285561928
-0.00011944758451001112
0.000257840124148715
-0.00018213948133438657
-0.00019097372584947668
0.00029584799628727194
-0.00015851610715411892
0.00017982230234115277
0.0002496751336195434
-0.00021406613653132694
-7.560746379974532e-05
-8.944028478579468e-05
-0.00018752378420448427
0.00018671093964183584
-0.00029159365498223743
-0.00022610006630011893
7.467382476080797e-05
-8.821166118738293e-05
-0.0002909284539427004
0.0001291405294634997
0.0002512120979762245
-0.00023549710946734113
-0.00027034265964183374
2.7653383679729306e-05
-7.463806593865688e-05
2.2070391481842397e-05
-0.0002594828223235662
-0.00020556181080151994
0.00028409149724034215
4.610737179464795e-05
-9.374256548912152e-05
-0.00011968141695704697
-8.381771395979122e-05
0.00013217215046468575
-9.175385672013028e-05
0.0001395367005781967
-0.00028023534263807
-2.580962788065942e-05
1.7222069751426808e-05
-0.00023361617033157347
-0.00021216686646374
0.00021044535955477974
0.00027640428365886214
-0.0002900490161431466
3.679541362516472e-05
-0.00016359513950540275
-6.00187946158463e-05
-1.998647584881949e-05
-0.00011817696313717302
0.0001708580016406592
0.0001074449606918826
0.00024694466625854483
0.0001056657491133406
-0.00021791887764723098
-2.3295611580435817e-05
-0.00011197271249015342
-0.00016078890572286724
0.00023743037192651932
0.00014165009398781265
-0.0002605095575868378
0.00024177824698322386
0.00016995531857674355
-0.00023855167536824675
-0.00027216667368836444
0.00010591665300709204
-7.471565077252752e-05
2.9895075412708194e-05
0.0001742705555766566
-6.97366866094974e-05
0.0001747057675767643
0.0001952846390603766
0.00012284355472429745
-9.149485175153263e-05
-2.242833676659574e-05
0.0002591916920305333
-0.00023692388049048068
-0.00022297641520578653
0.0001812745637511974
-0.00018888425002522058
-7.459683851044322e-05
-6.218742538491027e-05
-4.740107207036967e-05
3.18239725208277e-05
0.00016728204435485268
0.0002774957120685502
-0.00012060397127644306
1.2601592552443199e-05
-0.00016514954241122085
3.386880065144152e-05
0.00019833601332602276
-0.0001699235031752674
0.00027828042404614244
0.0001922872205189832
7.965364377314867e-05
-0.0001588107074160812
-0.0002603046557838547
0.00021902543024786904
-0.00017755353136486828
-6.11750251023995e-05
-1.9515706574413946e-05
-0.00024873103344151987
-8.027006555481767e-05
0.00026108960355904616
6.539644979132063e-05
-0.00017448233456180255
-0.00020376815093149447
0.00020179015594181342
0.0001358223436939815
0.00012986530796811423
-2.4270280980056452e-05
-0.00010717249452927232
-0.0002287549558148516
0.0002932134819053234
0.00012116795035145214
1.3107757113933066e-05
0.00020680376629847458
-6.750160066651734e-05
0.00028330489871743176
-0.00022730673087426013
0.0002367638190858198
-1.1873149496975481e-06
-5.715103858644374e-05
0.00028793246855970245
0.00011468653155797349
-0.00011122931980855742
-0.0002440226790037877
0.0001816105383438392
0.00018015670150386476
-9.883563441962602e-06
-0.00025219448431005795
0.0002296523068846768
-4.844264396895704e-05
3.110317031061407e-05
0.0002032828099890834
0.00026544589064305275
0.00015068946922875564
0.00022182899014794695
-0.0001621673808170148
0.00022970301869903353
-0.0002078187140435798
-4.930106286468055e-05
0.00012828574028796673
2.971991718311688e-06
-0.00025445010206312063
-0.00023062056284315198
0.00029584243583739514
-0.00011465921820023051
0.00023121110009982024
-0.00029781464825501117
-0.0002235212564396728
-0.00015137397688214297
-5.410059131055967e-05
0.0001049891574809984
0.000149093511826912
0.0002687367537911384
1.2232932337011997e-05
0.00014315126890546495
7.570506042339737e-05
-5.156606439709303e-05
8.630770587039521e-05
0.00017233684295535036
0.000101128519507327
-0.00018890724489320526
0.00023643449092848053
0.00029969922086082584
-8.464761563951675e-05
0.0001431363389454878
0.00016198022122699066
-0.00026344577951449994
0.00014639554084781414
4.810597901986572e-05
0.0002545169658088326
-0.0002923345828356588
0.00024542133025289703
8.515921139934374e-05
-7.027688013093163e-05
7.397241052149858e-05
7.629765133280867e-05
-0.00027153266702680326
8.54455781065267e-05
0.00016384616484226922
-0.00020036434340672704
-9.46332511742787e-05
-5.372973512026493e-05
0.0002291915609961128
-0.00021282472676584214
0.00012249475699645023
0.0002023786313476177
0.00010765923381438693
0.00025451387634897884
-0.0001788961872165421
0.00011837456928209648
-2.9081239351050022e-05
0.00015855440933656056
-3.831857109624394e-05
4.955714233602013e-05
3.331457492309622e-05
0.00022953734177881487
-0.00018076291974847825
0.00015844231469827678
0.00010234093320537509
4.8918241944590835e-05
-0.00018515998714011009
-0.00014086755487301063
0.0002342715312026625
0.00015613933005187262
5.624821034144636e-05
0.00012898461749504903
-0.0002771518796292754
-0.00016856751723663205
-7.14110691992436e-05
0.00014211971147204004
3.126420554185283e-05
0.00019061911291984795
0.00021843926042458003
-4.20760078977887e-05
-6.524013577138008e-05
7.476202922201855e-05
0.00018731504542924513
-0.00020316610406877057
-9.756582575253789e-05
0.0002842292655424275
0.00016069581061357825
0.00015883662073786577
-0.0002789902538046395
-0.00027025874396216336
-0.0002911774470215277
-0.00017649678737625258
2.1451025817304534e-05
-2.1102700490866595e-05
-0.00022263196069706773
0.0002842948547140222
-7.736070435714708e-05
-0.00010739787832094792
-3.178911922421395e-05
-0.0001321391455691504
0.00019936503353695057
-3.6899991667584326e-05
0.00013463910406353333
-0.0002468310856415041
0.0002224635437563372
-0.0002957615860449801
3.018392395132488e-05
-0.0002318044842874159
0.00021863410344272275
0.0002924113676447616
-0.0002908016012908823
-0.00020726743337065175
0.00029275324487327913
-4.5774998851158685e-05
-0.0002545298658736818
0.00010160563637084865
2.6621356350056073e-05
5.786090869598767e-05
0.00023505478680523403
0.0002772539309173286
6.632466637111767e-05
-0.00013569400210599903
-0.00020195926605095325
0.00016440812272102226
-4.987811639340289e-07
3.644187290877945e-05
-7.652919141781894e-05
0.0001502643804748091
0.00028196068022459127
-3.008040655362777e-05
-0.00014303448097944353
4.0163369597541443e-05
-0.00015815270646523562
0.00011138601456149225
0.0002835357987549213
3.196881832947699e-05
0.00013278450522890114
0.0002852222855160626
-5.994694469438569e-05
-2.7908949989626072e-05
-4.1394448104476475e-05
0.00023344923306046675
5.490422745918879e-05
0.0001527545833701784
0.00025599313447777536
0.0002450710992131728
-4.778341269655296e-05
2.4060302012801388e-05
6.002198859723684e-05
0.0002943157394381081
0.00010558171835222194
7.600244471982892e-05
-0.00014180010332193716
-0.00017021982287078179
-0.00014161541452501486
0.00022484123918563428
-2.7486190571221632e-05
-3.524958167354787e-06
0.0001562277471316083
-0.00015021858132256875
8.48445835619667e-05
-0.00018972976748500277
-0.00025556004463692144
0.00024618998688236425
-0.00022363575377689834
0.00013022258757360255
9.971510008000088e-05
-8.264155428537248e-05
-0.00029879963424310854
0.0001616872922300192
0.00011403907125238455
0.00011749244626263385
-0.00012611738443007179
-0.00025874729982456224
4.27667806720278e-05
-9.240254782498812e-05
-0.0001403714951910768
5.521907807119915e-05
7.29367288865084e-05
-0.00015881000331775162
0.0001017613679251739
-0.0002694378134258732
-0.00018219961334839423
-0.00012257085496257628
0.00017637552602183649
0.00021307616196653863
-0.0001428349523323236
0.00019401188880723545
-0.00029323822951111213
0.00021853625430626173
0.00021597535252399017
-1.0395454056777811e-05
-9.170926577588764e-05
7.42264973738706e-05
4.84228968169465e-05
-7.833044198705792e-05
-0.000114573317776549
0.00017211191076240188
-0.0002942063695273383
0.00018205677536333863
9.765666660494616e-05
-0.0002996750630255371
-0.00017249308126538647
-5.293302866307052e-05
-4.387301543431506e-05
0.00018868778968737
0.00028538373121708666
-4.006489884523872e-06
-0.00010026245458204862
-0.00019254489826399536
0.00016673024771735002
-0.00027524174475688514
-0.00022706763606431495
-0.00027616634918133207
-9.089810323962926e-06
-8.54273364704809e-05
-0.00010579971793529241
0.00016526667828439682
3.2867574239621683e-06
0.00022945715619910196
-0.00011777425937782365
-0.00015199036683651693
-0.00015304787569132955
0.0001573588897354519
0.00029356656594910956
0.00016550613713860586
-0.0002410668154428956
0.0001944352410543087
-0.0001422071539231194
-2.6088974075285938e-05
0.00016815731548322862
-0.0002980968107585973
4.6696978685597395e-05
-0.00010525394833154689
-8.750811244390098e-05
0.00028862054341044003
-2.761080570783331e-06
-0.00017996296910816783
0.00012971140358797849
-0.0002725241806274846
2.8552953869763714e-05
0.00021247471665177166
4.931216899460583e-05
-8.113903377584777e-05
-0.00026949734809795253
-0.00013002018345589574
7.006820428922714e-05
0.00010163299093710916
-1.8827672758154755e-05
-0.00019231402247122124
-0.00015071794445527015
0.00011358167088998709
-0.00015512590644037248
4.869515286992773e-05
-1.9665960010827163e-05
-0.00011113718885229418
0.000211377908665505
0.0002359085694077047
-0.00027346843434484966
0.00023582055444223803
9.175607178239407e-05
-0.00023514584802535222
-0.00027665583198392555
-9.5038218415838e-05
0.0001380770869361279
7.930395451525999e-05
-9.869802590413621e-05
-6.159759768027345e-05
0.00013304398380593272
2.5940058431385394e-05
0.00011108586574242574
0.00022015488155250213
5.7555859419387205e-05
5.2401052914680005e-05
0.0002583370599255885
-0.00011873034799378016
-0.00010994397723302325
0.00020712676666776543
0.00010931542592864079
0.000181210210743458
-0.0001928023798317391
-8.628229959722498e-05
-0.0002200909990076051
-7.979821180152441e-06
-0.0002748822240404513
-0.00022040432086011907
-5.9849862335343787e-05
7.017458916959446e-05
0.00020803522164306796
0.00017741846036351759
0.00019260415938831432
-0.00029663630535977254
-0.00012082841720723175
0.00017782232265949917
0.00012988407622249308
0.00015318986951076837
2.6674914435123023e-05
0.00014391537211336252
0.0002425822334738413
-0.00025223804888568994
0.00023989705179432733
0.00012141728308883625
-0.00019082004530555772
0.0002404829564408904
0.00023475539506623663
-0.00011240431798211907
0.00012015362252998997
-0.0001213323476749422
9.580828130853849e-05
1.826538146567009e-05
-0.0001991872005174348
-0.00018157951131066283
-7.975406297098012e-05
5.61231607473894e-05
0.00027752050900123354
-0.00025203872754445535
-2.4012823415344494e-05
1.6216593784257164e-05
-0.00017851375231346623
-6.811766257432873e-05
-0.00015759500619329665
-4.334117296879013e-05
-0.00025080085694191307
-0.00021713785520813446
0.00017126232593936278
-0.0002591308451858124
-7.36194166150839e-05
0.00012873450859553285
0.00017849347093801471
-0.0002814221595520038
-0.00025977636476132214
0.00024525415569585923
2.6662988444924865e-05
0.0001999076120186019
-0.0001693940369828137
8.433895835874674e-05
-0.0001713140793409211
0.00011933003187145107
0.00010239498048233167
0.00012607309512043685
-0.00016457492431701308
0.0002691558766824038
-0.00012489307244835688
0.00028767213359494516
0.00012509103724648901
0.00028368657241543694
0.00010933744442512576
-7.805708315059213e-05
-0.0002120501596524785
-0.0002628273855289394
5.1690044883206054e-05
0.0001583852415461437
-0.00015182679320631398
5.152951563311485e-05
-0.00011584471412496108
-0.0002455329737072166
-8.075446792356382e-05
0.00017543207021888675
4.392781421623136e-06
-0.0002940114857101447
9.192719125790822e-05
0.00027140475099186114
-5.4343645450639975e-05
-0.0002882186137257428
-8.10669641137827e-05
7.66643099431375e-05
-0.000254451534574642
4.526198378946791e-05
-0.00014475835514070613
-0.00011149171602385018
-7.347055897309151e-05
-0.0002862009186801427
-0.00014052215656488703
-7.83897987285611e-05
-0.00011397170531071447
-4.7232650767076373e-05
0.00018575021381956502
7.02134380685651e-05
0.0002765874411624635
0.0001662217663234513
6.582734861125506e-05
-0.00028981964770433946
-0.0002946802148264318
7.070456678876853e-05
5.357147100280233e-05
-0.0001338125138625878
4.773984509693149e-05
-0.0002817691686592059
5.399630441978528e-05
0.00020818775945516892
-0.00018959716944203528
0.00010003093871391436
-0.00022762854739492793
0.0001061673393941642
0.0002759879563592694
-4.130906027001376e-05
-5.313678677512564e-05
-9.094105312516877e-05
-1.0701241497790466e-05
-6.928910316079712e-05
0.00012382963397930948
-0.00026426024696436687
0.0002664041960451986
-8.553225289236049e-05
-0.0002961108744116414
-0.00014330745822756845
7.27035214034596e-05
7.944211232928134e-05
0.00016990443224705859
-0.00012440831802734492
0.00013463783468487661
1.6751540832284193e-05
8.204561179644867e-05
-0.00012791030509328073
-4.451435212583256e-05
-4.720401195947591e-05
-0.00015617216541504033
-0.0001590587617098601
-0.00013205928390384666
6.0424494162754285e-05
0.00027215136927715274
-0.00018416872840432564
0.0002896448992465163
0.00026111627869569314
-0.0001223681730658125
-9.252704901229614e-05
-0.00011517118306147916
7.333370574831176e-06
-0.00018028282810998885
6.850460874508672e-06
-5.80408981882218e-06
-0.00016373496381578794
0.0002118432031525869
-3.993458215763681e-05
0.00018261641856020215
-9.724420812268932e-05
2.923141621003427e-05
1.6805909298184924e-05
4.806389007397106e-05
-1.2700135356805988e-05
0.0002677730136059038
0.00020487482027307897
-0.0002768623887037708
0.00010669168610000945
0.0002742933677175571
-0.00011621504981061597
-0.00010092813672178962
0.00028215276519582855
8.030826991850656e-05
-0.00017690900966217646
-0.00012645794391243057
0.00027584866878083283
0.00014984967885967975
8.845730867957746e-05
0.0002788648431584178
-0.00018095220219169924
0.00010961214947312586
-3.6240727052858014e-05
2.9708982301166983e-05
0.0002447434675209641
0.0002596843695968605
-0.000144497854415713
0.00022513547984306595
-8.653475615853627e-05
-0.0001687988908874687
0.00018612529149392837
-0.00014269451769997638
-0.00011924597854370261
-0.00012657600808293272
-0.00027890107169243716
8.093974607142277e-05
0.0002628479293517103
-3.13980680517188e-05
-0.00010627768836623974
-0.00023348393720298374
0.00023299150492572183
0.00028828122015741475
0.00022905606493406593
4.932071376664897e-05
-1.6584277256460347e-05
0.00023455849562893253
-0.000114483460597021
9.489284406256486e-05
0.0001667080159310894
-6.996743144298227e-05
0.00017123882185011773
0.00019398802926450892
-0.00011699890459723687
-0.00011792851219238836
-0.00017349838347508866
-0.00013228750022949674
-0.00011255361561148347
8.967470501447061e-05
0.00026681950612262776
-0.0001976675175920564
0.0002772298989464911
0.00027210161010200214
-6.893152774265624e-05
-4.640667477829555e-06
6.16983159738415e-06
0.00021599803728740002
0.00010212022357708987
0.0001986922132336027
0.00028689701974247717
0.0002457795950284091
-0.00013694545193656404
-0.00028282342732882236
-0.0002593016146901706
0.00020955098384046344
-2.5264739393333826e-05
1.6834809073309673e-05
-0.00015604360447299168
-2.816106669087658e-05
-7.207602226683512e-05
-4.891564333348459e-05
-7.529690343147384e-05
4.2007278660493815e-05
-0.0002443215268470499
0.00013815460712264267
-3.563751648375614e-05
-5.469819181375731e-05
-7.351044729545097e-05
-6.442023291515313e-05
0.00016911978134261747
0.00022056522386773857
-0.00017163603222009876
0.00014494353238521
0.00022345568138767052
0.0002740499679484497
-0.00026941930619945123
-6.97727907318106e-05
2.010840899200364e-05
-0.00026299053614279856
0.00018235911941196577
0.00026196955076390386
-0.00014625019981813383
-0.00019785071230370166
4.5831110454826684e-05
8.309302886615801e-05
-0.00019830680369878475
0.00013846610212789545
-8.456351821317524e-06
-0.00027060391380064524
0.00011475367375080872
-4.6260593783580255e-05
-0.00012130389194605539
0.0001908488594060494
-0.00026318856716736497
3.4620477388997925e-05
-0.0002755990734817549
0.0002653906963391986
-0.00021486987218819902
-1.8500163873838072e-05
9.015556085858458e-05
0.0002515695830384318
6.72409232474912e-05
-4.2607601578857266e-05
-0.00021934725798084475
0.00029734700104832446
0.00017436524261588577
-0.0001657348444419964
-0.00021942341966615345
7.098739272783138e-05
-1.7736927372528346e-05
0.0002361721424574931
0.00021623349205823268
0.0002921573336902412
1.4393854133935857e-05
-0.000258378947326033
1.5270750057084972e-05
-0.000236525187708953
0.0002864792797986461
-0.00017965497275141112
-5.202803257411433e-05
-8.692180240774648e-05
4.7299095867400656e-05
0.00022433365635977557
-7.983446592124295e-05
-0.00010474857462520326
0.00027806579896219233
-9.45437779418528e-05
-0.0001848720510478697
0.00013596737787670076
-0.00028515352217572216
7.236668496535682e-05
0.00020076156407031345
0.00021954490118018447
-0.00023013645378752815
-2.3106861940194788e-05
-2.1482301491909856e-05
6.666346740710473e-05
-0.00028962108193221394
-4.460986454845391e-05
-0.00018959309482574475
-0.00022277547995881142
-0.0002995904534782704
0.00027348913769241766
-0.00021934009657625518
-0.00029792401991312516
-0.00020470406947696308
-3.013455406950991e-05
0.0002789141867120965
0.00015117650294386466
0.00029208930652810985
-0.00011657111105896603
0.00021591295552497069
-0.00015401855609116765
-3.3426378242957925e-05
-0.00019636170077332038
-4.1824589527215115e-05
-0.00020971427702653453
0.00020004069355474794
-0.0002799149570555724
0.00013887698626746962
9.868065247652433e-05
0.00021310106420315797
-0.0002147305675720013
-0.00017351105377856182
-5.344836407466342e-05
9.335190397473652e-05
-0.00025472638690340877
-0.00021338255457154962
-1.1740161534963241e-05
-0.00021970463654458257
0.00015489634260667167
-6.746974664587611e-06
-0.00025110033059182115
0.00029438469935406513
5.772181092705147e-05
-0.00023702388129332938
-0.00019715373552000936
-0.00021002847279428827
-0.000270161411126709
3.646441479817963e-05
0.0002673902162922336
-0.00017213637676637296
0.0002518525272894961
-0.0002871364831261032
-2.238768809532265e-05
-0.00025557300465144886
-0.00026011101907065005
9.71941234189788e-05
-8.732686501105905e-05
-0.0002564722970764319
2.3951346852036325e-05
4.413378220795023e-05
0.00015088321839616952
0.00010617868966795383
6.77378973545385e-05
-0.00026745655856527607
0.00026961750382304626
0.00019926075418678365
0.00011074791394460372
1.9184979197069455e-05
-0.00028855874343519195
0.00018284557459885667
8.718668174658475e-05
-0.0002732660792316647
8.940981963234679e-05
-0.00027065400053765185
0.00012416250233685856
0.00010183353232519603
0.00010581211931233274
8.792033869028297e-05
-0.00013243838600412612
-0.00014429235189280373
-7.121225580463197e-05
-0.00021045824556921558
0.00016485375660215497
0.0001902532404234035
0.0002481132648867701
-9.464376418393265e-05
3.745645147547219e-05
-0.00025734055593622
0.0002686365442130879
-7.363822933920217e-05
0.00022449521652396332
-0.0001854419748277429
-0.000219652293725385
3.482365354551281e-05
0.00013924670559822534
-7.165241838333802e-05
-0.00025361177066306304
-4.585576328239348e-05
-0.000273326895903053
0.00028550849669524734
0.00022009755275829746
-0.0002283347958421044
-0.00016668329361257055
8.520777441087366e-05
0.00019550512919915534
8.790835908702356e-05
-0.0002753486229481556
-2.9312449326190492e-05
-1.5165159326860605e-05
-0.00018571939253919997
-1.5672217024159598e-05
-0.00013002376595863313
0.0002598712676866517
-0.0001950111119791274
0.0002609723795407967
0.00024165989598740582
-9.345470881562558e-05
-9.940919348983704e-05
1.393067630594538e-05
0.0002451604173919915
3.3380540495891434e-05
-6.41997286138114e-05
0.00021941452865232642
-0.0001958107653252663
0.0002975269383306383
-2.7707836212308135e-06
0.0001366234096774795
-0.00027729291105724446
-2.6188920751553954e-05
0.00027472588145944647
9.6045024273495e-05
0.00025901380885769257
0.00026829952426350576
0.00011614017473255236
3.522558440405662e-05
8.479546178396722e-05
0.00014051166462883202
0.00022845093045813762
-2.1945780834786038e-05
7.766554041582465e-05
-0.00015825047162896082
-0.00028215661607269144
-4.6881407402274596e-05
0.0002696032733978617
-0.00020235877124153855
0.00022174640919392976
5.366003143281021e-05
-0.00029632089136026813
3.473322569784654e-05
-3.7426911493064745e-05
-0.00026040443281556675
-0.00029085538846826506
-9.83606292621434e-05
-0.00012063250527821138
-6.047891030661794e-05
-4.202025731702487e-05
0.00013658635681715705
0.00018306729527563985
