9.577551132555865e-05
0.0001961756303432396
0.00018926750305228816
7.471751125002037e-06
0.00017822039468170386
-0.0001813399700570189
2.319682390890124e-05
-0.00012253017968377768
0.00022069829990511303
0.00012880417042973602
3.0834003996509324e-05
0.00013588101353146335
-0.00011844283294878735
-0.00023808077441056435
-4.368712512862495e-06
-2.607866589135325e-05
-0.00022032788199587782
-0.00022121451365663287
-0.00023290591440582067
0.0002467292353878138
0.00018233335999553714
-0.0002403029155993346
0.00011286894886168835
-0.0002690666037378617
0.00027011001447269843
0.0001196613798935447
-0.00022867466347989337
0.0002947752479918434
-0.0002471481168521213
-0.00027432272769827265
0.0002768888601513326
7.724907067962485e-05
8.999689827200768e-05
-0.00022471200718680897
-0.000289022000223469
-0.0001057425183124489
-0.00020459217494735797
-0.0002710115386361008
-0.00012486296992636112
4.698873353667745e-05
9.135901001732909e-05
0.000165488383076306
2.1939923748486565e-05
-7.345519720138968e-05
2.562388358794208e-05
-0.00029194322665434966
5.9942159236871034e-05
-3.9776928446516764e-05
-0.0002608051344901839
0.00013172575421504894
-0.00010509847329062216
1.923488230927634e-05
0.0002793526539063951
1.519758466424811e-05
9.249601407318214e-05
0.00017100759642752107
0.00025417442963878405
0.00010481327198336084
0.000186598699486938
-3.394579539364918e-05
-0.0001809285225224995
4.6673364438466227e-05
0.00021059901209264726
3.65865183378167e-05
-0.00016568780553435238
-0.00027290131219352183
-0.00028818357585416233
0.00028311436434557026
0.00017731360120893595
-0.00014182879484813285
0.00017156825662759914
-0.0002956864009319837
0.00012345297346901565
-0.00023217943909323722
-0.00021299486654797277
0.00019425602134559068
-0.0001319338685630461
0.00010341418234223454
-0.00016382992225794774
-0.00016570211956634656
1.92619953158385e-05
-0.00019047913336345327
-0.00027760495420543405
0.00018280955911832123
7.256003696905515e-05
0.0001951660294401448
-8.835300611352006e-07
-0.00019748536104291162
-3.1865169929157396e-05
8.748726405385563e-05
-0.00011132689048456664
0.00011264945685890545
0.00018665349855492207
-7.036557898767713e-05
-0.00015736251914033478
-0.0001429399787394226
-2.7692450465400067e-05
2.3589780481911705e-05
-2.6837795141433207e-05
0.00020301418801238594
0.0001597735643159621
-0.0002240439141161125
-0.00019036766294981336
9.285915713799271e-05
-0.00014913978462299758
0.00011416359749714976
1.1129964481070714e-05
8.018489082320238e-05
-8.866729872690507e-05
0.00024142584090537281
7.311267152455039e-05
-7.215063398125179e-05
0.0001616851106894158
0.0001549450598103299
0.00014343584928089048
4.9204751999583005e-05
-0.000149862706858608
-5.6350691673151873e-05
-0.0001611892664588223
-0.00021962461444825781
1.5707475071312805e-05
-0.0001843689524018421
0.0002451272631213667
0.0002413357299284261
0.00027982028068499306
-0.00010012527508796774
0.00016489943147016378
8.924418497978462e-05
-0.00028440721868527315
-0.0001064805204183035
0.0002565009085361038
1.8636309045179844e-05
0.0002465260510389221
0.00017586060298520036
-0.00027779391559556337
-0.00013729172057387582
-0.00021997441130384234
-0.000273742738747863
5.1775403695992215e-05
-0.00011238762440617776
0.0001593314791949606
-7.996329969322822e-05
-0.00017935020306844053
-0.00028192005010694795
0.00020402844843840244
0.00011068234113465066
-7.62526994832683e-05
0.00010705106287398866
0.00016916225617593728
0.0002244945569493979
-0.0002607365399818055
-0.00020760132167610027
-0.000292221960533846
-8.10596394455351e-05
0.0002799229930548775
-0.0002062772064255548
-7.44759015677192e-07
-0.00019960361455613273
-0.00028246329670804225
-0.000168295982303845
0.0001490478126837155
-7.858365887158884e-05
0.00019172270771345578
-1.1801663195429215e-05
-0.00023793031683654422
3.165469602225854e-05
-0.00023509168289235593
0.0001562590331284798
-8.895627030251727e-05
-0.00013376599248497673
0.0002380498134202758
0.00015721250697479277
8.663489220105239e-05
-0.0001295483447495336
-0.0002039661662821182
-0.00023146965235010275
0.0001869906785590497
-2.9992035969405575e-05
-9.935172433813092e-05
0.0001262287060196518
0.00024126509521674107
4.7134603579614674e-05
-0.00020969782145179497
0.0002394020819994341
0.00010077705239232727
-7.217778212493208e-06
-1.2103735778148223e-05
-9.499634107425594e-05
9.586317325265312e-05
-8.604665308338099e-06
-0.00014339921525364474
7.798006997859465e-05
4.393280721097276e-05
-0.00014740303687660707
0.00020599359727182994
-0.00012232595287811135
-5.9589489375959517e-05
-0.00012056042361107878
0.000224096453277465
-2.6862655530825803e-05
3.835219119662132e-05
-8.064388131691144e-05
-3.3460489108461816e-05
0.00024362144697903074
9.622983223301837e-05
-0.00019614818071720416
-0.00018642923511599983
-0.00010427728058170094
-0.00026604196708693593
-0.00016073840597629344
0.00019335115598545532
0.000241177052183597
9.383788956882874e-05
-0.0002843379816962706
0.00020579322855976114
-0.00026395599829660355
0.00028180908668961555
0.00015816714001216882
5.9818588306640114e-05
0.0001295975422455948
-0.0002753412551455265
-0.00018407074753224915
-9.845251907594931e-05
-7.64580703350732e-05
-0.0001288447945317827
-0.00016402727037715428
5.161154014214891e-05
-9.608553861776501e-05
0.00014008287742658308
0.00024061657097285241
-0.0002882958167642326
4.523191901286344e-05
-4.3417821955536804e-05
-0.0002406399886828575
-8.627246002743677e-05
0.00016585831940504566
0.00014176173121238395
-0.0002553567340066639
-9.167406861940189e-05
9.181755076747471e-06
0.00015534379118880821
-0.0002678026781070827
-3.19297082611427e-05
-3.989052465607417e-05
0.00013317289803066223
9.592546078833984e-05
-2.4666386817166904e-05
-1.1597478313824384e-05
7.039911453993322e-05
4.3254362602995376e-05
4.2846217869537166e-05
-0.00020047591059170177
7.410961139897528e-05
-1.3223844926042087e-05
-8.049472283675634e-05
0.0002844631878337398
4.850224561471321e-05
0.00024349631430368757
0.00027362437139460055
-4.9172903589122467e-05
6.140019022819726e-05
0.00021484970440535455
0.00011332186447666044
0.0002702126966803564
0.0002975208733441838
-3.962519546538422e-05
0.00025556868861043963
0.0001487910755886626
0.00015577280765008124
0.00015708190728368833
6.22619002210657e-05
4.100387338225699e-05
0.00013035510302489094
7.487340401504975e-05
-1.593709417331622e-05
-0.00014338054495668644
-0.0001711838848432867
-3.876234544913622e-05
9.104256848232052e-05
-4.937904162324012e-05
0.00012624179452126098
6.574660086377463e-05
-0.00020386924248376071
-1.4647321300015087e-05
-0.00018658376698284468
-0.00014147705962404893
-0.00017100637077339164
4.1847959083977026e-05
0.0002894879549814197
0.0001418848006078536
0.00011817944118440042
0.00017607111633117384
-0.00017125540237663162
-4.082315571694525e-05
-0.00015469807607966228
-0.00016511069713672906
-0.00013301826634174425
0.0002881471422231222
-0.00018850982815530207
2.029068163376832e-05
0.00022191222287541696
3.710763125560121e-05
-0.00014736321573509523
0.0002100837051048036
-0.00015986659221557445
0.00023123241165277502
-0.0002056131011068906
-0.00014790910660022658
8.56736416688503e-06
-0.00014773937170379863
3.167691258912765e-05
-0.00018680375416804608
8.536295278068254e-05
-5.592245993193612e-05
0.0001724352876289811
-0.00021703216713682085
-0.00019245694413020043
0.00026748527421385863
6.503576018948343e-05
0.0001933433917522402
-0.00025054514514949715
0.0002599078212616439
0.0002892588490697071
-0.0002670573317349322
2.0388049762199714e-05
-0.0002745997631733288
-0.00027009257381417195
7.903776253619696e-05
0.00026391805956931105
-9.16205646320454e-05
-0.0002830532308229596
0.0001117865936642632
-2.4067348338786647e-05
0.0002710407152207068
0.00018320876508251966
0.00023400112528437284
7.493720079466563e-05
0.00018197244533432928
-0.00020146771874447744
2.8599656039085552e-05
0.00029053022052542913
6.352208001921206e-05
-0.00015301091724297263
0.00028419100180460236
0.00021475186707221747
-0.0002158586430601259
-6.34960375408999e-05
-0.00014933089181348724
-0.0001650112393616481
2.9326809341698244e-05
7.350773318691802e-05
9.701850600264558e-05
-1.4050255774874685e-05
0.00019528239642830893
-0.00022881099672989586
1.8796387034766934e-05
7.16969213679496e-05
-0.000170350863875537
0.00017646008791523182
-1.4721641578349675e-05
-0.00024140100435661698
-0.0001572007266330807
5.5482687978574644e-05
0.00028431578616996267
-0.00020048500762938758
-0.00010425321160455959
1.7325212212537583e-05
-0.0002220865146491096
0.00022494365715998503
0.0002789329233340995
0.00024901871789259215
-8.236802814784084e-05
0.0001620592060429134
0.00019718845866171158
-0.0002169203539177743
3.284085973203222e-05
0.00016864239338209224
-0.00021460313544013638
-0.00012383662761994413
-0.0001974408065203238
-0.00027111539059091133
0.00018769037786671043
0.00025969566580107676
-7.300026079256049e-05
0.00012810999586180687
-0.00010686485698041328
5.60563361580386e-05
0.00010643577005323878
-6.936256319966253e-05
0.00018724671810511136
-0.0002941054564660804
5.382714164421399e-05
0.0001525849940988669
0.00022066300738432168
-0.00014436601894720046
-9.354761121359187e-05
-0.00015489494514250713
0.00027392403460087977
-0.00021948801135137562
0.00026584803608983393
7.683807330558336e-05
0.0001896024453049839
0.00011440165434115578
-0.00011243456810663543
0.00011312887714754052
-0.00018425886415563
0.00012702256457566494
-0.00022769728846798145
-0.00018575633088734495
-0.00010929284030049315
-9.673526369631088e-05
3.6658797581754995e-05
-0.0002993473891430748
0.00011519144671608492
-0.0002696976292361622
-5.912036593966333e-05
-0.00014225379581169062
-6.375597445736907e-05
4.5766338944898714e-05
0.0002724974746007648
0.0001820599670009415
-8.702415694071924e-05
0.00018091919667043236
-0.00020482964891146776
-0.0001667490797966567
0.0001719923695069824
-0.0001962680292158387
-0.00025956012717668383
-2.5378034422989632e-05
3.220865491034865e-06
0.00010599370511205758
9.931509215685663e-05
-7.730912155190988e-05
0.00023223642257171913
8.230413184978327e-05
-0.00013744927927699776
7.085712083091826e-05
0.00011319328099562936
-0.00014424007118560717
-0.00010431780272512458
-0.0001171691889164548
-2.6340616367440508e-06
-0.0001900926594175171
0.00019421282257057858
-0.00024395603480624662
-0.00011102642374111093
-1.8699219260620082e-05
0.00012209233548101333
-8.245839226515817e-05
-0.0002104581059797016
0.00027048878428565323
4.724458444954735e-05
-0.0002377336130912659
0.0002830881681707506
0.0002725039777537899
0.00021454581356472445
0.00022170407512204707
-0.0002777236989766796
-0.0001079941422247822
0.00016758193264298853
-0.00029499715277172715
-0.0002776872871627562
-0.00026804864268675246
-5.962847308814206e-05
0.00023604938264286873
-0.00028458887458445884
8.235805380053346e-05
6.670565556148988e-05
-0.00014729816518241955
9.19070863033531e-05
-2.708796087497672e-05
-0.00018709691584476877
0.0002585886464169873
-0.00011737677686871384
-0.000294959164043089
0.00014497163407569942
-9.731120828702469e-05
-4.174429651995586e-05
-0.00020195703373644962
-3.005242666732726e-05
-0.0002403105705811885
0.00023899418731803318
7.221541610515119e-05
0.00026146686424729923
-0.0001441576486531474
-0.00010085130166977865
6.027897991456527e-05
0.00017298776840702002
0.00018259867844091907
7.454167430782444e-05
-0.00014354472743301794
0.0002331496079643267
-0.00013930609850319042
-3.188075172469966e-05
0.0002772018154752881
6.304512327489758e-05
1.5847357279077077e-05
0.0002954288450695689
-0.00016512388031025198
-0.00014669020151186182
1.566983415709095e-05
-2.2873314994784348e-05
-0.00012471691969656232
-6.901367800196524e-05
-0.00028297964478244146
0.00023622819253320395
-0.0002471615956757385
-9.845662787302841e-05
-5.7003221804044474e-05
-5.903513734521206e-06
-0.00014975190670993136
-0.00010279440625203377
0.0001406954627481036
-0.00014310269275174246
2.9285291004864887e-05
-0.00014405883175255346
0.00014634564995333072
-0.0002643830135608724
-9.680572025530849e-05
-0.00017550480916032188
-9.152915991327853e-05
-0.00016113676840612547
-0.00020978131345223702
-0.00012592158956585417
8.77520433118402e-05
2.2672148436724557e-05
3.3215138974579796e-05
2.0868110788994085e-05
-0.00021404301964376602
0.00012383044090848145
0.00011279714574095553
0.0001065627411318983
0.00013194618339223486
-6.367929401691273e-05
1.240942547733252e-05
-9.062838985289068e-05
-0.0002192284196766858
0.0001637997874532187
3.076072313819777e-05
-5.439256351828174e-05
0.00028782381731190656
3.768885685003176e-05
-3.713802227730569e-05
-0.00027736321161796483
9.688700420125646e-05
-5.0794664041730784e-05
4.859056000576235e-05
0.0001388795194620817
9.905727407175899e-05
6.529889123755255e-05
-0.00017134749544719875
-6.68144770954751e-05
0.00013537522120766137
0.00021754948509000895
-7.177470936090805e-05
9.867353519862166e-05
-0.000231489485883131
-7.031793047684e-05
-0.00022006021304753372
0.00020220854956877894
-0.00018512338505830058
-0.00020474462519985673
2.6845239399916454e-05
-0.00015273218795296362
-5.358950284106289e-05
0.0002958628444674316
0.0002666029881886731
-0.00026288472601758753
-0.00021192429963341386
-2.50120731959437e-05
-0.00023065197159743067
8.781015654306965e-05
0.00027344991955892195
-0.00015114177522593372
3.782777722962494e-05
-9.454276722795316e-05
-0.00019539280955030186
4.6365045688251014e-05
-0.0001382734184390432
-0.00016439801259575181
0.0002272096154360749
0.00021160590769341616
0.00011378402666294542
-1.7225003989536944e-05
0.00018651325289522909
0.00020770006148487227
0.00023991537650681032
-3.5982181516273524e-05
-0.000178488126806084
9.204021835108932e-05
6.031527124966327e-06
0.00015562884951404997
0.00022461186973410195
0.00023715629832184295
0.0002678146000358302
-4.339456045138125e-05
-9.850393656242457e-05
0.00020565805015996494
-0.0002730762322358982
-6.240264281282923e-05
-0.00020998647668834722
0.00015972252549455488
-0.0001831464013405575
-0.00021093575471512396
-3.615373961994811e-05
-0.0002026344416105851
-0.0002731085755796834
-0.00010383720717428664
7.79193789720107e-05
0.0001814073766398972
-6.904995929453287e-06
-0.00024451242779141206
-9.697682043437639e-05
0.00023857132685798705
-0.0001342215313996237
-0.0001708702289757402
0.00011546251839259099
0.00021382837639255888
0.00014609284387953977
-6.299242164825263e-05
-0.0002418988955844421
-3.893265077702221e-05
4.856482633377665e-05
-8.146525326102426e-05
0.00019064005251457592
0.0001573240238313294
-0.00026291881722388346
0.0002783708794706862
-0.0001655209157596795
0.0001473272585765465
-0.00023556837910647374
-8.415663639676265e-05
-0.00010758474994109138
6.487849649700609e-05
-0.00017326040503729432
0.0002782971020725804
1.727104705352483e-05
-0.00028562521107389915
0.00018448554736927617
5.0053493030349176e-05
-0.0002561180518044058
6.750542476163313e-05
0.0002877078077492753
-0.00010774183233798105
-0.00027015270491427014
-3.052039142602817e-05
-0.00017627193179104063
-0.00025016595283214993
0.00010724058426471819
-0.00023357635997655512
0.00025000831361253543
0.0002935298210654086
-0.000160739188710934
1.0853654660501657e-05
7.153573157446118e-05
-0.00027353832533120667
-0.0001447107616374484
0.00015856818105275036
-0.00029284827040060757
8.117674522795462e-05
-0.00022720552076367547
1.2269473960802003e-05
0.00018407262372225263
-0.00010254666541851962
-9.427434156781346e-05
0.00024253791311714459
-9.778273341766423e-05
0.00011568172903282409
1.6669138352851066e-07
-0.00013745040214199742
3.8184335612382366e-05
-0.0001428820484606313
0.0001677924156746401
0.00015780211549531743
0.0002254831188769672
2.4912116855794933e-05
0.00018888323193376775
9.74105198078557e-05
-0.0002875871253629779
-3.435663091719656e-05
-0.00019482668363783083
0.00014781515488760722
-0.00016148108394403984
-0.0001776385012223143
-0.00020028893147924748
-5.4802006077871775e-05
-6.143607626547953e-05
-0.00025259456528035776
-6.917393517833222e-05
6.952729450901115e-05
7.819030838020734e-05
4.360788244386671e-05
-0.00025965337770179745
6.2104668721824985e-06
-0.0001910619813719786
-0.00015815394467790395
0.00015894298521623127
0.0002789722963772317
0.00013817370343724634
5.4801296363560096e-05
0.000297931989675734
0.00011881605290579188
-0.00029310575528693563
-0.00015661799099994176
-0.00012358231266935965
0.0001217035719129085
9.236904641838722e-05
7.460710250386762e-05
3.119495977125738e-05
-6.0256405404796065e-05
0.00019020235935559578
-0.00020109666888762416
-0.00028521678621654166
0.00019806799997038423
1.8904551442157596e-05
-5.982769873452229e-05
0.0002294356151279837
-0.00021804074591825313
-0.00010326578174267798
1.03905574390373e-05
2.387790141334203e-05
-9.668629870346481e-05
-0.00027584869132398453
0.0001379868263174127
-0.0002992970729760159
6.879607073363681e-05
-0.00027945565046728953
-6.939907093418427e-05
0.00028880615480926535
-0.00013342904213746107
0.00023575408481552534
-3.455794360037958e-05
-0.00015748355419475707
-0.0002274400435850135
-5.138235032889398e-05
-9.779677562958021e-05
-1.2389816215498041e-05
5.453724026382702e-05
0.0002798093160620737
0.00018638542722435503
-0.00015772369888053094
0.00010618373644890602
0.0002944369235911495
9.77362513172395e-05
0.00023934873536046605
-0.00018877530450201932
-2.6889874589703007e-05
-0.000296509569695312
-1.5902875629160906e-05
0.0002880981066226205
-0.00024449702738614743
-0.00017644781301622738
-2.5215109030921263e-05
4.75439851893737e-05
0.00020240143817596838
-0.0001391827700325749
0.00027733499806583106
1.8912373970491616e-05
0.00012200433873117613
0.0002754430989611269
-6.751622773281673e-05
4.985858885402935e-05
0.00020603074559639854
0.00011083484130743548
0.00025181474233291096
-0.00025080850298664587
9.79311312646002e-05
-0.00014602716665494984
-0.00027052851028626303
1.9010770474300377e-05
0.00013882234666328026
-0.00023099408563420322
0.00029635201599238103
0.00022071086838898636
1.44841174946891e-05
-1.991929455069511e-06
-0.0001989641882723402
-0.00022038500284663251
-6.8767387752879e-05
-0.0002763010532233836
-0.000185834588075709
2.745862451597502e-05
-0.0002941944950669484
6.272210758664123e-05
0.0002026788762620908
0.000221595750069645
-0.0002481687769590897
-0.0002984188711781773
0.00018434816842498016
-0.00023323823060497417
-0.00012894060213113106
5.8633321691585905e-05
2.8599678504863597e-05
0.00014662294322893122
0.00022798830452171946
0.00021967967149191917
5.9537146169142514e-05
-7.38442425511136e-05
-4.5912481178721925e-06
6.250771404790701e-06
0.0002009780112435814
0.00020682468311001694
-8.540882211955966e-05
2.0134174118220432e-05
-3.7118226438286896e-05
0.00016482885418343953
0.00025583177736678686
-0.00013872983436840418
-6.612113007724177e-05
5.89993297308178e-05
0.00019355429731820665
3.2002506657469176e-06
-0.00015585662283496346
0.00015988550211149113
2.934595145414313e-05
-5.924872240332642e-05
0.0002141076461632299
0.0002104627556017258
-0.00011461211052851166
8.980723135411519e-05
0.00014518158168101507
-0.0002957882734030673
0.00014100620706688794
-0.00012735239337059246
0.00025149899596692483
-0.00019234046950468837
0.0002240172414858552
-0.00024764309693184886
-0.0002192751693653142
0.00018600339194346321
0.0001795173129206734
0.00018778584508749656
-8.918704013935764e-05
8.389861290803498e-05
0.00011696265008458731
0.00023002516726895853
-0.00026773814844144306
-0.00026718229452440067
-7.89175194613496e-05
0.00028794634502839076
9.920516846585238e-05
2.0574047015526763e-05
0.000159114011055725
-0.000264981234219004
7.280249314044987e-05
0.00015301861059666296
9.158095851894918e-05
0.00014571679277881948
-0.00012163338732549007
0.0002824729890769782
8.035001286826844e-05
-2.3970840163048998e-05
0.00011191186018114839
0.0002475117029238601
1.8186440355196052e-05
0.00018816291162592592
-8.321267579142915e-06
0.000292256737674145
0.0002869993340147736
-0.00010568636266541822
0.00019272452952632737
0.00023374808744934446
-0.00017296435048727267
-0.00010324865503391942
0.0002801838353438353
7.102818820672202e-05
-5.766331833380485e-05
0.00020700282277628322
-0.00022943197625630577
0.0001151478978664734
-0.00026507796463774507
-0.0002621474191225097
-6.0762205657087075e-05
-3.504863739957066e-05
5.6937936790446065e-05
-1.4334808145280583e-05
-0.00024907969805526954
-5.350928838795195e-05
0.0001706378641676296
-0.00029369646786647
1.5523369404977832e-05
-0.00016683439522682401
7.231206385781145e-05
-0.00013240325786105758
0.0001564848478353864
-8.431896760124861e-05
0.0002691828577924572
-0.00026122895342853937
8.767335068704394e-05
0.0002640115625245492
0.00015687268674533243
0.0001484997914831343
2.4430426201067583e-05
-3.073489252016328e-05
8.463283644344805e-05
-0.00017805790318056134
-2.6046184446067958e-06
-0.00014777289712343672
-0.00025076120883211334
-3.335416844679528e-05
-0.00026438356835957813
0.0001652874953080317
-0.00013180427009695428
0.00015830284337756844
-0.0002971579747693945
5.753345026777599e-06
5.763000322898135e-05
0.00026223543894496397
0.00026489167131801193
-0.00018999189785521648
-0.0001642134167861651
0.00022380568039410417
-0.00015117153244365218
8.839642487002704e-05
0.00025707473306655254
0.00010486643924705882
-0.00010096632475948574
-0.00019191552063348592
0.00020961970676444908
-0.00026822579009572455
0.0002502823873446579
3.764766200581944e-05
-5.961646516425571e-05
1.8051141638152806e-05
0.00022134920547575238
0.00016982190882233825
7.145621631528189e-05
-0.0001464900747761825
0.00019963153374390527
0.00016589165422062406
-4.294585446805541e-05
2.3442559575233193e-05
-0.00011150881085995767
-0.00013388299719921612
-0.00014594936753892167
0.00014288117091597747
4.359655596207859e-06
0.00014817194137210473
4.1812770830052415e-05
0.00026972518432697774
-2.5497062297673778e-05
0.00023185780934961085
0.0002144930388739155
0.000286750319422871
8.322538369774001e-05
7.321813863659076e-05
-0.0002919570627719031
0.00014606309776800597
9.275322928305668e-05
3.695237619921656e-05
-0.00022417169871910978
-0.00013216430146097797
0.0002049152854226867
0.0002782090907017233
-0.00022356900359116378
7.779072334282433e-05
0.00010922688976003315
0.00011164594726937433
5.930024890306936e-05
0.00015581079690326873
-0.00024579451393226667
0.00012674657336171288
0.00020307540718799425
0.00029632807704591105
2.9354525770214574e-06
7.4198109477241e-05
0.00013493752348605606
-0.0002039986546280775
0.00016438097878793915
-0.00024328302536887338
-9.485246524322243e-05
0.00011237294631812267
0.0002176350925143543
-2.5161247588062355e-05
-6.639211599546513e-05
-0.00025111412020007535
0.00010288395633166881
-6.234727836453152e-05
-0.00013454160643708624
-0.0001965475144389824
-0.00014364430609515834
-0.00028138254958990196
-0.00024095485597607847
-0.00027032647146813036
1.371198376326168e-05
9.059539729513083e-05
-0.00019214002278797904
0.00020432932932914523
-0.00014053596047643226
6.675346739703602e-05
5.481555009583775e-05
0.00014119491899888277
9.094916170462652e-05
-8.003065481960271e-05
0.00011923402930856623
-0.00019111823554112962
-7.507233302303542e-05
-0.0002505265326153345
3.421078837667098e-05
0.00028434482991131644
