-4.376445414014915e-05
-2.918271993217142e-05
4.260170534563052e-05
3.412790972616082e-05
4.957565014871399e-05
-7.195685920561223e-06
-2.717433043790185e-05
4.924701915879127e-05
4.976688431613798e-05
1.7040223182582244e-05
4.5531938817412985e-05
-8.18416373698716e-06
4.731821010809622e-05
3.474941540550944e-05
-4.869608572617325e-06
2.284596450198576e-05
-3.821274528799734e-05
-4.110843866952431e-05
-8.861420629115403e-06
-1.1674323663537016e-05
3.444055261451145e-05
1.553299535587413e-05
4.266320018786554e-05
-1.650544840269437e-05
-2.6502087651744e-05
1.4271379120150915e-05
-2.935443795668349e-05
-1.0152996308616493e-05
-3.0795400373568594e-05
-1.6398489772312565e-05
-2.487903987867538e-05
2.0799323343337614e-05
-1.978672472703794e-05
-1.5127616661604368e-05
-4.121760180062083e-06
1.0024157771046815e-05
-7.549953071009508e-06
2.2997561645036716e-05
-4.991879518710248e-05
-8.492523781990815e-06
-1.5009277874577221e-05
2.5343867192065035e-05
3.012348112276863e-06
-1.7478809864425404e-05
-6.578009988645284e-06
-3.219645217464942e-05
-2.196107358104582e-05
2.2926308337324325e-05
4.24780561160954e-05
-9.017471936144215e-06
3.518897921679906e-05
-2.305958239088095e-05
4.061092511890632e-06
6.02767294611981e-06
3.627741139293103e-05
-2.1911772421360655e-05
-3.3502740915577337e-05
-4.570763261053412e-05
-2.0708756006594765e-05
-4.943709513563524e-05
3.776328793412875e-05
1.8079266287886687e-05
-5.280113360184958e-06
-9.910893393250565e-06
4.7513361472809513e-05
-2.5390844031106077e-05
2.794631932589468e-05
-4.482747747909852e-05
-2.508944022068608e-05
2.660935935843691e-05
2.378257149606353e-05
-3.656313842486222e-05
4.3245212240390034e-05
-1.0803745527041345e-05
-1.9289178238350414e-05
-4.751081643350335e-05
-4.5424201243307626e-05
-4.5942829554510494e-05
-3.9604365696796896e-05
-4.399705344928292e-05
-2.5067606745151506e-05
3.993120828750241e-05
3.099829771833334e-05
-3.2388621407531194e-05
1.5213894650063042e-05
-1.7588256006349388e-05
-1.7189864687665248e-05
-2.5335380903464356e-05
3.920974854181121e-05
1.856132844322766e-05
2.26867216581741e-06
-4.9779776571199766e-05
1.2762498798320089e-05
-1.5708194855874233e-05
1.640965979697688e-05
1.9483692797193362e-05
-4.263568442243583e-06
8.10796318248571e-06
-2.0998103117177992e-05
-1.3967094382141185e-05
2.708432786700883e-05
4.5978424699600824e-05
-1.74132184058346e-05
-4.130083054231335e-05
2.4338490314147224e-05
4.027881637157492e-05
-2.0967637527990036e-05
-5.854461109947339e-06
1.6607306710517327e-05
2.948402256251743e-05
2.781105159473539e-05
1.654764262771837e-05
3.698883010934014e-05
1.4189701786696819e-05
-1.4891201225900041e-05
1.1127584263700324e-05
-3.4685763751834465e-05
3.817531175072128e-05
-4.772377079845328e-05
-4.980562430209885e-05
-4.2564166796241066e-05
3.8944331823495566e-05
4.378333162854143e-05
-2.0120590409916185e-05
-2.039166524885473e-05
4.7337659761943446e-05
-4.0051726242911315e-05
9.406060623026928e-06
-2.6469375394213168e-05
-1.8000026050831228e-05
2.4404392710446694e-05
-1.8168063866699994e-05
2.5995163421588522e-05
-2.9204840306632396e-06
-2.884241440854114e-05
3.82784351580843e-05
4.8660110001260886e-05
2.4366832551035284e-05
4.688195085285619e-05
-3.03428240425181e-06
-6.77889486908211e-06
3.867236014802981e-05
-1.2510245028614986e-05
4.11824625965414e-05
-3.567159414750032e-05
4.105632206972399e-05
1.5597179668834565e-05
8.057678210338551e-07
-3.1412105541803965e-06
4.724114716122034e-05
4.803292679106388e-05
-4.1418481368822924e-05
4.701546725315798e-06
4.225443505280682e-05
-7.708968022613817e-06
-3.6485892084434135e-05
-2.7638421660158997e-05
-3.679792767727934e-05
-1.7544116044634697e-05
-1.2292350377964256e-05
-4.9705555672953105e-05
1.2753478102924517e-05
-3.616833908581436e-05
-1.1076397455850852e-05
-4.642255250218508e-05
-2.1944492066339307e-05
-6.075595043304308e-06
2.5039829800742003e-05
1.8014663436635843e-05
1.9469901367781717e-05
2.4342557806084348e-05
3.874402831567309e-05
-4.486010584192263e-05
-2.990698177521544e-06
6.8964733537273524e-06
-3.564686161878438e-05
2.3207776782786345e-05
2.1067489648414927e-05
-4.2393566505910974e-05
1.9862960878404134e-05
2.8013435609960115e-05
-1.0593174370638993e-05
-1.8037628282165006e-05
-8.159321715102876e-06
2.451053746744273e-05
2.9221078035548662e-05
3.824734932153624e-05
2.556309504565141e-05
-1.0707504267288134e-05
1.3597678849285404e-06
3.43588880930461e-05
-2.9896874290047395e-05
4.7356034874844175e-05
3.4560745055070924e-06
-1.0108807203312986e-06
-2.294771233208043e-05
-4.644852198679345e-05
-1.170688370980674e-05
-4.910695384600819e-06
9.886582279947722e-06
2.6679190157177263e-05
6.331800479574943e-06
3.972585042714678e-05
-3.352197331887548e-05
-1.8755982832154528e-05
-3.489974005114888e-05
-4.696790320451959e-05
1.768897043425226e-05
-3.149105149397006e-05
-3.9240365733174225e-05
2.7766309936205076e-05
3.475654431884248e-05
2.8268817136023357e-05
2.217510592607968e-05
6.205399691177852e-06
4.5440956130224154e-05
2.0291943902241476e-05
-2.6142591372330437e-05
2.6824457660666098e-05
-2.0413642239142696e-05
-3.3180162819305866e-05
-4.5587729797457955e-05
8.530981260766633e-06
1.409484135099076e-05
-4.715058636097335e-05
3.5800173578289637e-05
-1.5874716565553873e-05
-4.569398979060462e-05
4.195053639962567e-05
-3.1603951988214e-05
1.5276076008721955e-05
-2.3566794497028145e-05
3.775650066712364e-06
-1.5355854947866508e-05
-9.020812264338694e-06
7.819932405917816e-07
3.352366417370841e-05
-2.5212894976091973e-05
-2.25965026010738e-05
-3.9807481478663234e-05
1.0244979118905438e-05
-2.2255932139026315e-05
-1.684047510679525e-05
2.1153647538150066e-05
3.085733718635273e-05
3.872493022906791e-05
-2.9197995290951142e-05
-4.514593391853207e-05
-1.0416907380014431e-07
-1.9964415217104474e-06
1.202527287166358e-05
-3.2284625263931727e-06
-4.216682096420468e-05
-1.4123115980240548e-06
-2.4665286450562796e-05
-4.800954067319418e-05
8.107476087170774e-06
-1.3678056865783153e-05
2.0957152614833507e-05
-3.3038798543657297e-05
3.218981951282855e-05
-9.761826629127992e-06
2.9948040309921185e-05
1.8139606308693705e-06
-3.72824745628246e-05
4.688927161689361e-05
2.4476478028770302e-05
3.6479099418320074e-05
1.4731643406450986e-05
2.59390661084419e-05
-2.19520674327374e-05
-3.5266391340764784e-05
2.4510625302651666e-06
-4.4960645053161036e-05
2.632598334990248e-05
6.760692124405798e-07
3.12881531072277e-05
-4.403539256242143e-05
2.6529375406085974e-05
-1.8909900640737463e-05
8.345724202444584e-06
-2.008733597629434e-05
-2.6467700708201714e-05
-1.1120039014141407e-05
1.1876803255317742e-05
-6.006867677881045e-06
3.7858877610468397e-05
-3.7504234217337886e-05
4.56372843548696e-05
-3.783286104014514e-05
-1.1233063140542944e-05
4.7881803269510144e-05
-4.065004071844525e-05
-1.935051551917506e-05
-1.2180329407003751e-05
3.199314900496159e-05
4.6718870710565974e-05
-4.052783655486261e-05
4.966080625980286e-05
-4.5968393585756595e-05
4.247438927697363e-05
1.6100916464185484e-05
-3.009917283632514e-05
-3.85462626650475e-05
-6.058426901875289e-06
4.201437707666854e-05
1.7131433457250103e-05
-1.2077197576541458e-05
-1.8973512550412434e-05
-4.4133855312912956e-05
1.5747384849722786e-05
-1.8381066071238418e-05
-3.903842599285611e-05
1.1782506318610353e-05
2.997620955008494e-06
2.343299600685549e-05
-4.265934375759209e-05
1.7426464093453296e-05
-4.048489461836345e-05
1.918207675160442e-05
4.0346747320283594e-05
-1.9631297240292013e-05
-1.0713053521763407e-05
-3.7108631001910334e-05
-3.749839924267399e-05
4.75181109892169e-05
-1.85547982294257e-05
3.1717381955768935e-05
-2.9404838671735458e-05
-4.903584974684006e-05
1.3565052349748075e-05
-2.9311295980320562e-05
-4.36495557927432e-06
-2.4702291899396247e-05
-1.298572384912544e-05
-2.3461335048046874e-05
3.280542267885778e-05
-3.5403697139236414e-05
-2.838211276190483e-05
2.66601907103678e-05
2.094698077425282e-05
3.875330351695096e-05
4.528485854027037e-05
1.0088585340470778e-05
3.7108250104656337e-05
-1.417642474657516e-05
-2.368015002715318e-05
-2.9801232174503013e-05
9.60244167530048e-06
4.5643852163380025e-05
4.692648388164151e-05
6.582589086730296e-06
-4.460053324814872e-05
-4.940132137389021e-05
2.1480433504077197e-05
2.0075556258586834e-05
-1.5579481634091145e-05
-2.618758164016599e-05
8.043794173560123e-06
2.772430828569214e-05
-4.179877942270069e-05
-4.480207473169129e-05
-3.999605494822745e-06
-1.5296117233723438e-05
3.1456249624521166e-05
-3.664185488323786e-05
2.8872814419436754e-05
-1.6526826337394694e-06
3.476918566429114e-05
2.479864839204914e-05
-1.6842802054846352e-06
-4.700055509283265e-06
5.092536451440701e-06
4.474975980467476e-06
2.1346423743073957e-05
-1.9803099052416985e-06
-3.3592646773185206e-05
-2.576805453318759e-05
3.7908017577098736e-05
3.319723297449909e-05
1.9338470073586396e-05
-1.1964538982983742e-05
2.7723757835621106e-05
-3.770786603296875e-07
-3.722692103063505e-05
-2.709309512377535e-05
-4.4539941808508976e-05
4.202358602479049e-06
-2.9486517901927824e-05
4.29569878245537e-05
-1.2027615454008902e-05
-1.812383246855709e-05
4.315032310080731e-05
-4.5763450494043527e-05
-1.7616232661654755e-05
3.831559883730515e-05
-2.266513623826545e-05
4.7199077507525774e-05
3.9855129141404246e-05
4.9586747649288185e-05
5.7443898855753065e-06
3.2201365233594303e-06
-1.6819583149520944e-05
-3.7207734936622625e-05
4.677489911495964e-05
7.971896730308283e-06
6.368449112021394e-06
4.318217029246634e-05
-3.5860539860010054e-05
2.7904148074478883e-05
3.7144625298325084e-05
-3.505345641764013e-05
2.651534862726522e-05
1.408234062788374e-05
-9.06900367875577e-06
-4.2919728893471344e-05
1.3642092184151408e-05
-7.764102999386271e-06
1.7359915861856827e-05
-2.3978156415989583e-05
-3.277095800737437e-05
-2.964168281453378e-05
2.636413028338228e-05
1.7565919740225704e-05
-4.321058711665048e-05
4.047529337800855e-05
4.242575320464783e-05
-4.67205467165876e-05
1.500998222616428e-05
2.960111771074905e-05
3.215694075267753e-05
4.389072674046057e-05
-4.332004824567942e-05
-1.7202699163369394e-05
4.47461678251153e-05
1.4367255950061763e-05
-6.683520223141315e-06
2.1308534338566327e-05
-2.831331004299219e-05
3.1992894890806106e-05
3.410800512239501e-05
1.5497707576141407e-05
4.5306685365147335e-05
-1.2358005153512585e-05
8.369392866578618e-06
-4.8889702230636405e-05
-5.081482137522107e-06
-4.282259317486948e-06
1.0342244204338212e-05
2.4418249096472523e-05
8.35796929802697e-06
-4.273757548318552e-05
-3.1583224599844744e-06
-8.57423803741533e-07
1.7578841173817755e-05
-2.099408442787666e-05
1.3364860698088494e-05
-1.787715660765279e-05
-2.7828258042940414e-05
-1.6580372914164115e-06
-3.7629977728898185e-06
1.9029567014612824e-05
-1.3964025012809881e-05
2.8375762659727044e-05
-3.83927455926683e-05
-3.140824390664404e-05
-4.886464990773143e-05
-1.8795313913776245e-05
2.7626665681187015e-05
1.3998720608841726e-05
-3.0146899304919408e-05
-2.2484901241844913e-05
-3.3479066532863666e-05
5.859110293135125e-06
-1.2572546605472725e-05
3.33734996477532e-05
-1.819589244741674e-05
-1.0728329118977354e-05
3.776384965422377e-05
1.9506992938823102e-05
-8.288418160356018e-06
1.9884498671057648e-05
-5.967130406965946e-06
4.970926293645778e-05
8.765366372483277e-06
6.768315877406697e-06
-3.153532555526729e-05
-4.657265960120116e-05
-9.415797908161781e-06
-2.6267235700462577e-05
-1.2527267478609795e-05
-9.806861906833225e-07
-4.156915625659994e-05
-1.2874971388086734e-05
3.375879516724743e-05
1.0099241820414461e-05
2.2884031246354408e-05
-3.714362726349469e-05
-4.25371348941488e-05
1.8323574551989577e-05
4.066759054114923e-06
-4.665443665105099e-06
3.76817503592887e-05
3.1919107045974065e-05
-2.6948902728934123e-05
1.5327542143660081e-06
3.1722633241389256e-05
-1.569664117076752e-05
-1.3127838960709516e-05
-2.583132980914609e-05
2.4448497118278535e-05
4.3221496076085746e-05
2.114214470186273e-05
4.353425456690511e-05
2.3526919635420216e-06
4.297756672379314e-05
1.700199493808687e-06
-1.1249421001446317e-05
-4.401174176452571e-05
-4.1432507805209915e-05
-1.223737582360875e-06
1.5158047956618209e-05
4.67298817936045e-05
-6.3046597858711125e-06
-2.5640434023564676e-05
1.3458841386641998e-05
-2.53774639366272e-05
-4.270637564349871e-05
1.2075047424391456e-05
-2.0357222876174898e-05
-3.439294921176857e-05
6.054521853621453e-06
-2.606305291825486e-06
-1.9435465052773905e-05
-1.7989690215092444e-05
4.621528035116836e-05
-4.7030391082693216e-05
-3.9593667487880505e-06
-4.72674848199873e-05
1.1032492602390762e-05
-4.837290735331811e-05
-2.197293725327888e-05
-1.6512419377857427e-05
-3.915149872288309e-05
-1.9403293654357745e-05
3.630376930480118e-05
2.95423500464051e-05
2.198293521700057e-06
6.582878568779372e-06
-8.088898889552034e-06
2.2011436243192255e-05
-4.684213056763902e-05
-4.0097986440316345e-05
4.8322128164606135e-05
4.405784025754153e-05
-7.717599940802658e-06
2.906597966944855e-05
-9.462090796588332e-06
-1.4933711786651701e-06
4.6940749393674016e-05
-1.8109940645758583e-05
-4.163254415510943e-05
-2.5758401532079324e-05
-2.5049815824414203e-05
1.4159659737655719e-05
-1.8324665821374796e-05
4.90926099830407e-05
-3.669451990207815e-05
4.4622626765953835e-05
1.8503129208231112e-05
4.128349399560035e-05
-4.24109362494178e-05
4.936825370372873e-05
2.486772935661289e-05
-4.02123059625167e-05
-4.935864575441117e-05
2.1780529319802295e-05
3.174823844903686e-05
-8.549609601914367e-06
-1.4673175099138971e-05
-4.291667594175551e-05
4.044523770829087e-06
-2.157912897704112e-05
5.7075369866008675e-06
3.3014659863621825e-06
-2.8082692590011183e-05
3.4087863740595005e-05
-9.93498590807598e-06
-1.465700511972692e-05
2.8849166972941524e-05
-4.278768163446381e-06
3.738319667324931e-05
2.3891542087506684e-06
1.4048119415913767e-05
-4.217183727270312e-05
7.750956876226731e-06
-4.972014535835609e-05
3.376104049583227e-05
4.066930054810811e-05
9.568596991228696e-06
-1.6102632481262814e-05
3.466734118452099e-05
4.665239641591089e-05
4.180588621207714e-05
2.4292512122130995e-05
4.140935310882971e-05
-3.456570240294247e-05
1.450811953260152e-05
-2.1534129647770652e-05
4.454291059428234e-05
3.663095833978661e-05
-4.832753766508643e-05
-1.677222785732493e-05
-2.2632769879169414e-05
-2.9895703584987656e-05
9.838615313799353e-07
5.7976272550059306e-06
-3.523441109297285e-05
-1.6910042020893037e-05
4.39040411372276e-05
-3.6652137561499823e-05
2.4210084025666708e-05
3.773614452140779e-05
2.6104933102181106e-05
2.4784403884596664e-06
4.229301487068726e-05
-4.658300653042117e-05
1.5622789513166975e-05
1.6429660021125354e-05
-9.511067561123435e-06
-3.45967535032047e-05
2.7213586537570973e-05
3.315383296234769e-05
2.463190194957115e-05
3.010570425821059e-05
-2.7198197482280928e-05
-4.353457748196159e-05
-3.8032726730830215e-05
1.5184231345550832e-05
3.8389421542463026e-05
4.939734454870361e-05
-3.364987090774897e-05
4.026309777621544e-05
-1.398021581798816e-05
-4.393497939280237e-05
1.0556564581780346e-05
8.387578557944384e-06
-2.5466145569009324e-05
1.6198034127221668e-05
-2.996159597900554e-05
-4.599318330651755e-05
4.007612061714798e-05
-4.5244897735171855e-05
5.0715500194504554e-06
-2.6379084706324443e-05
3.980034081952168e-05
-2.082716947260278e-05
1.8732041328465853e-05
-3.168826521752738e-05
-1.7127825119071484e-05
-4.6498229159102726e-05
2.9767629612632356e-05
-4.4762710316618996e-05
6.785100707547421e-06
-8.222681195989377e-06
4.724997664493081e-05
-3.723490687112216e-05
-1.9603841898329638e-06
-4.903016364179697e-05
3.481682073366703e-05
3.7907033175289076e-05
3.5988095694400065e-05
7.006164717934652e-06
-1.2924816802572302e-05
-2.7170702450066433e-05
-3.471248489443445e-05
-1.9172150631315674e-05
-2.4293222741501333e-05
-1.3262238154043696e-05
1.9237130377484442e-05
-8.199892365738785e-06
4.9186531412115016e-05
-4.5144692629826005e-05
3.5768103284065024e-05
-3.321781704690876e-05
5.803236110024366e-06
1.25113750397975e-05
-3.375141597996889e-05
-1.520327915389106e-05
-2.9363413811710626e-05
-1.3663452037479843e-05
-2.83924235878972e-05
3.7893835846408815e-05
4.175667294641844e-05
4.8718708178776834e-05
1.2432833466905178e-05
-4.38020546278648e-05
-4.6869130509066974e-05
1.965629055105676e-05
-2.694646343748185e-05
2.5939841747743783e-06
-1.7702400698924203e-05
-2.9130421695699228e-05
-3.842412600325622e-05
-4.2451792487563105e-05
1.9435036006194716e-05
2.8451085581185092e-05
4.4778477875529245e-05
1.88081024466422e-05
3.988764363927057e-05
-3.847029275481764e-06
2.5982425006329415e-06
3.2101408511192704e-05
3.7300581423577834e-06
4.378869493712247e-05
1.1100587161466887e-05
4.475579245829196e-05
-2.400295068746665e-05
-3.207450299888834e-05
2.0271521775829062e-05
-4.73763189614755e-05
8.95742748516916e-06
9.100788225282717e-06
4.935142057323047e-05
2.8055007316845055e-05
-6.069880524818917e-06
4.976440211972539e-05
1.8714740171971468e-06
-8.727306371733457e-06
-2.2875429640028877e-05
1.5702892820944847e-05
1.5633289646813401e-06
-1.1220898235869017e-05
4.932999703681931e-05
3.3028469545092555e-06
-8.430576877834028e-06
3.625163729623047e-05
2.9291140030725223e-05
-6.5765971831556545e-06
-1.7821870341069767e-06
1.3408972923158105e-05
-2.2680881586394377e-05
-7.127155401052142e-06
4.0212669889677665e-06
-2.4156194626271646e-05
3.569936359494272e-05
-4.7300014769293953e-05
-2.425063909630838e-05
-4.268326747422185e-05
3.956032065320711e-05
2.507180154898517e-05
4.786320208192207e-05
3.412285613283837e-05
4.521127212260602e-06
-6.654778625791183e-08
-2.0451017762927683e-06
1.0527127756431901e-05
1.2139359857476114e-05
-6.528338818475008e-06
-4.220725529990248e-05
4.3943991799522964e-05
3.9699289650053204e-05
4.1025827058588974e-05
2.9098993536910246e-05
-5.985782737966061e-06
-3.4777668606024396e-05
-1.3908913082668993e-05
8.476608109256403e-06
2.1548560070214826e-05
-1.465969923069448e-05
1.2735105890262622e-05
-4.004608560396992e-06
-3.727674279066184e-05
-1.7074877202839554e-05
-1.3398815926260166e-05
-2.920031570723295e-05
3.434044157439038e-05
3.26547187381696e-05
-3.5371902278434974e-05
2.287287966668374e-06
-1.6565935362157833e-05
-2.8155358170719036e-05
2.2122232632061722e-05
3.687872173539241e-05
4.6763641149210186e-05
9.949314546364415e-07
-1.270517264056449e-05
-3.847828059821936e-05
5.461899613741391e-06
-9.049261913062332e-06
3.390005157309691e-05
2.2303614261450542e-05
1.328946217841321e-05
-1.3938913874952141e-05
2.4142532448557704e-05
-4.579879659308629e-05
3.5177112425196836e-05
7.211920537342468e-06
3.255336143317032e-05
-4.9109602875218606e-05
1.8483303411248463e-05
-1.9966457605706977e-05
1.1195250681115443e-05
2.0384953112674837e-05
6.966591022237424e-06
-1.9398336907113576e-05
-1.7424945135684256e-05
-2.0702865143931015e-05
-2.405018456381324e-05
1.2392441480040458e-06
4.678454473622271e-05
-4.1459433850983667e-05
2.8983108175486794e-05
4.271101767047531e-05
6.656737021642012e-06
-9.628388529614877e-06
1.8152563124052412e-05
2.7383937384296295e-05
-5.746912303138682e-06
3.0432525654551424e-05
-4.3437007158739826e-05
-1.4924413921262284e-05
-3.269787514291519e-05
-3.4584942797107616e-05
4.8619889219659545e-05
2.3298627512571486e-05
3.7980180274547655e-05
-1.1422029682680793e-05
-2.0194691408962296e-05
1.3533110472235838e-05
-2.4265017322082474e-05
2.7045550757989267e-05
-1.1986667026137236e-05
-1.5228320211141454e-07
2.520159758892615e-05
-9.662410340257836e-06
-2.3014953804661232e-05
1.268046802665343e-05
-4.505295443672872e-05
4.605355522547696e-05
-9.107342019591094e-06
2.5821015772838333e-05
-6.353225761904483e-06
4.4807456259421235e-05
-4.066255335555579e-05
-3.9339105503032746e-05
-1.6114768159240103e-05
-1.9696183712524962e-05
2.1486456076708908e-05
-4.176234086742804e-05
-1.9514942055857676e-05
-1.7720613264026834e-05
3.938208451547143e-06
-1.172249284009589e-05
1.6120613188868085e-05
1.9462735175660222e-05
4.260464171563043e-05
7.311685109938546e-06
-3.9171935055375754e-05
-2.131532904104304e-05
2.2546064174480323e-05
-4.0480118828913694e-05
4.566939518776061e-06
-2.4472385964091964e-06
1.6068540917570314e-05
-3.1689044558796764e-05
-3.998590864222426e-05
-1.4572868762731041e-05
-3.619990204519345e-05
-2.8737549247006555e-05
-4.5218670590236314e-05
2.4750916526991724e-05
-4.675007587802279e-05
3.837442150872189e-05
-4.4103938008171876e-05
2.7555702477151925e-05
-1.6950704366933939e-06
-4.7621225821803494e-05
9.321384791818188e-06
-4.4712723179854496e-05
-4.0708189698241785e-05
-1.1188528237951782e-05
4.402037816091908e-05
-1.7385819554937075e-05
1.273792580810183e-05
2.1875397926152136e-05
-3.713532340549817e-05
2.8519018423667237e-05
-3.244677660178487e-05
-3.0785241263924336e-06
2.302100982448239e-05
-3.2869831464318687e-06
-4.0531434105723585e-05
1.815040607461568e-05
-6.345743372638661e-06
-3.227035018091133e-05
-3.275093524783832e-05
8.325140196215062e-06
-1.6376076273143584e-05
-3.4078400733323255e-06
4.103831366998116e-05
3.4290405876975264e-05
3.151199434602068e-05
3.313407783117058e-05
-4.934766666079817e-05
-4.334888429742246e-05
3.542997577484372e-05
-3.7115517173870216e-05
1.2285861803124837e-05
-2.938849858170293e-05
-2.804488511061574e-05
-4.408853190250428e-05
-2.071168401649054e-05
1.2357648364173965e-05
4.815320276472396e-05
1.0931223656630997e-05
3.3330330029054664e-05
-2.88374932314507e-06
-4.00666297779647e-05
-4.94788055646381e-05
4.3605128368177274e-05
-1.3864048651142822e-05
1.6579802612972664e-05
3.398401022004002e-05
-2.1251724821498696e-05
-3.699377569538384e-05
2.6725728376349766e-06
7.642039322376748e-06
-8.924169135808723e-06
-1.6915802264081817e-05
-1.3775628597133461e-05
-4.665541644241026e-05
4.663448746443643e-05
1.757386289482752e-06
4.9883508008773845e-05
4.93987211812409e-05
3.788665322453806e-05
-4.773989776607672e-05
3.822988992254299e-05
-3.3519424343129823e-05
4.237434582161946e-05
-4.4554820137103555e-06
-2.8220694634138168e-05
4.886221297558805e-05
2.5587504984114113e-05
-6.804764453076176e-06
3.246226958198168e-05
-4.7013198565454944e-05
-2.40810462409267e-05
-4.733651600492527e-06
4.154951907414532e-05
-4.93159791442133e-05
-2.2814186113544012e-05
2.8081457573881994e-05
-1.0175081868332226e-05
3.479426722263958e-05
-2.801053335213767e-05
3.800275620159562e-05
5.126204599389065e-06
4.6261909072192635e-05
-1.6153894171737826e-05
-4.608925031505524e-05
-3.546921453124187e-05
-9.74641890802014e-06
1.7684785464516856e-05
3.766816301813331e-05
3.139993864809325e-05
-9.828791996728279e-06
2.6872545603249147e-05
3.437383908878803e-05
-4.232627045356342e-06
3.026810075712631e-05
-6.228096267413077e-06
-1.8521339646202914e-05
3.921896809588217e-05
7.905627160651272e-06
-7.3407301480539776e-06
1.332247356859917e-05
-5.0758377811149435e-06
4.8362172650110966e-05
-3.037725152501265e-05
6.975841688868241e-07
3.6572435369528916e-05
-4.9412914944174684e-05
1.256456749720204e-05
4.5137933178598974e-05
-1.2831296371079757e-05
4.688414392273804e-05
-2.049334103988736e-05
4.018516295893594e-05
1.9710000949801374e-05
4.247032438567999e-05
-1.9973565219208802e-05
-4.028716548607737e-06
-2.0172234242060095e-05
4.724626405782931e-05
1.820772227197643e-05
-2.116125939324677e-05
-6.802974399274951e-06
2.7836028864775088e-05
