1.17577026432641
1.17662360156545
1.17747901516844
1.17837189466193
1.1791362468331
1.18000708146274
1.18089388467086
1.18169303123046
1.18256256858225
1.18333929872482
1.18413280440169
1.184814908884
1.18564428721044
1.18623535979449
1.18691311580508
1.18740617352132
1.18810554884438
1.18943277689967
1.19165789569026
1.1933953170949
1.19462031821519
1.19557065892945
1.19668353378915
1.19757869607337
1.19860065465315
1.19963845879841
1.20065872263705
1.20181115118366
1.20295231364558
1.20410472404016
1.20514112000624
1.20653239223348
1.20811897847302
1.2098506842126
1.21147483348648
1.21322571296527
1.22040172983306
1.22372713714585
1.22027554950736
1.21702969464689
1.21534946177801
1.21559007975785
1.21587072513883
1.21614745395122
1.21641984515278
1.21696884226858
1.21747564218327
1.21811891168984
1.21860384648691
1.21910049382016
1.21985929056978
1.22050059246538
1.22113579614298
1.22175151083902
1.22238215795596
1.22318836533182
1.22388822314828
1.2245971197151
1.2252878876884
1.225923815419
1.22668718395639
1.22741865002142
1.22816432589286
1.22887045718098
1.22959507691401
1.23040421769492
1.23117903184959
1.2319261619573
1.23270341452702
1.23347773841695
1.23422873606346
1.23521015912391
1.23598529338285
1.23678336528058
1.2375610899281
1.23833604842222
1.23915559600907
1.23991243430684
1.24074079328274
1.24155651007879
1.24231942993718
1.24314995045508
1.24399008048548
1.24478593786844
1.24561914540455
1.24636834168605
1.24722718437682
1.24809630082086
1.24884567323607
1.24968323318255
1.25043238280315
1.2512710931248
1.25210187482514
1.2528606408531
1.2537017293449
1.25445082841514
1.25529326238378
1.25608149875268
1.25688263441476
1.25768349177669
1.25848494585637
1.25928548443795
1.2600864681475
1.26088685337121
1.26168753417693
1.26248794694978
1.2634870605769
1.2642888534796
1.26509115522965
1.26589288992069
1.266694990595
1.26742532522346
1.26822702873633
1.26902888811467
1.26983031425198
1.27055805381929
1.27135901229813
1.272159837589
1.27296098866863
1.27368491854199
1.27448555561608
1.27528577565715
1.276086046278
1.27688630008345
1.27768646892401
1.27848648389625
1.2792868307211
1.28016843760962
1.28096914587123
1.2817699952141
1.28257035434233
1.28337129179016
1.28418710389317
1.28505838495462
1.28585885107582
1.28689382385114
1.28769614424958
1.28835108195056
1.2891523913895
1.28995378710095
1.29084637328192
1.29164824012589
1.29245061579877
1.29326685540874
1.29414859932067
1.29519742122294
1.29600119569745
1.29690183422233
1.29770587029687
1.29851063884867
1.29941365924252
1.30021834112426
1.30109146940227
1.30192977717907
1.30273523472302
1.30364324447937
1.30444932808101
1.30525570824403
1.30616741790999
1.30697409968417
1.30778091275259
1.30869521201282
1.30950266291593
1.31031008129603
1.3112278617373
1.3120355962641
1.31284381804785
1.31376464441493
1.31457355675456
1.315382107129
1.31630553599908
1.31711516242917
1.31795480027411
1.31885197962638
1.31966185534058
1.32059219216227
1.32140264665985
1.32221884773407
1.32314625583204
1.32395837186324
1.32489377407417
1.3257059739536
1.32634611282785
1.32745767815731
1.32809735468001
1.32890918261099
1.32985216725563
1.33066499138617
1.33157712394971
1.33242460601584
1.33329262758449
1.33418690330805
1.3350018813911
1.33595387436252
1.33684287774441
1.33772361511608
1.33854070982281
1.33949736724061
1.34037504045888
1.34127561580435
1.3422067252821
1.34305723027778
1.34388853234001
1.34484269675661
1.34571264364512
1.34663252605795
1.34753244663371
1.34842556558974
1.34924811240484
1.35022318030645
1.35104631264484
1.35202507217289
1.35284861707109
1.35383093621598
1.35465559010075
1.35564133790432
1.35646694133815
1.3574559834824
1.35828237364387
1.35927457241784
1.36010248136541
1.36109770020853
1.36192697936982
1.36276562632542
1.36375557594781
1.36458533419973
1.36558889687475
1.36641963307448
1.36742666329226
1.36825915849898
1.36926953155921
1.37010270270469
1.37100225690137
1.37195092545958
1.37278537649863
1.3738045156753
1.37464021604122
1.37566321948265
1.37649904869742
1.37752579557062
1.37836355581004
1.37934440695512
1.38023250093147
1.38107949769723
1.38210761710983
1.38294720866426
1.38358167460871
1.38442202842275
1.38546266886296
1.38630433603133
1.38719560853008
1.38819192301866
1.38903383961997
1.39008454437937
1.39092846385091
1.39198300301531
1.39282774789582
1.39387537759758
1.39473250024411
1.39557884296765
1.39664356222928
1.39749037919015
1.39855963496376
1.39940786910615
1.4002952084712
1.40133109277338
1.40218130528617
1.40326093603049
1.40411224770544
1.40500559311992
1.40604835471862
1.40690115714451
1.40799052369918
1.40884523113251
1.40993166845321
1.41079503857806
1.41165075360548
1.4127503589355
1.41360767287236
1.41459744470657
1.4155721082738
1.41643111237549
1.41754270316262
1.41840300891481
1.41926341830284
1.42038073524617
1.42124346131435
1.42225871849266
1.42323023053009
1.42409390255334
1.42522230999383
1.42608801864174
1.42695357121555
1.42808959195544
1.42895576997403
1.4298542301886
1.43046370146932
1.43133062975146
1.43235160782337
1.43334420882694
1.43421228863291
1.43534393733411
1.43623651060153
1.43710675988374
1.43826584558474
1.43913732984838
1.4400107973697
1.44117660858237
1.44205115588889
1.44292497813681
1.44409865044327
1.44497470086693
1.44584992211973
1.44703129214889
1.44790993423811
1.44878765070246
1.44997656113508
1.45085619837007
1.45173617503807
1.45293245546904
1.45381420065885
1.45469620088515
1.455899680618
1.45678329258985
1.45766707298689
1.45887898904736
1.45976422504962
1.4606509656109
1.46187118148225
1.46276641926811
1.46375114566509
1.46474671629238
1.46574158875061
1.46673863640263
1.46773784697341
1.46873626454312
1.46973531897488
1.47073646321198
1.47173670547976
1.47273898751857
1.47374179461199
1.47474509520611
1.47575037044348
1.47675608714604
1.47776221296867
1.47877024617299
1.47977863496802
1.48078734621102
1.48179634647912
1.4828071570477
1.48319437300648
1.48420475439885
1.48521530770648
1.48622757457007
1.48723995589556
1.48825400503234
1.48926811018473
1.49028223560492
1.4912979522915
1.49231524247742
1.49333246877473
1.49435122001166
1.49536984590391
1.49639158535862
1.49741314953109
1.49843450056669
1.49945725730592
1.50047973695248
1.50150524007057
1.50253041380156
1.50355521895399
1.50458299346498
1.50561034569257
1.50664063868267
1.50767045479915
1.50870146793132
1.5097319357879
1.51076527197642
1.51179800642081
1.51283183788022
1.5138667440428
1.51490270238743
1.51593969018288
1.51697768448707
1.51801666214643
1.51905659979505
1.52009568747829
1.52113746751033
1.52218013613689
1.52322186278456
1.52426622902487
1.52531141053088
1.5263117233302
1.52730880463685
1.52830626747888
1.52930408515429
1.53030223075496
1.53129881834037
1.532297531686
1.53329649098086
1.53429754702107
1.53529692139643
1.53629834964715
1.53729992492241
1.5383035237109
1.53930531389456
1.54030908324773
1.54208371439964
1.54309022742337
1.54409867372624
1.5451051452317
1.54611350370685
1.54712373924501
1.54813190264418
1.54914387208222
1.55015370800875
1.55116533905378
1.5521767576442
1.55318993615132
1.55420084231418
1.55521345874571
1.55622777412061
1.5572417456313
1.55825737918479
1.55927261778023
1.56028948085293
1.56130589714653
1.56314920192325
1.56416950654452
1.56519136657115
1.56621058572968
1.5672334053583
1.56825562177366
1.56927720053429
1.57030022715821
1.57132468816069
1.57234843546247
1.57337571707852
1.57440009418299
1.57542797761448
1.57645288509541
1.5774790998375
1.57850660727466
1.57953539270924
1.58056324910895
1.58247310910813
1.58350413155677
1.58453856906118
1.58557197542434
1.58660654670593
1.58764002600254
1.58867462374292
1.58971032383046
1.59074484667151
1.59178269516596
1.59281931861216
1.59385696366851
1.59489332028164
1.59593295038997
1.59697124291797
1.59801278952994
1.59905294879362
1.60009401134903
1.60113362100295
1.60217408315186
1.60415791703261
1.60520308304591
1.6062490536883
1.60729581042874
1.60834333459219
1.6093916073593
1.61044060976595
1.61148790978604
1.61253830623567
1.61358694609894
1.61463622269755
1.61568611629009
1.61673660698881
1.61778767475916
1.61883929941956
1.61989146064109
1.62094413794722
1.62199731071351
1.6230534572135
1.62511154282261
1.6261692650852
1.62722740485192
1.62828594070926
1.62934485109385
1.630404114292
1.63146370843972
1.63252361152239
1.63358637842757
1.63464684081556
1.63571013845086
1.63677367170429
1.63783741784768
1.63890135400087
1.63996545713164
1.64102970405558
1.642094071436
1.64315853578386
1.6452904916716
1.64636106025239
1.64743167618473
1.64850231535038
1.64957565182227
1.65064897951052
1.65172227387316
1.65279551021382
1.65386866368164
1.65494170927134
1.65601737046599
1.65709289017178
1.65817100850774
1.65924617724698
1.66032391025481
1.66140141611748
1.66248146836303
1.66356125834534
1.66576883018961
1.6668514497279
1.66793373203937
1.6690184998339
1.67010289386714
1.67118688703001
1.67227332759446
1.67335932998223
1.67444486664753
1.67553281157109
1.67662025268967
1.67771008122563
1.67879936738647
1.67989101971152
1.68097914497167
1.6820695970425
1.68315941041203
1.68425152837438
1.68534296749524
1.68763420793944
1.68872777614473
1.68982661204537
1.69092469073647
1.69202198241605
1.69312149967812
1.69422018789828
1.69532107747228
1.69642109546972
1.69752021135639
1.6986214823262
1.69972180784833
1.70082426307364
1.70192572900666
1.70302929882373
1.70413183499473
1.70523644878924
1.70760246617569
1.70871175498269
1.70982310133047
1.71093331264808
1.7120423565671
1.713153407462
1.71426324443028
1.71537506027559
1.71648561514854
1.71759812034631
1.71871257084265
1.71982569825891
1.72094074179651
1.72205441394641
1.72316997258232
1.72428741222392
1.7254034165603
1.72784786302655
1.72896805375016
1.73009007495967
1.73121056259185
1.7323328494487
1.73345355195881
1.73457602196547
1.73570025312257
1.73682623902021
1.73795055690221
1.7390765969679
1.74020435253577
1.74133037124227
1.74245461683311
1.74358051810431
1.74470806795702
1.74583725922556
1.74696458987926
1.74809352760542
1.74922406495991
1.75176443815605
1.75289859354994
1.75403431588114
1.75517159735242
1.75630685568602
1.75744363720894
1.75858193383823
1.75971452816092
1.76085219547323
1.76199133287253
1.7631282969213
1.76426669375802
1.76540651472192
1.7665440855632
1.76768671827679
1.76882706269645
1.76996877531212
1.77259284131932
1.77374138198766
1.77488753521596
1.7760350086535
1.77718003434402
1.77833010926413
1.77947769639619
1.78062275472535
1.78177284335096
1.7829241730651
1.7840729127297
1.78522668397861
1.78637782384419
1.78753014313729
1.78867976819407
1.78983440448888
1.79099018877146
1.79214321531887
1.79485799913256
1.79601748694475
1.79717806739436
1.79833578017
1.79949454191591
1.8006543413666
1.80181516717552
1.80297700791476
1.8041398520748
1.80530368806424
1.80646850420952
1.80763428875468
1.80879698312742
1.80996060028449
1.81112512815564
1.81229055458748
1.81345686734323
1.81626299505276
1.81743545042217
1.81860462757994
1.81977877461054
1.82094959590876
1.82212538377739
1.82329779796716
1.82447098358789
1.82564913031762
1.82682383065328
1.82799926291382
1.82917541375128
1.83034802200767
1.8315255583186
1.83269950233006
1.83387836960085
1.8350535944249
1.83795809373492
1.83914342642719
1.84032503538016
1.84151157571023
1.84269434090229
1.84388203176379
1.84506589565446
1.84625467923074
1.84743958356864
1.84862940133004
1.84981528715021
1.85100163557289
1.85218843156914
1.85337566002035
1.85456330571802
1.85575584425622
1.8569442901614
1.8599416691501
1.86114008778218
1.86233432512373
1.86353345786491
1.86473292987397
1.86592813746768
1.86712822823299
1.86832399862256
1.86952002014486
1.87072091189329
1.87191739851127
1.87311874637202
1.87432030347042
1.87552205314643
1.87671928311662
1.87792135551894
1.87912356994548
1.882221662924
1.88342897324639
1.88463638090579
1.88584865215116
1.88705621453883
1.88826382191019
1.88947145662132
1.89189158201575
1.89431652176622
1.8967364168334
1.89916580511888
1.90357578030329
1.90601426506034
1.90845709283376
1.91089411501287
1.9133402868826
1.91578543191461
1.91822939385235
1.92068229126587
1.92520281678976
1.92766308819518
1.93012689329961
1.93258888691182
1.93505418872902
1.93752271021902
1.93999436174058
1.94246368835283
1.9470958399254
1.94958694410842
1.95206991987096
1.95455548934364
1.95704355532571
1.95953401946919
1.96202678227401
1.96452174308398
1.96926697564054
1.97177696436513
1.97428887622666
1.97679687857807
1.97930653618638
1.98181774079886
1.98433038297522
1.98684435208453
1.99171610403242
1.99424960220818
1.99677823265283
1.99930776680493
2.00184408840046
2.0043751062766
2.0069127312489
2.00945084213495
2.01444614549323
2.01699648624426
2.01955316934847
2.02210370595017
