     Energy         Kx              Ky       F.Density    GA.Brill.       Flux  Tot.Power  Nat.Size  Nat.Div.    Size.x    Size.y     Div.x     Div.y   Coh.Flux  Coh.Power   CohFrac.x   CohFrac.y
         eV          -               -  ph/s/mr^2/0.1%  F.Dens/mm^2  ph/s/0.1%         kW         m       rad         m         m       rad       rad  ph/s/0.1%          W           -           -
1.35662e+04  3.536e-01       3.536e-01       0.000e+00    0.000e+00  0.000e+00  1.312e-01 2.339e-06 3.110e-06 1.867e-05 3.512e-06 9.810e-06 8.294e-06  0.000e+00  0.000e+00  3.9705e-02  2.4970e-01
1.34566e+04  3.663e-01       3.663e-01       0.000e+00    0.000e+00  0.000e+00  1.408e-01 2.348e-06 3.122e-06 1.867e-05 3.518e-06 9.839e-06 8.327e-06  0.000e+00  0.000e+00  3.9911e-02  2.5027e-01
1.33450e+04  3.790e-01       3.790e-01       0.000e+00    0.000e+00  0.000e+00  1.508e-01 2.358e-06 3.136e-06 1.867e-05 3.525e-06 9.868e-06 8.362e-06  0.000e+00  0.000e+00  4.0123e-02  2.5086e-01
1.32315e+04  3.917e-01       3.917e-01       0.000e+00    0.000e+00  0.000e+00  1.611e-01 2.368e-06 3.149e-06 1.867e-05 3.531e-06 9.898e-06 8.397e-06  0.000e+00  0.000e+00  4.0342e-02  2.5146e-01
1.31163e+04  4.045e-01       4.045e-01       0.000e+00    0.000e+00  0.000e+00  1.717e-01 2.378e-06 3.163e-06 1.868e-05 3.538e-06 9.929e-06 8.434e-06  0.000e+00  0.000e+00  4.0566e-02  2.5207e-01
1.29994e+04  4.172e-01       4.172e-01       0.000e+00    0.000e+00  0.000e+00  1.827e-01 2.389e-06 3.177e-06 1.868e-05 3.545e-06 9.961e-06 8.471e-06  0.000e+00  0.000e+00  4.0797e-02  2.5270e-01
1.28811e+04  4.299e-01       4.299e-01       0.000e+00    0.000e+00  0.000e+00  1.940e-01 2.400e-06 3.191e-06 1.868e-05 3.553e-06 9.993e-06 8.510e-06  0.000e+00  0.000e+00  4.1034e-02  2.5334e-01
1.27615e+04  4.426e-01       4.426e-01       0.000e+00    0.000e+00  0.000e+00  2.057e-01 2.411e-06 3.206e-06 1.868e-05 3.560e-06 1.003e-05 8.549e-06  0.000e+00  0.000e+00  4.1276e-02  2.5399e-01
1.26407e+04  4.554e-01       4.554e-01       0.000e+00    0.000e+00  0.000e+00  2.177e-01 2.423e-06 3.222e-06 1.868e-05 3.568e-06 1.006e-05 8.590e-06  0.000e+00  0.000e+00  4.1524e-02  2.5465e-01
1.25188e+04  4.681e-01       4.681e-01       0.000e+00    0.000e+00  0.000e+00  2.300e-01 2.434e-06 3.237e-06 1.868e-05 3.576e-06 1.010e-05 8.631e-06  0.000e+00  0.000e+00  4.1778e-02  2.5533e-01
1.23960e+04  4.808e-01       4.808e-01       0.000e+00    0.000e+00  0.000e+00  2.427e-01 2.447e-06 3.253e-06 1.868e-05 3.584e-06 1.013e-05 8.673e-06  0.000e+00  0.000e+00  4.2038e-02  2.5601e-01
1.22724e+04  4.936e-01       4.936e-01       0.000e+00    0.000e+00  0.000e+00  2.557e-01 2.459e-06 3.270e-06 1.869e-05 3.593e-06 1.017e-05 8.717e-06  0.000e+00  0.000e+00  4.2303e-02  2.5671e-01
1.21481e+04  5.063e-01       5.063e-01       0.000e+00    0.000e+00  0.000e+00  2.691e-01 2.471e-06 3.286e-06 1.869e-05 3.601e-06 1.021e-05 8.761e-06  0.000e+00  0.000e+00  4.2574e-02  2.5741e-01
1.20232e+04  5.190e-01       5.190e-01       0.000e+00    0.000e+00  0.000e+00  2.828e-01 2.484e-06 3.303e-06 1.869e-05 3.610e-06 1.025e-05 8.806e-06  0.000e+00  0.000e+00  4.2850e-02  2.5812e-01
1.18978e+04  5.317e-01       5.317e-01       0.000e+00    0.000e+00  0.000e+00  2.968e-01 2.497e-06 3.321e-06 1.869e-05 3.619e-06 1.029e-05 8.852e-06  0.000e+00  0.000e+00  4.3131e-02  2.5885e-01
1.17721e+04  5.445e-01       5.445e-01       0.000e+00    0.000e+00  0.000e+00  3.112e-01 2.511e-06 3.338e-06 1.869e-05 3.628e-06 1.033e-05 8.899e-06  0.000e+00  0.000e+00  4.3417e-02  2.5958e-01
1.16462e+04  5.572e-01       5.572e-01       0.000e+00    0.000e+00  0.000e+00  3.259e-01 2.524e-06 3.356e-06 1.870e-05 3.638e-06 1.037e-05 8.946e-06  0.000e+00  0.000e+00  4.3709e-02  2.6031e-01
1.15201e+04  5.699e-01       5.699e-01       0.000e+00    0.000e+00  0.000e+00  3.409e-01 2.538e-06 3.375e-06 1.870e-05 3.647e-06 1.041e-05 8.995e-06  0.000e+00  0.000e+00  4.4005e-02  2.6106e-01
1.13939e+04  5.827e-01       5.827e-01       0.000e+00    0.000e+00  0.000e+00  3.563e-01 2.552e-06 3.393e-06 1.870e-05 3.657e-06 1.045e-05 9.044e-06  0.000e+00  0.000e+00  4.4307e-02  2.6181e-01
1.12678e+04  5.954e-01       5.954e-01       0.000e+00    0.000e+00  0.000e+00  3.721e-01 2.566e-06 3.412e-06 1.870e-05 3.667e-06 1.050e-05 9.094e-06  0.000e+00  0.000e+00  4.4613e-02  2.6257e-01
1.11418e+04  6.081e-01       6.081e-01       0.000e+00    0.000e+00  0.000e+00  3.882e-01 2.581e-06 3.432e-06 1.870e-05 3.677e-06 1.054e-05 9.145e-06  0.000e+00  0.000e+00  4.4923e-02  2.6333e-01
1.10160e+04  6.208e-01       6.208e-01       0.000e+00    0.000e+00  0.000e+00  4.046e-01 2.595e-06 3.451e-06 1.870e-05 3.688e-06 1.058e-05 9.197e-06  0.000e+00  0.000e+00  4.5239e-02  2.6410e-01
1.08905e+04  6.336e-01       6.336e-01       0.000e+00    0.000e+00  0.000e+00  4.213e-01 2.610e-06 3.471e-06 1.871e-05 3.698e-06 1.063e-05 9.249e-06  0.000e+00  0.000e+00  4.5559e-02  2.6487e-01
1.07653e+04  6.463e-01       6.463e-01       0.000e+00    0.000e+00  0.000e+00  4.384e-01 2.625e-06 3.491e-06 1.871e-05 3.709e-06 1.068e-05 9.302e-06  0.000e+00  0.000e+00  4.5883e-02  2.6565e-01
1.06406e+04  6.590e-01       6.590e-01       0.000e+00    0.000e+00  0.000e+00  4.559e-01 2.641e-06 3.511e-06 1.871e-05 3.720e-06 1.072e-05 9.356e-06  0.000e+00  0.000e+00  4.6212e-02  2.6643e-01
1.05164e+04  6.718e-01       6.718e-01       0.000e+00    0.000e+00  0.000e+00  4.737e-01 2.656e-06 3.532e-06 1.871e-05 3.731e-06 1.077e-05 9.411e-06  0.000e+00  0.000e+00  4.6545e-02  2.6722e-01
1.03928e+04  6.845e-01       6.845e-01       0.000e+00    0.000e+00  0.000e+00  4.918e-01 2.672e-06 3.553e-06 1.872e-05 3.742e-06 1.082e-05 9.467e-06  0.000e+00  0.000e+00  4.6882e-02  2.6800e-01
1.02698e+04  6.972e-01       6.972e-01       0.000e+00    0.000e+00  0.000e+00  5.102e-01 2.688e-06 3.574e-06 1.872e-05 3.753e-06 1.087e-05 9.523e-06  0.000e+00  0.000e+00  4.7223e-02  2.6879e-01
1.01475e+04  7.099e-01       7.099e-01       0.000e+00    0.000e+00  0.000e+00  5.290e-01 2.704e-06 3.596e-06 1.872e-05 3.765e-06 1.092e-05 9.579e-06  0.000e+00  0.000e+00  4.7568e-02  2.6959e-01
1.00260e+04  7.227e-01       7.227e-01       0.000e+00    0.000e+00  0.000e+00  5.482e-01 2.720e-06 3.617e-06 1.872e-05 3.777e-06 1.097e-05 9.637e-06  0.000e+00  0.000e+00  4.7917e-02  2.7039e-01
9.90523e+03  7.354e-01       7.354e-01       0.000e+00    0.000e+00  0.000e+00  5.677e-01 2.737e-06 3.639e-06 1.873e-05 3.789e-06 1.102e-05 9.695e-06  0.000e+00  0.000e+00  4.8270e-02  2.7118e-01
9.78531e+03  7.481e-01       7.481e-01       0.000e+00    0.000e+00  0.000e+00  5.875e-01 2.754e-06 3.662e-06 1.873e-05 3.801e-06 1.107e-05 9.754e-06  0.000e+00  0.000e+00  4.8626e-02  2.7198e-01
9.66628e+03  7.608e-01       7.608e-01       0.000e+00    0.000e+00  0.000e+00  6.076e-01 2.771e-06 3.684e-06 1.873e-05 3.813e-06 1.112e-05 9.814e-06  0.000e+00  0.000e+00  4.8987e-02  2.7278e-01
9.54818e+03  7.736e-01       7.736e-01       0.000e+00    0.000e+00  0.000e+00  6.281e-01 2.788e-06 3.707e-06 1.873e-05 3.825e-06 1.118e-05 9.874e-06  0.000e+00  0.000e+00  4.9350e-02  2.7358e-01
9.43103e+03  7.863e-01       7.863e-01       0.000e+00    0.000e+00  0.000e+00  6.490e-01 2.805e-06 3.730e-06 1.874e-05 3.838e-06 1.123e-05 9.934e-06  0.000e+00  0.000e+00  4.9718e-02  2.7438e-01
9.31489e+03  7.990e-01       7.990e-01       0.000e+00    0.000e+00  0.000e+00  6.702e-01 2.822e-06 3.753e-06 1.874e-05 3.851e-06 1.129e-05 9.996e-06  0.000e+00  0.000e+00  5.0088e-02  2.7518e-01
9.19977e+03  8.118e-01       8.118e-01       0.000e+00    0.000e+00  0.000e+00  6.917e-01 2.840e-06 3.776e-06 1.874e-05 3.864e-06 1.134e-05 1.006e-05  0.000e+00  0.000e+00  5.0462e-02  2.7598e-01
9.08571e+03  8.245e-01       8.245e-01       0.000e+00    0.000e+00  0.000e+00  7.135e-01 2.858e-06 3.800e-06 1.874e-05 3.877e-06 1.140e-05 1.012e-05  0.000e+00  0.000e+00  5.0839e-02  2.7678e-01
8.97273e+03  8.372e-01       8.372e-01       0.000e+00    0.000e+00  0.000e+00  7.357e-01 2.876e-06 3.824e-06 1.875e-05 3.890e-06 1.145e-05 1.018e-05  0.000e+00  0.000e+00  5.1220e-02  2.7758e-01
8.86087e+03  8.499e-01       8.499e-01       0.000e+00    0.000e+00  0.000e+00  7.583e-01 2.894e-06 3.848e-06 1.875e-05 3.903e-06 1.151e-05 1.025e-05  0.000e+00  0.000e+00  5.1597e-02  2.7834e-01
8.75013e+03  8.627e-01       8.627e-01       0.000e+00    0.000e+00  0.000e+00  7.812e-01 2.912e-06 3.872e-06 1.875e-05 3.917e-06 1.157e-05 1.031e-05  0.000e+00  0.000e+00  5.1984e-02  2.7914e-01
8.64054e+03  8.754e-01       8.754e-01       0.000e+00    0.000e+00  0.000e+00  8.044e-01 2.930e-06 3.897e-06 1.875e-05 3.931e-06 1.163e-05 1.038e-05  0.000e+00  0.000e+00  5.2373e-02  2.7993e-01
8.53212e+03  8.881e-01       8.881e-01       0.000e+00    0.000e+00  0.000e+00  8.279e-01 2.949e-06 3.921e-06 1.876e-05 3.944e-06 1.168e-05 1.044e-05  0.000e+00  0.000e+00  5.2765e-02  2.8073e-01
8.42487e+03  9.009e-01       9.009e-01       0.000e+00    0.000e+00  0.000e+00  8.518e-01 2.968e-06 3.946e-06 1.876e-05 3.958e-06 1.174e-05 1.051e-05  0.000e+00  0.000e+00  5.3161e-02  2.8152e-01
8.31882e+03  9.136e-01       9.136e-01       0.000e+00    0.000e+00  0.000e+00  8.761e-01 2.986e-06 3.971e-06 1.876e-05 3.973e-06 1.180e-05 1.058e-05  0.000e+00  0.000e+00  5.3558e-02  2.8231e-01
8.21397e+03  9.263e-01       9.263e-01       0.000e+00    0.000e+00  0.000e+00  9.007e-01 3.005e-06 3.997e-06 1.877e-05 3.987e-06 1.186e-05 1.064e-05  0.000e+00  0.000e+00  5.3959e-02  2.8309e-01
8.11034e+03  9.390e-01       9.390e-01       0.000e+00    0.000e+00  0.000e+00  9.256e-01 3.025e-06 4.022e-06 1.877e-05 4.001e-06 1.192e-05 1.071e-05  0.000e+00  0.000e+00  5.4362e-02  2.8387e-01
8.00793e+03  9.518e-01       9.518e-01       0.000e+00    0.000e+00  0.000e+00  9.508e-01 3.044e-06 4.048e-06 1.877e-05 4.016e-06 1.198e-05 1.078e-05  0.000e+00  0.000e+00  5.4768e-02  2.8466e-01
7.90674e+03  9.645e-01       9.645e-01       0.000e+00    0.000e+00  0.000e+00  9.764e-01 3.063e-06 4.074e-06 1.878e-05 4.031e-06 1.205e-05 1.085e-05  0.000e+00  0.000e+00  5.5176e-02  2.8543e-01
7.80679e+03  9.772e-01       9.772e-01       0.000e+00    0.000e+00  0.000e+00  1.002e+00 3.083e-06 4.100e-06 1.878e-05 4.046e-06 1.211e-05 1.091e-05  0.000e+00  0.000e+00  5.5586e-02  2.8621e-01
7.70807e+03  9.899e-01       9.899e-01       0.000e+00    0.000e+00  0.000e+00  1.029e+00 3.103e-06 4.126e-06 1.878e-05 4.061e-06 1.217e-05 1.098e-05  0.000e+00  0.000e+00  5.5999e-02  2.8698e-01
