     Energy         Kx              Ky       F.Density    GA.Brill.       Flux  Tot.Power  Nat.Size  Nat.Div.    Size.x    Size.y     Div.x     Div.y   Coh.Flux  Coh.Power   CohFrac.x   CohFrac.y
         eV          -               -  ph/s/mr^2/0.1%  F.Dens/mm^2  ph/s/0.1%         kW         m       rad         m         m       rad       rad  ph/s/0.1%          W           -           -
8.04229e+02  5.000e-01       3.062e-17       2.644e+17    2.042e+20  3.195e+14  3.682e-02 9.536e-06 1.286e-05 2.083e-05 9.890e-06 1.437e-05 1.338e-05  1.214e+14  2.411e-02  4.0972e-01  9.2697e-01
7.63617e+02  6.080e-01       3.723e-17       3.451e+17    2.588e+20  4.379e+14  5.444e-02 9.787e-06 1.320e-05 2.095e-05 1.013e-05 1.470e-05 1.374e-05  1.705e+14  3.388e-02  4.1949e-01  9.2842e-01
7.20161e+02  7.160e-01       4.384e-17       4.157e+17    3.013e+20  5.572e+14  7.550e-02 1.008e-05 1.359e-05 2.109e-05 1.041e-05 1.508e-05 1.414e-05  2.233e+14  4.436e-02  4.3074e-01  9.3029e-01
6.75451e+02  8.240e-01       5.046e-17       4.723e+17    3.297e+20  6.723e+14  9.999e-02 1.041e-05 1.404e-05 2.125e-05 1.073e-05 1.551e-05 1.460e-05  2.777e+14  5.517e-02  4.4316e-01  9.3224e-01
6.30796e+02  9.320e-01       5.707e-17       5.133e+17    3.441e+20  7.792e+14  1.279e-01 1.077e-05 1.453e-05 2.143e-05 1.108e-05 1.599e-05 1.511e-05  3.323e+14  6.601e-02  4.5650e-01  9.3419e-01
5.87200e+02  1.040e+00       6.368e-17       5.394e+17    3.463e+20  8.761e+14  1.593e-01 1.116e-05 1.506e-05 2.163e-05 1.146e-05 1.651e-05 1.566e-05  3.859e+14  7.666e-02  4.7057e-01  9.3611e-01
5.45379e+02  1.148e+00       7.029e-17       5.521e+17    3.388e+20  9.619e+14  1.941e-01 1.158e-05 1.562e-05 2.185e-05 1.187e-05 1.707e-05 1.624e-05  4.377e+14  8.695e-02  4.8517e-01  9.3797e-01
5.05800e+02  1.256e+00       7.691e-17       5.539e+17    3.244e+20  1.037e+15  2.323e-01 1.202e-05 1.622e-05 2.208e-05 1.231e-05 1.766e-05 1.687e-05  4.872e+14  9.679e-02  5.0011e-01  9.3975e-01
4.68726e+02  1.364e+00       8.352e-17       5.472e+17    3.054e+20  1.102e+15  2.740e-01 1.249e-05 1.685e-05 2.234e-05 1.276e-05 1.829e-05 1.752e-05  5.342e+14  1.061e-01  5.1513e-01  9.4120e-01
4.34272e+02  1.472e+00       9.013e-17       5.340e+17    2.839e+20  1.157e+15  3.191e-01 1.298e-05 1.751e-05 2.262e-05 1.324e-05 1.894e-05 1.820e-05  5.784e+14  1.149e-01  5.3031e-01  9.4276e-01
4.02437e+02  1.580e+00       9.675e-17       5.165e+17    2.613e+20  1.204e+15  3.676e-01 1.348e-05 1.819e-05 2.291e-05 1.373e-05 1.962e-05 1.891e-05  6.200e+14  1.232e-01  5.4544e-01  9.4421e-01
3.73147e+02  1.688e+00       1.034e-16       4.961e+17    2.387e+20  1.243e+15  4.196e-01 1.400e-05 1.889e-05 2.322e-05 1.424e-05 2.032e-05 1.963e-05  6.589e+14  1.309e-01  5.6040e-01  9.4555e-01
3.46278e+02  1.796e+00       1.100e-16       4.740e+17    2.170e+20  1.277e+15  4.750e-01 1.453e-05 1.961e-05 2.354e-05 1.477e-05 2.104e-05 2.038e-05  6.953e+14  1.381e-01  5.7513e-01  9.4679e-01
3.21679e+02  1.904e+00       1.166e-16       4.511e+17    1.964e+20  1.305e+15  5.339e-01 1.508e-05 2.034e-05 2.389e-05 1.530e-05 2.178e-05 2.114e-05  7.294e+14  1.449e-01  5.8956e-01  9.4794e-01
2.99185e+02  2.012e+00       1.232e-16       4.282e+17    1.773e+20  1.330e+15  5.962e-01 1.564e-05 2.109e-05 2.424e-05 1.585e-05 2.254e-05 2.192e-05  7.613e+14  1.512e-01  6.0352e-01  9.4880e-01
2.78627e+02  2.120e+00       1.298e-16       4.056e+17    1.598e+20  1.350e+15  6.619e-01 1.620e-05 2.186e-05 2.461e-05 1.641e-05 2.331e-05 2.272e-05  7.912e+14  1.572e-01  6.1719e-01  9.4977e-01
2.59839e+02  2.228e+00       1.364e-16       3.837e+17    1.439e+20  1.367e+15  7.310e-01 1.678e-05 2.263e-05 2.499e-05 1.698e-05 2.410e-05 2.352e-05  8.191e+14  1.627e-01  6.3045e-01  9.5065e-01
2.42663e+02  2.336e+00       1.430e-16       3.628e+17    1.295e+20  1.381e+15  8.036e-01 1.736e-05 2.342e-05 2.539e-05 1.756e-05 2.490e-05 2.434e-05  8.453e+14  1.679e-01  6.4327e-01  9.5147e-01
2.26952e+02  2.444e+00       1.497e-16       3.428e+17    1.166e+20  1.393e+15  8.796e-01 1.795e-05 2.422e-05 2.580e-05 1.814e-05 2.571e-05 2.517e-05  8.699e+14  1.728e-01  6.5564e-01  9.5222e-01
2.12567e+02  2.552e+00       1.563e-16       3.240e+17    1.050e+20  1.404e+15  9.591e-01 1.855e-05 2.502e-05 2.621e-05 1.873e-05 2.652e-05 2.600e-05  8.930e+14  1.774e-01  6.6755e-01  9.5292e-01
1.99383e+02  2.660e+00       1.629e-16       3.062e+17    9.462e+19  1.413e+15  1.042e+00 1.915e-05 2.584e-05 2.665e-05 1.933e-05 2.736e-05 2.685e-05  9.147e+14  1.817e-01  6.7887e-01  9.5339e-01
1.87285e+02  2.768e+00       1.695e-16       2.895e+17    8.535e+19  1.421e+15  1.128e+00 1.976e-05 2.666e-05 2.709e-05 1.993e-05 2.819e-05 2.770e-05  9.351e+14  1.858e-01  6.8986e-01  9.5397e-01
1.76171e+02  2.876e+00       1.761e-16       2.739e+17    7.707e+19  1.427e+15  1.218e+00 2.038e-05 2.749e-05 2.754e-05 2.054e-05 2.904e-05 2.856e-05  9.543e+14  1.896e-01  7.0039e-01  9.5452e-01
1.65946e+02  2.984e+00       1.827e-16       2.593e+17    6.968e+19  1.433e+15  1.311e+00 2.099e-05 2.832e-05 2.800e-05 2.116e-05 2.989e-05 2.943e-05  9.724e+14  1.932e-01  7.1049e-01  9.5502e-01
1.56526e+02  3.092e+00       1.893e-16       2.457e+17    6.308e+19  1.438e+15  1.408e+00 2.162e-05 2.916e-05 2.847e-05 2.177e-05 3.075e-05 3.030e-05  9.894e+14  1.965e-01  7.2015e-01  9.5549e-01
1.47836e+02  3.200e+00       1.959e-16       2.329e+17    5.718e+19  1.442e+15  1.508e+00 2.224e-05 3.001e-05 2.895e-05 2.240e-05 3.161e-05 3.117e-05  1.006e+15  1.997e-01  7.2939e-01  9.5593e-01
1.39808e+02  3.308e+00       2.026e-16       2.210e+17    5.192e+19  1.446e+15  1.612e+00 2.287e-05 3.085e-05 2.943e-05 2.302e-05 3.248e-05 3.206e-05  1.021e+15  2.028e-01  7.3811e-01  9.5617e-01
1.32380e+02  3.416e+00       2.092e-16       2.099e+17    4.720e+19  1.449e+15  1.718e+00 2.350e-05 3.171e-05 2.993e-05 2.365e-05 3.336e-05 3.295e-05  1.035e+15  2.056e-01  7.4655e-01  9.5654e-01
1.25499e+02  3.524e+00       2.158e-16       1.995e+17    4.298e+19  1.452e+15  1.829e+00 2.414e-05 3.257e-05 3.043e-05 2.428e-05 3.424e-05 3.383e-05  1.049e+15  2.083e-01  7.5461e-01  9.5689e-01
1.19114e+02  3.632e+00       2.224e-16       1.898e+17    3.919e+19  1.455e+15  1.943e+00 2.478e-05 3.343e-05 3.094e-05 2.492e-05 3.512e-05 3.473e-05  1.061e+15  2.109e-01  7.6232e-01  9.5722e-01
1.13182e+02  3.740e+00       2.290e-16       1.807e+17    3.579e+19  1.457e+15  2.060e+00 2.542e-05 3.429e-05 3.145e-05 2.555e-05 3.601e-05 3.562e-05  1.074e+15  2.133e-01  7.6968e-01  9.5753e-01
1.07664e+02  3.848e+00       2.356e-16       1.723e+17    3.273e+19  1.459e+15  2.181e+00 2.606e-05 3.516e-05 3.198e-05 2.619e-05 3.690e-05 3.653e-05  1.085e+15  2.156e-01  7.7659e-01  9.5767e-01
1.02523e+02  3.956e+00       2.422e-16       1.643e+17    2.998e+19  1.461e+15  2.305e+00 2.671e-05 3.603e-05 3.250e-05 2.684e-05 3.780e-05 3.743e-05  1.096e+15  2.177e-01  7.8329e-01  9.5794e-01
9.77266e+01  4.064e+00       2.488e-16       1.569e+17    2.750e+19  1.462e+15  2.432e+00 2.736e-05 3.690e-05 3.304e-05 2.748e-05 3.870e-05 3.834e-05  1.106e+15  2.198e-01  7.8970e-01  9.5819e-01
9.32472e+01  4.172e+00       2.555e-16       1.499e+17    2.525e+19  1.463e+15  2.563e+00 2.801e-05 3.778e-05 3.358e-05 2.813e-05 3.960e-05 3.925e-05  1.116e+15  2.217e-01  7.9582e-01  9.5843e-01
8.90580e+01  4.280e+00       2.621e-16       1.433e+17    2.323e+19  1.465e+15  2.698e+00 2.866e-05 3.866e-05 3.412e-05 2.878e-05 4.050e-05 4.016e-05  1.126e+15  2.236e-01  8.0155e-01  9.5852e-01
8.51355e+01  4.388e+00       2.687e-16       1.372e+17    2.139e+19  1.466e+15  2.836e+00 2.931e-05 3.954e-05 3.467e-05 2.943e-05 4.141e-05 4.108e-05  1.134e+15  2.253e-01  8.0713e-01  9.5873e-01
8.14583e+01  4.496e+00       2.753e-16       1.314e+17    1.973e+19  1.467e+15  2.977e+00 2.996e-05 4.042e-05 3.523e-05 3.008e-05 4.232e-05 4.199e-05  1.143e+15  2.270e-01  8.1246e-01  9.5893e-01
7.80071e+01  4.604e+00       2.819e-16       1.259e+17    1.822e+19  1.468e+15  3.122e+00 3.062e-05 4.131e-05 3.579e-05 3.073e-05 4.323e-05 4.291e-05  1.151e+15  2.286e-01  8.1756e-01  9.5911e-01
7.47643e+01  4.712e+00       2.885e-16       1.208e+17    1.685e+19  1.469e+15  3.270e+00 3.128e-05 4.219e-05 3.635e-05 3.139e-05 4.415e-05 4.384e-05  1.158e+15  2.301e-01  8.2233e-01  9.5918e-01
7.17140e+01  4.820e+00       2.951e-16       1.159e+17    1.560e+19  1.469e+15  3.421e+00 3.194e-05 4.308e-05 3.692e-05 3.204e-05 4.506e-05 4.476e-05  1.166e+15  2.316e-01  8.2698e-01  9.5934e-01
6.88417e+01  4.928e+00       3.018e-16       1.114e+17    1.446e+19  1.470e+15  3.576e+00 3.259e-05 4.397e-05 3.749e-05 3.270e-05 4.598e-05 4.568e-05  1.173e+15  2.329e-01  8.3143e-01  9.5950e-01
6.61341e+01  5.036e+00       3.084e-16       1.071e+17    1.342e+19  1.470e+15  3.735e+00 3.325e-05 4.486e-05 3.807e-05 3.336e-05 4.690e-05 4.660e-05  1.179e+15  2.342e-01  8.3569e-01  9.5965e-01
6.35794e+01  5.144e+00       3.150e-16       1.030e+17    1.247e+19  1.471e+15  3.897e+00 3.392e-05 4.575e-05 3.865e-05 3.402e-05 4.782e-05 4.753e-05  1.185e+15  2.355e-01  8.3968e-01  9.5969e-01
6.11664e+01  5.252e+00       3.216e-16       9.915e+16    1.160e+19  1.472e+15  4.062e+00 3.458e-05 4.665e-05 3.923e-05 3.468e-05 4.874e-05 4.846e-05  1.191e+15  2.367e-01  8.4358e-01  9.5983e-01
5.88851e+01  5.360e+00       3.282e-16       9.550e+16    1.080e+19  1.472e+15  4.231e+00 3.524e-05 4.754e-05 3.981e-05 3.534e-05 4.966e-05 4.938e-05  1.197e+15  2.378e-01  8.4741e-01  9.6006e-01
5.67264e+01  5.468e+00       3.348e-16       9.204e+16    1.007e+19  1.472e+15  4.403e+00 3.591e-05 4.844e-05 4.040e-05 3.600e-05 5.059e-05 5.032e-05  1.203e+15  2.389e-01  8.5090e-01  9.6008e-01
5.46817e+01  5.576e+00       3.414e-16       8.876e+16    9.398e+18  1.473e+15  4.579e+00 3.657e-05 4.934e-05 4.100e-05 3.667e-05 5.152e-05 5.125e-05  1.208e+15  2.399e-01  8.5433e-01  9.6020e-01
5.27435e+01  5.684e+00       3.480e-16       8.565e+16    8.780e+18  1.473e+15  4.758e+00 3.724e-05 5.023e-05 4.159e-05 3.733e-05 5.245e-05 5.219e-05  1.213e+15  2.409e-01  8.5753e-01  9.6021e-01
5.09045e+01  5.792e+00       3.547e-16       8.270e+16    8.211e+18  1.473e+15  4.940e+00 3.790e-05 5.113e-05 4.219e-05 3.799e-05 5.337e-05 5.311e-05  1.218e+15  2.419e-01  8.6077e-01  9.6042e-01
4.91583e+01  5.900e+00       3.613e-16       7.989e+16    7.686e+18  1.474e+15  5.126e+00 3.857e-05 5.203e-05 4.279e-05 3.866e-05 5.431e-05 5.405e-05  1.222e+15  2.428e-01  8.6371e-01  9.6042e-01
