     Energy         Kx              Ky       F.Density    GA.Brill.       Flux  Tot.Power  Nat.Size  Nat.Div.    Size.x    Size.y     Div.x     Div.y   Coh.Flux  Coh.Power   CohFrac.x   CohFrac.y
         eV          -               -  ph/s/mr^2/0.1%  F.Dens/mm^2  ph/s/0.1%         kW         m       rad         m         m       rad       rad  ph/s/0.1%          W           -           -
1.38957e+03  7.071e-02       7.071e-02       2.954e+16    3.058e+19  2.350e+13  3.522e-03 7.268e-06 9.769e-06 1.990e-05 7.726e-06 1.188e-05 1.066e-05  6.085e+12  1.209e-03  3.0037e-01  8.6199e-01
1.37799e+03  1.160e-01       1.160e-01       7.819e+16    8.060e+19  6.269e+13  9.472e-03 7.299e-06 9.810e-06 1.991e-05 7.755e-06 1.192e-05 1.071e-05  1.631e+13  3.240e-03  3.0171e-01  8.6242e-01
1.36114e+03  1.612e-01       1.612e-01       1.476e+17    1.512e+20  1.197e+14  1.831e-02 7.344e-06 9.870e-06 1.993e-05 7.797e-06 1.198e-05 1.077e-05  3.137e+13  6.231e-03  3.0369e-01  8.6306e-01
1.33942e+03  2.065e-01       2.065e-01       2.349e+17    2.386e+20  1.933e+14  3.003e-02 7.403e-06 9.950e-06 1.995e-05 7.853e-06 1.206e-05 1.086e-05  5.111e+13  1.015e-02  3.0621e-01  8.6363e-01
1.31330e+03  2.517e-01       2.517e-01       3.363e+17    3.382e+20  2.817e+14  4.463e-02 7.476e-06 1.005e-05 1.998e-05 7.922e-06 1.216e-05 1.097e-05  7.535e+13  1.497e-02  3.0941e-01  8.6462e-01
1.28333e+03  2.970e-01       2.970e-01       4.479e+17    4.451e+20  3.831e+14  6.212e-02 7.563e-06 1.017e-05 2.001e-05 8.004e-06 1.227e-05 1.109e-05  1.039e+14  2.063e-02  3.1317e-01  8.6575e-01
1.25010e+03  3.422e-01       3.422e-01       5.658e+17    5.547e+20  4.956e+14  8.250e-02 7.663e-06 1.030e-05 2.005e-05 8.099e-06 1.240e-05 1.124e-05  1.364e+14  2.710e-02  3.1747e-01  8.6701e-01
1.21421e+03  3.875e-01       3.875e-01       6.861e+17    6.625e+20  6.170e+14  1.058e-01 7.776e-06 1.045e-05 2.009e-05 8.205e-06 1.255e-05 1.140e-05  1.727e+14  3.430e-02  3.2228e-01  8.6838e-01
1.17624e+03  4.327e-01       4.327e-01       8.054e+17    7.647e+20  7.455e+14  1.319e-01 7.900e-06 1.062e-05 2.014e-05 8.323e-06 1.272e-05 1.159e-05  2.124e+14  4.219e-02  3.2757e-01  8.6984e-01
1.13678e+03  4.780e-01       4.780e-01       9.205e+17    8.584e+20  8.790e+14  1.609e-01 8.036e-06 1.080e-05 2.019e-05 8.452e-06 1.290e-05 1.178e-05  2.553e+14  5.071e-02  3.3329e-01  8.7136e-01
1.09634e+03  5.233e-01       5.233e-01       1.029e+18    9.414e+20  1.016e+15  1.928e-01 8.183e-06 1.100e-05 2.025e-05 8.592e-06 1.309e-05 1.200e-05  3.010e+14  5.979e-02  3.3942e-01  8.7293e-01
1.05541e+03  5.685e-01       5.685e-01       1.129e+18    1.012e+21  1.154e+15  2.276e-01 8.340e-06 1.121e-05 2.031e-05 8.742e-06 1.330e-05 1.223e-05  3.492e+14  6.937e-02  3.4591e-01  8.7453e-01
1.01439e+03  6.138e-01       6.138e-01       1.220e+18    1.070e+21  1.293e+15  2.653e-01 8.507e-06 1.143e-05 2.038e-05 8.901e-06 1.353e-05 1.247e-05  3.996e+14  7.938e-02  3.5273e-01  8.7614e-01
9.73652e+02  6.590e-01       6.590e-01       1.300e+18    1.115e+21  1.431e+15  3.059e-01 8.683e-06 1.167e-05 2.046e-05 9.070e-06 1.376e-05 1.273e-05  4.519e+14  8.978e-02  3.5984e-01  8.7775e-01
9.33498e+02  7.043e-01       7.043e-01       1.369e+18    1.147e+21  1.567e+15  3.494e-01 8.868e-06 1.192e-05 2.054e-05 9.247e-06 1.401e-05 1.300e-05  5.059e+14  1.005e-01  3.6721e-01  8.7935e-01
8.94174e+02  7.495e-01       7.495e-01       1.427e+18    1.168e+21  1.700e+15  3.957e-01 9.061e-06 1.218e-05 2.062e-05 9.432e-06 1.428e-05 1.328e-05  5.612e+14  1.115e-01  3.7481e-01  8.8092e-01
8.55875e+02  7.948e-01       7.948e-01       1.474e+18    1.177e+21  1.829e+15  4.449e-01 9.261e-06 1.245e-05 2.071e-05 9.625e-06 1.455e-05 1.357e-05  6.176e+14  1.227e-01  3.8259e-01  8.8246e-01
8.18751e+02  8.400e-01       8.400e-01       1.512e+18    1.177e+21  1.955e+15  4.970e-01 9.469e-06 1.273e-05 2.080e-05 9.825e-06 1.483e-05 1.388e-05  6.748e+14  1.340e-01  3.9054e-01  8.8396e-01
7.82912e+02  8.853e-01       8.853e-01       1.539e+18    1.169e+21  2.076e+15  5.520e-01 9.683e-06 1.301e-05 2.090e-05 1.003e-05 1.512e-05 1.419e-05  7.326e+14  1.455e-01  3.9862e-01  8.8542e-01
7.48432e+02  9.306e-01       9.306e-01       1.559e+18    1.153e+21  2.192e+15  6.099e-01 9.904e-06 1.331e-05 2.101e-05 1.024e-05 1.543e-05 1.451e-05  7.909e+14  1.571e-01  4.0681e-01  8.8683e-01
7.15357e+02  9.758e-01       9.758e-01       1.570e+18    1.131e+21  2.305e+15  6.707e-01 1.013e-05 1.361e-05 2.111e-05 1.046e-05 1.574e-05 1.484e-05  8.494e+14  1.687e-01  4.1498e-01  8.8798e-01
6.83708e+02  1.021e+00       1.021e+00       1.574e+18    1.105e+21  2.412e+15  7.343e-01 1.036e-05 1.393e-05 2.123e-05 1.069e-05 1.606e-05 1.518e-05  9.080e+14  1.804e-01  4.2330e-01  8.8928e-01
6.53486e+02  1.066e+00       1.066e+00       1.572e+18    1.074e+21  2.514e+15  8.009e-01 1.060e-05 1.424e-05 2.134e-05 1.092e-05 1.639e-05 1.553e-05  9.665e+14  1.920e-01  4.3166e-01  8.9053e-01
6.24676e+02  1.112e+00       1.112e+00       1.565e+18    1.041e+21  2.612e+15  8.703e-01 1.084e-05 1.457e-05 2.146e-05 1.115e-05 1.672e-05 1.588e-05  1.025e+15  2.036e-01  4.4003e-01  8.9173e-01
5.97251e+02  1.157e+00       1.157e+00       1.553e+18    1.005e+21  2.704e+15  9.426e-01 1.109e-05 1.490e-05 2.159e-05 1.139e-05 1.707e-05 1.624e-05  1.083e+15  2.151e-01  4.4841e-01  8.9287e-01
5.71174e+02  1.202e+00       1.202e+00       1.537e+18    9.680e+20  2.792e+15  1.018e+00 1.134e-05 1.524e-05 2.172e-05 1.164e-05 1.741e-05 1.661e-05  1.140e+15  2.265e-01  4.5676e-01  8.9397e-01
5.46402e+02  1.247e+00       1.247e+00       1.518e+18    9.301e+20  2.876e+15  1.096e+00 1.159e-05 1.558e-05 2.185e-05 1.188e-05 1.777e-05 1.698e-05  1.197e+15  2.378e-01  4.6509e-01  8.9501e-01
5.22886e+02  1.293e+00       1.293e+00       1.495e+18    8.919e+20  2.956e+15  1.177e+00 1.185e-05 1.592e-05 2.199e-05 1.213e-05 1.813e-05 1.735e-05  1.254e+15  2.490e-01  4.7337e-01  8.9601e-01
5.00575e+02  1.338e+00       1.338e+00       1.471e+18    8.537e+20  3.031e+15  1.261e+00 1.211e-05 1.628e-05 2.213e-05 1.239e-05 1.849e-05 1.774e-05  1.309e+15  2.601e-01  4.8159e-01  8.9696e-01
4.79415e+02  1.383e+00       1.383e+00       1.444e+18    8.159e+20  3.104e+15  1.347e+00 1.237e-05 1.663e-05 2.228e-05 1.265e-05 1.887e-05 1.812e-05  1.364e+15  2.710e-01  4.8965e-01  8.9769e-01
4.59352e+02  1.428e+00       1.428e+00       1.417e+18    7.787e+20  3.171e+15  1.437e+00 1.264e-05 1.699e-05 2.243e-05 1.291e-05 1.924e-05 1.852e-05  1.418e+15  2.817e-01  4.9772e-01  8.9855e-01
4.40331e+02  1.474e+00       1.474e+00       1.388e+18    7.425e+20  3.236e+15  1.530e+00 1.291e-05 1.735e-05 2.258e-05 1.317e-05 1.962e-05 1.891e-05  1.472e+15  2.923e-01  5.0571e-01  8.9937e-01
4.22298e+02  1.519e+00       1.519e+00       1.358e+18    7.072e+20  3.296e+15  1.625e+00 1.318e-05 1.772e-05 2.274e-05 1.344e-05 2.001e-05 1.931e-05  1.524e+15  3.027e-01  5.1360e-01  9.0014e-01
4.05203e+02  1.564e+00       1.564e+00       1.328e+18    6.731e+20  3.354e+15  1.723e+00 1.346e-05 1.809e-05 2.290e-05 1.371e-05 2.040e-05 1.971e-05  1.575e+15  3.130e-01  5.2139e-01  9.0088e-01
3.88993e+02  1.609e+00       1.609e+00       1.297e+18    6.402e+20  3.409e+15  1.824e+00 1.374e-05 1.846e-05 2.306e-05 1.399e-05 2.079e-05 2.012e-05  1.626e+15  3.230e-01  5.2908e-01  9.0159e-01
3.73621e+02  1.655e+00       1.655e+00       1.267e+18    6.087e+20  3.461e+15  1.928e+00 1.402e-05 1.884e-05 2.323e-05 1.426e-05 2.118e-05 2.052e-05  1.676e+15  3.329e-01  5.3666e-01  9.0226e-01
3.59039e+02  1.700e+00       1.700e+00       1.236e+18    5.784e+20  3.510e+15  2.035e+00 1.430e-05 1.922e-05 2.340e-05 1.454e-05 2.158e-05 2.094e-05  1.724e+15  3.425e-01  5.4412e-01  9.0290e-01
3.45202e+02  1.745e+00       1.745e+00       1.206e+18    5.495e+20  3.556e+15  2.145e+00 1.458e-05 1.960e-05 2.358e-05 1.482e-05 2.198e-05 2.135e-05  1.772e+15  3.520e-01  5.5146e-01  9.0351e-01
3.32069e+02  1.790e+00       1.790e+00       1.176e+18    5.219e+20  3.601e+15  2.258e+00 1.487e-05 1.998e-05 2.375e-05 1.510e-05 2.239e-05 2.177e-05  1.819e+15  3.613e-01  5.5868e-01  9.0409e-01
3.19599e+02  1.836e+00       1.836e+00       1.146e+18    4.956e+20  3.644e+15  2.373e+00 1.516e-05 2.037e-05 2.393e-05 1.538e-05 2.280e-05 2.219e-05  1.864e+15  3.704e-01  5.6569e-01  9.0448e-01
3.07753e+02  1.881e+00       1.881e+00       1.117e+18    4.705e+20  3.684e+15  2.492e+00 1.544e-05 2.076e-05 2.412e-05 1.567e-05 2.321e-05 2.261e-05  1.909e+15  3.793e-01  5.7265e-01  9.0500e-01
2.96496e+02  1.926e+00       1.926e+00       1.088e+18    4.468e+20  3.722e+15  2.613e+00 1.574e-05 2.115e-05 2.430e-05 1.595e-05 2.363e-05 2.304e-05  1.953e+15  3.880e-01  5.7950e-01  9.0550e-01
2.85793e+02  1.971e+00       1.971e+00       1.060e+18    4.242e+20  3.758e+15  2.737e+00 1.603e-05 2.154e-05 2.449e-05 1.624e-05 2.404e-05 2.346e-05  1.996e+15  3.965e-01  5.8621e-01  9.0598e-01
2.75614e+02  2.017e+00       2.017e+00       1.033e+18    4.028e+20  3.792e+15  2.865e+00 1.632e-05 2.193e-05 2.469e-05 1.653e-05 2.446e-05 2.389e-05  2.038e+15  4.048e-01  5.9280e-01  9.0643e-01
2.65927e+02  2.062e+00       2.062e+00       1.006e+18    3.825e+20  3.825e+15  2.995e+00 1.661e-05 2.233e-05 2.488e-05 1.682e-05 2.488e-05 2.432e-05  2.079e+15  4.129e-01  5.9926e-01  9.0687e-01
2.56704e+02  2.107e+00       2.107e+00       9.797e+17    3.633e+20  3.856e+15  3.127e+00 1.691e-05 2.273e-05 2.508e-05 1.711e-05 2.530e-05 2.476e-05  2.119e+15  4.208e-01  6.0559e-01  9.0728e-01
2.47919e+02  2.152e+00       2.152e+00       9.542e+17    3.451e+20  3.885e+15  3.263e+00 1.721e-05 2.313e-05 2.528e-05 1.741e-05 2.573e-05 2.519e-05  2.158e+15  4.286e-01  6.1179e-01  9.0768e-01
2.39547e+02  2.198e+00       2.198e+00       9.294e+17    3.279e+20  3.915e+15  3.402e+00 1.751e-05 2.353e-05 2.549e-05 1.770e-05 2.616e-05 2.563e-05  2.196e+15  4.362e-01  6.1777e-01  9.0792e-01
2.31565e+02  2.243e+00       2.243e+00       9.052e+17    3.116e+20  3.942e+15  3.543e+00 1.781e-05 2.393e-05 2.569e-05 1.800e-05 2.659e-05 2.607e-05  2.233e+15  4.436e-01  6.2372e-01  9.0828e-01
2.23950e+02  2.288e+00       2.288e+00       8.818e+17    2.962e+20  3.967e+15  3.688e+00 1.811e-05 2.433e-05 2.590e-05 1.829e-05 2.702e-05 2.650e-05  2.269e+15  4.508e-01  6.2954e-01  9.0863e-01
2.16683e+02  2.333e+00       2.333e+00       8.590e+17    2.816e+20  3.992e+15  3.835e+00 1.841e-05 2.474e-05 2.611e-05 1.859e-05 2.745e-05 2.694e-05  2.305e+15  4.578e-01  6.3524e-01  9.0896e-01
