     Energy         Kx              Ky       F.Density    GA.Brill.       Flux  Tot.Power  Nat.Size  Nat.Div.    Size.x    Size.y     Div.x     Div.y   Coh.Flux  Coh.Power   CohFrac.x   CohFrac.y
         eV          -               -  ph/s/mr^2/0.1%  F.Dens/mm^2  ph/s/0.1%         kW         m       rad         m         m       rad       rad  ph/s/0.1%          W           -           -
1.05515e+04  3.536e-01       3.536e-01       0.000e+00    0.000e+00  0.000e+00  1.312e-01 2.652e-06 3.526e-06 1.871e-05 3.728e-06 9.860e-06 8.353e-06  0.000e+00  0.000e+00  5.0679e-02  3.0033e-01
1.04663e+04  3.663e-01       3.663e-01       0.000e+00    0.000e+00  0.000e+00  1.408e-01 2.663e-06 3.541e-06 1.871e-05 3.735e-06 9.888e-06 8.386e-06  0.000e+00  0.000e+00  5.0941e-02  3.0094e-01
1.03794e+04  3.790e-01       3.790e-01       0.000e+00    0.000e+00  0.000e+00  1.508e-01 2.674e-06 3.555e-06 1.872e-05 3.743e-06 9.918e-06 8.421e-06  0.000e+00  0.000e+00  5.1210e-02  3.0157e-01
1.02912e+04  3.917e-01       3.917e-01       0.000e+00    0.000e+00  0.000e+00  1.611e-01 2.685e-06 3.571e-06 1.872e-05 3.751e-06 9.948e-06 8.457e-06  0.000e+00  0.000e+00  5.1487e-02  3.0221e-01
1.02015e+04  4.045e-01       4.045e-01       0.000e+00    0.000e+00  0.000e+00  1.717e-01 2.697e-06 3.586e-06 1.872e-05 3.760e-06 9.980e-06 8.494e-06  0.000e+00  0.000e+00  5.1772e-02  3.0286e-01
1.01107e+04  4.172e-01       4.172e-01       0.000e+00    0.000e+00  0.000e+00  1.827e-01 2.709e-06 3.602e-06 1.872e-05 3.768e-06 1.001e-05 8.531e-06  0.000e+00  0.000e+00  5.2064e-02  3.0353e-01
1.00187e+04  4.299e-01       4.299e-01       0.000e+00    0.000e+00  0.000e+00  1.940e-01 2.721e-06 3.619e-06 1.872e-05 3.777e-06 1.004e-05 8.570e-06  0.000e+00  0.000e+00  5.2365e-02  3.0421e-01
9.92562e+03  4.426e-01       4.426e-01       0.000e+00    0.000e+00  0.000e+00  2.057e-01 2.734e-06 3.636e-06 1.872e-05 3.787e-06 1.008e-05 8.610e-06  0.000e+00  0.000e+00  5.2672e-02  3.0490e-01
9.83165e+03  4.554e-01       4.554e-01       0.000e+00    0.000e+00  0.000e+00  2.177e-01 2.747e-06 3.653e-06 1.873e-05 3.796e-06 1.011e-05 8.651e-06  0.000e+00  0.000e+00  5.2987e-02  3.0561e-01
9.73686e+03  4.681e-01       4.681e-01       0.000e+00    0.000e+00  0.000e+00  2.300e-01 2.760e-06 3.671e-06 1.873e-05 3.806e-06 1.015e-05 8.692e-06  0.000e+00  0.000e+00  5.3310e-02  3.0632e-01
9.64135e+03  4.808e-01       4.808e-01       0.000e+00    0.000e+00  0.000e+00  2.427e-01 2.774e-06 3.689e-06 1.873e-05 3.816e-06 1.019e-05 8.735e-06  0.000e+00  0.000e+00  5.3639e-02  3.0705e-01
9.54520e+03  4.936e-01       4.936e-01       0.000e+00    0.000e+00  0.000e+00  2.557e-01 2.788e-06 3.707e-06 1.873e-05 3.826e-06 1.022e-05 8.778e-06  0.000e+00  0.000e+00  5.3975e-02  3.0779e-01
9.44851e+03  5.063e-01       5.063e-01       0.000e+00    0.000e+00  0.000e+00  2.691e-01 2.802e-06 3.726e-06 1.873e-05 3.836e-06 1.026e-05 8.823e-06  0.000e+00  0.000e+00  5.4318e-02  3.0853e-01
9.35137e+03  5.190e-01       5.190e-01       0.000e+00    0.000e+00  0.000e+00  2.828e-01 2.817e-06 3.746e-06 1.874e-05 3.847e-06 1.030e-05 8.868e-06  0.000e+00  0.000e+00  5.4668e-02  3.0929e-01
9.25387e+03  5.317e-01       5.317e-01       0.000e+00    0.000e+00  0.000e+00  2.968e-01 2.832e-06 3.765e-06 1.874e-05 3.858e-06 1.034e-05 8.914e-06  0.000e+00  0.000e+00  5.5025e-02  3.1005e-01
9.15610e+03  5.445e-01       5.445e-01       0.000e+00    0.000e+00  0.000e+00  3.112e-01 2.847e-06 3.785e-06 1.874e-05 3.869e-06 1.038e-05 8.961e-06  0.000e+00  0.000e+00  5.5388e-02  3.1082e-01
9.05813e+03  5.572e-01       5.572e-01       0.000e+00    0.000e+00  0.000e+00  3.259e-01 2.862e-06 3.806e-06 1.874e-05 3.880e-06 1.042e-05 9.009e-06  0.000e+00  0.000e+00  5.5758e-02  3.1160e-01
8.96004e+03  5.699e-01       5.699e-01       0.000e+00    0.000e+00  0.000e+00  3.409e-01 2.878e-06 3.827e-06 1.875e-05 3.891e-06 1.046e-05 9.058e-06  0.000e+00  0.000e+00  5.6133e-02  3.1238e-01
8.86191e+03  5.827e-01       5.827e-01       0.000e+00    0.000e+00  0.000e+00  3.563e-01 2.894e-06 3.848e-06 1.875e-05 3.903e-06 1.051e-05 9.108e-06  0.000e+00  0.000e+00  5.6515e-02  3.1317e-01
8.76381e+03  5.954e-01       5.954e-01       0.000e+00    0.000e+00  0.000e+00  3.721e-01 2.910e-06 3.869e-06 1.875e-05 3.915e-06 1.055e-05 9.158e-06  0.000e+00  0.000e+00  5.6903e-02  3.1397e-01
8.66581e+03  6.081e-01       6.081e-01       0.000e+00    0.000e+00  0.000e+00  3.882e-01 2.926e-06 3.891e-06 1.875e-05 3.927e-06 1.060e-05 9.210e-06  0.000e+00  0.000e+00  5.7297e-02  3.1477e-01
8.56797e+03  6.208e-01       6.208e-01       0.000e+00    0.000e+00  0.000e+00  4.046e-01 2.943e-06 3.913e-06 1.876e-05 3.940e-06 1.064e-05 9.262e-06  0.000e+00  0.000e+00  5.7697e-02  3.1558e-01
8.47036e+03  6.336e-01       6.336e-01       0.000e+00    0.000e+00  0.000e+00  4.213e-01 2.960e-06 3.936e-06 1.876e-05 3.952e-06 1.069e-05 9.315e-06  0.000e+00  0.000e+00  5.8102e-02  3.1639e-01
8.37303e+03  6.463e-01       6.463e-01       0.000e+00    0.000e+00  0.000e+00  4.384e-01 2.977e-06 3.958e-06 1.876e-05 3.965e-06 1.073e-05 9.368e-06  0.000e+00  0.000e+00  5.8513e-02  3.1720e-01
8.27604e+03  6.590e-01       6.590e-01       0.000e+00    0.000e+00  0.000e+00  4.559e-01 2.994e-06 3.982e-06 1.876e-05 3.978e-06 1.078e-05 9.423e-06  0.000e+00  0.000e+00  5.8929e-02  3.1802e-01
8.17945e+03  6.718e-01       6.718e-01       0.000e+00    0.000e+00  0.000e+00  4.737e-01 3.012e-06 4.005e-06 1.877e-05 3.992e-06 1.083e-05 9.478e-06  0.000e+00  0.000e+00  5.9351e-02  3.1884e-01
8.08330e+03  6.845e-01       6.845e-01       0.000e+00    0.000e+00  0.000e+00  4.918e-01 3.030e-06 4.029e-06 1.877e-05 4.005e-06 1.088e-05 9.533e-06  0.000e+00  0.000e+00  5.9778e-02  3.1966e-01
7.98765e+03  6.972e-01       6.972e-01       0.000e+00    0.000e+00  0.000e+00  5.102e-01 3.048e-06 4.053e-06 1.877e-05 4.019e-06 1.093e-05 9.590e-06  0.000e+00  0.000e+00  6.0210e-02  3.2049e-01
7.89253e+03  7.099e-01       7.099e-01       0.000e+00    0.000e+00  0.000e+00  5.290e-01 3.066e-06 4.077e-06 1.878e-05 4.033e-06 1.098e-05 9.649e-06  0.000e+00  0.000e+00  6.0639e-02  3.2126e-01
7.79799e+03  7.227e-01       7.227e-01       0.000e+00    0.000e+00  0.000e+00  5.482e-01 3.085e-06 4.102e-06 1.878e-05 4.047e-06 1.103e-05 9.707e-06  0.000e+00  0.000e+00  6.1081e-02  3.2209e-01
7.70407e+03  7.354e-01       7.354e-01       0.000e+00    0.000e+00  0.000e+00  5.677e-01 3.103e-06 4.127e-06 1.878e-05 4.061e-06 1.108e-05 9.765e-06  0.000e+00  0.000e+00  6.1528e-02  3.2292e-01
7.61080e+03  7.481e-01       7.481e-01       0.000e+00    0.000e+00  0.000e+00  5.875e-01 3.122e-06 4.152e-06 1.879e-05 4.076e-06 1.113e-05 9.825e-06  0.000e+00  0.000e+00  6.1979e-02  3.2375e-01
7.51822e+03  7.608e-01       7.608e-01       0.000e+00    0.000e+00  0.000e+00  6.076e-01 3.141e-06 4.177e-06 1.879e-05 4.090e-06 1.119e-05 9.885e-06  0.000e+00  0.000e+00  6.2435e-02  3.2458e-01
7.42636e+03  7.736e-01       7.736e-01       0.000e+00    0.000e+00  0.000e+00  6.281e-01 3.161e-06 4.203e-06 1.879e-05 4.105e-06 1.124e-05 9.945e-06  0.000e+00  0.000e+00  6.2895e-02  3.2540e-01
7.33525e+03  7.863e-01       7.863e-01       0.000e+00    0.000e+00  0.000e+00  6.490e-01 3.180e-06 4.229e-06 1.880e-05 4.120e-06 1.130e-05 1.001e-05  0.000e+00  0.000e+00  6.3359e-02  3.2623e-01
7.24491e+03  7.990e-01       7.990e-01       0.000e+00    0.000e+00  0.000e+00  6.702e-01 3.200e-06 4.256e-06 1.880e-05 4.136e-06 1.135e-05 1.007e-05  0.000e+00  0.000e+00  6.3828e-02  3.2706e-01
7.15538e+03  8.118e-01       8.118e-01       0.000e+00    0.000e+00  0.000e+00  6.917e-01 3.220e-06 4.282e-06 1.880e-05 4.151e-06 1.141e-05 1.013e-05  0.000e+00  0.000e+00  6.4301e-02  3.2788e-01
7.06666e+03  8.245e-01       8.245e-01       0.000e+00    0.000e+00  0.000e+00  7.135e-01 3.240e-06 4.309e-06 1.881e-05 4.167e-06 1.146e-05 1.019e-05  0.000e+00  0.000e+00  6.4778e-02  3.2871e-01
6.97879e+03  8.372e-01       8.372e-01       0.000e+00    0.000e+00  0.000e+00  7.357e-01 3.261e-06 4.336e-06 1.881e-05 4.183e-06 1.152e-05 1.026e-05  0.000e+00  0.000e+00  6.5259e-02  3.2953e-01
6.89179e+03  8.499e-01       8.499e-01       0.000e+00    0.000e+00  0.000e+00  7.583e-01 3.281e-06 4.363e-06 1.881e-05 4.199e-06 1.158e-05 1.032e-05  0.000e+00  0.000e+00  6.5744e-02  3.3035e-01
6.80566e+03  8.627e-01       8.627e-01       0.000e+00    0.000e+00  0.000e+00  7.812e-01 3.302e-06 4.391e-06 1.882e-05 4.215e-06 1.163e-05 1.039e-05  0.000e+00  0.000e+00  6.6233e-02  3.3117e-01
6.72042e+03  8.754e-01       8.754e-01       0.000e+00    0.000e+00  0.000e+00  8.044e-01 3.323e-06 4.418e-06 1.882e-05 4.231e-06 1.169e-05 1.045e-05  0.000e+00  0.000e+00  6.6725e-02  3.3198e-01
6.63609e+03  8.881e-01       8.881e-01       0.000e+00    0.000e+00  0.000e+00  8.279e-01 3.344e-06 4.446e-06 1.882e-05 4.248e-06 1.175e-05 1.052e-05  0.000e+00  0.000e+00  6.7221e-02  3.3280e-01
6.55268e+03  9.009e-01       9.009e-01       0.000e+00    0.000e+00  0.000e+00  8.518e-01 3.365e-06 4.475e-06 1.883e-05 4.264e-06 1.181e-05 1.058e-05  0.000e+00  0.000e+00  6.7721e-02  3.3361e-01
6.47019e+03  9.136e-01       9.136e-01       0.000e+00    0.000e+00  0.000e+00  8.761e-01 3.386e-06 4.503e-06 1.883e-05 4.281e-06 1.187e-05 1.065e-05  0.000e+00  0.000e+00  6.8223e-02  3.3441e-01
6.38865e+03  9.263e-01       9.263e-01       0.000e+00    0.000e+00  0.000e+00  9.007e-01 3.408e-06 4.532e-06 1.883e-05 4.298e-06 1.193e-05 1.072e-05  0.000e+00  0.000e+00  6.8730e-02  3.3522e-01
6.30804e+03  9.390e-01       9.390e-01       0.000e+00    0.000e+00  0.000e+00  9.256e-01 3.430e-06 4.561e-06 1.884e-05 4.316e-06 1.199e-05 1.079e-05  0.000e+00  0.000e+00  6.9239e-02  3.3602e-01
6.22839e+03  9.518e-01       9.518e-01       0.000e+00    0.000e+00  0.000e+00  9.508e-01 3.451e-06 4.590e-06 1.884e-05 4.333e-06 1.205e-05 1.085e-05  0.000e+00  0.000e+00  6.9751e-02  3.3681e-01
6.14969e+03  9.645e-01       9.645e-01       0.000e+00    0.000e+00  0.000e+00  9.764e-01 3.473e-06 4.619e-06 1.885e-05 4.351e-06 1.211e-05 1.092e-05  0.000e+00  0.000e+00  7.0267e-02  3.3760e-01
6.07195e+03  9.772e-01       9.772e-01       0.000e+00    0.000e+00  0.000e+00  1.002e+00 3.496e-06 4.648e-06 1.885e-05 4.368e-06 1.218e-05 1.099e-05  0.000e+00  0.000e+00  7.0786e-02  3.3839e-01
5.99516e+03  9.899e-01       9.899e-01       0.000e+00    0.000e+00  0.000e+00  1.029e+00 3.518e-06 4.678e-06 1.886e-05 4.386e-06 1.224e-05 1.106e-05  0.000e+00  0.000e+00  7.1307e-02  3.3917e-01
