     Energy         Kx              Ky       F.Density    GA.Brill.       Flux  Tot.Power  Nat.Size  Nat.Div.    Size.x    Size.y     Div.x     Div.y   Coh.Flux  Coh.Power   CohFrac.x   CohFrac.y
         eV          -               -  ph/s/mr^2/0.1%  F.Dens/mm^2  ph/s/0.1%         kW         m       rad         m         m       rad       rad  ph/s/0.1%          W           -           -
8.04229e+02  3.536e-01       3.536e-01       2.802e+17    2.164e+20  3.386e+14  3.682e-02 9.536e-06 1.286e-05 2.083e-05 9.890e-06 1.437e-05 1.338e-05  1.286e+14  2.554e-02  4.0972e-01  9.2697e-01
7.60475e+02  4.356e-01       4.356e-01       3.817e+17    2.855e+20  4.862e+14  5.588e-02 9.807e-06 1.323e-05 2.096e-05 1.015e-05 1.473e-05 1.376e-05  1.898e+14  3.769e-02  4.2028e-01  9.2856e-01
7.13581e+02  5.176e-01       5.176e-01       4.765e+17    3.436e+20  6.442e+14  7.891e-02 1.012e-05 1.366e-05 2.111e-05 1.046e-05 1.514e-05 1.421e-05  2.593e+14  5.151e-02  4.3252e-01  9.3058e-01
6.65482e+02  5.996e-01       5.996e-01       5.586e+17    3.865e+20  8.063e+14  1.059e-01 1.048e-05 1.414e-05 2.128e-05 1.081e-05 1.562e-05 1.471e-05  3.354e+14  6.663e-02  4.4605e-01  9.3267e-01
6.17731e+02  6.817e-01       6.817e-01       6.246e+17    4.134e+20  9.671e+14  1.369e-01 1.088e-05 1.468e-05 2.148e-05 1.119e-05 1.614e-05 1.527e-05  4.164e+14  8.271e-02  4.6060e-01  9.3476e-01
5.71474e+02  7.637e-01       7.637e-01       6.737e+17    4.254e+20  1.123e+15  1.718e-01 1.131e-05 1.526e-05 2.171e-05 1.161e-05 1.671e-05 1.587e-05  5.006e+14  9.945e-02  4.7593e-01  9.3681e-01
5.27492e+02  8.457e-01       8.457e-01       7.067e+17    4.248e+20  1.271e+15  2.107e-01 1.178e-05 1.588e-05 2.195e-05 1.206e-05 1.733e-05 1.652e-05  5.867e+14  1.166e-01  4.9177e-01  9.3877e-01
4.86253e+02  9.277e-01       9.277e-01       7.254e+17    4.144e+20  1.410e+15  2.535e-01 1.226e-05 1.654e-05 2.222e-05 1.254e-05 1.798e-05 1.720e-05  6.735e+14  1.338e-01  5.0794e-01  9.4063e-01
4.47990e+02  1.010e+00       1.010e+00       7.320e+17    3.969e+20  1.539e+15  3.003e-01 1.278e-05 1.724e-05 2.250e-05 1.304e-05 1.867e-05 1.792e-05  7.600e+14  1.510e-01  5.2413e-01  9.4214e-01
4.12761e+02  1.092e+00       1.092e+00       7.288e+17    3.748e+20  1.658e+15  3.511e-01 1.331e-05 1.796e-05 2.281e-05 1.357e-05 1.939e-05 1.867e-05  8.455e+14  1.679e-01  5.4041e-01  9.4373e-01
3.80502e+02  1.174e+00       1.174e+00       7.180e+17    3.501e+20  1.766e+15  4.058e-01 1.386e-05 1.870e-05 2.314e-05 1.411e-05 2.014e-05 1.944e-05  9.292e+14  1.846e-01  5.5654e-01  9.4521e-01
3.51078e+02  1.256e+00       1.256e+00       7.016e+17    3.242e+20  1.865e+15  4.645e-01 1.443e-05 1.947e-05 2.348e-05 1.467e-05 2.091e-05 2.024e-05  1.011e+15  2.008e-01  5.7242e-01  9.4657e-01
3.24306e+02  1.338e+00       1.338e+00       6.811e+17    2.982e+20  1.955e+15  5.272e-01 1.502e-05 2.026e-05 2.385e-05 1.524e-05 2.170e-05 2.106e-05  1.090e+15  2.165e-01  5.8797e-01  9.4782e-01
2.99983e+02  1.420e+00       1.420e+00       6.580e+17    2.730e+20  2.038e+15  5.938e-01 1.561e-05 2.106e-05 2.423e-05 1.583e-05 2.251e-05 2.190e-05  1.166e+15  2.316e-01  6.0300e-01  9.4877e-01
2.77901e+02  1.502e+00       1.502e+00       6.331e+17    2.490e+20  2.112e+15  6.644e-01 1.622e-05 2.188e-05 2.462e-05 1.643e-05 2.334e-05 2.275e-05  1.239e+15  2.461e-01  6.1769e-01  9.4980e-01
2.57854e+02  1.584e+00       1.584e+00       6.074e+17    2.265e+20  2.179e+15  7.389e-01 1.684e-05 2.272e-05 2.504e-05 1.704e-05 2.419e-05 2.361e-05  1.309e+15  2.601e-01  6.3190e-01  9.5075e-01
2.39648e+02  1.666e+00       1.666e+00       5.814e+17    2.057e+20  2.241e+15  8.174e-01 1.747e-05 2.357e-05 2.546e-05 1.766e-05 2.505e-05 2.449e-05  1.377e+15  2.734e-01  6.4559e-01  9.5161e-01
2.23100e+02  1.748e+00       1.748e+00       5.556e+17    1.866e+20  2.296e+15  8.999e-01 1.811e-05 2.443e-05 2.590e-05 1.829e-05 2.592e-05 2.538e-05  1.441e+15  2.862e-01  6.5877e-01  9.5241e-01
2.08044e+02  1.830e+00       1.830e+00       5.303e+17    1.691e+20  2.348e+15  9.864e-01 1.875e-05 2.529e-05 2.636e-05 1.893e-05 2.680e-05 2.629e-05  1.502e+15  2.983e-01  6.7130e-01  9.5297e-01
1.94329e+02  1.912e+00       1.912e+00       5.057e+17    1.533e+20  2.394e+15  1.077e+00 1.940e-05 2.617e-05 2.682e-05 1.958e-05 2.770e-05 2.720e-05  1.560e+15  3.099e-01  6.8340e-01  9.5363e-01
1.81817e+02  1.994e+00       1.994e+00       4.821e+17    1.389e+20  2.436e+15  1.171e+00 2.006e-05 2.706e-05 2.730e-05 2.023e-05 2.860e-05 2.812e-05  1.615e+15  3.209e-01  6.9499e-01  9.5424e-01
1.70386e+02  2.076e+00       2.076e+00       4.594e+17    1.260e+20  2.474e+15  1.269e+00 2.072e-05 2.795e-05 2.779e-05 2.088e-05 2.951e-05 2.904e-05  1.668e+15  3.313e-01  7.0605e-01  9.5480e-01
1.59926e+02  2.158e+00       2.158e+00       4.378e+17    1.143e+20  2.509e+15  1.372e+00 2.139e-05 2.885e-05 2.829e-05 2.154e-05 3.043e-05 2.997e-05  1.718e+15  3.412e-01  7.1662e-01  9.5532e-01
1.50339e+02  2.240e+00       2.240e+00       4.172e+17    1.038e+20  2.542e+15  1.478e+00 2.206e-05 2.975e-05 2.880e-05 2.221e-05 3.136e-05 3.092e-05  1.765e+15  3.506e-01  7.2658e-01  9.5565e-01
1.41538e+02  2.322e+00       2.322e+00       3.977e+17    9.434e+19  2.570e+15  1.588e+00 2.273e-05 3.067e-05 2.932e-05 2.288e-05 3.229e-05 3.186e-05  1.810e+15  3.595e-01  7.3630e-01  9.5625e-01
1.33445e+02  2.404e+00       2.404e+00       3.793e+17    8.583e+19  2.598e+15  1.702e+00 2.341e-05 3.158e-05 2.985e-05 2.356e-05 3.323e-05 3.281e-05  1.852e+15  3.680e-01  7.4532e-01  9.5649e-01
1.25991e+02  2.486e+00       2.486e+00       3.618e+17    7.818e+19  2.623e+15  1.821e+00 2.409e-05 3.250e-05 3.039e-05 2.424e-05 3.417e-05 3.377e-05  1.893e+15  3.760e-01  7.5403e-01  9.5687e-01
1.19114e+02  2.568e+00       2.568e+00       3.453e+17    7.129e+19  2.646e+15  1.943e+00 2.478e-05 3.343e-05 3.094e-05 2.492e-05 3.512e-05 3.473e-05  1.931e+15  3.836e-01  7.6232e-01  9.5722e-01
1.12760e+02  2.650e+00       2.650e+00       3.297e+17    6.509e+19  2.668e+15  2.069e+00 2.547e-05 3.436e-05 3.149e-05 2.560e-05 3.608e-05 3.570e-05  1.967e+15  3.908e-01  7.7010e-01  9.5741e-01
1.06879e+02  2.732e+00       2.732e+00       3.150e+17    5.950e+19  2.688e+15  2.199e+00 2.616e-05 3.529e-05 3.205e-05 2.629e-05 3.704e-05 3.666e-05  2.002e+15  3.976e-01  7.7760e-01  9.5771e-01
1.01428e+02  2.814e+00       2.814e+00       3.012e+17    5.446e+19  2.706e+15  2.333e+00 2.685e-05 3.622e-05 3.262e-05 2.698e-05 3.800e-05 3.763e-05  2.034e+15  4.041e-01  7.8474e-01  9.5799e-01
9.63676e+01  2.896e+00       2.896e+00       2.881e+17    4.991e+19  2.723e+15  2.471e+00 2.755e-05 3.716e-05 3.320e-05 2.767e-05 3.896e-05 3.861e-05  2.065e+15  4.103e-01  7.9154e-01  9.5826e-01
9.16631e+01  2.978e+00       2.978e+00       2.758e+17    4.580e+19  2.739e+15  2.613e+00 2.825e-05 3.811e-05 3.378e-05 2.837e-05 3.993e-05 3.959e-05  2.095e+15  4.161e-01  7.9801e-01  9.5851e-01
8.72831e+01  3.060e+00       3.060e+00       2.641e+17    4.208e+19  2.754e+15  2.759e+00 2.895e-05 3.905e-05 3.437e-05 2.907e-05 4.091e-05 4.057e-05  2.123e+15  4.217e-01  8.0406e-01  9.5862e-01
8.31994e+01  3.142e+00       3.142e+00       2.531e+17    3.871e+19  2.768e+15  2.908e+00 2.965e-05 4.000e-05 3.496e-05 2.976e-05 4.188e-05 4.155e-05  2.149e+15  4.269e-01  8.0993e-01  9.5883e-01
7.93870e+01  3.224e+00       3.224e+00       2.427e+17    3.566e+19  2.780e+15  3.062e+00 3.035e-05 4.095e-05 3.556e-05 3.047e-05 4.286e-05 4.254e-05  2.174e+15  4.319e-01  8.1551e-01  9.5904e-01
7.58231e+01  3.306e+00       3.306e+00       2.329e+17    3.289e+19  2.793e+15  3.220e+00 3.106e-05 4.190e-05 3.616e-05 3.117e-05 4.384e-05 4.353e-05  2.198e+15  4.367e-01  8.2073e-01  9.5912e-01
7.24872e+01  3.388e+00       3.388e+00       2.236e+17    3.037e+19  2.803e+15  3.382e+00 3.176e-05 4.285e-05 3.677e-05 3.187e-05 4.482e-05 4.451e-05  2.221e+15  4.412e-01  8.2590e-01  9.5942e-01
6.93608e+01  3.470e+00       3.470e+00       2.149e+17    2.808e+19  2.813e+15  3.547e+00 3.247e-05 4.381e-05 3.738e-05 3.258e-05 4.580e-05 4.550e-05  2.243e+15  4.455e-01  8.3073e-01  9.5959e-01
6.64272e+01  3.553e+00       3.553e+00       2.065e+17    2.599e+19  2.824e+15  3.717e+00 3.318e-05 4.476e-05 3.800e-05 3.328e-05 4.679e-05 4.650e-05  2.263e+15  4.496e-01  8.3523e-01  9.5963e-01
6.36714e+01  3.635e+00       3.635e+00       1.987e+17    2.408e+19  2.834e+15  3.891e+00 3.389e-05 4.572e-05 3.862e-05 3.399e-05 4.779e-05 4.750e-05  2.283e+15  4.535e-01  8.3954e-01  9.5969e-01
6.10796e+01  3.717e+00       3.717e+00       1.912e+17    2.234e+19  2.842e+15  4.068e+00 3.460e-05 4.668e-05 3.925e-05 3.470e-05 4.878e-05 4.850e-05  2.302e+15  4.572e-01  8.4372e-01  9.5983e-01
5.86394e+01  3.799e+00       3.799e+00       1.842e+17    2.075e+19  2.850e+15  4.250e+00 3.532e-05 4.764e-05 3.988e-05 3.541e-05 4.977e-05 4.949e-05  2.320e+15  4.608e-01  8.4772e-01  9.5997e-01
5.63394e+01  3.881e+00       3.881e+00       1.775e+17    1.930e+19  2.858e+15  4.435e+00 3.603e-05 4.861e-05 4.051e-05 3.613e-05 5.076e-05 5.049e-05  2.337e+15  4.641e-01  8.5154e-01  9.6010e-01
5.41693e+01  3.963e+00       3.963e+00       1.711e+17    1.796e+19  2.866e+15  4.625e+00 3.674e-05 4.957e-05 4.115e-05 3.684e-05 5.176e-05 5.150e-05  2.353e+15  4.674e-01  8.5511e-01  9.6013e-01
5.21198e+01  4.045e+00       4.045e+00       1.651e+17    1.674e+19  2.872e+15  4.818e+00 3.746e-05 5.053e-05 4.179e-05 3.755e-05 5.276e-05 5.250e-05  2.368e+15  4.704e-01  8.5860e-01  9.6025e-01
5.01822e+01  4.127e+00       4.127e+00       1.593e+17    1.562e+19  2.878e+15  5.016e+00 3.818e-05 5.150e-05 4.243e-05 3.827e-05 5.375e-05 5.349e-05  2.383e+15  4.734e-01  8.6202e-01  9.6046e-01
4.83488e+01  4.209e+00       4.209e+00       1.538e+17    1.458e+19  2.885e+15  5.217e+00 3.889e-05 5.247e-05 4.308e-05 3.898e-05 5.476e-05 5.450e-05  2.397e+15  4.762e-01  8.6512e-01  9.6047e-01
4.66122e+01  4.291e+00       4.291e+00       1.486e+17    1.363e+19  2.891e+15  5.422e+00 3.961e-05 5.344e-05 4.373e-05 3.970e-05 5.576e-05 5.551e-05  2.411e+15  4.788e-01  8.6817e-01  9.6057e-01
4.49660e+01  4.373e+00       4.373e+00       1.437e+17    1.275e+19  2.897e+15  5.632e+00 4.033e-05 5.441e-05 4.438e-05 4.041e-05 5.676e-05 5.652e-05  2.423e+15  4.814e-01  8.7101e-01  9.6058e-01
4.34041e+01  4.455e+00       4.455e+00       1.390e+17    1.194e+19  2.901e+15  5.845e+00 4.105e-05 5.538e-05 4.504e-05 4.113e-05 5.776e-05 5.752e-05  2.436e+15  4.839e-01  8.7389e-01  9.6077e-01
