     Energy         Kx              Ky       F.Density    GA.Brill.       Flux  Tot.Power  Nat.Size  Nat.Div.    Size.x    Size.y     Div.x     Div.y   Coh.Flux  Coh.Power   CohFrac.x   CohFrac.y
         eV          -               -  ph/s/mr^2/0.1%  F.Dens/mm^2  ph/s/0.1%         kW         m       rad         m         m       rad       rad  ph/s/0.1%          W           -           -
8.84652e+03  3.536e-01       3.536e-01       0.000e+00    0.000e+00  0.000e+00  3.682e-02 2.875e-06 3.879e-06 1.875e-05 3.890e-06 9.909e-06 8.410e-06  0.000e+00  0.000e+00  6.0043e-02  3.4092e-01
8.36522e+03  4.356e-01       4.356e-01       0.000e+00    0.000e+00  0.000e+00  5.588e-02 2.957e-06 3.989e-06 1.876e-05 3.950e-06 1.011e-05 8.647e-06  0.000e+00  0.000e+00  6.2189e-02  3.4528e-01
7.84939e+03  5.176e-01       5.176e-01       0.000e+00    0.000e+00  0.000e+00  7.891e-02 3.052e-06 4.118e-06 1.877e-05 4.022e-06 1.035e-05 8.924e-06  0.000e+00  0.000e+00  6.4697e-02  3.5014e-01
7.32031e+03  5.996e-01       5.996e-01       0.000e+00    0.000e+00  0.000e+00  1.059e-01 3.161e-06 4.264e-06 1.879e-05 4.105e-06 1.062e-05 9.239e-06  0.000e+00  0.000e+00  6.7529e-02  3.5535e-01
6.79504e+03  6.817e-01       6.817e-01       0.000e+00    0.000e+00  0.000e+00  1.369e-01 3.281e-06 4.426e-06 1.881e-05 4.198e-06 1.093e-05 9.587e-06  0.000e+00  0.000e+00  7.0646e-02  3.6075e-01
6.28622e+03  7.637e-01       7.637e-01       0.000e+00    0.000e+00  0.000e+00  1.718e-01 3.411e-06 4.601e-06 1.884e-05 4.301e-06 1.126e-05 9.965e-06  0.000e+00  0.000e+00  7.4014e-02  3.6621e-01
5.80241e+03  8.457e-01       8.457e-01       0.000e+00    0.000e+00  0.000e+00  2.107e-01 3.550e-06 4.789e-06 1.886e-05 4.412e-06 1.162e-05 1.037e-05  0.000e+00  0.000e+00  7.7596e-02  3.7164e-01
5.34879e+03  9.277e-01       9.277e-01       0.000e+00    0.000e+00  0.000e+00  2.535e-01 3.698e-06 4.988e-06 1.889e-05 4.532e-06 1.200e-05 1.080e-05  0.000e+00  0.000e+00  8.1362e-02  3.7696e-01
4.92790e+03  1.010e+00       1.010e+00       0.000e+00    0.000e+00  0.000e+00  3.003e-01 3.852e-06 5.197e-06 1.892e-05 4.659e-06 1.241e-05 1.125e-05  0.000e+00  0.000e+00  8.5284e-02  3.8209e-01
4.54037e+03  1.092e+00       1.092e+00       0.000e+00    0.000e+00  0.000e+00  3.511e-01 4.014e-06 5.414e-06 1.895e-05 4.793e-06 1.283e-05 1.172e-05  0.000e+00  0.000e+00  8.9335e-02  3.8701e-01
4.18552e+03  1.174e+00       1.174e+00       0.000e+00    0.000e+00  0.000e+00  4.058e-01 4.180e-06 5.639e-06 1.899e-05 4.933e-06 1.328e-05 1.220e-05  0.000e+00  0.000e+00  9.3494e-02  3.9168e-01
3.86185e+03  1.256e+00       1.256e+00       0.000e+00    0.000e+00  0.000e+00  4.645e-01 4.352e-06 5.871e-06 1.903e-05 5.079e-06 1.374e-05 1.270e-05  0.000e+00  0.000e+00  9.7740e-02  3.9609e-01
3.56736e+03  1.338e+00       1.338e+00       0.000e+00    0.000e+00  0.000e+00  5.272e-01 4.528e-06 6.108e-06 1.907e-05 5.231e-06 1.421e-05 1.321e-05  0.000e+00  0.000e+00  1.0204e-01  4.0015e-01
3.29981e+03  1.420e+00       1.420e+00       0.000e+00    0.000e+00  0.000e+00  5.938e-01 4.708e-06 6.351e-06 1.911e-05 5.388e-06 1.470e-05 1.374e-05  0.000e+00  0.000e+00  1.0641e-01  4.0402e-01
3.05691e+03  1.502e+00       1.502e+00       0.000e+00    0.000e+00  0.000e+00  6.644e-01 4.891e-06 6.599e-06 1.916e-05 5.549e-06 1.520e-05 1.427e-05  0.000e+00  0.000e+00  1.1082e-01  4.0764e-01
2.83639e+03  1.584e+00       1.584e+00       0.000e+00    0.000e+00  0.000e+00  7.389e-01 5.078e-06 6.850e-06 1.921e-05 5.714e-06 1.571e-05 1.481e-05  0.000e+00  0.000e+00  1.1527e-01  4.1100e-01
2.63612e+03  1.666e+00       1.666e+00       0.000e+00    0.000e+00  0.000e+00  8.174e-01 5.267e-06 7.106e-06 1.926e-05 5.883e-06 1.623e-05 1.536e-05  0.000e+00  0.000e+00  1.1973e-01  4.1413e-01
2.45410e+03  1.748e+00       1.748e+00       0.000e+00    0.000e+00  0.000e+00  8.999e-01 5.459e-06 7.364e-06 1.931e-05 6.055e-06 1.676e-05 1.592e-05  0.000e+00  0.000e+00  1.2421e-01  4.1703e-01
2.28849e+03  1.830e+00       1.830e+00       0.000e+00    0.000e+00  0.000e+00  9.864e-01 5.653e-06 7.626e-06 1.937e-05 6.231e-06 1.730e-05 1.649e-05  0.000e+00  0.000e+00  1.2869e-01  4.1973e-01
2.13762e+03  1.912e+00       1.912e+00       0.000e+00    0.000e+00  0.000e+00  1.077e+00 5.849e-06 7.891e-06 1.943e-05 6.409e-06 1.784e-05 1.706e-05  0.000e+00  0.000e+00  1.3317e-01  4.2223e-01
1.99999e+03  1.994e+00       1.994e+00       0.000e+00    0.000e+00  0.000e+00  1.171e+00 6.047e-06 8.158e-06 1.949e-05 6.590e-06 1.839e-05 1.763e-05  0.000e+00  0.000e+00  1.3764e-01  4.2456e-01
1.87425e+03  2.076e+00       2.076e+00       0.000e+00    0.000e+00  0.000e+00  1.269e+00 6.247e-06 8.427e-06 1.955e-05 6.774e-06 1.895e-05 1.821e-05  0.000e+00  0.000e+00  1.4210e-01  4.2671e-01
1.75919e+03  2.158e+00       2.158e+00       0.000e+00    0.000e+00  0.000e+00  1.372e+00 6.448e-06 8.698e-06 1.961e-05 6.960e-06 1.951e-05 1.880e-05  0.000e+00  0.000e+00  1.4654e-01  4.2872e-01
1.65373e+03  2.240e+00       2.240e+00       0.000e+00    0.000e+00  0.000e+00  1.478e+00 6.650e-06 8.971e-06 1.968e-05 7.148e-06 2.008e-05 1.939e-05  0.000e+00  0.000e+00  1.5093e-01  4.3051e-01
1.55692e+03  2.322e+00       2.322e+00       0.000e+00    0.000e+00  0.000e+00  1.588e+00 6.854e-06 9.246e-06 1.975e-05 7.337e-06 2.066e-05 1.998e-05  0.000e+00  0.000e+00  1.5532e-01  4.3224e-01
1.46790e+03  2.404e+00       2.404e+00       0.000e+00    0.000e+00  0.000e+00  1.702e+00 7.059e-06 9.522e-06 1.982e-05 7.529e-06 2.123e-05 2.058e-05  0.000e+00  0.000e+00  1.5969e-01  4.3385e-01
1.38590e+03  2.486e+00       2.486e+00       0.000e+00    0.000e+00  0.000e+00  1.821e+00 7.264e-06 9.800e-06 1.990e-05 7.722e-06 2.181e-05 2.118e-05  0.000e+00  0.000e+00  1.6401e-01  4.3534e-01
1.31026e+03  2.568e+00       2.568e+00       0.000e+00    0.000e+00  0.000e+00  1.943e+00 7.471e-06 1.008e-05 1.997e-05 7.917e-06 2.240e-05 2.178e-05  0.000e+00  0.000e+00  1.6831e-01  4.3674e-01
1.24036e+03  2.650e+00       2.650e+00       0.000e+00    0.000e+00  0.000e+00  2.069e+00 7.679e-06 1.036e-05 2.005e-05 8.113e-06 2.299e-05 2.238e-05  0.000e+00  0.000e+00  1.7257e-01  4.3804e-01
1.17567e+03  2.732e+00       2.732e+00       0.000e+00    0.000e+00  0.000e+00  2.199e+00 7.887e-06 1.064e-05 2.013e-05 8.311e-06 2.358e-05 2.299e-05  0.000e+00  0.000e+00  1.7679e-01  4.3925e-01
1.11571e+03  2.814e+00       2.814e+00       0.000e+00    0.000e+00  0.000e+00  2.333e+00 8.096e-06 1.092e-05 2.022e-05 8.510e-06 2.417e-05 2.360e-05  0.000e+00  0.000e+00  1.8097e-01  4.4039e-01
1.06004e+03  2.896e+00       2.896e+00       0.000e+00    0.000e+00  0.000e+00  2.471e+00 8.306e-06 1.121e-05 2.030e-05 8.710e-06 2.477e-05 2.421e-05  0.000e+00  0.000e+00  1.8511e-01  4.4145e-01
1.00829e+03  2.978e+00       2.978e+00       0.000e+00    0.000e+00  0.000e+00  2.613e+00 8.517e-06 1.149e-05 2.039e-05 8.911e-06 2.537e-05 2.482e-05  0.000e+00  0.000e+00  1.8920e-01  4.4245e-01
9.60114e+02  3.060e+00       3.060e+00       0.000e+00    0.000e+00  0.000e+00  2.759e+00 8.728e-06 1.177e-05 2.048e-05 9.113e-06 2.597e-05 2.544e-05  0.000e+00  0.000e+00  1.9323e-01  4.4333e-01
9.15194e+02  3.142e+00       3.142e+00       0.000e+00    0.000e+00  0.000e+00  2.908e+00 8.939e-06 1.206e-05 2.057e-05 9.315e-06 2.657e-05 2.605e-05  0.000e+00  0.000e+00  1.9723e-01  4.4420e-01
8.73257e+02  3.224e+00       3.224e+00       0.000e+00    0.000e+00  0.000e+00  3.062e+00 9.152e-06 1.235e-05 2.066e-05 9.519e-06 2.718e-05 2.667e-05  0.000e+00  0.000e+00  2.0119e-01  4.4502e-01
8.34054e+02  3.306e+00       3.306e+00       0.000e+00    0.000e+00  0.000e+00  3.220e+00 9.364e-06 1.263e-05 2.076e-05 9.724e-06 2.779e-05 2.729e-05  0.000e+00  0.000e+00  2.0510e-01  4.4579e-01
7.97359e+02  3.388e+00       3.388e+00       0.000e+00    0.000e+00  0.000e+00  3.382e+00 9.577e-06 1.292e-05 2.085e-05 9.929e-06 2.840e-05 2.791e-05  0.000e+00  0.000e+00  2.0896e-01  4.4652e-01
7.62968e+02  3.470e+00       3.470e+00       0.000e+00    0.000e+00  0.000e+00  3.547e+00 9.791e-06 1.321e-05 2.095e-05 1.014e-05 2.901e-05 2.853e-05  0.000e+00  0.000e+00  2.1277e-01  4.4720e-01
7.30700e+02  3.553e+00       3.553e+00       0.000e+00    0.000e+00  0.000e+00  3.717e+00 1.000e-05 1.350e-05 2.105e-05 1.034e-05 2.962e-05 2.915e-05  0.000e+00  0.000e+00  2.1653e-01  4.4785e-01
7.00386e+02  3.635e+00       3.635e+00       0.000e+00    0.000e+00  0.000e+00  3.891e+00 1.022e-05 1.379e-05 2.116e-05 1.055e-05 3.023e-05 2.978e-05  0.000e+00  0.000e+00  2.2024e-01  4.4846e-01
6.71876e+02  3.717e+00       3.717e+00       0.000e+00    0.000e+00  0.000e+00  4.068e+00 1.043e-05 1.407e-05 2.126e-05 1.076e-05 3.085e-05 3.040e-05  0.000e+00  0.000e+00  2.2390e-01  4.4903e-01
6.45033e+02  3.799e+00       3.799e+00       0.000e+00    0.000e+00  0.000e+00  4.250e+00 1.065e-05 1.436e-05 2.137e-05 1.097e-05 3.147e-05 3.103e-05  0.000e+00  0.000e+00  2.2751e-01  4.4958e-01
6.19733e+02  3.881e+00       3.881e+00       0.000e+00    0.000e+00  0.000e+00  4.435e+00 1.086e-05 1.465e-05 2.147e-05 1.117e-05 3.208e-05 3.165e-05  0.000e+00  0.000e+00  2.3107e-01  4.5009e-01
5.95862e+02  3.963e+00       3.963e+00       0.000e+00    0.000e+00  0.000e+00  4.625e+00 1.108e-05 1.495e-05 2.158e-05 1.138e-05 3.271e-05 3.228e-05  0.000e+00  0.000e+00  2.3456e-01  4.5053e-01
5.73318e+02  4.045e+00       4.045e+00       0.000e+00    0.000e+00  0.000e+00  4.818e+00 1.129e-05 1.524e-05 2.170e-05 1.159e-05 3.333e-05 3.291e-05  0.000e+00  0.000e+00  2.3802e-01  4.5099e-01
5.52005e+02  4.127e+00       4.127e+00       0.000e+00    0.000e+00  0.000e+00  5.016e+00 1.151e-05 1.553e-05 2.181e-05 1.180e-05 3.395e-05 3.354e-05  0.000e+00  0.000e+00  2.4143e-01  4.5143e-01
5.31837e+02  4.209e+00       4.209e+00       0.000e+00    0.000e+00  0.000e+00  5.217e+00 1.173e-05 1.582e-05 2.192e-05 1.202e-05 3.457e-05 3.417e-05  0.000e+00  0.000e+00  2.4478e-01  4.5184e-01
5.12735e+02  4.291e+00       4.291e+00       0.000e+00    0.000e+00  0.000e+00  5.422e+00 1.194e-05 1.611e-05 2.204e-05 1.223e-05 3.519e-05 3.480e-05  0.000e+00  0.000e+00  2.4809e-01  4.5224e-01
4.94626e+02  4.373e+00       4.373e+00       0.000e+00    0.000e+00  0.000e+00  5.632e+00 1.216e-05 1.640e-05 2.216e-05 1.244e-05 3.582e-05 3.543e-05  0.000e+00  0.000e+00  2.5135e-01  4.5261e-01
4.77445e+02  4.455e+00       4.455e+00       0.000e+00    0.000e+00  0.000e+00  5.845e+00 1.238e-05 1.670e-05 2.228e-05 1.265e-05 3.644e-05 3.606e-05  0.000e+00  0.000e+00  2.5455e-01  4.5297e-01
