     Energy         Kx              Ky       F.Density    GA.Brill.       Flux  Tot.Power  Nat.Size  Nat.Div.    Size.x    Size.y     Div.x     Div.y   Coh.Flux  Coh.Power   CohFrac.x   CohFrac.y
         eV          -               -  ph/s/mr^2/0.1%  F.Dens/mm^2  ph/s/0.1%         kW         m       rad         m         m       rad       rad  ph/s/0.1%          W           -           -
4.16872e+03  7.071e-02       7.071e-02       0.000e+00    0.000e+00  0.000e+00  3.522e-03 4.196e-06 5.640e-06 1.899e-05 4.947e-06 9.915e-06 8.417e-06  0.000e+00  0.000e+00  1.2568e-01  5.6838e-01
4.13397e+03  1.160e-01       1.160e-01       0.000e+00    0.000e+00  0.000e+00  9.472e-03 4.214e-06 5.664e-06 1.900e-05 4.962e-06 9.944e-06 8.452e-06  0.000e+00  0.000e+00  1.2633e-01  5.6907e-01
4.08343e+03  1.612e-01       1.612e-01       0.000e+00    0.000e+00  0.000e+00  1.831e-02 4.240e-06 5.699e-06 1.900e-05 4.984e-06 9.990e-06 8.506e-06  0.000e+00  0.000e+00  1.2727e-01  5.6992e-01
4.01826e+03  2.065e-01       2.065e-01       0.000e+00    0.000e+00  0.000e+00  3.003e-02 4.274e-06 5.745e-06 1.901e-05 5.013e-06 1.005e-05 8.574e-06  0.000e+00  0.000e+00  1.2853e-01  5.7122e-01
3.93990e+03  2.517e-01       2.517e-01       0.000e+00    0.000e+00  0.000e+00  4.463e-02 4.317e-06 5.801e-06 1.902e-05 5.049e-06 1.012e-05 8.659e-06  0.000e+00  0.000e+00  1.3009e-01  5.7279e-01
3.84999e+03  2.970e-01       2.970e-01       0.000e+00    0.000e+00  0.000e+00  6.212e-02 4.367e-06 5.869e-06 1.903e-05 5.092e-06 1.021e-05 8.758e-06  0.000e+00  0.000e+00  1.3194e-01  5.7461e-01
3.75030e+03  3.422e-01       3.422e-01       0.000e+00    0.000e+00  0.000e+00  8.250e-02 4.424e-06 5.946e-06 1.904e-05 5.142e-06 1.030e-05 8.873e-06  0.000e+00  0.000e+00  1.3406e-01  5.7664e-01
3.64262e+03  3.875e-01       3.875e-01       0.000e+00    0.000e+00  0.000e+00  1.058e-01 4.489e-06 6.034e-06 1.906e-05 5.198e-06 1.042e-05 9.002e-06  0.000e+00  0.000e+00  1.3643e-01  5.7887e-01
3.52873e+03  4.327e-01       4.327e-01       0.000e+00    0.000e+00  0.000e+00  1.319e-01 4.561e-06 6.130e-06 1.908e-05 5.260e-06 1.054e-05 9.145e-06  0.000e+00  0.000e+00  1.3906e-01  5.8125e-01
3.41034e+03  4.780e-01       4.780e-01       0.000e+00    0.000e+00  0.000e+00  1.609e-01 4.640e-06 6.236e-06 1.910e-05 5.328e-06 1.068e-05 9.302e-06  0.000e+00  0.000e+00  1.4191e-01  5.8375e-01
3.28903e+03  5.233e-01       5.233e-01       0.000e+00    0.000e+00  0.000e+00  1.928e-01 4.724e-06 6.350e-06 1.912e-05 5.402e-06 1.082e-05 9.470e-06  0.000e+00  0.000e+00  1.4498e-01  5.8635e-01
3.16622e+03  5.685e-01       5.685e-01       0.000e+00    0.000e+00  0.000e+00  2.276e-01 4.815e-06 6.472e-06 1.914e-05 5.482e-06 1.098e-05 9.651e-06  0.000e+00  0.000e+00  1.4826e-01  5.8902e-01
3.04316e+03  6.138e-01       6.138e-01       0.000e+00    0.000e+00  0.000e+00  2.653e-01 4.912e-06 6.601e-06 1.916e-05 5.566e-06 1.115e-05 9.843e-06  0.000e+00  0.000e+00  1.5172e-01  5.9173e-01
2.92096e+03  6.590e-01       6.590e-01       0.000e+00    0.000e+00  0.000e+00  3.059e-01 5.013e-06 6.738e-06 1.919e-05 5.656e-06 1.133e-05 1.005e-05  0.000e+00  0.000e+00  1.5536e-01  5.9445e-01
2.80049e+03  7.043e-01       7.043e-01       0.000e+00    0.000e+00  0.000e+00  3.494e-01 5.120e-06 6.881e-06 1.922e-05 5.751e-06 1.152e-05 1.026e-05  0.000e+00  0.000e+00  1.5915e-01  5.9717e-01
2.68252e+03  7.495e-01       7.495e-01       0.000e+00    0.000e+00  0.000e+00  3.957e-01 5.231e-06 7.031e-06 1.925e-05 5.851e-06 1.172e-05 1.048e-05  0.000e+00  0.000e+00  1.6309e-01  5.9988e-01
2.56762e+03  7.948e-01       7.948e-01       0.000e+00    0.000e+00  0.000e+00  4.449e-01 5.347e-06 7.186e-06 1.928e-05 5.954e-06 1.192e-05 1.071e-05  0.000e+00  0.000e+00  1.6715e-01  6.0254e-01
2.45625e+03  8.400e-01       8.400e-01       0.000e+00    0.000e+00  0.000e+00  4.970e-01 5.467e-06 7.348e-06 1.931e-05 6.062e-06 1.214e-05 1.095e-05  0.000e+00  0.000e+00  1.7134e-01  6.0516e-01
2.34874e+03  8.853e-01       8.853e-01       0.000e+00    0.000e+00  0.000e+00  5.520e-01 5.591e-06 7.514e-06 1.935e-05 6.174e-06 1.236e-05 1.120e-05  0.000e+00  0.000e+00  1.7563e-01  6.0772e-01
2.24530e+03  9.306e-01       9.306e-01       0.000e+00    0.000e+00  0.000e+00  6.099e-01 5.718e-06 7.685e-06 1.939e-05 6.290e-06 1.259e-05 1.145e-05  0.000e+00  0.000e+00  1.8002e-01  6.1022e-01
2.14607e+03  9.758e-01       9.758e-01       0.000e+00    0.000e+00  0.000e+00  6.707e-01 5.849e-06 7.861e-06 1.943e-05 6.409e-06 1.283e-05 1.171e-05  0.000e+00  0.000e+00  1.8449e-01  6.1264e-01
2.05112e+03  1.021e+00       1.021e+00       0.000e+00    0.000e+00  0.000e+00  7.343e-01 5.983e-06 8.040e-06 1.947e-05 6.531e-06 1.307e-05 1.198e-05  0.000e+00  0.000e+00  1.8903e-01  6.1498e-01
1.96046e+03  1.066e+00       1.066e+00       0.000e+00    0.000e+00  0.000e+00  8.009e-01 6.119e-06 8.224e-06 1.951e-05 6.656e-06 1.332e-05 1.225e-05  0.000e+00  0.000e+00  1.9364e-01  6.1725e-01
1.87403e+03  1.112e+00       1.112e+00       0.000e+00    0.000e+00  0.000e+00  8.703e-01 6.259e-06 8.412e-06 1.955e-05 6.785e-06 1.358e-05 1.253e-05  0.000e+00  0.000e+00  1.9830e-01  6.1943e-01
1.79175e+03  1.157e+00       1.157e+00       0.000e+00    0.000e+00  0.000e+00  9.426e-01 6.401e-06 8.603e-06 1.960e-05 6.916e-06 1.384e-05 1.281e-05  0.000e+00  0.000e+00  2.0297e-01  6.2140e-01
1.71352e+03  1.202e+00       1.202e+00       0.000e+00    0.000e+00  0.000e+00  1.018e+00 6.545e-06 8.797e-06 1.965e-05 7.050e-06 1.411e-05 1.310e-05  0.000e+00  0.000e+00  2.0772e-01  6.2341e-01
1.63921e+03  1.247e+00       1.247e+00       0.000e+00    0.000e+00  0.000e+00  1.096e+00 6.692e-06 8.994e-06 1.970e-05 7.187e-06 1.438e-05 1.339e-05  0.000e+00  0.000e+00  2.1249e-01  6.2533e-01
1.56866e+03  1.293e+00       1.293e+00       0.000e+00    0.000e+00  0.000e+00  1.177e+00 6.841e-06 9.194e-06 1.975e-05 7.325e-06 1.466e-05 1.369e-05  0.000e+00  0.000e+00  2.1729e-01  6.2718e-01
1.50173e+03  1.338e+00       1.338e+00       0.000e+00    0.000e+00  0.000e+00  1.261e+00 6.992e-06 9.397e-06 1.980e-05 7.466e-06 1.494e-05 1.399e-05  0.000e+00  0.000e+00  2.2211e-01  6.2895e-01
1.43825e+03  1.383e+00       1.383e+00       0.000e+00    0.000e+00  0.000e+00  1.347e+00 7.144e-06 9.602e-06 1.985e-05 7.609e-06 1.523e-05 1.430e-05  0.000e+00  0.000e+00  2.2694e-01  6.3064e-01
1.37805e+03  1.428e+00       1.428e+00       0.000e+00    0.000e+00  0.000e+00  1.437e+00 7.299e-06 9.809e-06 1.991e-05 7.755e-06 1.551e-05 1.460e-05  0.000e+00  0.000e+00  2.3178e-01  6.3225e-01
1.32099e+03  1.474e+00       1.474e+00       0.000e+00    0.000e+00  0.000e+00  1.530e+00 7.455e-06 1.002e-05 1.997e-05 7.902e-06 1.581e-05 1.491e-05  0.000e+00  0.000e+00  2.3663e-01  6.3379e-01
1.26690e+03  1.519e+00       1.519e+00       0.000e+00    0.000e+00  0.000e+00  1.625e+00 7.612e-06 1.023e-05 2.003e-05 8.050e-06 1.610e-05 1.523e-05  0.000e+00  0.000e+00  2.4147e-01  6.3527e-01
1.21561e+03  1.564e+00       1.564e+00       0.000e+00    0.000e+00  0.000e+00  1.723e+00 7.771e-06 1.044e-05 2.009e-05 8.201e-06 1.640e-05 1.554e-05  0.000e+00  0.000e+00  2.4630e-01  6.3668e-01
1.16698e+03  1.609e+00       1.609e+00       0.000e+00    0.000e+00  0.000e+00  1.824e+00 7.931e-06 1.066e-05 2.015e-05 8.353e-06 1.671e-05 1.586e-05  0.000e+00  0.000e+00  2.5113e-01  6.3802e-01
1.12086e+03  1.655e+00       1.655e+00       0.000e+00    0.000e+00  0.000e+00  1.928e+00 8.093e-06 1.088e-05 2.021e-05 8.506e-06 1.701e-05 1.619e-05  0.000e+00  0.000e+00  2.5594e-01  6.3930e-01
1.07712e+03  1.700e+00       1.700e+00       0.000e+00    0.000e+00  0.000e+00  2.035e+00 8.256e-06 1.110e-05 2.028e-05 8.661e-06 1.732e-05 1.651e-05  0.000e+00  0.000e+00  2.6074e-01  6.4053e-01
1.03561e+03  1.745e+00       1.745e+00       0.000e+00    0.000e+00  0.000e+00  2.145e+00 8.419e-06 1.132e-05 2.035e-05 8.818e-06 1.763e-05 1.684e-05  0.000e+00  0.000e+00  2.6552e-01  6.4170e-01
9.96207e+02  1.790e+00       1.790e+00       0.000e+00    0.000e+00  0.000e+00  2.258e+00 8.584e-06 1.154e-05 2.042e-05 8.975e-06 1.795e-05 1.717e-05  0.000e+00  0.000e+00  2.7023e-01  6.4270e-01
9.58796e+02  1.836e+00       1.836e+00       0.000e+00    0.000e+00  0.000e+00  2.373e+00 8.750e-06 1.176e-05 2.049e-05 9.134e-06 1.827e-05 1.750e-05  0.000e+00  0.000e+00  2.7496e-01  6.4376e-01
9.23258e+02  1.881e+00       1.881e+00       0.000e+00    0.000e+00  0.000e+00  2.492e+00 8.917e-06 1.198e-05 2.056e-05 9.294e-06 1.859e-05 1.783e-05  0.000e+00  0.000e+00  2.7966e-01  6.4477e-01
8.89487e+02  1.926e+00       1.926e+00       0.000e+00    0.000e+00  0.000e+00  2.613e+00 9.085e-06 1.221e-05 2.063e-05 9.455e-06 1.891e-05 1.817e-05  0.000e+00  0.000e+00  2.8434e-01  6.4574e-01
8.57380e+02  1.971e+00       1.971e+00       0.000e+00    0.000e+00  0.000e+00  2.737e+00 9.253e-06 1.244e-05 2.071e-05 9.617e-06 1.923e-05 1.850e-05  0.000e+00  0.000e+00  2.8898e-01  6.4667e-01
8.26841e+02  2.017e+00       2.017e+00       0.000e+00    0.000e+00  0.000e+00  2.865e+00 9.423e-06 1.266e-05 2.078e-05 9.780e-06 1.956e-05 1.884e-05  0.000e+00  0.000e+00  2.9359e-01  6.4755e-01
7.97780e+02  2.062e+00       2.062e+00       0.000e+00    0.000e+00  0.000e+00  2.995e+00 9.593e-06 1.289e-05 2.086e-05 9.944e-06 1.988e-05 1.918e-05  0.000e+00  0.000e+00  2.9816e-01  6.4840e-01
7.70112e+02  2.107e+00       2.107e+00       0.000e+00    0.000e+00  0.000e+00  3.127e+00 9.763e-06 1.312e-05 2.094e-05 1.011e-05 2.021e-05 1.952e-05  0.000e+00  0.000e+00  3.0270e-01  6.4920e-01
7.43757e+02  2.152e+00       2.152e+00       0.000e+00    0.000e+00  0.000e+00  3.263e+00 9.935e-06 1.335e-05 2.102e-05 1.027e-05 2.054e-05 1.986e-05  0.000e+00  0.000e+00  3.0720e-01  6.4998e-01
7.18642e+02  2.198e+00       2.198e+00       0.000e+00    0.000e+00  0.000e+00  3.402e+00 1.011e-05 1.358e-05 2.110e-05 1.044e-05 2.088e-05 2.021e-05  0.000e+00  0.000e+00  3.1166e-01  6.5072e-01
6.94695e+02  2.243e+00       2.243e+00       0.000e+00    0.000e+00  0.000e+00  3.543e+00 1.028e-05 1.382e-05 2.119e-05 1.061e-05 2.121e-05 2.055e-05  0.000e+00  0.000e+00  3.1609e-01  6.5143e-01
6.71851e+02  2.288e+00       2.288e+00       0.000e+00    0.000e+00  0.000e+00  3.688e+00 1.045e-05 1.405e-05 2.127e-05 1.078e-05 2.154e-05 2.090e-05  0.000e+00  0.000e+00  3.2047e-01  6.5210e-01
6.50048e+02  2.333e+00       2.333e+00       0.000e+00    0.000e+00  0.000e+00  3.835e+00 1.063e-05 1.428e-05 2.136e-05 1.095e-05 2.188e-05 2.125e-05  0.000e+00  0.000e+00  3.2477e-01  6.5266e-01
