     Energy         Kx              Ky       F.Density    GA.Brill.       Flux  Tot.Power  Nat.Size  Nat.Div.    Size.x    Size.y     Div.x     Div.y   Coh.Flux  Coh.Power   CohFrac.x   CohFrac.y
         eV          -               -  ph/s/mr^2/0.1%  F.Dens/mm^2  ph/s/0.1%         kW         m       rad         m         m       rad       rad  ph/s/0.1%          W           -           -
1.25062e+04  1.000e-01       6.123e-18       1.925e-01    4.597e+02  9.035e-05  3.522e-03 2.423e-06 3.256e-06 1.868e-05 3.568e-06 9.469e-06 7.887e-06  1.130e-06  2.244e-22  4.4597e-02  2.8031e-01
1.23550e+04  1.860e-01       1.139e-17       1.199e+04    2.854e+07  5.684e+00  1.218e-02 2.438e-06 3.276e-06 1.868e-05 3.578e-06 9.509e-06 7.935e-06  7.186e-02  1.427e-17  4.4950e-02  2.8124e-01
1.21203e+04  2.720e-01       1.666e-17       9.112e+06    2.159e+10  4.390e+03  2.606e-02 2.461e-06 3.308e-06 1.869e-05 3.594e-06 9.572e-06 8.011e-06  5.648e+01  1.122e-14  4.5510e-02  2.8271e-01
1.18118e+04  3.580e-01       2.192e-17       9.664e+08    2.275e+12  4.758e+05  4.514e-02 2.493e-06 3.351e-06 1.869e-05 3.616e-06 9.658e-06 8.114e-06  6.268e+03  1.245e-12  4.6270e-02  2.8467e-01
1.14410e+04  4.440e-01       2.719e-17       3.280e+10    7.662e+13  1.659e+07  6.943e-02 2.533e-06 3.404e-06 1.870e-05 3.644e-06 9.767e-06 8.243e-06  2.250e+05  4.469e-11  4.7224e-02  2.8709e-01
1.10208e+04  5.300e-01       3.245e-17       5.246e+11    1.214e+15  2.739e+08  9.893e-02 2.581e-06 3.469e-06 1.870e-05 3.677e-06 9.898e-06 8.397e-06  3.841e+06  7.629e-10  4.8360e-02  2.8990e-01
1.05643e+04  6.160e-01       3.772e-17       4.896e+12    1.121e+16  2.651e+09  1.336e-01 2.636e-06 3.543e-06 1.871e-05 3.716e-06 1.005e-05 8.576e-06  3.859e+07  7.665e-09  4.9669e-02  2.9304e-01
1.00840e+04  7.020e-01       4.299e-17       3.045e+13    6.884e+16  1.716e+10  1.736e-01 2.698e-06 3.626e-06 1.872e-05 3.761e-06 1.022e-05 8.776e-06  2.602e+08  5.168e-08  5.1138e-02  2.9646e-01
9.59096e+03  7.880e-01       4.825e-17       1.379e+14    3.077e+17  8.118e+10  2.187e-01 2.767e-06 3.718e-06 1.873e-05 3.810e-06 1.041e-05 8.997e-06  1.285e+09  2.553e-07  5.2756e-02  3.0010e-01
9.09497e+03  8.740e-01       5.352e-17       4.850e+14    1.066e+18  2.989e+11  2.690e-01 2.841e-06 3.818e-06 1.874e-05 3.864e-06 1.062e-05 9.237e-06  4.952e+09  9.836e-07  5.4509e-02  3.0390e-01
8.60397e+03  9.600e-01       5.878e-17       1.388e+15    3.002e+18  8.978e+11  3.246e-01 2.921e-06 3.926e-06 1.875e-05 3.924e-06 1.084e-05 9.495e-06  1.558e+10  3.095e-06  5.6385e-02  3.0779e-01
8.12425e+03  1.046e+00       6.405e-17       3.351e+15    7.128e+18  2.281e+12  3.853e-01 3.006e-06 4.040e-06 1.877e-05 3.987e-06 1.109e-05 9.770e-06  4.150e+10  8.244e-06  5.8374e-02  3.1175e-01
7.66051e+03  1.132e+00       6.932e-17       7.032e+15    1.469e+19  5.041e+12  4.513e-01 3.096e-06 4.161e-06 1.878e-05 4.055e-06 1.134e-05 1.006e-05  9.623e+10  1.912e-05  6.0464e-02  3.1572e-01
7.21608e+03  1.218e+00       7.458e-17       1.312e+16    2.692e+19  9.921e+12  5.225e-01 3.190e-06 4.287e-06 1.880e-05 4.127e-06 1.161e-05 1.036e-05  1.987e+11  3.947e-05  6.2644e-02  3.1967e-01
6.79312e+03  1.304e+00       7.985e-17       2.219e+16    4.467e+19  1.771e+13  5.988e-01 3.287e-06 4.418e-06 1.881e-05 4.203e-06 1.189e-05 1.068e-05  3.720e+11  7.389e-05  6.4904e-02  3.2357e-01
6.39286e+03  1.390e+00       8.511e-17       3.456e+16    6.820e+19  2.914e+13  6.804e-01 3.389e-06 4.554e-06 1.883e-05 4.283e-06 1.219e-05 1.101e-05  6.413e+11  1.274e-04  6.7226e-02  3.2733e-01
6.01577e+03  1.476e+00       9.038e-17       5.020e+16    9.707e+19  4.472e+13  7.672e-01 3.493e-06 4.695e-06 1.885e-05 4.366e-06 1.250e-05 1.135e-05  1.031e+12  2.048e-04  6.9619e-02  3.3105e-01
5.66177e+03  1.562e+00       9.564e-17       6.874e+16    1.302e+20  6.472e+13  8.592e-01 3.601e-06 4.840e-06 1.887e-05 4.453e-06 1.281e-05 1.169e-05  1.561e+12  3.101e-04  7.2068e-02  3.3466e-01
5.33034e+03  1.648e+00       1.009e-16       8.955e+16    1.661e+20  8.909e+13  9.565e-01 3.711e-06 4.988e-06 1.889e-05 4.543e-06 1.314e-05 1.205e-05  2.246e+12  4.462e-04  7.4564e-02  3.3815e-01
5.02069e+03  1.734e+00       1.062e-16       1.118e+17    2.030e+20  1.175e+14  1.059e+00 3.824e-06 5.139e-06 1.891e-05 4.635e-06 1.347e-05 1.241e-05  3.095e+12  6.148e-04  7.7103e-02  3.4151e-01
4.73183e+03  1.820e+00       1.114e-16       1.347e+17    2.393e+20  1.495e+14  1.167e+00 3.939e-06 5.294e-06 1.894e-05 4.730e-06 1.382e-05 1.279e-05  4.107e+12  8.159e-04  7.9678e-02  3.4473e-01
4.46265e+03  1.906e+00       1.167e-16       1.574e+17    2.736e+20  1.845e+14  1.279e+00 4.056e-06 5.451e-06 1.896e-05 4.828e-06 1.417e-05 1.317e-05  5.279e+12  1.049e-03  8.2283e-02  3.4781e-01
4.21198e+03  1.992e+00       1.220e-16       1.791e+17    3.046e+20  2.215e+14  1.397e+00 4.175e-06 5.611e-06 1.899e-05 4.929e-06 1.453e-05 1.355e-05  6.599e+12  1.311e-03  8.4916e-02  3.5076e-01
3.97864e+03  2.078e+00       1.272e-16       1.994e+17    3.317e+20  2.601e+14  1.521e+00 4.295e-06 5.773e-06 1.902e-05 5.031e-06 1.489e-05 1.394e-05  8.053e+12  1.600e-03  8.7570e-02  3.5357e-01
3.76145e+03  2.164e+00       1.325e-16       2.178e+17    3.543e+20  2.994e+14  1.649e+00 4.418e-06 5.937e-06 1.904e-05 5.136e-06 1.526e-05 1.434e-05  9.625e+12  1.912e-03  9.0243e-02  3.5625e-01
3.55927e+03  2.250e+00       1.378e-16       2.340e+17    3.724e+20  3.388e+14  1.783e+00 4.541e-06 6.104e-06 1.907e-05 5.243e-06 1.564e-05 1.474e-05  1.130e+13  2.244e-03  9.2931e-02  3.5880e-01
3.37102e+03  2.336e+00       1.430e-16       2.479e+17    3.859e+20  3.778e+14  1.922e+00 4.667e-06 6.272e-06 1.910e-05 5.352e-06 1.602e-05 1.514e-05  1.305e+13  2.593e-03  9.5631e-02  3.6122e-01
3.19567e+03  2.422e+00       1.483e-16       2.595e+17    3.952e+20  4.160e+14  2.066e+00 4.793e-06 6.442e-06 1.913e-05 5.462e-06 1.641e-05 1.555e-05  1.487e+13  2.954e-03  9.8340e-02  3.6352e-01
3.03223e+03  2.508e+00       1.536e-16       2.689e+17    4.006e+20  4.531e+14  2.215e+00 4.920e-06 6.613e-06 1.917e-05 5.574e-06 1.680e-05 1.596e-05  1.674e+13  3.326e-03  1.0106e-01  3.6571e-01
2.87981e+03  2.594e+00       1.588e-16       2.762e+17    4.025e+20  4.888e+14  2.370e+00 5.049e-06 6.786e-06 1.920e-05 5.688e-06 1.720e-05 1.638e-05  1.865e+13  3.705e-03  1.0376e-01  3.6773e-01
2.73756e+03  2.680e+00       1.641e-16       2.814e+17    4.013e+20  5.227e+14  2.529e+00 5.178e-06 6.960e-06 1.923e-05 5.803e-06 1.760e-05 1.680e-05  2.058e+13  4.088e-03  1.0648e-01  3.6969e-01
2.60470e+03  2.766e+00       1.694e-16       2.850e+17    3.976e+20  5.550e+14  2.694e+00 5.309e-06 7.135e-06 1.927e-05 5.920e-06 1.800e-05 1.722e-05  2.252e+13  4.473e-03  1.0921e-01  3.7156e-01
2.48052e+03  2.852e+00       1.746e-16       2.869e+17    3.917e+20  5.854e+14  2.865e+00 5.440e-06 7.311e-06 1.931e-05 6.038e-06 1.841e-05 1.765e-05  2.446e+13  4.859e-03  1.1193e-01  3.7332e-01
2.36435e+03  2.938e+00       1.799e-16       2.874e+17    3.840e+20  6.141e+14  3.040e+00 5.572e-06 7.489e-06 1.934e-05 6.157e-06 1.882e-05 1.807e-05  2.640e+13  5.244e-03  1.1464e-01  3.7500e-01
2.25557e+03  3.024e+00       1.852e-16       2.867e+17    3.750e+20  6.409e+14  3.220e+00 5.705e-06 7.667e-06 1.938e-05 6.278e-06 1.923e-05 1.850e-05  2.833e+13  5.627e-03  1.1736e-01  3.7659e-01
2.15363e+03  3.110e+00       1.904e-16       2.850e+17    3.649e+20  6.660e+14  3.406e+00 5.838e-06 7.847e-06 1.942e-05 6.399e-06 1.965e-05 1.893e-05  3.023e+13  6.006e-03  1.2006e-01  3.7810e-01
2.05801e+03  3.196e+00       1.957e-16       2.823e+17    3.540e+20  6.894e+14  3.597e+00 5.972e-06 8.027e-06 1.946e-05 6.522e-06 2.006e-05 1.937e-05  3.212e+13  6.381e-03  1.2276e-01  3.7953e-01
1.96824e+03  3.282e+00       2.010e-16       2.790e+17    3.426e+20  7.112e+14  3.793e+00 6.107e-06 8.208e-06 1.950e-05 6.645e-06 2.049e-05 1.980e-05  3.398e+13  6.751e-03  1.2545e-01  3.8089e-01
1.88388e+03  3.368e+00       2.062e-16       2.751e+17    3.308e+20  7.315e+14  3.995e+00 6.242e-06 8.390e-06 1.955e-05 6.770e-06 2.091e-05 2.024e-05  3.582e+13  7.116e-03  1.2813e-01  3.8217e-01
1.80453e+03  3.454e+00       2.115e-16       2.706e+17    3.188e+20  7.503e+14  4.201e+00 6.378e-06 8.572e-06 1.959e-05 6.895e-06 2.133e-05 2.068e-05  3.763e+13  7.474e-03  1.3081e-01  3.8341e-01
1.72984e+03  3.540e+00       2.168e-16       2.658e+17    3.068e+20  7.677e+14  4.413e+00 6.514e-06 8.755e-06 1.964e-05 7.021e-06 2.176e-05 2.112e-05  3.940e+13  7.827e-03  1.3347e-01  3.8457e-01
1.65947e+03  3.626e+00       2.220e-16       2.607e+17    2.949e+20  7.840e+14  4.630e+00 6.651e-06 8.939e-06 1.968e-05 7.148e-06 2.219e-05 2.157e-05  4.115e+13  8.174e-03  1.3611e-01  3.8564e-01
1.59310e+03  3.712e+00       2.273e-16       2.553e+17    2.831e+20  7.990e+14  4.853e+00 6.788e-06 9.123e-06 1.973e-05 7.276e-06 2.263e-05 2.201e-05  4.286e+13  8.515e-03  1.3874e-01  3.8669e-01
1.53045e+03  3.798e+00       2.326e-16       2.498e+17    2.715e+20  8.128e+14  5.080e+00 6.926e-06 9.308e-06 1.978e-05 7.405e-06 2.306e-05 2.246e-05  4.455e+13  8.849e-03  1.4136e-01  3.8769e-01
1.47127e+03  3.884e+00       2.378e-16       2.442e+17    2.602e+20  8.257e+14  5.313e+00 7.064e-06 9.494e-06 1.983e-05 7.534e-06 2.349e-05 2.290e-05  4.620e+13  9.177e-03  1.4397e-01  3.8865e-01
1.41532e+03  3.970e+00       2.431e-16       2.385e+17    2.493e+20  8.376e+14  5.551e+00 7.202e-06 9.679e-06 1.987e-05 7.664e-06 2.393e-05 2.335e-05  4.782e+13  9.499e-03  1.4657e-01  3.8955e-01
1.36238e+03  4.056e+00       2.484e-16       2.329e+17    2.386e+20  8.486e+14  5.794e+00 7.341e-06 9.866e-06 1.993e-05 7.794e-06 2.437e-05 2.380e-05  4.941e+13  9.815e-03  1.4914e-01  3.9042e-01
1.31223e+03  4.142e+00       2.536e-16       2.272e+17    2.284e+20  8.588e+14  6.042e+00 7.480e-06 1.005e-05 1.998e-05 7.925e-06 2.481e-05 2.425e-05  5.097e+13  1.013e-02  1.5171e-01  3.9124e-01
1.26471e+03  4.228e+00       2.589e-16       2.216e+17    2.185e+20  8.682e+14  6.295e+00 7.619e-06 1.024e-05 2.003e-05 8.057e-06 2.525e-05 2.470e-05  5.250e+13  1.043e-02  1.5426e-01  3.9203e-01
1.21963e+03  4.314e+00       2.642e-16       2.160e+17    2.090e+20  8.770e+14  6.554e+00 7.758e-06 1.043e-05 2.008e-05 8.189e-06 2.569e-05 2.515e-05  5.400e+13  1.073e-02  1.5679e-01  3.9278e-01
1.17684e+03  4.400e+00       2.694e-16       2.105e+17    1.999e+20  8.851e+14  6.818e+00 7.898e-06 1.061e-05 2.014e-05 8.321e-06 2.613e-05 2.560e-05  5.548e+13  1.102e-02  1.5930e-01  3.9350e-01
