     Energy         Kx              Ky       F.Density    GA.Brill.       Flux  Tot.Power  Nat.Size  Nat.Div.    Size.x    Size.y     Div.x     Div.y   Coh.Flux  Coh.Power   CohFrac.x   CohFrac.y
         eV          -               -  ph/s/mr^2/0.1%  F.Dens/mm^2  ph/s/0.1%         kW         m       rad         m         m       rad       rad  ph/s/0.1%          W           -           -
1.05515e+04  0.000e+00       5.000e-01       1.164e+13    2.657e+16  6.026e+09  1.312e-01 2.652e-06 3.526e-06 1.871e-05 3.728e-06 9.860e-06 8.353e-06  9.172e+07  1.822e-08  5.0679e-02  3.0033e-01
1.03697e+04  0.000e+00       5.380e-01       2.777e+13    6.308e+16  1.459e+10  1.519e-01 2.675e-06 3.557e-06 1.872e-05 3.744e-06 9.921e-06 8.425e-06  2.254e+08  4.478e-08  5.1240e-02  3.0164e-01
1.01814e+04  0.000e+00       5.760e-01       6.121e+13    1.383e+17  3.265e+10  1.741e-01 2.700e-06 3.590e-06 1.872e-05 3.762e-06 9.987e-06 8.502e-06  5.129e+08  1.019e-07  5.1836e-02  3.0301e-01
9.98775e+03  0.000e+00       6.140e-01       1.258e+14    2.829e+17  6.823e+10  1.979e-01 2.726e-06 3.624e-06 1.872e-05 3.780e-06 1.006e-05 8.583e-06  1.090e+09  2.165e-07  5.2466e-02  3.0444e-01
9.78962e+03  0.000e+00       6.520e-01       2.431e+14    5.437e+17  1.341e+11  2.231e-01 2.753e-06 3.661e-06 1.873e-05 3.800e-06 1.013e-05 8.669e-06  2.180e+09  4.330e-07  5.3130e-02  3.0593e-01
9.58800e+03  0.000e+00       6.900e-01       4.445e+14    9.883e+17  2.497e+11  2.499e-01 2.782e-06 3.699e-06 1.873e-05 3.821e-06 1.021e-05 8.759e-06  4.132e+09  8.207e-07  5.3825e-02  3.0746e-01
9.38379e+03  0.000e+00       7.280e-01       7.733e+14    1.709e+18  4.425e+11  2.782e-01 2.812e-06 3.739e-06 1.874e-05 3.843e-06 1.029e-05 8.853e-06  7.460e+09  1.482e-06  5.4551e-02  3.0904e-01
9.17785e+03  0.000e+00       7.660e-01       1.286e+15    2.826e+18  7.504e+11  3.079e-01 2.843e-06 3.781e-06 1.874e-05 3.866e-06 1.037e-05 8.951e-06  1.289e+10  2.561e-06  5.5307e-02  3.1065e-01
8.97094e+03  0.000e+00       8.040e-01       2.055e+15    4.485e+18  1.223e+12  3.393e-01 2.876e-06 3.824e-06 1.875e-05 3.890e-06 1.046e-05 9.053e-06  2.141e+10  4.254e-06  5.6091e-02  3.1230e-01
8.76381e+03  0.000e+00       8.420e-01       3.163e+15    6.857e+18  1.920e+12  3.721e-01 2.910e-06 3.869e-06 1.875e-05 3.915e-06 1.055e-05 9.158e-06  3.431e+10  6.816e-06  5.6903e-02  3.1397e-01
8.55711e+03  0.000e+00       8.800e-01       4.707e+15    1.013e+19  2.918e+12  4.064e-01 2.945e-06 3.916e-06 1.876e-05 3.941e-06 1.065e-05 9.268e-06  5.319e+10  1.057e-05  5.7742e-02  3.1567e-01
8.35144e+03  0.000e+00       9.180e-01       6.793e+15    1.452e+19  4.301e+12  4.423e-01 2.981e-06 3.964e-06 1.876e-05 3.968e-06 1.074e-05 9.380e-06  8.001e+10  1.589e-05  5.8605e-02  3.1739e-01
8.14735e+03  0.000e+00       9.560e-01       9.529e+15    2.022e+19  6.166e+12  4.797e-01 3.018e-06 4.013e-06 1.877e-05 3.996e-06 1.085e-05 9.496e-06  1.171e+11  2.326e-05  5.9493e-02  3.1912e-01
7.94530e+03  0.000e+00       9.940e-01       1.303e+16    2.743e+19  8.617e+12  5.185e-01 3.056e-06 4.064e-06 1.877e-05 4.025e-06 1.095e-05 9.615e-06  1.670e+11  3.317e-05  6.0404e-02  3.2086e-01
7.74573e+03  0.000e+00       1.032e+00       1.739e+16    3.633e+19  1.177e+13  5.590e-01 3.095e-06 4.116e-06 1.878e-05 4.055e-06 1.106e-05 9.739e-06  2.327e+11  4.623e-05  6.1329e-02  3.2255e-01
7.54900e+03  0.000e+00       1.070e+00       2.270e+16    4.707e+19  1.571e+13  6.009e-01 3.135e-06 4.169e-06 1.879e-05 4.085e-06 1.117e-05 9.865e-06  3.174e+11  6.305e-05  6.2282e-02  3.2430e-01
7.35543e+03  0.000e+00       1.108e+00       2.904e+16    5.974e+19  2.057e+13  6.443e-01 3.176e-06 4.223e-06 1.879e-05 4.117e-06 1.128e-05 9.993e-06  4.243e+11  8.429e-05  6.3256e-02  3.2605e-01
7.16528e+03  0.000e+00       1.146e+00       3.647e+16    7.440e+19  2.644e+13  6.893e-01 3.218e-06 4.279e-06 1.880e-05 4.149e-06 1.140e-05 1.012e-05  5.569e+11  1.106e-04  6.4248e-02  3.2779e-01
6.97879e+03  0.000e+00       1.184e+00       4.502e+16    9.107e+19  3.342e+13  7.357e-01 3.261e-06 4.336e-06 1.881e-05 4.183e-06 1.152e-05 1.026e-05  7.186e+11  1.427e-04  6.5259e-02  3.2953e-01
6.79614e+03  0.000e+00       1.222e+00       5.468e+16    1.097e+20  4.156e+13  7.837e-01 3.304e-06 4.394e-06 1.882e-05 4.217e-06 1.164e-05 1.039e-05  9.127e+11  1.813e-04  6.6287e-02  3.3126e-01
6.61747e+03  0.000e+00       1.260e+00       6.545e+16    1.302e+20  5.095e+13  8.332e-01 3.348e-06 4.453e-06 1.882e-05 4.251e-06 1.176e-05 1.053e-05  1.142e+12  2.269e-04  6.7332e-02  3.3298e-01
6.44291e+03  0.000e+00       1.298e+00       7.728e+16    1.524e+20  6.162e+13  8.842e-01 3.394e-06 4.513e-06 1.883e-05 4.287e-06 1.189e-05 1.067e-05  1.410e+12  2.802e-04  6.8392e-02  3.3468e-01
6.27252e+03  0.000e+00       1.336e+00       9.010e+16    1.761e+20  7.360e+13  9.368e-01 3.439e-06 4.573e-06 1.884e-05 4.323e-06 1.202e-05 1.082e-05  1.720e+12  3.416e-04  6.9466e-02  3.3637e-01
6.10638e+03  0.000e+00       1.374e+00       1.038e+17    2.011e+20  8.688e+13  9.908e-01 3.486e-06 4.635e-06 1.885e-05 4.360e-06 1.215e-05 1.096e-05  2.072e+12  4.116e-04  7.0555e-02  3.3804e-01
5.94451e+03  0.000e+00       1.412e+00       1.184e+17    2.271e+20  1.015e+14  1.046e+00 3.533e-06 4.698e-06 1.886e-05 4.398e-06 1.228e-05 1.111e-05  2.470e+12  4.906e-04  7.1656e-02  3.3969e-01
5.78692e+03  0.000e+00       1.450e+00       1.336e+17    2.539e+20  1.173e+14  1.103e+00 3.581e-06 4.761e-06 1.887e-05 4.437e-06 1.242e-05 1.126e-05  2.914e+12  5.789e-04  7.2770e-02  3.4132e-01
5.63361e+03  0.000e+00       1.488e+00       1.493e+17    2.813e+20  1.344e+14  1.162e+00 3.629e-06 4.826e-06 1.888e-05 4.476e-06 1.256e-05 1.141e-05  3.406e+12  6.766e-04  7.3896e-02  3.4293e-01
5.48455e+03  0.000e+00       1.526e+00       1.655e+17    3.089e+20  1.526e+14  1.222e+00 3.678e-06 4.891e-06 1.889e-05 4.516e-06 1.270e-05 1.156e-05  3.946e+12  7.838e-04  7.5033e-02  3.4452e-01
5.33971e+03  0.000e+00       1.564e+00       1.820e+17    3.364e+20  1.720e+14  1.284e+00 3.728e-06 4.957e-06 1.890e-05 4.556e-06 1.284e-05 1.172e-05  4.534e+12  9.006e-04  7.6180e-02  3.4608e-01
5.19903e+03  0.000e+00       1.602e+00       1.986e+17    3.636e+20  1.923e+14  1.347e+00 3.778e-06 5.023e-06 1.891e-05 4.597e-06 1.298e-05 1.188e-05  5.170e+12  1.027e-03  7.7337e-02  3.4762e-01
5.06245e+03  0.000e+00       1.640e+00       2.152e+17    3.903e+20  2.135e+14  1.412e+00 3.828e-06 5.091e-06 1.892e-05 4.639e-06 1.312e-05 1.203e-05  5.853e+12  1.163e-03  7.8503e-02  3.4913e-01
4.92990e+03  0.000e+00       1.678e+00       2.317e+17    4.163e+20  2.356e+14  1.478e+00 3.879e-06 5.159e-06 1.893e-05 4.681e-06 1.327e-05 1.219e-05  6.582e+12  1.307e-03  7.9678e-02  3.5062e-01
4.80131e+03  0.000e+00       1.716e+00       2.480e+17    4.413e+20  2.584e+14  1.545e+00 3.931e-06 5.227e-06 1.894e-05 4.724e-06 1.342e-05 1.236e-05  7.356e+12  1.461e-03  8.0861e-02  3.5208e-01
4.67660e+03  0.000e+00       1.754e+00       2.640e+17    4.651e+20  2.818e+14  1.615e+00 3.983e-06 5.297e-06 1.895e-05 4.767e-06 1.357e-05 1.252e-05  8.173e+12  1.624e-03  8.2051e-02  3.5351e-01
4.55568e+03  0.000e+00       1.792e+00       2.795e+17    4.877e+20  3.057e+14  1.685e+00 4.036e-06 5.366e-06 1.896e-05 4.811e-06 1.372e-05 1.268e-05  9.032e+12  1.794e-03  8.3248e-02  3.5492e-01
4.43845e+03  0.000e+00       1.830e+00       2.946e+17    5.090e+20  3.300e+14  1.758e+00 4.089e-06 5.437e-06 1.897e-05 4.856e-06 1.388e-05 1.285e-05  9.929e+12  1.972e-03  8.4452e-02  3.5630e-01
4.32483e+03  0.000e+00       1.868e+00       3.091e+17    5.288e+20  3.546e+14  1.831e+00 4.142e-06 5.508e-06 1.898e-05 4.901e-06 1.403e-05 1.302e-05  1.086e+13  2.158e-03  8.5662e-02  3.5765e-01
4.21472e+03  0.000e+00       1.906e+00       3.229e+17    5.470e+20  3.794e+14  1.907e+00 4.196e-06 5.579e-06 1.899e-05 4.946e-06 1.419e-05 1.318e-05  1.183e+13  2.351e-03  8.6878e-02  3.5898e-01
4.10803e+03  0.000e+00       1.944e+00       3.360e+17    5.637e+20  4.044e+14  1.983e+00 4.250e-06 5.651e-06 1.901e-05 4.992e-06 1.434e-05 1.335e-05  1.284e+13  2.550e-03  8.8099e-02  3.6027e-01
4.00465e+03  0.000e+00       1.982e+00       3.484e+17    5.787e+20  4.294e+14  2.062e+00 4.304e-06 5.724e-06 1.902e-05 5.039e-06 1.450e-05 1.352e-05  1.387e+13  2.755e-03  8.9325e-02  3.6154e-01
3.90449e+03  0.000e+00       2.020e+00       3.601e+17    5.922e+20  4.544e+14  2.142e+00 4.359e-06 5.797e-06 1.903e-05 5.086e-06 1.466e-05 1.370e-05  1.493e+13  2.965e-03  9.0556e-02  3.6279e-01
3.80745e+03  0.000e+00       2.058e+00       3.710e+17    6.041e+20  4.793e+14  2.223e+00 4.414e-06 5.870e-06 1.904e-05 5.133e-06 1.483e-05 1.387e-05  1.601e+13  3.181e-03  9.1791e-02  3.6401e-01
3.71344e+03  0.000e+00       2.096e+00       3.811e+17    6.144e+20  5.040e+14  2.306e+00 4.470e-06 5.944e-06 1.906e-05 5.181e-06 1.499e-05 1.404e-05  1.712e+13  3.401e-03  9.3029e-02  3.6520e-01
3.62237e+03  0.000e+00       2.134e+00       3.904e+17    6.231e+20  5.284e+14  2.390e+00 4.526e-06 6.018e-06 1.907e-05 5.229e-06 1.515e-05 1.422e-05  1.825e+13  3.625e-03  9.4271e-02  3.6637e-01
3.53414e+03  0.000e+00       2.172e+00       3.989e+17    6.304e+20  5.526e+14  2.476e+00 4.582e-06 6.093e-06 1.908e-05 5.278e-06 1.532e-05 1.439e-05  1.940e+13  3.853e-03  9.5516e-02  3.6751e-01
3.44865e+03  0.000e+00       2.210e+00       4.067e+17    6.363e+20  5.766e+14  2.563e+00 4.638e-06 6.168e-06 1.910e-05 5.327e-06 1.548e-05 1.457e-05  2.056e+13  4.084e-03  9.6753e-02  3.6857e-01
3.36582e+03  0.000e+00       2.248e+00       4.137e+17    6.408e+20  6.001e+14  2.652e+00 4.695e-06 6.243e-06 1.911e-05 5.376e-06 1.565e-05 1.475e-05  2.174e+13  4.318e-03  9.8003e-02  3.6966e-01
3.28557e+03  0.000e+00       2.286e+00       4.199e+17    6.441e+20  6.231e+14  2.743e+00 4.752e-06 6.319e-06 1.912e-05 5.426e-06 1.582e-05 1.493e-05  2.293e+13  4.555e-03  9.9255e-02  3.7072e-01
3.20780e+03  0.000e+00       2.324e+00       4.255e+17    6.461e+20  6.457e+14  2.835e+00 4.809e-06 6.395e-06 1.914e-05 5.477e-06 1.599e-05 1.511e-05  2.413e+13  4.793e-03  1.0051e-01  3.7176e-01
3.13243e+03  0.000e+00       2.362e+00       4.303e+17    6.469e+20  6.679e+14  2.928e+00 4.867e-06 6.472e-06 1.915e-05 5.527e-06 1.616e-05 1.529e-05  2.534e+13  5.033e-03  1.0177e-01  3.7278e-01
3.05939e+03  0.000e+00       2.400e+00       4.344e+17    6.467e+20  6.895e+14  3.023e+00 4.925e-06 6.549e-06 1.917e-05 5.578e-06 1.633e-05 1.547e-05  2.655e+13  5.275e-03  1.0302e-01  3.7377e-01
