     Energy         Kx              Ky       F.Density    GA.Brill.       Flux  Tot.Power  Nat.Size  Nat.Div.    Size.x    Size.y     Div.x     Div.y   Coh.Flux  Coh.Power   CohFrac.x   CohFrac.y
         eV          -               -  ph/s/mr^2/0.1%  F.Dens/mm^2  ph/s/0.1%         kW         m       rad         m         m       rad       rad  ph/s/0.1%          W           -           -
5.62961e+03  3.536e-01       3.536e-01       0.000e+00    0.000e+00  0.000e+00  3.682e-02 3.604e-06 4.862e-06 1.887e-05 4.456e-06 1.008e-05 8.606e-06  0.000e+00  0.000e+00  9.2174e-02  4.5703e-01
5.42142e+03  4.101e-01       4.101e-01       0.000e+00    0.000e+00  0.000e+00  4.954e-02 3.673e-06 4.955e-06 1.888e-05 4.511e-06 1.021e-05 8.768e-06  0.000e+00  0.000e+00  9.4345e-02  4.6005e-01
5.20061e+03  4.667e-01       4.667e-01       0.000e+00    0.000e+00  0.000e+00  6.415e-02 3.750e-06 5.059e-06 1.890e-05 4.574e-06 1.037e-05 8.951e-06  0.000e+00  0.000e+00  9.6781e-02  4.6332e-01
4.97198e+03  5.233e-01       5.233e-01       0.000e+00    0.000e+00  0.000e+00  8.064e-02 3.835e-06 5.174e-06 1.892e-05 4.645e-06 1.055e-05 9.153e-06  0.000e+00  0.000e+00  9.9464e-02  4.6677e-01
4.73979e+03  5.798e-01       5.798e-01       0.000e+00    0.000e+00  0.000e+00  9.902e-02 3.928e-06 5.299e-06 1.894e-05 4.722e-06 1.074e-05 9.373e-06  0.000e+00  0.000e+00  1.0237e-01  4.7036e-01
4.50769e+03  6.364e-01       6.364e-01       0.000e+00    0.000e+00  0.000e+00  1.193e-01 4.028e-06 5.434e-06 1.896e-05 4.805e-06 1.095e-05 9.610e-06  0.000e+00  0.000e+00  1.0549e-01  4.7402e-01
4.27868e+03  6.930e-01       6.930e-01       0.000e+00    0.000e+00  0.000e+00  1.414e-01 4.134e-06 5.577e-06 1.898e-05 4.895e-06 1.117e-05 9.862e-06  0.000e+00  0.000e+00  1.0879e-01  4.7772e-01
4.05513e+03  7.495e-01       7.495e-01       0.000e+00    0.000e+00  0.000e+00  1.655e-01 4.247e-06 5.729e-06 1.900e-05 4.990e-06 1.140e-05 1.013e-05  0.000e+00  0.000e+00  1.1227e-01  4.8142e-01
3.83883e+03  8.061e-01       8.061e-01       0.000e+00    0.000e+00  0.000e+00  1.914e-01 4.365e-06 5.888e-06 1.903e-05 5.091e-06 1.165e-05 1.041e-05  0.000e+00  0.000e+00  1.1590e-01  4.8508e-01
3.63107e+03  8.627e-01       8.627e-01       0.000e+00    0.000e+00  0.000e+00  2.192e-01 4.488e-06 6.054e-06 1.906e-05 5.197e-06 1.191e-05 1.070e-05  0.000e+00  0.000e+00  1.1966e-01  4.8867e-01
3.43269e+03  9.192e-01       9.192e-01       0.000e+00    0.000e+00  0.000e+00  2.489e-01 4.616e-06 6.227e-06 1.909e-05 5.307e-06 1.219e-05 1.100e-05  0.000e+00  0.000e+00  1.2354e-01  4.9217e-01
3.24419e+03  9.758e-01       9.758e-01       0.000e+00    0.000e+00  0.000e+00  2.805e-01 4.748e-06 6.405e-06 1.912e-05 5.423e-06 1.247e-05 1.132e-05  0.000e+00  0.000e+00  1.2753e-01  4.9557e-01
3.06579e+03  1.032e+00       1.032e+00       0.000e+00    0.000e+00  0.000e+00  3.139e-01 4.884e-06 6.589e-06 1.916e-05 5.542e-06 1.277e-05 1.164e-05  0.000e+00  0.000e+00  1.3158e-01  4.9874e-01
2.89748e+03  1.089e+00       1.089e+00       0.000e+00    0.000e+00  0.000e+00  3.493e-01 5.024e-06 6.778e-06 1.919e-05 5.666e-06 1.307e-05 1.197e-05  0.000e+00  0.000e+00  1.3574e-01  5.0189e-01
2.73908e+03  1.146e+00       1.146e+00       0.000e+00    0.000e+00  0.000e+00  3.865e-01 5.167e-06 6.971e-06 1.923e-05 5.793e-06 1.338e-05 1.231e-05  0.000e+00  0.000e+00  1.3996e-01  5.0491e-01
2.59031e+03  1.202e+00       1.202e+00       0.000e+00    0.000e+00  0.000e+00  4.256e-01 5.314e-06 7.168e-06 1.927e-05 5.924e-06 1.370e-05 1.266e-05  0.000e+00  0.000e+00  1.4424e-01  5.0779e-01
2.45078e+03  1.259e+00       1.259e+00       0.000e+00    0.000e+00  0.000e+00  4.666e-01 5.463e-06 7.369e-06 1.931e-05 6.058e-06 1.403e-05 1.302e-05  0.000e+00  0.000e+00  1.4857e-01  5.1054e-01
2.32006e+03  1.315e+00       1.315e+00       0.000e+00    0.000e+00  0.000e+00  5.095e-01 5.615e-06 7.574e-06 1.936e-05 6.196e-06 1.437e-05 1.338e-05  0.000e+00  0.000e+00  1.5294e-01  5.1316e-01
2.19769e+03  1.372e+00       1.372e+00       0.000e+00    0.000e+00  0.000e+00  5.543e-01 5.769e-06 7.782e-06 1.940e-05 6.336e-06 1.471e-05 1.374e-05  0.000e+00  0.000e+00  1.5734e-01  5.1564e-01
2.08319e+03  1.428e+00       1.428e+00       0.000e+00    0.000e+00  0.000e+00  6.009e-01 5.925e-06 7.993e-06 1.945e-05 6.479e-06 1.505e-05 1.411e-05  0.000e+00  0.000e+00  1.6176e-01  5.1800e-01
1.97607e+03  1.485e+00       1.485e+00       0.000e+00    0.000e+00  0.000e+00  6.494e-01 6.084e-06 8.207e-06 1.950e-05 6.624e-06 1.541e-05 1.449e-05  0.000e+00  0.000e+00  1.6621e-01  5.2024e-01
1.87587e+03  1.541e+00       1.541e+00       0.000e+00    0.000e+00  0.000e+00  6.999e-01 6.244e-06 8.423e-06 1.955e-05 6.771e-06 1.577e-05 1.487e-05  0.000e+00  0.000e+00  1.7066e-01  5.2236e-01
1.78212e+03  1.598e+00       1.598e+00       0.000e+00    0.000e+00  0.000e+00  7.522e-01 6.406e-06 8.642e-06 1.960e-05 6.921e-06 1.613e-05 1.525e-05  0.000e+00  0.000e+00  1.7512e-01  5.2436e-01
1.69439e+03  1.655e+00       1.655e+00       0.000e+00    0.000e+00  0.000e+00  8.064e-01 6.570e-06 8.863e-06 1.965e-05 7.073e-06 1.650e-05 1.564e-05  0.000e+00  0.000e+00  1.7958e-01  5.2626e-01
1.61227e+03  1.711e+00       1.711e+00       0.000e+00    0.000e+00  0.000e+00  8.625e-01 6.735e-06 9.086e-06 1.971e-05 7.227e-06 1.687e-05 1.604e-05  0.000e+00  0.000e+00  1.8404e-01  5.2806e-01
1.53535e+03  1.768e+00       1.768e+00       0.000e+00    0.000e+00  0.000e+00  9.204e-01 6.902e-06 9.311e-06 1.977e-05 7.382e-06 1.725e-05 1.643e-05  0.000e+00  0.000e+00  1.8849e-01  5.2976e-01
1.46327e+03  1.824e+00       1.824e+00       0.000e+00    0.000e+00  0.000e+00  9.803e-01 7.070e-06 9.537e-06 1.983e-05 7.540e-06 1.763e-05 1.683e-05  0.000e+00  0.000e+00  1.9293e-01  5.3137e-01
1.39568e+03  1.881e+00       1.881e+00       0.000e+00    0.000e+00  0.000e+00  1.042e+00 7.239e-06 9.766e-06 1.989e-05 7.698e-06 1.801e-05 1.723e-05  0.000e+00  0.000e+00  1.9732e-01  5.3280e-01
1.33226e+03  1.937e+00       1.937e+00       0.000e+00    0.000e+00  0.000e+00  1.106e+00 7.409e-06 9.995e-06 1.995e-05 7.859e-06 1.840e-05 1.764e-05  0.000e+00  0.000e+00  2.0173e-01  5.3423e-01
1.27272e+03  1.994e+00       1.994e+00       0.000e+00    0.000e+00  0.000e+00  1.171e+00 7.581e-06 1.023e-05 2.002e-05 8.020e-06 1.879e-05 1.805e-05  0.000e+00  0.000e+00  2.0611e-01  5.3559e-01
1.21677e+03  2.051e+00       2.051e+00       0.000e+00    0.000e+00  0.000e+00  1.239e+00 7.753e-06 1.046e-05 2.008e-05 8.184e-06 1.918e-05 1.846e-05  0.000e+00  0.000e+00  2.1048e-01  5.3688e-01
1.16417e+03  2.107e+00       2.107e+00       0.000e+00    0.000e+00  0.000e+00  1.308e+00 7.926e-06 1.069e-05 2.015e-05 8.348e-06 1.958e-05 1.887e-05  0.000e+00  0.000e+00  2.1481e-01  5.3810e-01
1.11467e+03  2.164e+00       2.164e+00       0.000e+00    0.000e+00  0.000e+00  1.379e+00 8.100e-06 1.093e-05 2.022e-05 8.513e-06 1.998e-05 1.928e-05  0.000e+00  0.000e+00  2.1912e-01  5.3925e-01
1.06805e+03  2.220e+00       2.220e+00       0.000e+00    0.000e+00  0.000e+00  1.452e+00 8.275e-06 1.116e-05 2.029e-05 8.680e-06 2.038e-05 1.970e-05  0.000e+00  0.000e+00  2.2341e-01  5.4035e-01
1.02411e+03  2.277e+00       2.277e+00       0.000e+00    0.000e+00  0.000e+00  1.527e+00 8.451e-06 1.140e-05 2.036e-05 8.847e-06 2.078e-05 2.011e-05  0.000e+00  0.000e+00  2.2766e-01  5.4138e-01
9.82670e+02  2.333e+00       2.333e+00       0.000e+00    0.000e+00  0.000e+00  1.604e+00 8.627e-06 1.164e-05 2.043e-05 9.016e-06 2.119e-05 2.053e-05  0.000e+00  0.000e+00  2.3187e-01  5.4237e-01
9.43551e+02  2.390e+00       2.390e+00       0.000e+00    0.000e+00  0.000e+00  1.682e+00 8.804e-06 1.188e-05 2.051e-05 9.186e-06 2.160e-05 2.095e-05  0.000e+00  0.000e+00  2.3606e-01  5.4330e-01
9.06597e+02  2.447e+00       2.447e+00       0.000e+00    0.000e+00  0.000e+00  1.763e+00 8.982e-06 1.212e-05 2.059e-05 9.356e-06 2.201e-05 2.137e-05  0.000e+00  0.000e+00  2.4021e-01  5.4419e-01
8.71660e+02  2.503e+00       2.503e+00       0.000e+00    0.000e+00  0.000e+00  1.845e+00 9.160e-06 1.236e-05 2.067e-05 9.527e-06 2.242e-05 2.180e-05  0.000e+00  0.000e+00  2.4432e-01  5.4504e-01
8.38604e+02  2.560e+00       2.560e+00       0.000e+00    0.000e+00  0.000e+00  1.930e+00 9.339e-06 1.260e-05 2.074e-05 9.699e-06 2.283e-05 2.222e-05  0.000e+00  0.000e+00  2.4840e-01  5.4584e-01
8.07305e+02  2.616e+00       2.616e+00       0.000e+00    0.000e+00  0.000e+00  2.016e+00 9.518e-06 1.284e-05 2.083e-05 9.872e-06 2.325e-05 2.265e-05  0.000e+00  0.000e+00  2.5243e-01  5.4661e-01
7.77646e+02  2.673e+00       2.673e+00       0.000e+00    0.000e+00  0.000e+00  2.104e+00 9.698e-06 1.308e-05 2.091e-05 1.005e-05 2.367e-05 2.308e-05  0.000e+00  0.000e+00  2.5640e-01  5.4725e-01
7.49521e+02  2.729e+00       2.729e+00       0.000e+00    0.000e+00  0.000e+00  2.194e+00 9.878e-06 1.333e-05 2.099e-05 1.022e-05 2.408e-05 2.351e-05  0.000e+00  0.000e+00  2.6035e-01  5.4794e-01
7.22832e+02  2.786e+00       2.786e+00       0.000e+00    0.000e+00  0.000e+00  2.286e+00 1.006e-05 1.357e-05 2.108e-05 1.039e-05 2.450e-05 2.394e-05  0.000e+00  0.000e+00  2.6427e-01  5.4860e-01
6.97485e+02  2.843e+00       2.843e+00       0.000e+00    0.000e+00  0.000e+00  2.380e+00 1.024e-05 1.381e-05 2.117e-05 1.057e-05 2.492e-05 2.437e-05  0.000e+00  0.000e+00  2.6814e-01  5.4923e-01
6.73398e+02  2.899e+00       2.899e+00       0.000e+00    0.000e+00  0.000e+00  2.476e+00 1.042e-05 1.406e-05 2.125e-05 1.075e-05 2.535e-05 2.480e-05  0.000e+00  0.000e+00  2.7198e-01  5.4983e-01
6.50491e+02  2.956e+00       2.956e+00       0.000e+00    0.000e+00  0.000e+00  2.573e+00 1.060e-05 1.430e-05 2.134e-05 1.092e-05 2.577e-05 2.523e-05  0.000e+00  0.000e+00  2.7577e-01  5.5040e-01
6.28691e+02  3.012e+00       3.012e+00       0.000e+00    0.000e+00  0.000e+00  2.673e+00 1.079e-05 1.455e-05 2.144e-05 1.110e-05 2.619e-05 2.566e-05  0.000e+00  0.000e+00  2.7952e-01  5.5094e-01
6.07931e+02  3.069e+00       3.069e+00       0.000e+00    0.000e+00  0.000e+00  2.774e+00 1.097e-05 1.480e-05 2.153e-05 1.128e-05 2.662e-05 2.610e-05  0.000e+00  0.000e+00  2.8322e-01  5.5146e-01
5.88149e+02  3.125e+00       3.125e+00       0.000e+00    0.000e+00  0.000e+00  2.877e+00 1.115e-05 1.504e-05 2.162e-05 1.145e-05 2.704e-05 2.653e-05  0.000e+00  0.000e+00  2.8688e-01  5.5196e-01
5.69286e+02  3.182e+00       3.182e+00       0.000e+00    0.000e+00  0.000e+00  2.982e+00 1.133e-05 1.529e-05 2.172e-05 1.163e-05 2.747e-05 2.697e-05  0.000e+00  0.000e+00  2.9050e-01  5.5244e-01
