     Energy         Kx              Ky       F.Density    GA.Brill.       Flux  Tot.Power  Nat.Size  Nat.Div.    Size.x    Size.y     Div.x     Div.y   Coh.Flux  Coh.Power   CohFrac.x   CohFrac.y
         eV          -               -  ph/s/mr^2/0.1%  F.Dens/mm^2  ph/s/0.1%         kW         m       rad         m         m       rad       rad  ph/s/0.1%          W           -           -
4.52207e+03  3.536e-01       3.536e-01       0.000e+00    0.000e+00  0.000e+00  1.312e-01 4.051e-06 5.386e-06 1.896e-05 4.824e-06 1.019e-05 8.736e-06  0.000e+00  0.000e+00  1.1296e-01  5.1774e-01
4.46495e+03  3.734e-01       3.734e-01       0.000e+00    0.000e+00  0.000e+00  1.463e-01 4.076e-06 5.421e-06 1.897e-05 4.846e-06 1.023e-05 8.791e-06  0.000e+00  0.000e+00  1.1384e-01  5.1873e-01
4.40626e+03  3.932e-01       3.932e-01       0.000e+00    0.000e+00  0.000e+00  1.622e-01 4.103e-06 5.457e-06 1.897e-05 4.868e-06 1.028e-05 8.849e-06  0.000e+00  0.000e+00  1.1476e-01  5.1976e-01
4.34618e+03  4.130e-01       4.130e-01       0.000e+00    0.000e+00  0.000e+00  1.790e-01 4.132e-06 5.494e-06 1.898e-05 4.892e-06 1.034e-05 8.910e-06  0.000e+00  0.000e+00  1.1572e-01  5.2081e-01
4.28489e+03  4.327e-01       4.327e-01       0.000e+00    0.000e+00  0.000e+00  1.966e-01 4.161e-06 5.533e-06 1.899e-05 4.917e-06 1.039e-05 8.973e-06  0.000e+00  0.000e+00  1.1672e-01  5.2190e-01
4.22255e+03  4.525e-01       4.525e-01       0.000e+00    0.000e+00  0.000e+00  2.150e-01 4.192e-06 5.574e-06 1.899e-05 4.943e-06 1.045e-05 9.038e-06  0.000e+00  0.000e+00  1.1776e-01  5.2300e-01
4.15933e+03  4.723e-01       4.723e-01       0.000e+00    0.000e+00  0.000e+00  2.342e-01 4.224e-06 5.616e-06 1.900e-05 4.970e-06 1.051e-05 9.106e-06  0.000e+00  0.000e+00  1.1884e-01  5.2414e-01
4.09539e+03  4.921e-01       4.921e-01       0.000e+00    0.000e+00  0.000e+00  2.542e-01 4.256e-06 5.660e-06 1.901e-05 4.998e-06 1.057e-05 9.176e-06  0.000e+00  0.000e+00  1.1995e-01  5.2529e-01
4.03088e+03  5.119e-01       5.119e-01       0.000e+00    0.000e+00  0.000e+00  2.751e-01 4.290e-06 5.705e-06 1.901e-05 5.027e-06 1.063e-05 9.249e-06  0.000e+00  0.000e+00  1.2110e-01  5.2646e-01
3.96595e+03  5.317e-01       5.317e-01       0.000e+00    0.000e+00  0.000e+00  2.968e-01 4.325e-06 5.752e-06 1.902e-05 5.057e-06 1.070e-05 9.324e-06  0.000e+00  0.000e+00  1.2228e-01  5.2764e-01
3.90072e+03  5.515e-01       5.515e-01       0.000e+00    0.000e+00  0.000e+00  3.193e-01 4.361e-06 5.800e-06 1.903e-05 5.088e-06 1.076e-05 9.401e-06  0.000e+00  0.000e+00  1.2350e-01  5.2884e-01
3.83535e+03  5.713e-01       5.713e-01       0.000e+00    0.000e+00  0.000e+00  3.426e-01 4.398e-06 5.849e-06 1.904e-05 5.119e-06 1.083e-05 9.480e-06  0.000e+00  0.000e+00  1.2474e-01  5.3005e-01
3.76993e+03  5.911e-01       5.911e-01       0.000e+00    0.000e+00  0.000e+00  3.668e-01 4.436e-06 5.899e-06 1.905e-05 5.152e-06 1.090e-05 9.562e-06  0.000e+00  0.000e+00  1.2602e-01  5.3127e-01
3.70459e+03  6.109e-01       6.109e-01       0.000e+00    0.000e+00  0.000e+00  3.918e-01 4.475e-06 5.951e-06 1.906e-05 5.186e-06 1.098e-05 9.645e-06  0.000e+00  0.000e+00  1.2733e-01  5.3250e-01
3.63944e+03  6.307e-01       6.307e-01       0.000e+00    0.000e+00  0.000e+00  4.176e-01 4.515e-06 6.004e-06 1.907e-05 5.220e-06 1.105e-05 9.730e-06  0.000e+00  0.000e+00  1.2866e-01  5.3373e-01
3.57457e+03  6.505e-01       6.505e-01       0.000e+00    0.000e+00  0.000e+00  4.442e-01 4.556e-06 6.058e-06 1.908e-05 5.255e-06 1.113e-05 9.818e-06  0.000e+00  0.000e+00  1.3002e-01  5.3496e-01
3.51007e+03  6.703e-01       6.703e-01       0.000e+00    0.000e+00  0.000e+00  4.717e-01 4.598e-06 6.114e-06 1.909e-05 5.292e-06 1.121e-05 9.907e-06  0.000e+00  0.000e+00  1.3141e-01  5.3619e-01
3.44602e+03  6.901e-01       6.901e-01       0.000e+00    0.000e+00  0.000e+00  4.999e-01 4.640e-06 6.170e-06 1.910e-05 5.329e-06 1.129e-05 9.998e-06  0.000e+00  0.000e+00  1.3283e-01  5.3743e-01
3.38251e+03  7.099e-01       7.099e-01       0.000e+00    0.000e+00  0.000e+00  5.290e-01 4.683e-06 6.228e-06 1.911e-05 5.366e-06 1.137e-05 1.009e-05  0.000e+00  0.000e+00  1.3427e-01  5.3866e-01
3.31960e+03  7.297e-01       7.297e-01       0.000e+00    0.000e+00  0.000e+00  5.590e-01 4.728e-06 6.287e-06 1.912e-05 5.405e-06 1.145e-05 1.019e-05  0.000e+00  0.000e+00  1.3573e-01  5.3989e-01
3.25735e+03  7.495e-01       7.495e-01       0.000e+00    0.000e+00  0.000e+00  5.897e-01 4.773e-06 6.347e-06 1.913e-05 5.444e-06 1.154e-05 1.028e-05  0.000e+00  0.000e+00  1.3722e-01  5.4111e-01
3.19581e+03  7.693e-01       7.693e-01       0.000e+00    0.000e+00  0.000e+00  6.213e-01 4.818e-06 6.407e-06 1.914e-05 5.484e-06 1.163e-05 1.038e-05  0.000e+00  0.000e+00  1.3873e-01  5.4233e-01
3.13504e+03  7.891e-01       7.891e-01       0.000e+00    0.000e+00  0.000e+00  6.537e-01 4.865e-06 6.469e-06 1.915e-05 5.525e-06 1.172e-05 1.048e-05  0.000e+00  0.000e+00  1.4026e-01  5.4354e-01
3.07509e+03  8.089e-01       8.089e-01       0.000e+00    0.000e+00  0.000e+00  6.869e-01 4.912e-06 6.532e-06 1.916e-05 5.567e-06 1.181e-05 1.058e-05  0.000e+00  0.000e+00  1.4181e-01  5.4474e-01
3.01598e+03  8.287e-01       8.287e-01       0.000e+00    0.000e+00  0.000e+00  7.209e-01 4.960e-06 6.596e-06 1.918e-05 5.609e-06 1.190e-05 1.068e-05  0.000e+00  0.000e+00  1.4337e-01  5.4594e-01
2.95775e+03  8.485e-01       8.485e-01       0.000e+00    0.000e+00  0.000e+00  7.558e-01 5.009e-06 6.660e-06 1.919e-05 5.652e-06 1.199e-05 1.079e-05  0.000e+00  0.000e+00  1.4496e-01  5.4712e-01
2.90043e+03  8.683e-01       8.683e-01       0.000e+00    0.000e+00  0.000e+00  7.914e-01 5.058e-06 6.726e-06 1.920e-05 5.696e-06 1.209e-05 1.089e-05  0.000e+00  0.000e+00  1.4657e-01  5.4829e-01
2.84404e+03  8.881e-01       8.881e-01       0.000e+00    0.000e+00  0.000e+00  8.279e-01 5.108e-06 6.792e-06 1.922e-05 5.740e-06 1.218e-05 1.100e-05  0.000e+00  0.000e+00  1.4819e-01  5.4945e-01
2.78860e+03  9.079e-01       9.079e-01       0.000e+00    0.000e+00  0.000e+00  8.653e-01 5.158e-06 6.859e-06 1.923e-05 5.785e-06 1.228e-05 1.111e-05  0.000e+00  0.000e+00  1.4982e-01  5.5060e-01
2.73413e+03  9.277e-01       9.277e-01       0.000e+00    0.000e+00  0.000e+00  9.034e-01 5.209e-06 6.927e-06 1.924e-05 5.831e-06 1.238e-05 1.122e-05  0.000e+00  0.000e+00  1.5148e-01  5.5173e-01
2.68064e+03  9.475e-01       9.475e-01       0.000e+00    0.000e+00  0.000e+00  9.424e-01 5.261e-06 6.996e-06 1.926e-05 5.877e-06 1.248e-05 1.133e-05  0.000e+00  0.000e+00  1.5314e-01  5.5285e-01
2.62814e+03  9.673e-01       9.673e-01       0.000e+00    0.000e+00  0.000e+00  9.822e-01 5.313e-06 7.066e-06 1.927e-05 5.924e-06 1.258e-05 1.144e-05  0.000e+00  0.000e+00  1.5483e-01  5.5396e-01
2.57663e+03  9.871e-01       9.871e-01       0.000e+00    0.000e+00  0.000e+00  1.023e+00 5.366e-06 7.136e-06 1.929e-05 5.971e-06 1.269e-05 1.155e-05  0.000e+00  0.000e+00  1.5652e-01  5.5505e-01
2.52612e+03  1.007e+00       1.007e+00       0.000e+00    0.000e+00  0.000e+00  1.064e+00 5.420e-06 7.207e-06 1.930e-05 6.019e-06 1.279e-05 1.167e-05  0.000e+00  0.000e+00  1.5823e-01  5.5613e-01
2.47661e+03  1.027e+00       1.027e+00       0.000e+00    0.000e+00  0.000e+00  1.106e+00 5.473e-06 7.278e-06 1.932e-05 6.068e-06 1.290e-05 1.178e-05  0.000e+00  0.000e+00  1.5994e-01  5.5719e-01
2.42809e+03  1.047e+00       1.047e+00       0.000e+00    0.000e+00  0.000e+00  1.150e+00 5.528e-06 7.351e-06 1.933e-05 6.117e-06 1.300e-05 1.190e-05  0.000e+00  0.000e+00  1.6167e-01  5.5824e-01
2.38056e+03  1.066e+00       1.066e+00       0.000e+00    0.000e+00  0.000e+00  1.193e+00 5.583e-06 7.424e-06 1.935e-05 6.167e-06 1.311e-05 1.202e-05  0.000e+00  0.000e+00  1.6338e-01  5.5916e-01
2.33401e+03  1.086e+00       1.086e+00       0.000e+00    0.000e+00  0.000e+00  1.238e+00 5.638e-06 7.497e-06 1.936e-05 6.217e-06 1.322e-05 1.214e-05  0.000e+00  0.000e+00  1.6513e-01  5.6018e-01
2.28845e+03  1.106e+00       1.106e+00       0.000e+00    0.000e+00  0.000e+00  1.284e+00 5.694e-06 7.572e-06 1.938e-05 6.268e-06 1.333e-05 1.226e-05  0.000e+00  0.000e+00  1.6689e-01  5.6117e-01
2.24385e+03  1.126e+00       1.126e+00       0.000e+00    0.000e+00  0.000e+00  1.330e+00 5.750e-06 7.647e-06 1.940e-05 6.319e-06 1.344e-05 1.238e-05  0.000e+00  0.000e+00  1.6866e-01  5.6215e-01
2.20021e+03  1.146e+00       1.146e+00       0.000e+00    0.000e+00  0.000e+00  1.377e+00 5.807e-06 7.722e-06 1.941e-05 6.371e-06 1.355e-05 1.250e-05  0.000e+00  0.000e+00  1.7043e-01  5.6312e-01
2.15752e+03  1.165e+00       1.165e+00       0.000e+00    0.000e+00  0.000e+00  1.425e+00 5.864e-06 7.798e-06 1.943e-05 6.423e-06 1.367e-05 1.262e-05  0.000e+00  0.000e+00  1.7221e-01  5.6407e-01
2.11576e+03  1.185e+00       1.185e+00       0.000e+00    0.000e+00  0.000e+00  1.474e+00 5.922e-06 7.875e-06 1.945e-05 6.475e-06 1.378e-05 1.275e-05  0.000e+00  0.000e+00  1.7400e-01  5.6500e-01
2.07493e+03  1.205e+00       1.205e+00       0.000e+00    0.000e+00  0.000e+00  1.524e+00 5.980e-06 7.952e-06 1.947e-05 6.528e-06 1.390e-05 1.287e-05  0.000e+00  0.000e+00  1.7579e-01  5.6592e-01
2.03500e+03  1.225e+00       1.225e+00       0.000e+00    0.000e+00  0.000e+00  1.574e+00 6.038e-06 8.029e-06 1.948e-05 6.582e-06 1.401e-05 1.300e-05  0.000e+00  0.000e+00  1.7760e-01  5.6682e-01
1.99597e+03  1.245e+00       1.245e+00       0.000e+00    0.000e+00  0.000e+00  1.626e+00 6.097e-06 8.108e-06 1.950e-05 6.636e-06 1.413e-05 1.312e-05  0.000e+00  0.000e+00  1.7940e-01  5.6770e-01
1.95781e+03  1.264e+00       1.264e+00       0.000e+00    0.000e+00  0.000e+00  1.678e+00 6.156e-06 8.186e-06 1.952e-05 6.690e-06 1.425e-05 1.325e-05  0.000e+00  0.000e+00  1.8121e-01  5.6857e-01
1.92052e+03  1.284e+00       1.284e+00       0.000e+00    0.000e+00  0.000e+00  1.731e+00 6.216e-06 8.265e-06 1.954e-05 6.745e-06 1.437e-05 1.338e-05  0.000e+00  0.000e+00  1.8303e-01  5.6942e-01
1.88408e+03  1.304e+00       1.304e+00       0.000e+00    0.000e+00  0.000e+00  1.785e+00 6.275e-06 8.345e-06 1.956e-05 6.800e-06 1.448e-05 1.350e-05  0.000e+00  0.000e+00  1.8485e-01  5.7026e-01
1.84846e+03  1.324e+00       1.324e+00       0.000e+00    0.000e+00  0.000e+00  1.839e+00 6.336e-06 8.425e-06 1.958e-05 6.856e-06 1.461e-05 1.363e-05  0.000e+00  0.000e+00  1.8667e-01  5.7108e-01
1.81366e+03  1.344e+00       1.344e+00       0.000e+00    0.000e+00  0.000e+00  1.895e+00 6.396e-06 8.505e-06 1.960e-05 6.912e-06 1.473e-05 1.376e-05  0.000e+00  0.000e+00  1.8850e-01  5.7189e-01
