     Energy         Kx              Ky       F.Density    GA.Brill.       Flux  Tot.Power  Nat.Size  Nat.Div.    Size.x    Size.y     Div.x     Div.y   Coh.Flux  Coh.Power   CohFrac.x   CohFrac.y
         eV          -               -  ph/s/mr^2/0.1%  F.Dens/mm^2  ph/s/0.1%         kW         m       rad         m         m       rad       rad  ph/s/0.1%          W           -           -
1.38957e+03  7.071e-02       7.071e-02       2.954e+16    3.058e+19  2.350e+13  3.522e-03 7.268e-06 9.769e-06 1.990e-05 7.726e-06 1.188e-05 1.066e-05  6.085e+12  1.209e-03  3.0037e-01  8.6199e-01
1.37176e+03  1.344e-01       1.344e-01       1.040e+17    1.070e+20  8.376e+13  1.271e-02 7.315e-06 9.832e-06 1.992e-05 7.770e-06 1.194e-05 1.073e-05  2.185e+13  4.341e-03  3.0244e-01  8.6265e-01
1.34384e+03  1.980e-01       1.980e-01       2.173e+17    2.211e+20  1.782e+14  2.761e-02 7.391e-06 9.934e-06 1.994e-05 7.842e-06 1.204e-05 1.084e-05  4.706e+13  9.348e-03  3.0575e-01  8.6371e-01
1.30705e+03  2.616e-01       2.616e-01       3.599e+17    3.611e+20  3.028e+14  4.821e-02 7.494e-06 1.007e-05 1.998e-05 7.939e-06 1.218e-05 1.099e-05  8.123e+13  1.614e-02  3.1018e-01  8.6485e-01
1.26291e+03  3.253e-01       3.253e-01       5.211e+17    5.136e+20  4.522e+14  7.452e-02 7.624e-06 1.025e-05 2.003e-05 8.062e-06 1.235e-05 1.118e-05  1.237e+14  2.458e-02  3.1579e-01  8.6653e-01
1.21305e+03  3.889e-01       3.889e-01       6.899e+17    6.658e+20  6.209e+14  1.065e-01 7.779e-06 1.046e-05 2.009e-05 8.209e-06 1.256e-05 1.141e-05  1.739e+14  3.454e-02  3.2244e-01  8.6843e-01
1.15913e+03  4.525e-01       4.525e-01       8.564e+17    8.069e+20  8.034e+14  1.442e-01 7.958e-06 1.070e-05 2.016e-05 8.378e-06 1.279e-05 1.167e-05  2.308e+14  4.585e-02  3.3002e-01  8.7050e-01
1.10270e+03  5.162e-01       5.162e-01       1.013e+18    9.292e+20  9.943e+14  1.877e-01 8.159e-06 1.097e-05 2.024e-05 8.569e-06 1.306e-05 1.196e-05  2.937e+14  5.834e-02  3.3844e-01  8.7269e-01
1.04514e+03  5.798e-01       5.798e-01       1.153e+18    1.028e+21  1.189e+15  2.368e-01 8.381e-06 1.126e-05 2.033e-05 8.781e-06 1.336e-05 1.229e-05  3.616e+14  7.183e-02  3.4759e-01  8.7493e-01
9.87603e+02  6.435e-01       6.435e-01       1.273e+18    1.101e+21  1.384e+15  2.916e-01 8.622e-06 1.159e-05 2.043e-05 9.011e-06 1.368e-05 1.264e-05  4.338e+14  8.616e-02  3.5737e-01  8.7720e-01
9.31014e+02  7.071e-01       7.071e-01       1.373e+18    1.149e+21  1.575e+15  3.522e-01 8.880e-06 1.193e-05 2.054e-05 9.258e-06 1.403e-05 1.302e-05  5.093e+14  1.012e-01  3.6768e-01  8.7944e-01
8.76083e+02  7.707e-01       7.707e-01       1.450e+18    1.173e+21  1.761e+15  4.184e-01 9.154e-06 1.230e-05 2.066e-05 9.521e-06 1.440e-05 1.342e-05  5.875e+14  1.167e-01  3.7843e-01  8.8164e-01
8.23323e+02  8.344e-01       8.344e-01       1.507e+18    1.178e+21  1.939e+15  4.904e-01 9.443e-06 1.269e-05 2.079e-05 9.799e-06 1.480e-05 1.384e-05  6.676e+14  1.326e-01  3.8954e-01  8.8378e-01
7.73075e+02  8.980e-01       8.980e-01       1.546e+18    1.165e+21  2.109e+15  5.680e-01 9.745e-06 1.310e-05 2.093e-05 1.009e-05 1.521e-05 1.428e-05  7.490e+14  1.488e-01  4.0091e-01  8.8582e-01
7.25541e+02  9.617e-01       9.617e-01       1.567e+18    1.138e+21  2.271e+15  6.514e-01 1.006e-05 1.352e-05 2.108e-05 1.039e-05 1.564e-05 1.474e-05  8.311e+14  1.651e-01  4.1240e-01  8.8756e-01
6.80814e+02  1.025e+00       1.025e+00       1.574e+18    1.102e+21  2.422e+15  7.404e-01 1.038e-05 1.396e-05 2.124e-05 1.071e-05 1.609e-05 1.521e-05  9.135e+14  1.815e-01  4.2409e-01  8.8940e-01
6.38906e+02  1.089e+00       1.089e+00       1.569e+18    1.058e+21  2.564e+15  8.352e-01 1.072e-05 1.441e-05 2.140e-05 1.103e-05 1.656e-05 1.570e-05  9.957e+14  1.978e-01  4.3585e-01  8.9113e-01
5.99764e+02  1.153e+00       1.153e+00       1.554e+18    1.008e+21  2.696e+15  9.357e-01 1.106e-05 1.487e-05 2.158e-05 1.137e-05 1.703e-05 1.621e-05  1.077e+15  2.140e-01  4.4762e-01  8.9277e-01
5.63295e+02  1.216e+00       1.216e+00       1.531e+18    9.562e+20  2.819e+15  1.042e+00 1.142e-05 1.534e-05 2.176e-05 1.171e-05 1.752e-05 1.672e-05  1.158e+15  2.301e-01  4.5937e-01  8.9430e-01
5.29376e+02  1.280e+00       1.280e+00       1.502e+18    9.026e+20  2.934e+15  1.154e+00 1.178e-05 1.583e-05 2.195e-05 1.206e-05 1.803e-05 1.725e-05  1.238e+15  2.459e-01  4.7104e-01  8.9574e-01
4.97868e+02  1.344e+00       1.344e+00       1.468e+18    8.489e+20  3.040e+15  1.271e+00 1.214e-05 1.632e-05 2.215e-05 1.242e-05 1.854e-05 1.778e-05  1.316e+15  2.614e-01  4.8261e-01  8.9708e-01
4.68623e+02  1.407e+00       1.407e+00       1.430e+18    7.960e+20  3.140e+15  1.395e+00 1.252e-05 1.682e-05 2.236e-05 1.279e-05 1.907e-05 1.833e-05  1.393e+15  2.767e-01  4.9395e-01  8.9815e-01
4.41490e+02  1.471e+00       1.471e+00       1.390e+18    7.447e+20  3.232e+15  1.524e+00 1.289e-05 1.733e-05 2.257e-05 1.316e-05 1.960e-05 1.889e-05  1.468e+15  2.917e-01  5.0521e-01  8.9932e-01
4.16319e+02  1.534e+00       1.534e+00       1.348e+18    6.954e+20  3.317e+15  1.658e+00 1.328e-05 1.785e-05 2.279e-05 1.353e-05 2.014e-05 1.945e-05  1.542e+15  3.063e-01  5.1629e-01  9.0040e-01
3.92965e+02  1.598e+00       1.598e+00       1.305e+18    6.483e+20  3.395e+15  1.799e+00 1.367e-05 1.837e-05 2.302e-05 1.392e-05 2.069e-05 2.001e-05  1.613e+15  3.205e-01  5.2717e-01  9.0141e-01
3.71292e+02  1.662e+00       1.662e+00       1.262e+18    6.038e+20  3.469e+15  1.945e+00 1.406e-05 1.890e-05 2.326e-05 1.430e-05 2.125e-05 2.059e-05  1.683e+15  3.344e-01  5.3783e-01  9.0236e-01
3.51167e+02  1.725e+00       1.725e+00       1.219e+18    5.620e+20  3.536e+15  2.097e+00 1.446e-05 1.943e-05 2.350e-05 1.469e-05 2.181e-05 2.117e-05  1.751e+15  3.479e-01  5.4826e-01  9.0324e-01
3.32469e+02  1.789e+00       1.789e+00       1.177e+18    5.227e+20  3.599e+15  2.254e+00 1.486e-05 1.997e-05 2.375e-05 1.509e-05 2.238e-05 2.175e-05  1.817e+15  3.610e-01  5.5846e-01  9.0407e-01
3.15085e+02  1.853e+00       1.853e+00       1.135e+18    4.860e+20  3.659e+15  2.417e+00 1.526e-05 2.051e-05 2.400e-05 1.549e-05 2.296e-05 2.235e-05  1.881e+15  3.737e-01  5.6831e-01  9.0468e-01
2.98910e+02  1.916e+00       1.916e+00       1.095e+18    4.519e+20  3.714e+15  2.586e+00 1.567e-05 2.106e-05 2.426e-05 1.589e-05 2.354e-05 2.294e-05  1.944e+15  3.861e-01  5.7801e-01  9.0539e-01
2.83846e+02  1.980e+00       1.980e+00       1.055e+18    4.201e+20  3.765e+15  2.761e+00 1.608e-05 2.161e-05 2.453e-05 1.629e-05 2.412e-05 2.354e-05  2.004e+15  3.980e-01  5.8746e-01  9.0606e-01
2.69804e+02  2.044e+00       2.044e+00       1.017e+18    3.906e+20  3.812e+15  2.941e+00 1.650e-05 2.217e-05 2.480e-05 1.670e-05 2.471e-05 2.415e-05  2.062e+15  4.096e-01  5.9665e-01  9.0669e-01
2.56704e+02  2.107e+00       2.107e+00       9.797e+17    3.633e+20  3.856e+15  3.127e+00 1.691e-05 2.273e-05 2.508e-05 1.711e-05 2.530e-05 2.476e-05  2.119e+15  4.208e-01  6.0559e-01  9.0728e-01
2.44470e+02  2.171e+00       2.171e+00       9.440e+17    3.380e+20  3.897e+15  3.319e+00 1.733e-05 2.329e-05 2.537e-05 1.753e-05 2.590e-05 2.537e-05  2.173e+15  4.317e-01  6.1428e-01  9.0784e-01
2.33033e+02  2.234e+00       2.234e+00       9.097e+17    3.146e+20  3.937e+15  3.517e+00 1.775e-05 2.385e-05 2.565e-05 1.794e-05 2.651e-05 2.598e-05  2.226e+15  4.422e-01  6.2261e-01  9.0822e-01
2.22332e+02  2.298e+00       2.298e+00       8.767e+17    2.929e+20  3.973e+15  3.720e+00 1.817e-05 2.442e-05 2.595e-05 1.836e-05 2.711e-05 2.660e-05  2.277e+15  4.524e-01  6.3080e-01  9.0870e-01
2.12308e+02  2.362e+00       2.362e+00       8.451e+17    2.729e+20  4.006e+15  3.929e+00 1.859e-05 2.499e-05 2.625e-05 1.878e-05 2.772e-05 2.722e-05  2.327e+15  4.622e-01  6.3874e-01  9.0916e-01
2.02910e+02  2.425e+00       2.425e+00       8.148e+17    2.544e+20  4.038e+15  4.143e+00 1.902e-05 2.556e-05 2.655e-05 1.920e-05 2.833e-05 2.784e-05  2.374e+15  4.716e-01  6.4644e-01  9.0959e-01
1.94091e+02  2.489e+00       2.489e+00       7.857e+17    2.373e+20  4.068e+15  4.364e+00 1.945e-05 2.614e-05 2.686e-05 1.962e-05 2.894e-05 2.847e-05  2.420e+15  4.808e-01  6.5390e-01  9.1000e-01
1.85805e+02  2.553e+00       2.553e+00       7.579e+17    2.214e+20  4.097e+15  4.590e+00 1.988e-05 2.671e-05 2.717e-05 2.005e-05 2.956e-05 2.910e-05  2.465e+15  4.897e-01  6.6104e-01  9.1026e-01
1.78014e+02  2.616e+00       2.616e+00       7.313e+17    2.068e+20  4.123e+15  4.821e+00 2.031e-05 2.729e-05 2.749e-05 2.048e-05 3.018e-05 2.973e-05  2.508e+15  4.982e-01  6.6804e-01  9.1062e-01
1.70681e+02  2.680e+00       2.680e+00       7.059e+17    1.933e+20  4.147e+15  5.059e+00 2.074e-05 2.787e-05 2.781e-05 2.090e-05 3.081e-05 3.036e-05  2.550e+15  5.065e-01  6.7482e-01  9.1096e-01
1.63772e+02  2.744e+00       2.744e+00       6.815e+17    1.807e+20  4.171e+15  5.302e+00 2.117e-05 2.845e-05 2.813e-05 2.133e-05 3.143e-05 3.099e-05  2.590e+15  5.144e-01  6.8139e-01  9.1128e-01
1.57258e+02  2.807e+00       2.807e+00       6.583e+17    1.691e+20  4.192e+15  5.551e+00 2.161e-05 2.904e-05 2.846e-05 2.176e-05 3.205e-05 3.162e-05  2.628e+15  5.221e-01  6.8775e-01  9.1159e-01
1.51109e+02  2.871e+00       2.871e+00       6.360e+17    1.584e+20  4.213e+15  5.805e+00 2.204e-05 2.962e-05 2.879e-05 2.220e-05 3.268e-05 3.226e-05  2.666e+15  5.295e-01  6.9390e-01  9.1188e-01
1.45301e+02  2.934e+00       2.934e+00       6.147e+17    1.484e+20  4.233e+15  6.065e+00 2.248e-05 3.021e-05 2.913e-05 2.263e-05 3.331e-05 3.290e-05  2.702e+15  5.367e-01  6.9977e-01  9.1204e-01
1.39809e+02  2.998e+00       2.998e+00       5.944e+17    1.392e+20  4.252e+15  6.331e+00 2.291e-05 3.080e-05 2.947e-05 2.306e-05 3.395e-05 3.354e-05  2.737e+15  5.436e-01  7.0554e-01  9.1230e-01
1.34612e+02  3.062e+00       3.062e+00       5.749e+17    1.306e+20  4.269e+15  6.603e+00 2.335e-05 3.139e-05 2.981e-05 2.350e-05 3.458e-05 3.418e-05  2.770e+15  5.503e-01  7.1111e-01  9.1254e-01
1.29689e+02  3.125e+00       3.125e+00       5.563e+17    1.227e+20  4.286e+15  6.880e+00 2.379e-05 3.198e-05 3.015e-05 2.394e-05 3.521e-05 3.482e-05  2.803e+15  5.568e-01  7.1651e-01  9.1278e-01
1.25024e+02  3.189e+00       3.189e+00       5.385e+17    1.153e+20  4.301e+15  7.163e+00 2.423e-05 3.257e-05 3.050e-05 2.437e-05 3.585e-05 3.546e-05  2.834e+15  5.630e-01  7.2173e-01  9.1301e-01
1.20598e+02  3.253e+00       3.253e+00       5.214e+17    1.084e+20  4.317e+15  7.452e+00 2.467e-05 3.316e-05 3.085e-05 2.481e-05 3.649e-05 3.611e-05  2.865e+15  5.691e-01  7.2671e-01  9.1312e-01
