     Energy         Kx              Ky       F.Density    GA.Brill.       Flux  Tot.Power  Nat.Size  Nat.Div.    Size.x    Size.y     Div.x     Div.y   Coh.Flux  Coh.Power   CohFrac.x   CohFrac.y
         eV          -               -  ph/s/mr^2/0.1%  F.Dens/mm^2  ph/s/0.1%         kW         m       rad         m         m       rad       rad  ph/s/0.1%          W           -           -
1.25062e+04  7.071e-02       7.071e-02       0.000e+00    0.000e+00  0.000e+00  3.522e-03 2.423e-06 3.256e-06 1.868e-05 3.568e-06 9.469e-06 7.887e-06  0.000e+00  0.000e+00  4.4597e-02  2.8031e-01
1.23458e+04  1.344e-01       1.344e-01       0.000e+00    0.000e+00  0.000e+00  1.271e-02 2.438e-06 3.277e-06 1.868e-05 3.579e-06 9.511e-06 7.938e-06  0.000e+00  0.000e+00  4.4971e-02  2.8130e-01
1.20946e+04  1.980e-01       1.980e-01       0.000e+00    0.000e+00  0.000e+00  2.761e-02 2.464e-06 3.311e-06 1.869e-05 3.596e-06 9.579e-06 8.019e-06  0.000e+00  0.000e+00  4.5572e-02  2.8287e-01
1.17635e+04  2.616e-01       2.616e-01       0.000e+00    0.000e+00  0.000e+00  4.821e-02 2.498e-06 3.357e-06 1.869e-05 3.620e-06 9.672e-06 8.130e-06  0.000e+00  0.000e+00  4.6392e-02  2.8498e-01
1.13661e+04  3.253e-01       3.253e-01       0.000e+00    0.000e+00  0.000e+00  7.452e-02 2.541e-06 3.416e-06 1.870e-05 3.650e-06 9.790e-06 8.270e-06  0.000e+00  0.000e+00  4.7422e-02  2.8758e-01
1.09174e+04  3.889e-01       3.889e-01       0.000e+00    0.000e+00  0.000e+00  1.065e-01 2.593e-06 3.485e-06 1.870e-05 3.686e-06 9.931e-06 8.437e-06  0.000e+00  0.000e+00  4.8650e-02  2.9060e-01
1.04322e+04  4.525e-01       4.525e-01       0.000e+00    0.000e+00  0.000e+00  1.442e-01 2.653e-06 3.565e-06 1.871e-05 3.728e-06 1.010e-05 8.629e-06  0.000e+00  0.000e+00  5.0064e-02  2.9397e-01
9.92434e+03  5.162e-01       5.162e-01       0.000e+00    0.000e+00  0.000e+00  1.877e-01 2.720e-06 3.655e-06 1.872e-05 3.776e-06 1.028e-05 8.846e-06  0.000e+00  0.000e+00  5.1649e-02  2.9763e-01
9.40629e+03  5.798e-01       5.798e-01       0.000e+00    0.000e+00  0.000e+00  2.368e-01 2.794e-06 3.755e-06 1.873e-05 3.830e-06 1.049e-05 9.084e-06  0.000e+00  0.000e+00  5.3393e-02  3.0150e-01
8.88843e+03  6.435e-01       6.435e-01       0.000e+00    0.000e+00  0.000e+00  2.916e-01 2.874e-06 3.862e-06 1.875e-05 3.889e-06 1.071e-05 9.343e-06  0.000e+00  0.000e+00  5.5280e-02  3.0552e-01
8.37912e+03  7.071e-01       7.071e-01       0.000e+00    0.000e+00  0.000e+00  3.522e-01 2.960e-06 3.978e-06 1.876e-05 3.953e-06 1.096e-05 9.621e-06  0.000e+00  0.000e+00  5.7297e-02  3.0963e-01
7.88475e+03  7.707e-01       7.707e-01       0.000e+00    0.000e+00  0.000e+00  4.184e-01 3.051e-06 4.101e-06 1.877e-05 4.022e-06 1.122e-05 9.916e-06  0.000e+00  0.000e+00  5.9431e-02  3.1378e-01
7.40991e+03  8.344e-01       8.344e-01       0.000e+00    0.000e+00  0.000e+00  4.904e-01 3.148e-06 4.230e-06 1.879e-05 4.095e-06 1.149e-05 1.023e-05  0.000e+00  0.000e+00  6.1670e-02  3.1793e-01
6.95767e+03  8.980e-01       8.980e-01       0.000e+00    0.000e+00  0.000e+00  5.680e-01 3.248e-06 4.366e-06 1.881e-05 4.173e-06 1.178e-05 1.055e-05  0.000e+00  0.000e+00  6.4001e-02  3.2204e-01
6.52987e+03  9.617e-01       9.617e-01       0.000e+00    0.000e+00  0.000e+00  6.514e-01 3.353e-06 4.506e-06 1.882e-05 4.255e-06 1.209e-05 1.089e-05  0.000e+00  0.000e+00  6.6405e-02  3.2601e-01
6.12733e+03  1.025e+00       1.025e+00       0.000e+00    0.000e+00  0.000e+00  7.404e-01 3.461e-06 4.652e-06 1.884e-05 4.341e-06 1.240e-05 1.124e-05  0.000e+00  0.000e+00  6.8890e-02  3.2994e-01
5.75015e+03  1.089e+00       1.089e+00       0.000e+00    0.000e+00  0.000e+00  8.352e-01 3.573e-06 4.802e-06 1.887e-05 4.431e-06 1.273e-05 1.160e-05  0.000e+00  0.000e+00  7.1436e-02  3.3375e-01
5.39788e+03  1.153e+00       1.153e+00       0.000e+00    0.000e+00  0.000e+00  9.357e-01 3.688e-06 4.956e-06 1.889e-05 4.524e-06 1.307e-05 1.197e-05  0.000e+00  0.000e+00  7.4038e-02  3.3743e-01
5.06965e+03  1.216e+00       1.216e+00       0.000e+00    0.000e+00  0.000e+00  1.042e+00 3.805e-06 5.114e-06 1.891e-05 4.620e-06 1.342e-05 1.235e-05  0.000e+00  0.000e+00  7.6687e-02  3.4097e-01
4.76438e+03  1.280e+00       1.280e+00       0.000e+00    0.000e+00  0.000e+00  1.154e+00 3.925e-06 5.276e-06 1.894e-05 4.719e-06 1.378e-05 1.274e-05  0.000e+00  0.000e+00  7.9377e-02  3.4436e-01
4.48081e+03  1.344e+00       1.344e+00       0.000e+00    0.000e+00  0.000e+00  1.271e+00 4.048e-06 5.440e-06 1.896e-05 4.821e-06 1.414e-05 1.314e-05  0.000e+00  0.000e+00  8.2101e-02  3.4760e-01
4.21761e+03  1.407e+00       1.407e+00       0.000e+00    0.000e+00  0.000e+00  1.395e+00 4.172e-06 5.607e-06 1.899e-05 4.926e-06 1.452e-05 1.354e-05  0.000e+00  0.000e+00  8.4854e-02  3.5069e-01
3.97341e+03  1.471e+00       1.471e+00       0.000e+00    0.000e+00  0.000e+00  1.524e+00 4.298e-06 5.777e-06 1.902e-05 5.034e-06 1.490e-05 1.395e-05  0.000e+00  0.000e+00  8.7632e-02  3.5364e-01
3.74687e+03  1.534e+00       1.534e+00       0.000e+00    0.000e+00  0.000e+00  1.658e+00 4.426e-06 5.949e-06 1.905e-05 5.143e-06 1.529e-05 1.436e-05  0.000e+00  0.000e+00  9.0430e-02  3.5643e-01
3.53669e+03  1.598e+00       1.598e+00       0.000e+00    0.000e+00  0.000e+00  1.799e+00 4.556e-06 6.123e-06 1.908e-05 5.255e-06 1.568e-05 1.478e-05  0.000e+00  0.000e+00  9.3245e-02  3.5909e-01
3.34162e+03  1.662e+00       1.662e+00       0.000e+00    0.000e+00  0.000e+00  1.945e+00 4.687e-06 6.299e-06 1.911e-05 5.369e-06 1.608e-05 1.521e-05  0.000e+00  0.000e+00  9.6072e-02  3.6160e-01
3.16050e+03  1.725e+00       1.725e+00       0.000e+00    0.000e+00  0.000e+00  2.097e+00 4.819e-06 6.477e-06 1.914e-05 5.485e-06 1.649e-05 1.564e-05  0.000e+00  0.000e+00  9.8908e-02  3.6399e-01
2.99222e+03  1.789e+00       1.789e+00       0.000e+00    0.000e+00  0.000e+00  2.254e+00 4.953e-06 6.657e-06 1.917e-05 5.603e-06 1.690e-05 1.607e-05  0.000e+00  0.000e+00  1.0175e-01  3.6625e-01
2.83577e+03  1.853e+00       1.853e+00       0.000e+00    0.000e+00  0.000e+00  2.417e+00 5.088e-06 6.838e-06 1.921e-05 5.723e-06 1.732e-05 1.651e-05  0.000e+00  0.000e+00  1.0459e-01  3.6833e-01
2.69019e+03  1.916e+00       1.916e+00       0.000e+00    0.000e+00  0.000e+00  2.586e+00 5.224e-06 7.021e-06 1.925e-05 5.844e-06 1.774e-05 1.695e-05  0.000e+00  0.000e+00  1.0743e-01  3.7035e-01
2.55461e+03  1.980e+00       1.980e+00       0.000e+00    0.000e+00  0.000e+00  2.761e+00 5.361e-06 7.205e-06 1.928e-05 5.967e-06 1.816e-05 1.739e-05  0.000e+00  0.000e+00  1.1028e-01  3.7227e-01
2.42824e+03  2.044e+00       2.044e+00       0.000e+00    0.000e+00  0.000e+00  2.941e+00 5.498e-06 7.390e-06 1.932e-05 6.091e-06 1.859e-05 1.783e-05  0.000e+00  0.000e+00  1.1313e-01  3.7407e-01
2.31034e+03  2.107e+00       2.107e+00       0.000e+00    0.000e+00  0.000e+00  3.127e+00 5.637e-06 7.576e-06 1.936e-05 6.216e-06 1.902e-05 1.828e-05  0.000e+00  0.000e+00  1.1597e-01  3.7579e-01
2.20023e+03  2.171e+00       2.171e+00       0.000e+00    0.000e+00  0.000e+00  3.319e+00 5.776e-06 7.763e-06 1.940e-05 6.343e-06 1.945e-05 1.873e-05  0.000e+00  0.000e+00  1.1880e-01  3.7741e-01
2.09730e+03  2.234e+00       2.234e+00       0.000e+00    0.000e+00  0.000e+00  3.517e+00 5.916e-06 7.951e-06 1.945e-05 6.470e-06 1.989e-05 1.919e-05  0.000e+00  0.000e+00  1.2163e-01  3.7894e-01
2.00098e+03  2.298e+00       2.298e+00       0.000e+00    0.000e+00  0.000e+00  3.720e+00 6.057e-06 8.141e-06 1.949e-05 6.599e-06 2.033e-05 1.964e-05  0.000e+00  0.000e+00  1.2445e-01  3.8039e-01
1.91077e+03  2.362e+00       2.362e+00       0.000e+00    0.000e+00  0.000e+00  3.929e+00 6.198e-06 8.331e-06 1.953e-05 6.729e-06 2.077e-05 2.010e-05  0.000e+00  0.000e+00  1.2726e-01  3.8177e-01
1.82619e+03  2.425e+00       2.425e+00       0.000e+00    0.000e+00  0.000e+00  4.143e+00 6.340e-06 8.521e-06 1.958e-05 6.860e-06 2.122e-05 2.056e-05  0.000e+00  0.000e+00  1.3006e-01  3.8307e-01
1.74682e+03  2.489e+00       2.489e+00       0.000e+00    0.000e+00  0.000e+00  4.364e+00 6.483e-06 8.713e-06 1.963e-05 6.992e-06 2.166e-05 2.102e-05  0.000e+00  0.000e+00  1.3285e-01  3.8431e-01
1.67225e+03  2.553e+00       2.553e+00       0.000e+00    0.000e+00  0.000e+00  4.590e+00 6.626e-06 8.905e-06 1.967e-05 7.125e-06 2.211e-05 2.148e-05  0.000e+00  0.000e+00  1.3563e-01  3.8548e-01
1.60213e+03  2.616e+00       2.616e+00       0.000e+00    0.000e+00  0.000e+00  4.821e+00 6.769e-06 9.098e-06 1.972e-05 7.258e-06 2.257e-05 2.195e-05  0.000e+00  0.000e+00  1.3837e-01  3.8655e-01
1.53613e+03  2.680e+00       2.680e+00       0.000e+00    0.000e+00  0.000e+00  5.059e+00 6.913e-06 9.291e-06 1.977e-05 7.393e-06 2.302e-05 2.242e-05  0.000e+00  0.000e+00  1.4112e-01  3.8760e-01
1.47395e+03  2.744e+00       2.744e+00       0.000e+00    0.000e+00  0.000e+00  5.302e+00 7.057e-06 9.485e-06 1.982e-05 7.528e-06 2.347e-05 2.288e-05  0.000e+00  0.000e+00  1.4385e-01  3.8860e-01
1.41532e+03  2.807e+00       2.807e+00       0.000e+00    0.000e+00  0.000e+00  5.551e+00 7.202e-06 9.679e-06 1.987e-05 7.664e-06 2.393e-05 2.335e-05  0.000e+00  0.000e+00  1.4657e-01  3.8955e-01
1.35998e+03  2.871e+00       2.871e+00       0.000e+00    0.000e+00  0.000e+00  5.805e+00 7.347e-06 9.874e-06 1.993e-05 7.800e-06 2.439e-05 2.382e-05  0.000e+00  0.000e+00  1.4926e-01  3.9046e-01
1.30771e+03  2.934e+00       2.934e+00       0.000e+00    0.000e+00  0.000e+00  6.065e+00 7.492e-06 1.007e-05 1.998e-05 7.937e-06 2.485e-05 2.429e-05  0.000e+00  0.000e+00  1.5195e-01  3.9132e-01
1.25828e+03  2.998e+00       2.998e+00       0.000e+00    0.000e+00  0.000e+00  6.331e+00 7.638e-06 1.027e-05 2.004e-05 8.075e-06 2.531e-05 2.476e-05  0.000e+00  0.000e+00  1.5461e-01  3.9214e-01
1.21150e+03  3.062e+00       3.062e+00       0.000e+00    0.000e+00  0.000e+00  6.603e+00 7.784e-06 1.046e-05 2.009e-05 8.213e-06 2.577e-05 2.524e-05  0.000e+00  0.000e+00  1.5725e-01  3.9292e-01
1.16720e+03  3.125e+00       3.125e+00       0.000e+00    0.000e+00  0.000e+00  6.880e+00 7.931e-06 1.066e-05 2.015e-05 8.352e-06 2.624e-05 2.571e-05  0.000e+00  0.000e+00  1.5988e-01  3.9366e-01
1.12521e+03  3.189e+00       3.189e+00       0.000e+00    0.000e+00  0.000e+00  7.163e+00 8.077e-06 1.086e-05 2.021e-05 8.491e-06 2.670e-05 2.618e-05  0.000e+00  0.000e+00  1.6249e-01  3.9437e-01
1.08538e+03  3.253e+00       3.253e+00       0.000e+00    0.000e+00  0.000e+00  7.452e+00 8.224e-06 1.105e-05 2.027e-05 8.631e-06 2.717e-05 2.666e-05  0.000e+00  0.000e+00  1.6508e-01  3.9504e-01
