     Energy         Kx              Ky       F.Density    GA.Brill.       Flux  Tot.Power  Nat.Size  Nat.Div.    Size.x    Size.y     Div.x     Div.y   Coh.Flux  Coh.Power   CohFrac.x   CohFrac.y
         eV          -               -  ph/s/mr^2/0.1%  F.Dens/mm^2  ph/s/0.1%         kW         m       rad         m         m       rad       rad  ph/s/0.1%          W           -           -
7.53678e+03  5.000e-01       3.062e-17       5.095e+14    1.056e+18  2.696e+11  1.312e-01 3.138e-06 4.172e-06 1.879e-05 4.087e-06 9.952e-06 8.461e-06  7.144e+09  1.419e-06  7.0012e-02  3.7851e-01
7.45535e+03  5.240e-01       3.209e-17       7.558e+14    1.561e+18  4.037e+11  1.441e-01 3.155e-06 4.195e-06 1.879e-05 4.101e-06 9.991e-06 8.507e-06  1.079e+10  2.144e-06  7.0491e-02  3.7937e-01
7.37196e+03  5.480e-01       3.356e-17       1.095e+15    2.254e+18  5.904e+11  1.576e-01 3.172e-06 4.219e-06 1.879e-05 4.114e-06 1.003e-05 8.555e-06  1.594e+10  3.166e-06  7.0988e-02  3.8025e-01
7.28681e+03  5.720e-01       3.502e-17       1.552e+15    3.183e+18  8.452e+11  1.717e-01 3.191e-06 4.243e-06 1.880e-05 4.129e-06 1.007e-05 8.604e-06  2.304e+10  4.576e-06  7.1505e-02  3.8116e-01
7.20008e+03  5.960e-01       3.649e-17       2.156e+15    4.405e+18  1.186e+12  1.864e-01 3.210e-06 4.269e-06 1.880e-05 4.143e-06 1.012e-05 8.655e-06  3.265e+10  6.486e-06  7.2041e-02  3.8210e-01
7.11196e+03  6.200e-01       3.796e-17       2.939e+15    5.981e+18  1.634e+12  2.017e-01 3.230e-06 4.295e-06 1.880e-05 4.159e-06 1.016e-05 8.708e-06  4.545e+10  9.028e-06  7.2595e-02  3.8306e-01
7.02261e+03  6.440e-01       3.943e-17       3.937e+15    7.981e+18  2.213e+12  2.177e-01 3.250e-06 4.322e-06 1.881e-05 4.175e-06 1.021e-05 8.763e-06  6.220e+10  1.235e-05  7.3166e-02  3.8403e-01
6.93221e+03  6.680e-01       4.090e-17       5.190e+15    1.048e+19  2.951e+12  2.342e-01 3.272e-06 4.350e-06 1.881e-05 4.191e-06 1.026e-05 8.820e-06  8.379e+10  1.664e-05  7.3755e-02  3.8503e-01
6.84094e+03  6.920e-01       4.237e-17       6.739e+15    1.355e+19  3.875e+12  2.513e-01 3.293e-06 4.379e-06 1.881e-05 4.208e-06 1.031e-05 8.878e-06  1.112e+11  2.210e-05  7.4361e-02  3.8605e-01
6.74893e+03  7.160e-01       4.384e-17       8.628e+15    1.727e+19  5.021e+12  2.691e-01 3.316e-06 4.409e-06 1.882e-05 4.226e-06 1.036e-05 8.939e-06  1.457e+11  2.894e-05  7.4973e-02  3.8700e-01
6.65636e+03  7.400e-01       4.531e-17       1.090e+16    2.172e+19  6.420e+12  2.874e-01 3.339e-06 4.440e-06 1.882e-05 4.244e-06 1.041e-05 9.001e-06  1.884e+11  3.742e-05  7.5612e-02  3.8804e-01
6.56337e+03  7.640e-01       4.678e-17       1.360e+16    2.697e+19  8.108e+12  3.063e-01 3.362e-06 4.471e-06 1.883e-05 4.262e-06 1.047e-05 9.064e-06  2.406e+11  4.780e-05  7.6267e-02  3.8910e-01
6.47009e+03  7.880e-01       4.825e-17       1.677e+16    3.310e+19  1.012e+13  3.259e-01 3.386e-06 4.503e-06 1.883e-05 4.281e-06 1.053e-05 9.129e-06  3.039e+11  6.037e-05  7.6937e-02  3.9017e-01
6.37667e+03  8.120e-01       4.972e-17       2.045e+16    4.018e+19  1.250e+13  3.460e-01 3.411e-06 4.536e-06 1.884e-05 4.301e-06 1.058e-05 9.195e-06  3.798e+11  7.544e-05  7.7622e-02  3.9125e-01
6.28322e+03  8.360e-01       5.119e-17       2.469e+16    4.826e+19  1.529e+13  3.668e-01 3.436e-06 4.570e-06 1.884e-05 4.321e-06 1.064e-05 9.263e-06  4.698e+11  9.333e-05  7.8322e-02  3.9234e-01
6.18986e+03  8.600e-01       5.266e-17       2.951e+16    5.740e+19  1.852e+13  3.882e-01 3.462e-06 4.604e-06 1.884e-05 4.342e-06 1.070e-05 9.332e-06  5.758e+11  1.144e-04  7.9036e-02  3.9343e-01
6.09672e+03  8.840e-01       5.413e-17       3.495e+16    6.763e+19  2.222e+13  4.101e-01 3.489e-06 4.639e-06 1.885e-05 4.363e-06 1.076e-05 9.402e-06  6.993e+11  1.389e-04  7.9764e-02  3.9453e-01
6.00388e+03  9.080e-01       5.560e-17       4.102e+16    7.899e+19  2.644e+13  4.327e-01 3.515e-06 4.675e-06 1.885e-05 4.384e-06 1.083e-05 9.474e-06  8.421e+11  1.673e-04  8.0506e-02  3.9564e-01
5.91146e+03  9.320e-01       5.707e-17       4.776e+16    9.148e+19  3.120e+13  4.559e-01 3.543e-06 4.711e-06 1.886e-05 4.406e-06 1.089e-05 9.547e-06  1.006e+12  1.998e-04  8.1260e-02  3.9675e-01
5.81953e+03  9.560e-01       5.854e-17       5.518e+16    1.051e+20  3.655e+13  4.797e-01 3.571e-06 4.748e-06 1.886e-05 4.429e-06 1.096e-05 9.622e-06  1.193e+12  2.369e-04  8.2028e-02  3.9787e-01
5.72820e+03  9.800e-01       6.001e-17       6.327e+16    1.199e+20  4.250e+13  5.040e-01 3.599e-06 4.786e-06 1.887e-05 4.451e-06 1.102e-05 9.698e-06  1.404e+12  2.789e-04  8.2807e-02  3.9899e-01
5.63752e+03  1.004e+00       6.148e-17       7.204e+16    1.357e+20  4.907e+13  5.290e-01 3.628e-06 4.824e-06 1.888e-05 4.475e-06 1.109e-05 9.775e-06  1.641e+12  3.261e-04  8.3599e-02  4.0010e-01
5.54758e+03  1.028e+00       6.295e-17       8.148e+16    1.527e+20  5.630e+13  5.546e-01 3.657e-06 4.863e-06 1.888e-05 4.499e-06 1.116e-05 9.854e-06  1.906e+12  3.787e-04  8.4403e-02  4.0122e-01
5.45844e+03  1.052e+00       6.442e-17       9.158e+16    1.706e+20  6.419e+13  5.808e-01 3.687e-06 4.903e-06 1.889e-05 4.523e-06 1.123e-05 9.933e-06  2.201e+12  4.372e-04  8.5217e-02  4.0234e-01
5.37016e+03  1.076e+00       6.589e-17       1.023e+17    1.895e+20  7.275e+13  6.076e-01 3.717e-06 4.943e-06 1.889e-05 4.547e-06 1.130e-05 1.001e-05  2.526e+12  5.017e-04  8.6043e-02  4.0346e-01
5.28279e+03  1.100e+00       6.736e-17       1.136e+17    2.093e+20  8.200e+13  6.350e-01 3.748e-06 4.984e-06 1.890e-05 4.572e-06 1.137e-05 1.010e-05  2.882e+12  5.725e-04  8.6879e-02  4.0457e-01
5.19638e+03  1.124e+00       6.883e-17       1.256e+17    2.299e+20  9.194e+13  6.631e-01 3.779e-06 5.025e-06 1.891e-05 4.598e-06 1.145e-05 1.018e-05  3.272e+12  6.499e-04  8.7725e-02  4.0568e-01
5.11098e+03  1.148e+00       7.029e-17       1.380e+17    2.512e+20  1.026e+14  6.917e-01 3.810e-06 5.067e-06 1.891e-05 4.624e-06 1.152e-05 1.026e-05  3.695e+12  7.341e-04  8.8582e-02  4.0679e-01
5.02663e+03  1.172e+00       7.176e-17       1.510e+17    2.731e+20  1.139e+14  7.209e-01 3.842e-06 5.109e-06 1.892e-05 4.650e-06 1.160e-05 1.035e-05  4.154e+12  8.251e-04  8.9448e-02  4.0789e-01
4.94335e+03  1.196e+00       7.323e-17       1.643e+17    2.955e+20  1.258e+14  7.507e-01 3.874e-06 5.152e-06 1.892e-05 4.677e-06 1.168e-05 1.043e-05  4.648e+12  9.232e-04  9.0323e-02  4.0898e-01
4.86118e+03  1.220e+00       7.470e-17       1.781e+17    3.184e+20  1.384e+14  7.812e-01 3.907e-06 5.195e-06 1.893e-05 4.704e-06 1.175e-05 1.052e-05  5.178e+12  1.028e-03  9.1207e-02  4.1007e-01
4.78015e+03  1.244e+00       7.617e-17       1.923e+17    3.415e+20  1.517e+14  8.122e-01 3.940e-06 5.239e-06 1.894e-05 4.731e-06 1.183e-05 1.061e-05  5.744e+12  1.141e-03  9.2099e-02  4.1115e-01
4.70027e+03  1.268e+00       7.764e-17       2.067e+17    3.649e+20  1.656e+14  8.438e-01 3.973e-06 5.283e-06 1.895e-05 4.759e-06 1.191e-05 1.070e-05  6.347e+12  1.261e-03  9.3000e-02  4.1223e-01
4.62157e+03  1.292e+00       7.911e-17       2.214e+17    3.883e+20  1.800e+14  8.761e-01 4.007e-06 5.328e-06 1.895e-05 4.787e-06 1.199e-05 1.079e-05  6.987e+12  1.388e-03  9.3909e-02  4.1330e-01
4.54405e+03  1.316e+00       8.058e-17       2.362e+17    4.117e+20  1.950e+14  9.089e-01 4.041e-06 5.373e-06 1.896e-05 4.816e-06 1.208e-05 1.088e-05  7.663e+12  1.522e-03  9.4826e-02  4.1436e-01
4.46774e+03  1.340e+00       8.205e-17       2.512e+17    4.351e+20  2.106e+14  9.424e-01 4.075e-06 5.419e-06 1.897e-05 4.845e-06 1.216e-05 1.097e-05  8.376e+12  1.664e-03  9.5750e-02  4.1541e-01
4.39264e+03  1.364e+00       8.352e-17       2.662e+17    4.582e+20  2.266e+14  9.764e-01 4.110e-06 5.465e-06 1.897e-05 4.874e-06 1.224e-05 1.107e-05  9.125e+12  1.813e-03  9.6682e-02  4.1645e-01
4.31875e+03  1.388e+00       8.499e-17       2.813e+17    4.810e+20  2.432e+14  1.011e+00 4.145e-06 5.512e-06 1.898e-05 4.903e-06 1.233e-05 1.116e-05  9.910e+12  1.969e-03  9.7620e-02  4.1749e-01
4.24608e+03  1.412e+00       8.646e-17       2.963e+17    5.034e+20  2.601e+14  1.046e+00 4.180e-06 5.559e-06 1.899e-05 4.933e-06 1.241e-05 1.125e-05  1.073e+13  2.131e-03  9.8565e-02  4.1851e-01
4.17463e+03  1.436e+00       8.793e-17       3.112e+17    5.253e+20  2.775e+14  1.082e+00 4.216e-06 5.606e-06 1.900e-05 4.963e-06 1.250e-05 1.135e-05  1.158e+13  2.301e-03  9.9516e-02  4.1952e-01
4.10440e+03  1.460e+00       8.940e-17       3.261e+17    5.467e+20  2.952e+14  1.119e+00 4.252e-06 5.654e-06 1.901e-05 4.994e-06 1.259e-05 1.145e-05  1.247e+13  2.478e-03  1.0047e-01  4.2053e-01
4.03539e+03  1.484e+00       9.087e-17       3.407e+17    5.675e+20  3.132e+14  1.156e+00 4.288e-06 5.702e-06 1.901e-05 5.025e-06 1.268e-05 1.154e-05  1.339e+13  2.661e-03  1.0144e-01  4.2152e-01
3.96759e+03  1.508e+00       9.234e-17       3.551e+17    5.877e+20  3.316e+14  1.193e+00 4.324e-06 5.750e-06 1.902e-05 5.056e-06 1.277e-05 1.164e-05  1.435e+13  2.850e-03  1.0241e-01  4.2250e-01
3.90100e+03  1.532e+00       9.381e-17       3.693e+17    6.071e+20  3.502e+14  1.232e+00 4.361e-06 5.799e-06 1.903e-05 5.087e-06 1.286e-05 1.174e-05  1.533e+13  3.045e-03  1.0338e-01  4.2348e-01
3.83561e+03  1.556e+00       9.528e-17       3.832e+17    6.257e+20  3.690e+14  1.271e+00 4.398e-06 5.849e-06 1.904e-05 5.119e-06 1.295e-05 1.184e-05  1.634e+13  3.247e-03  1.0436e-01  4.2444e-01
3.77141e+03  1.580e+00       9.675e-17       3.967e+17    6.435e+20  3.880e+14  1.310e+00 4.435e-06 5.898e-06 1.905e-05 5.151e-06 1.304e-05 1.194e-05  1.739e+13  3.454e-03  1.0534e-01  4.2539e-01
3.70838e+03  1.604e+00       9.822e-17       4.099e+17    6.604e+20  4.071e+14  1.350e+00 4.473e-06 5.948e-06 1.906e-05 5.184e-06 1.313e-05 1.204e-05  1.846e+13  3.666e-03  1.0633e-01  4.2632e-01
3.64653e+03  1.628e+00       9.969e-17       4.227e+17    6.765e+20  4.264e+14  1.391e+00 4.511e-06 5.998e-06 1.907e-05 5.216e-06 1.322e-05 1.214e-05  1.955e+13  3.884e-03  1.0733e-01  4.2725e-01
3.58583e+03  1.652e+00       1.012e-16       4.351e+17    6.917e+20  4.457e+14  1.432e+00 4.549e-06 6.049e-06 1.907e-05 5.249e-06 1.332e-05 1.224e-05  2.067e+13  4.106e-03  1.0833e-01  4.2817e-01
3.52627e+03  1.676e+00       1.026e-16       4.471e+17    7.059e+20  4.651e+14  1.474e+00 4.587e-06 6.100e-06 1.908e-05 5.282e-06 1.341e-05 1.234e-05  2.182e+13  4.334e-03  1.0933e-01  4.2907e-01
3.46784e+03  1.700e+00       1.041e-16       4.587e+17    7.193e+20  4.845e+14  1.517e+00 4.626e-06 6.151e-06 1.909e-05 5.316e-06 1.351e-05 1.245e-05  2.298e+13  4.566e-03  1.1034e-01  4.2996e-01
