     Energy         Kx              Ky       F.Density    GA.Brill.       Flux  Tot.Power  Nat.Size  Nat.Div.    Size.x    Size.y     Div.x     Div.y   Coh.Flux  Coh.Power   CohFrac.x   CohFrac.y
         eV          -               -  ph/s/mr^2/0.1%  F.Dens/mm^2  ph/s/0.1%         kW         m       rad         m         m       rad       rad  ph/s/0.1%          W           -           -
1.25062e+04  7.071e-02       7.071e-02       0.000e+00    0.000e+00  0.000e+00  3.522e-03 2.423e-06 3.256e-06 1.868e-05 3.568e-06 9.469e-06 7.887e-06  0.000e+00  0.000e+00  4.4597e-02  2.8031e-01
1.24019e+04  1.160e-01       1.160e-01       0.000e+00    0.000e+00  0.000e+00  9.472e-03 2.433e-06 3.270e-06 1.868e-05 3.575e-06 9.496e-06 7.920e-06  0.000e+00  0.000e+00  4.4840e-02  2.8095e-01
1.22503e+04  1.612e-01       1.612e-01       0.000e+00    0.000e+00  0.000e+00  1.831e-02 2.448e-06 3.290e-06 1.869e-05 3.585e-06 9.537e-06 7.969e-06  0.000e+00  0.000e+00  4.5198e-02  2.8189e-01
1.20548e+04  2.065e-01       2.065e-01       0.000e+00    0.000e+00  0.000e+00  3.003e-02 2.468e-06 3.317e-06 1.869e-05 3.599e-06 9.590e-06 8.032e-06  0.000e+00  0.000e+00  4.5669e-02  2.8312e-01
1.18197e+04  2.517e-01       2.517e-01       0.000e+00    0.000e+00  0.000e+00  4.463e-02 2.492e-06 3.349e-06 1.869e-05 3.616e-06 9.656e-06 8.111e-06  0.000e+00  0.000e+00  4.6250e-02  2.8462e-01
1.15500e+04  2.970e-01       2.970e-01       0.000e+00    0.000e+00  0.000e+00  6.212e-02 2.521e-06 3.388e-06 1.869e-05 3.636e-06 9.735e-06 8.204e-06  0.000e+00  0.000e+00  4.6939e-02  2.8637e-01
1.12509e+04  3.422e-01       3.422e-01       0.000e+00    0.000e+00  0.000e+00  8.250e-02 2.554e-06 3.433e-06 1.870e-05 3.659e-06 9.825e-06 8.312e-06  0.000e+00  0.000e+00  4.7730e-02  2.8835e-01
1.09278e+04  3.875e-01       3.875e-01       0.000e+00    0.000e+00  0.000e+00  1.058e-01 2.592e-06 3.483e-06 1.870e-05 3.685e-06 9.928e-06 8.433e-06  0.000e+00  0.000e+00  4.8621e-02  2.9053e-01
1.05862e+04  4.327e-01       4.327e-01       0.000e+00    0.000e+00  0.000e+00  1.319e-01 2.633e-06 3.539e-06 1.871e-05 3.714e-06 1.004e-05 8.567e-06  0.000e+00  0.000e+00  4.9605e-02  2.9289e-01
1.02310e+04  4.780e-01       4.780e-01       0.000e+00    0.000e+00  0.000e+00  1.609e-01 2.679e-06 3.600e-06 1.872e-05 3.747e-06 1.017e-05 8.713e-06  0.000e+00  0.000e+00  5.0678e-02  2.9541e-01
9.86708e+03  5.233e-01       5.233e-01       0.000e+00    0.000e+00  0.000e+00  1.928e-01 2.728e-06 3.666e-06 1.872e-05 3.782e-06 1.030e-05 8.871e-06  0.000e+00  0.000e+00  5.1835e-02  2.9805e-01
9.49865e+03  5.685e-01       5.685e-01       0.000e+00    0.000e+00  0.000e+00  2.276e-01 2.780e-06 3.736e-06 1.873e-05 3.820e-06 1.045e-05 9.040e-06  0.000e+00  0.000e+00  5.3072e-02  3.0080e-01
9.12949e+03  6.138e-01       6.138e-01       0.000e+00    0.000e+00  0.000e+00  2.653e-01 2.836e-06 3.811e-06 1.874e-05 3.861e-06 1.060e-05 9.220e-06  0.000e+00  0.000e+00  5.4382e-02  3.0363e-01
8.76287e+03  6.590e-01       6.590e-01       0.000e+00    0.000e+00  0.000e+00  3.059e-01 2.894e-06 3.890e-06 1.875e-05 3.904e-06 1.077e-05 9.409e-06  0.000e+00  0.000e+00  5.5761e-02  3.0652e-01
8.40148e+03  7.043e-01       7.043e-01       0.000e+00    0.000e+00  0.000e+00  3.494e-01 2.956e-06 3.973e-06 1.876e-05 3.950e-06 1.094e-05 9.608e-06  0.000e+00  0.000e+00  5.7205e-02  3.0945e-01
8.04756e+03  7.495e-01       7.495e-01       0.000e+00    0.000e+00  0.000e+00  3.957e-01 3.020e-06 4.059e-06 1.877e-05 3.998e-06 1.113e-05 9.816e-06  0.000e+00  0.000e+00  5.8708e-02  3.1240e-01
7.70287e+03  7.948e-01       7.948e-01       0.000e+00    0.000e+00  0.000e+00  4.449e-01 3.087e-06 4.149e-06 1.878e-05 4.049e-06 1.132e-05 1.003e-05  0.000e+00  0.000e+00  6.0266e-02  3.1535e-01
7.36876e+03  8.400e-01       8.400e-01       0.000e+00    0.000e+00  0.000e+00  4.970e-01 3.156e-06 4.242e-06 1.879e-05 4.102e-06 1.152e-05 1.026e-05  0.000e+00  0.000e+00  6.1874e-02  3.1830e-01
7.04621e+03  8.853e-01       8.853e-01       0.000e+00    0.000e+00  0.000e+00  5.520e-01 3.228e-06 4.338e-06 1.880e-05 4.157e-06 1.172e-05 1.049e-05  0.000e+00  0.000e+00  6.3528e-02  3.2122e-01
6.73589e+03  9.306e-01       9.306e-01       0.000e+00    0.000e+00  0.000e+00  6.099e-01 3.301e-06 4.437e-06 1.882e-05 4.214e-06 1.194e-05 1.072e-05  0.000e+00  0.000e+00  6.5225e-02  3.2411e-01
6.43822e+03  9.758e-01       9.758e-01       0.000e+00    0.000e+00  0.000e+00  6.707e-01 3.377e-06 4.538e-06 1.883e-05 4.274e-06 1.216e-05 1.097e-05  0.000e+00  0.000e+00  6.6952e-02  3.2689e-01
6.15337e+03  1.021e+00       1.021e+00       0.000e+00    0.000e+00  0.000e+00  7.343e-01 3.454e-06 4.642e-06 1.884e-05 4.335e-06 1.238e-05 1.122e-05  0.000e+00  0.000e+00  6.8722e-02  3.2968e-01
5.88137e+03  1.066e+00       1.066e+00       0.000e+00    0.000e+00  0.000e+00  8.009e-01 3.533e-06 4.748e-06 1.886e-05 4.398e-06 1.261e-05 1.147e-05  0.000e+00  0.000e+00  7.0524e-02  3.3241e-01
5.62208e+03  1.112e+00       1.112e+00       0.000e+00    0.000e+00  0.000e+00  8.703e-01 3.614e-06 4.857e-06 1.887e-05 4.463e-06 1.285e-05 1.173e-05  0.000e+00  0.000e+00  7.2356e-02  3.3507e-01
5.37526e+03  1.157e+00       1.157e+00       0.000e+00    0.000e+00  0.000e+00  9.426e-01 3.696e-06 4.967e-06 1.889e-05 4.530e-06 1.309e-05 1.200e-05  0.000e+00  0.000e+00  7.4213e-02  3.3767e-01
5.14057e+03  1.202e+00       1.202e+00       0.000e+00    0.000e+00  0.000e+00  1.018e+00 3.779e-06 5.079e-06 1.891e-05 4.598e-06 1.334e-05 1.227e-05  0.000e+00  0.000e+00  7.6095e-02  3.4019e-01
4.91762e+03  1.247e+00       1.247e+00       0.000e+00    0.000e+00  0.000e+00  1.096e+00 3.864e-06 5.193e-06 1.892e-05 4.668e-06 1.359e-05 1.254e-05  0.000e+00  0.000e+00  7.7997e-02  3.4264e-01
4.70598e+03  1.293e+00       1.293e+00       0.000e+00    0.000e+00  0.000e+00  1.177e+00 3.950e-06 5.308e-06 1.894e-05 4.739e-06 1.385e-05 1.282e-05  0.000e+00  0.000e+00  7.9919e-02  3.4502e-01
4.50518e+03  1.338e+00       1.338e+00       0.000e+00    0.000e+00  0.000e+00  1.261e+00 4.037e-06 5.425e-06 1.896e-05 4.812e-06 1.411e-05 1.310e-05  0.000e+00  0.000e+00  8.1857e-02  3.4732e-01
4.31474e+03  1.383e+00       1.383e+00       0.000e+00    0.000e+00  0.000e+00  1.347e+00 4.125e-06 5.544e-06 1.898e-05 4.886e-06 1.438e-05 1.339e-05  0.000e+00  0.000e+00  8.3811e-02  3.4954e-01
4.13416e+03  1.428e+00       1.428e+00       0.000e+00    0.000e+00  0.000e+00  1.437e+00 4.214e-06 5.663e-06 1.900e-05 4.962e-06 1.465e-05 1.368e-05  0.000e+00  0.000e+00  8.5778e-02  3.5169e-01
3.96297e+03  1.474e+00       1.474e+00       0.000e+00    0.000e+00  0.000e+00  1.530e+00 4.304e-06 5.785e-06 1.902e-05 5.039e-06 1.492e-05 1.397e-05  0.000e+00  0.000e+00  8.7756e-02  3.5376e-01
3.80069e+03  1.519e+00       1.519e+00       0.000e+00    0.000e+00  0.000e+00  1.625e+00 4.395e-06 5.907e-06 1.904e-05 5.116e-06 1.519e-05 1.426e-05  0.000e+00  0.000e+00  8.9744e-02  3.5576e-01
3.64683e+03  1.564e+00       1.564e+00       0.000e+00    0.000e+00  0.000e+00  1.723e+00 4.487e-06 6.030e-06 1.906e-05 5.195e-06 1.547e-05 1.456e-05  0.000e+00  0.000e+00  9.1742e-02  3.5769e-01
3.50094e+03  1.609e+00       1.609e+00       0.000e+00    0.000e+00  0.000e+00  1.824e+00 4.579e-06 6.154e-06 1.908e-05 5.276e-06 1.575e-05 1.486e-05  0.000e+00  0.000e+00  9.3746e-02  3.5954e-01
3.36259e+03  1.655e+00       1.655e+00       0.000e+00    0.000e+00  0.000e+00  1.928e+00 4.672e-06 6.280e-06 1.910e-05 5.357e-06 1.604e-05 1.516e-05  0.000e+00  0.000e+00  9.5757e-02  3.6133e-01
3.23135e+03  1.700e+00       1.700e+00       0.000e+00    0.000e+00  0.000e+00  2.035e+00 4.766e-06 6.406e-06 1.913e-05 5.439e-06 1.633e-05 1.546e-05  0.000e+00  0.000e+00  9.7773e-02  3.6305e-01
3.10682e+03  1.745e+00       1.745e+00       0.000e+00    0.000e+00  0.000e+00  2.145e+00 4.861e-06 6.533e-06 1.915e-05 5.522e-06 1.662e-05 1.577e-05  0.000e+00  0.000e+00  9.9792e-02  3.6470e-01
2.98862e+03  1.790e+00       1.790e+00       0.000e+00    0.000e+00  0.000e+00  2.258e+00 4.956e-06 6.661e-06 1.918e-05 5.606e-06 1.691e-05 1.608e-05  0.000e+00  0.000e+00  1.0181e-01  3.6629e-01
2.87639e+03  1.836e+00       1.836e+00       0.000e+00    0.000e+00  0.000e+00  2.373e+00 5.052e-06 6.790e-06 1.920e-05 5.691e-06 1.721e-05 1.639e-05  0.000e+00  0.000e+00  1.0383e-01  3.6778e-01
2.76978e+03  1.881e+00       1.881e+00       0.000e+00    0.000e+00  0.000e+00  2.492e+00 5.148e-06 6.919e-06 1.923e-05 5.776e-06 1.750e-05 1.670e-05  0.000e+00  0.000e+00  1.0585e-01  3.6925e-01
2.66846e+03  1.926e+00       1.926e+00       0.000e+00    0.000e+00  0.000e+00  2.613e+00 5.245e-06 7.049e-06 1.925e-05 5.863e-06 1.780e-05 1.701e-05  0.000e+00  0.000e+00  1.0788e-01  3.7066e-01
2.57214e+03  1.971e+00       1.971e+00       0.000e+00    0.000e+00  0.000e+00  2.737e+00 5.342e-06 7.180e-06 1.928e-05 5.950e-06 1.810e-05 1.733e-05  0.000e+00  0.000e+00  1.0990e-01  3.7202e-01
2.48052e+03  2.017e+00       2.017e+00       0.000e+00    0.000e+00  0.000e+00  2.865e+00 5.440e-06 7.311e-06 1.931e-05 6.038e-06 1.841e-05 1.765e-05  0.000e+00  0.000e+00  1.1193e-01  3.7332e-01
2.39334e+03  2.062e+00       2.062e+00       0.000e+00    0.000e+00  0.000e+00  2.995e+00 5.538e-06 7.443e-06 1.933e-05 6.127e-06 1.871e-05 1.796e-05  0.000e+00  0.000e+00  1.1395e-01  3.7458e-01
2.31034e+03  2.107e+00       2.107e+00       0.000e+00    0.000e+00  0.000e+00  3.127e+00 5.637e-06 7.576e-06 1.936e-05 6.216e-06 1.902e-05 1.828e-05  0.000e+00  0.000e+00  1.1597e-01  3.7579e-01
2.23127e+03  2.152e+00       2.152e+00       0.000e+00    0.000e+00  0.000e+00  3.263e+00 5.736e-06 7.709e-06 1.939e-05 6.306e-06 1.933e-05 1.860e-05  0.000e+00  0.000e+00  1.1799e-01  3.7695e-01
2.15593e+03  2.198e+00       2.198e+00       0.000e+00    0.000e+00  0.000e+00  3.402e+00 5.835e-06 7.843e-06 1.942e-05 6.396e-06 1.964e-05 1.892e-05  0.000e+00  0.000e+00  1.2000e-01  3.7806e-01
2.08409e+03  2.243e+00       2.243e+00       0.000e+00    0.000e+00  0.000e+00  3.543e+00 5.935e-06 7.977e-06 1.945e-05 6.487e-06 1.995e-05 1.925e-05  0.000e+00  0.000e+00  1.2201e-01  3.7914e-01
2.01555e+03  2.288e+00       2.288e+00       0.000e+00    0.000e+00  0.000e+00  3.688e+00 6.035e-06 8.111e-06 1.948e-05 6.579e-06 2.026e-05 1.957e-05  0.000e+00  0.000e+00  1.2402e-01  3.8017e-01
1.95015e+03  2.333e+00       2.333e+00       0.000e+00    0.000e+00  0.000e+00  3.835e+00 6.135e-06 8.246e-06 1.951e-05 6.671e-06 2.057e-05 1.990e-05  0.000e+00  0.000e+00  1.2602e-01  3.8116e-01
