     Energy         Kx              Ky       F.Density    GA.Brill.       Flux  Tot.Power  Nat.Size  Nat.Div.    Size.x    Size.y     Div.x     Div.y   Coh.Flux  Coh.Power   CohFrac.x   CohFrac.y
         eV          -               -  ph/s/mr^2/0.1%  F.Dens/mm^2  ph/s/0.1%         kW         m       rad         m         m       rad       rad  ph/s/0.1%          W           -           -
5.62961e+03  0.000e+00       5.000e-01       5.816e+12    1.101e+16  3.169e+09  3.682e-02 3.604e-06 4.862e-06 1.887e-05 4.456e-06 1.008e-05 8.606e-06  1.335e+08  2.652e-08  9.2174e-02  4.5703e-01
5.28458e+03  0.000e+00       6.300e-01       8.348e+13    1.545e+17  4.802e+10  5.845e-02 3.720e-06 5.019e-06 1.889e-05 4.550e-06 1.031e-05 8.880e-06  2.127e+09  4.225e-07  9.5838e-02  4.6207e-01
4.91411e+03  0.000e+00       7.600e-01       5.940e+14    1.072e+18  3.640e+11  8.506e-02 3.858e-06 5.204e-06 1.892e-05 4.663e-06 1.059e-05 9.207e-06  1.705e+10  3.387e-06  1.0017e-01  4.6766e-01
4.53659e+03  0.000e+00       8.900e-01       2.593e+15    4.542e+18  1.704e+12  1.167e-01 4.015e-06 5.417e-06 1.895e-05 4.794e-06 1.092e-05 9.579e-06  8.481e+10  1.685e-05  1.0509e-01  4.7356e-01
4.16610e+03  0.000e+00       1.020e+00       7.931e+15    1.345e+19  5.619e+12  1.532e-01 4.190e-06 5.652e-06 1.899e-05 4.941e-06 1.128e-05 9.993e-06  2.978e+11  5.916e-05  1.1051e-01  4.7957e-01
3.81237e+03  0.000e+00       1.150e+00       1.859e+16    3.046e+19  1.426e+13  1.948e-01 4.380e-06 5.909e-06 1.903e-05 5.104e-06 1.168e-05 1.044e-05  8.055e+11  1.600e-04  1.1636e-01  4.8553e-01
3.48137e+03  0.000e+00       1.280e+00       3.564e+16    5.630e+19  2.965e+13  2.413e-01 4.583e-06 6.183e-06 1.908e-05 5.279e-06 1.212e-05 1.093e-05  1.785e+12  3.546e-04  1.2256e-01  4.9131e-01
3.17610e+03  0.000e+00       1.410e+00       5.853e+16    8.905e+19  5.291e+13  2.928e-01 4.799e-06 6.474e-06 1.914e-05 5.467e-06 1.258e-05 1.144e-05  3.392e+12  6.739e-04  1.2905e-01  4.9682e-01
2.89748e+03  0.000e+00       1.540e+00       8.536e+16    1.249e+20  8.394e+13  3.493e-01 5.024e-06 6.778e-06 1.919e-05 5.666e-06 1.307e-05 1.197e-05  5.719e+12  1.136e-03  1.3574e-01  5.0189e-01
2.64499e+03  0.000e+00       1.670e+00       1.135e+17    1.597e+20  1.214e+14  4.107e-01 5.258e-06 7.094e-06 1.926e-05 5.875e-06 1.358e-05 1.253e-05  8.775e+12  1.743e-03  1.4263e-01  5.0673e-01
2.41729e+03  0.000e+00       1.800e+00       1.406e+17    1.901e+20  1.634e+14  4.771e-01 5.501e-06 7.420e-06 1.932e-05 6.093e-06 1.411e-05 1.310e-05  1.250e+13  2.483e-03  1.4966e-01  5.1121e-01
2.21255e+03  0.000e+00       1.930e+00       1.647e+17    2.139e+20  2.078e+14  5.486e-01 5.749e-06 7.756e-06 1.940e-05 6.318e-06 1.466e-05 1.370e-05  1.679e+13  3.335e-03  1.5679e-01  5.1534e-01
2.02874e+03  0.000e+00       2.060e+00       1.847e+17    2.304e+20  2.527e+14  6.249e-01 6.004e-06 8.100e-06 1.947e-05 6.551e-06 1.523e-05 1.430e-05  2.151e+13  4.273e-03  1.6398e-01  5.1914e-01
1.86381e+03  0.000e+00       2.190e+00       2.001e+17    2.398e+20  2.965e+14  7.063e-01 6.264e-06 8.451e-06 1.955e-05 6.790e-06 1.581e-05 1.492e-05  2.653e+13  5.271e-03  1.7122e-01  5.2262e-01
1.71579e+03  0.000e+00       2.320e+00       2.111e+17    2.431e+20  3.382e+14  7.927e-01 6.529e-06 8.808e-06 1.964e-05 7.035e-06 1.641e-05 1.555e-05  3.174e+13  6.304e-03  1.7846e-01  5.2580e-01
1.58283e+03  0.000e+00       2.450e+00       2.180e+17    2.413e+20  3.770e+14  8.840e-01 6.798e-06 9.170e-06 1.973e-05 7.285e-06 1.701e-05 1.618e-05  3.702e+13  7.354e-03  1.8571e-01  5.2871e-01
1.46327e+03  0.000e+00       2.580e+00       2.214e+17    2.357e+20  4.127e+14  9.803e-01 7.070e-06 9.537e-06 1.983e-05 7.540e-06 1.763e-05 1.683e-05  4.230e+13  8.403e-03  1.9293e-01  5.3137e-01
1.35557e+03  0.000e+00       2.710e+00       2.219e+17    2.273e+20  4.451e+14  1.082e+00 7.345e-06 9.909e-06 1.993e-05 7.798e-06 1.826e-05 1.749e-05  4.753e+13  9.441e-03  2.0008e-01  5.3370e-01
1.25841e+03  0.000e+00       2.840e+00       2.201e+17    2.170e+20  4.741e+14  1.188e+00 7.624e-06 1.028e-05 2.003e-05 8.061e-06 1.889e-05 1.815e-05  5.265e+13  1.046e-02  2.0721e-01  5.3592e-01
1.17057e+03  0.000e+00       2.970e+00       2.166e+17    2.055e+20  5.001e+14  1.299e+00 7.904e-06 1.066e-05 2.014e-05 8.327e-06 1.953e-05 1.882e-05  5.764e+13  1.145e-02  2.1427e-01  5.3795e-01
1.09101e+03  0.000e+00       3.100e+00       2.117e+17    1.935e+20  5.231e+14  1.415e+00 8.188e-06 1.105e-05 2.025e-05 8.596e-06 2.018e-05 1.949e-05  6.248e+13  1.241e-02  2.2127e-01  5.3981e-01
1.01880e+03  0.000e+00       3.230e+00       2.059e+17    1.814e+20  5.435e+14  1.536e+00 8.473e-06 1.143e-05 2.037e-05 8.869e-06 2.084e-05 2.017e-05  6.716e+13  1.334e-02  2.2819e-01  5.4151e-01
9.53122e+02  0.000e+00       3.360e+00       1.994e+17    1.694e+20  5.615e+14  1.663e+00 8.760e-06 1.182e-05 2.049e-05 9.143e-06 2.150e-05 2.085e-05  7.167e+13  1.424e-02  2.3502e-01  5.4308e-01
8.93267e+02  0.000e+00       3.490e+00       1.926e+17    1.578e+20  5.775e+14  1.794e+00 9.049e-06 1.221e-05 2.062e-05 9.420e-06 2.216e-05 2.153e-05  7.602e+13  1.510e-02  2.4176e-01  5.4452e-01
8.38604e+02  0.000e+00       3.620e+00       1.855e+17    1.468e+20  5.915e+14  1.930e+00 9.339e-06 1.260e-05 2.074e-05 9.699e-06 2.283e-05 2.222e-05  8.020e+13  1.593e-02  2.4840e-01  5.4584e-01
7.88583e+02  0.000e+00       3.750e+00       1.784e+17    1.363e+20  6.039e+14  2.071e+00 9.630e-06 1.299e-05 2.088e-05 9.980e-06 2.351e-05 2.292e-05  8.422e+13  1.673e-02  2.5494e-01  5.4706e-01
7.42718e+02  0.000e+00       3.880e+00       1.714e+17    1.265e+20  6.150e+14  2.217e+00 9.923e-06 1.339e-05 2.101e-05 1.026e-05 2.419e-05 2.361e-05  8.810e+13  1.750e-02  2.6134e-01  5.4811e-01
7.00583e+02  0.000e+00       4.010e+00       1.644e+17    1.173e+20  6.247e+14  2.368e+00 1.022e-05 1.378e-05 2.115e-05 1.055e-05 2.487e-05 2.431e-05  9.182e+13  1.824e-02  2.6766e-01  5.4915e-01
6.61801e+02  0.000e+00       4.140e+00       1.577e+17    1.087e+20  6.333e+14  2.524e+00 1.051e-05 1.418e-05 2.130e-05 1.083e-05 2.556e-05 2.501e-05  9.541e+13  1.895e-02  2.7388e-01  5.5011e-01
6.26040e+02  0.000e+00       4.270e+00       1.511e+17    1.008e+20  6.408e+14  2.685e+00 1.081e-05 1.458e-05 2.145e-05 1.112e-05 2.625e-05 2.572e-05  9.886e+13  1.964e-02  2.7998e-01  5.5101e-01
5.93006e+02  0.000e+00       4.400e+00       1.448e+17    9.351e+19  6.476e+14  2.851e+00 1.111e-05 1.498e-05 2.160e-05 1.141e-05 2.694e-05 2.642e-05  1.022e+14  2.030e-02  2.8597e-01  5.5184e-01
5.62438e+02  0.000e+00       4.530e+00       1.387e+17    8.676e+19  6.535e+14  3.022e+00 1.140e-05 1.538e-05 2.175e-05 1.170e-05 2.763e-05 2.713e-05  1.054e+14  2.094e-02  2.9185e-01  5.5261e-01
5.34105e+02  0.000e+00       4.660e+00       1.330e+17    8.054e+19  6.588e+14  3.198e+00 1.170e-05 1.579e-05 2.191e-05 1.199e-05 2.833e-05 2.784e-05  1.085e+14  2.155e-02  2.9761e-01  5.5333e-01
5.07800e+02  0.000e+00       4.790e+00       1.274e+17    7.480e+19  6.636e+14  3.379e+00 1.200e-05 1.619e-05 2.207e-05 1.228e-05 2.903e-05 2.855e-05  1.115e+14  2.215e-02  3.0326e-01  5.5400e-01
4.83340e+02  0.000e+00       4.920e+00       1.222e+17    6.952e+19  6.679e+14  3.565e+00 1.230e-05 1.659e-05 2.224e-05 1.258e-05 2.973e-05 2.927e-05  1.144e+14  2.272e-02  3.0875e-01  5.5456e-01
4.60562e+02  0.000e+00       5.050e+00       1.172e+17    6.466e+19  6.717e+14  3.756e+00 1.260e-05 1.700e-05 2.240e-05 1.287e-05 3.044e-05 2.998e-05  1.172e+14  2.327e-02  3.1417e-01  5.5515e-01
4.39319e+02  0.000e+00       5.180e+00       1.124e+17    6.019e+19  6.751e+14  3.952e+00 1.290e-05 1.741e-05 2.257e-05 1.317e-05 3.114e-05 3.070e-05  1.198e+14  2.381e-02  3.1947e-01  5.5569e-01
4.19478e+02  0.000e+00       5.310e+00       1.079e+17    5.607e+19  6.781e+14  4.152e+00 1.320e-05 1.781e-05 2.275e-05 1.346e-05 3.185e-05 3.141e-05  1.225e+14  2.433e-02  3.2466e-01  5.5621e-01
4.00923e+02  0.000e+00       5.440e+00       1.036e+17    5.227e+19  6.809e+14  4.358e+00 1.351e-05 1.822e-05 2.293e-05 1.376e-05 3.256e-05 3.213e-05  1.250e+14  2.483e-02  3.2973e-01  5.5669e-01
3.83547e+02  0.000e+00       5.570e+00       9.952e+16    4.878e+19  6.833e+14  4.569e+00 1.381e-05 1.863e-05 2.310e-05 1.406e-05 3.327e-05 3.285e-05  1.274e+14  2.531e-02  3.3470e-01  5.5714e-01
3.67255e+02  0.000e+00       5.700e+00       9.566e+16    4.555e+19  6.855e+14  4.785e+00 1.411e-05 1.904e-05 2.329e-05 1.435e-05 3.398e-05 3.357e-05  1.298e+14  2.578e-02  3.3955e-01  5.5757e-01
3.51959e+02  0.000e+00       5.830e+00       9.199e+16    4.257e+19  6.875e+14  5.005e+00 1.442e-05 1.945e-05 2.347e-05 1.465e-05 3.469e-05 3.429e-05  1.321e+14  2.624e-02  3.4429e-01  5.5797e-01
3.37582e+02  0.000e+00       5.960e+00       8.851e+16    3.983e+19  6.895e+14  5.231e+00 1.472e-05 1.986e-05 2.366e-05 1.495e-05 3.541e-05 3.502e-05  1.343e+14  2.668e-02  3.4889e-01  5.5829e-01
3.24053e+02  0.000e+00       6.090e+00       8.521e+16    3.729e+19  6.911e+14  5.462e+00 1.502e-05 2.027e-05 2.385e-05 1.525e-05 3.612e-05 3.574e-05  1.365e+14  2.711e-02  3.5342e-01  5.5864e-01
3.11308e+02  0.000e+00       6.220e+00       8.207e+16    3.494e+19  6.926e+14  5.698e+00 1.533e-05 2.068e-05 2.404e-05 1.555e-05 3.684e-05 3.646e-05  1.385e+14  2.752e-02  3.5784e-01  5.5898e-01
2.99288e+02  0.000e+00       6.350e+00       7.909e+16    3.276e+19  6.940e+14  5.938e+00 1.563e-05 2.109e-05 2.424e-05 1.585e-05 3.755e-05 3.719e-05  1.406e+14  2.792e-02  3.6217e-01  5.5930e-01
2.87940e+02  0.000e+00       6.480e+00       7.626e+16    3.075e+19  6.952e+14  6.184e+00 1.594e-05 2.150e-05 2.444e-05 1.615e-05 3.827e-05 3.791e-05  1.425e+14  2.831e-02  3.6639e-01  5.5960e-01
2.77217e+02  0.000e+00       6.610e+00       7.357e+16    2.889e+19  6.963e+14  6.434e+00 1.624e-05 2.191e-05 2.464e-05 1.645e-05 3.899e-05 3.864e-05  1.444e+14  2.869e-02  3.7051e-01  5.5989e-01
2.67073e+02  0.000e+00       6.740e+00       7.100e+16    2.715e+19  6.973e+14  6.690e+00 1.655e-05 2.232e-05 2.484e-05 1.675e-05 3.971e-05 3.936e-05  1.463e+14  2.906e-02  3.7453e-01  5.6016e-01
2.57468e+02  0.000e+00       6.870e+00       6.857e+16    2.555e+19  6.983e+14  6.951e+00 1.685e-05 2.274e-05 2.504e-05 1.706e-05 4.043e-05 4.009e-05  1.481e+14  2.942e-02  3.7846e-01  5.6042e-01
2.48365e+02  0.000e+00       7.000e+00       6.625e+16    2.405e+19  6.993e+14  7.216e+00 1.716e-05 2.315e-05 2.525e-05 1.736e-05 4.116e-05 4.082e-05  1.499e+14  2.977e-02  3.8226e-01  5.6061e-01
