     Energy         Kx              Ky       F.Density    GA.Brill.       Flux  Tot.Power  Nat.Size  Nat.Div.    Size.x    Size.y     Div.x     Div.y   Coh.Flux  Coh.Power   CohFrac.x   CohFrac.y
         eV          -               -  ph/s/mr^2/0.1%  F.Dens/mm^2  ph/s/0.1%         kW         m       rad         m         m       rad       rad  ph/s/0.1%          W           -           -
2.41269e+03  3.536e-01       3.536e-01       0.000e+00    0.000e+00  0.000e+00  3.682e-02 5.506e-06 7.427e-06 1.932e-05 6.097e-06 1.082e-05 9.462e-06  0.000e+00  0.000e+00  1.9564e-01  7.0880e-01
2.28142e+03  4.356e-01       4.356e-01       0.000e+00    0.000e+00  0.000e+00  5.588e-02 5.662e-06 7.638e-06 1.937e-05 6.239e-06 1.105e-05 9.729e-06  0.000e+00  0.000e+00  2.0205e-01  7.1253e-01
2.14074e+03  5.176e-01       5.176e-01       0.000e+00    0.000e+00  0.000e+00  7.891e-02 5.845e-06 7.885e-06 1.942e-05 6.405e-06 1.133e-05 1.004e-05  0.000e+00  0.000e+00  2.0944e-01  7.1635e-01
1.99645e+03  5.996e-01       5.996e-01       0.000e+00    0.000e+00  0.000e+00  1.059e-01 6.053e-06 8.165e-06 1.949e-05 6.595e-06 1.164e-05 1.040e-05  0.000e+00  0.000e+00  2.1778e-01  7.2057e-01
1.85319e+03  6.817e-01       6.817e-01       0.000e+00    0.000e+00  0.000e+00  1.369e-01 6.282e-06 8.475e-06 1.956e-05 6.806e-06 1.200e-05 1.079e-05  0.000e+00  0.000e+00  2.2690e-01  7.2484e-01
1.71442e+03  7.637e-01       7.637e-01       0.000e+00    0.000e+00  0.000e+00  1.718e-01 6.531e-06 8.811e-06 1.964e-05 7.037e-06 1.238e-05 1.122e-05  0.000e+00  0.000e+00  2.3666e-01  7.2904e-01
1.58248e+03  8.457e-01       8.457e-01       0.000e+00    0.000e+00  0.000e+00  2.107e-01 6.798e-06 9.171e-06 1.973e-05 7.286e-06 1.280e-05 1.167e-05  0.000e+00  0.000e+00  2.4695e-01  7.3311e-01
1.45876e+03  9.277e-01       9.277e-01       0.000e+00    0.000e+00  0.000e+00  2.535e-01 7.081e-06 9.552e-06 1.983e-05 7.550e-06 1.324e-05 1.216e-05  0.000e+00  0.000e+00  2.5766e-01  7.3698e-01
1.34397e+03  1.010e+00       1.010e+00       0.000e+00    0.000e+00  0.000e+00  3.003e-01 7.377e-06 9.952e-06 1.994e-05 7.828e-06 1.370e-05 1.266e-05  0.000e+00  0.000e+00  2.6869e-01  7.4063e-01
1.23828e+03  1.092e+00       1.092e+00       0.000e+00    0.000e+00  0.000e+00  3.511e-01 7.685e-06 1.037e-05 2.005e-05 8.120e-06 1.419e-05 1.319e-05  0.000e+00  0.000e+00  2.7995e-01  7.4404e-01
1.14151e+03  1.174e+00       1.174e+00       0.000e+00    0.000e+00  0.000e+00  4.058e-01 8.004e-06 1.080e-05 2.018e-05 8.422e-06 1.470e-05 1.373e-05  0.000e+00  0.000e+00  2.9138e-01  7.4721e-01
1.05323e+03  1.256e+00       1.256e+00       0.000e+00    0.000e+00  0.000e+00  4.645e-01 8.333e-06 1.124e-05 2.031e-05 8.735e-06 1.523e-05 1.430e-05  0.000e+00  0.000e+00  3.0290e-01  7.5014e-01
9.72917e+02  1.338e+00       1.338e+00       0.000e+00    0.000e+00  0.000e+00  5.272e-01 8.670e-06 1.170e-05 2.045e-05 9.057e-06 1.577e-05 1.488e-05  0.000e+00  0.000e+00  3.1438e-01  7.5265e-01
8.99949e+02  1.420e+00       1.420e+00       0.000e+00    0.000e+00  0.000e+00  5.938e-01 9.015e-06 1.216e-05 2.060e-05 9.388e-06 1.633e-05 1.547e-05  0.000e+00  0.000e+00  3.2591e-01  7.5511e-01
8.33702e+02  1.502e+00       1.502e+00       0.000e+00    0.000e+00  0.000e+00  6.644e-01 9.366e-06 1.264e-05 2.076e-05 9.726e-06 1.690e-05 1.607e-05  0.000e+00  0.000e+00  3.3737e-01  7.5737e-01
7.73562e+02  1.584e+00       1.584e+00       0.000e+00    0.000e+00  0.000e+00  7.389e-01 9.723e-06 1.312e-05 2.092e-05 1.007e-05 1.748e-05 1.668e-05  0.000e+00  0.000e+00  3.4875e-01  7.5944e-01
7.18943e+02  1.666e+00       1.666e+00       0.000e+00    0.000e+00  0.000e+00  8.174e-01 1.009e-05 1.361e-05 2.109e-05 1.042e-05 1.807e-05 1.730e-05  0.000e+00  0.000e+00  3.6000e-01  7.6134e-01
6.69300e+02  1.748e+00       1.748e+00       0.000e+00    0.000e+00  0.000e+00  8.999e-01 1.045e-05 1.410e-05 2.127e-05 1.078e-05 1.868e-05 1.793e-05  0.000e+00  0.000e+00  3.7110e-01  7.6308e-01
6.24133e+02  1.830e+00       1.830e+00       0.000e+00    0.000e+00  0.000e+00  9.864e-01 1.083e-05 1.460e-05 2.146e-05 1.114e-05 1.929e-05 1.856e-05  0.000e+00  0.000e+00  3.8203e-01  7.6468e-01
5.82987e+02  1.912e+00       1.912e+00       0.000e+00    0.000e+00  0.000e+00  1.077e+00 1.120e-05 1.511e-05 2.165e-05 1.150e-05 1.991e-05 1.920e-05  0.000e+00  0.000e+00  3.9276e-01  7.6615e-01
5.45451e+02  1.994e+00       1.994e+00       0.000e+00    0.000e+00  0.000e+00  1.171e+00 1.158e-05 1.562e-05 2.185e-05 1.187e-05 2.054e-05 1.986e-05  0.000e+00  0.000e+00  4.0322e-01  7.6733e-01
5.11158e+02  2.076e+00       2.076e+00       0.000e+00    0.000e+00  0.000e+00  1.269e+00 1.196e-05 1.614e-05 2.205e-05 1.225e-05 2.117e-05 2.051e-05  0.000e+00  0.000e+00  4.1353e-01  7.6856e-01
4.79778e+02  2.158e+00       2.158e+00       0.000e+00    0.000e+00  0.000e+00  1.372e+00 1.235e-05 1.666e-05 2.226e-05 1.262e-05 2.181e-05 2.117e-05  0.000e+00  0.000e+00  4.2361e-01  7.6970e-01
4.51018e+02  2.240e+00       2.240e+00       0.000e+00    0.000e+00  0.000e+00  1.478e+00 1.273e-05 1.718e-05 2.248e-05 1.300e-05 2.245e-05 2.183e-05  0.000e+00  0.000e+00  4.3346e-01  7.7074e-01
4.24614e+02  2.322e+00       2.322e+00       0.000e+00    0.000e+00  0.000e+00  1.588e+00 1.312e-05 1.770e-05 2.270e-05 1.338e-05 2.310e-05 2.250e-05  0.000e+00  0.000e+00  4.4308e-01  7.7171e-01
4.00335e+02  2.404e+00       2.404e+00       0.000e+00    0.000e+00  0.000e+00  1.702e+00 1.352e-05 1.823e-05 2.293e-05 1.377e-05 2.375e-05 2.317e-05  0.000e+00  0.000e+00  4.5245e-01  7.7260e-01
3.77973e+02  2.486e+00       2.486e+00       0.000e+00    0.000e+00  0.000e+00  1.821e+00 1.391e-05 1.877e-05 2.317e-05 1.415e-05 2.441e-05 2.384e-05  0.000e+00  0.000e+00  4.6158e-01  7.7343e-01
3.57343e+02  2.568e+00       2.568e+00       0.000e+00    0.000e+00  0.000e+00  1.943e+00 1.431e-05 1.930e-05 2.341e-05 1.454e-05 2.508e-05 2.452e-05  0.000e+00  0.000e+00  4.7039e-01  7.7407e-01
3.38280e+02  2.650e+00       2.650e+00       0.000e+00    0.000e+00  0.000e+00  2.069e+00 1.470e-05 1.984e-05 2.365e-05 1.494e-05 2.574e-05 2.521e-05  0.000e+00  0.000e+00  4.7904e-01  7.7477e-01
3.20637e+02  2.732e+00       2.732e+00       0.000e+00    0.000e+00  0.000e+00  2.199e+00 1.510e-05 2.037e-05 2.390e-05 1.533e-05 2.641e-05 2.589e-05  0.000e+00  0.000e+00  4.8744e-01  7.7543e-01
3.04284e+02  2.814e+00       2.814e+00       0.000e+00    0.000e+00  0.000e+00  2.333e+00 1.550e-05 2.091e-05 2.416e-05 1.572e-05 2.709e-05 2.657e-05  0.000e+00  0.000e+00  4.9560e-01  7.7604e-01
2.89103e+02  2.896e+00       2.896e+00       0.000e+00    0.000e+00  0.000e+00  2.471e+00 1.591e-05 2.146e-05 2.442e-05 1.612e-05 2.776e-05 2.726e-05  0.000e+00  0.000e+00  5.0352e-01  7.7662e-01
2.74989e+02  2.978e+00       2.978e+00       0.000e+00    0.000e+00  0.000e+00  2.613e+00 1.631e-05 2.200e-05 2.468e-05 1.652e-05 2.844e-05 2.795e-05  0.000e+00  0.000e+00  5.1122e-01  7.7715e-01
2.61849e+02  3.060e+00       3.060e+00       0.000e+00    0.000e+00  0.000e+00  2.759e+00 1.671e-05 2.255e-05 2.495e-05 1.692e-05 2.912e-05 2.864e-05  0.000e+00  0.000e+00  5.1868e-01  7.7765e-01
2.49598e+02  3.142e+00       3.142e+00       0.000e+00    0.000e+00  0.000e+00  2.908e+00 1.712e-05 2.309e-05 2.522e-05 1.732e-05 2.980e-05 2.934e-05  0.000e+00  0.000e+00  5.2585e-01  7.7800e-01
2.38161e+02  3.224e+00       3.224e+00       0.000e+00    0.000e+00  0.000e+00  3.062e+00 1.752e-05 2.364e-05 2.550e-05 1.772e-05 3.049e-05 3.003e-05  0.000e+00  0.000e+00  5.3286e-01  7.7844e-01
2.27469e+02  3.306e+00       3.306e+00       0.000e+00    0.000e+00  0.000e+00  3.220e+00 1.793e-05 2.419e-05 2.578e-05 1.812e-05 3.118e-05 3.073e-05  0.000e+00  0.000e+00  5.3967e-01  7.7885e-01
2.17461e+02  3.388e+00       3.388e+00       0.000e+00    0.000e+00  0.000e+00  3.382e+00 1.834e-05 2.474e-05 2.607e-05 1.853e-05 3.186e-05 3.143e-05  0.000e+00  0.000e+00  5.4626e-01  7.7923e-01
2.08082e+02  3.470e+00       3.470e+00       0.000e+00    0.000e+00  0.000e+00  3.547e+00 1.875e-05 2.529e-05 2.636e-05 1.893e-05 3.255e-05 3.213e-05  0.000e+00  0.000e+00  5.5265e-01  7.7960e-01
1.99282e+02  3.553e+00       3.553e+00       0.000e+00    0.000e+00  0.000e+00  3.717e+00 1.916e-05 2.584e-05 2.665e-05 1.934e-05 3.325e-05 3.283e-05  0.000e+00  0.000e+00  5.5884e-01  7.7994e-01
1.91014e+02  3.635e+00       3.635e+00       0.000e+00    0.000e+00  0.000e+00  3.891e+00 1.957e-05 2.640e-05 2.694e-05 1.974e-05 3.394e-05 3.353e-05  0.000e+00  0.000e+00  5.6483e-01  7.8026e-01
1.83239e+02  3.717e+00       3.717e+00       0.000e+00    0.000e+00  0.000e+00  4.068e+00 1.998e-05 2.695e-05 2.724e-05 2.015e-05 3.464e-05 3.424e-05  0.000e+00  0.000e+00  5.7057e-01  7.8046e-01
1.75918e+02  3.799e+00       3.799e+00       0.000e+00    0.000e+00  0.000e+00  4.250e+00 2.039e-05 2.751e-05 2.755e-05 2.056e-05 3.533e-05 3.494e-05  0.000e+00  0.000e+00  5.7619e-01  7.8075e-01
1.69018e+02  3.881e+00       3.881e+00       0.000e+00    0.000e+00  0.000e+00  4.435e+00 2.080e-05 2.806e-05 2.785e-05 2.097e-05 3.603e-05 3.565e-05  0.000e+00  0.000e+00  5.8163e-01  7.8102e-01
1.62508e+02  3.963e+00       3.963e+00       0.000e+00    0.000e+00  0.000e+00  4.625e+00 2.121e-05 2.862e-05 2.816e-05 2.138e-05 3.673e-05 3.635e-05  0.000e+00  0.000e+00  5.8691e-01  7.8128e-01
1.56359e+02  4.045e+00       4.045e+00       0.000e+00    0.000e+00  0.000e+00  4.818e+00 2.163e-05 2.918e-05 2.848e-05 2.179e-05 3.743e-05 3.706e-05  0.000e+00  0.000e+00  5.9201e-01  7.8152e-01
1.50547e+02  4.127e+00       4.127e+00       0.000e+00    0.000e+00  0.000e+00  5.016e+00 2.204e-05 2.973e-05 2.879e-05 2.220e-05 3.813e-05 3.777e-05  0.000e+00  0.000e+00  5.9696e-01  7.8175e-01
1.45046e+02  4.209e+00       4.209e+00       0.000e+00    0.000e+00  0.000e+00  5.217e+00 2.246e-05 3.029e-05 2.911e-05 2.261e-05 3.883e-05 3.848e-05  0.000e+00  0.000e+00  6.0175e-01  7.8197e-01
1.39837e+02  4.291e+00       4.291e+00       0.000e+00    0.000e+00  0.000e+00  5.422e+00 2.287e-05 3.085e-05 2.943e-05 2.302e-05 3.954e-05 3.919e-05  0.000e+00  0.000e+00  6.0632e-01  7.8209e-01
1.34898e+02  4.373e+00       4.373e+00       0.000e+00    0.000e+00  0.000e+00  5.632e+00 2.328e-05 3.141e-05 2.975e-05 2.343e-05 4.024e-05 3.990e-05  0.000e+00  0.000e+00  6.1081e-01  7.8228e-01
1.30212e+02  4.455e+00       4.455e+00       0.000e+00    0.000e+00  0.000e+00  5.845e+00 2.370e-05 3.197e-05 3.008e-05 2.384e-05 4.095e-05 4.061e-05  0.000e+00  0.000e+00  6.1516e-01  7.8247e-01
