     Energy         Kx              Ky       F.Density    GA.Brill.       Flux  Tot.Power  Nat.Size  Nat.Div.    Size.x    Size.y     Div.x     Div.y   Coh.Flux  Coh.Power   CohFrac.x   CohFrac.y
         eV          -               -  ph/s/mr^2/0.1%  F.Dens/mm^2  ph/s/0.1%         kW         m       rad         m         m       rad       rad  ph/s/0.1%          W           -           -
4.52207e+03  5.000e-01       3.062e-17       2.193e+16    3.816e+19  1.226e+13  1.312e-01 4.051e-06 5.386e-06 1.896e-05 4.824e-06 1.019e-05 8.736e-06  7.172e+11  1.425e-04  1.1296e-01  5.1774e-01
4.47321e+03  5.240e-01       3.209e-17       2.762e+16    4.786e+19  1.559e+13  1.441e-01 4.073e-06 5.416e-06 1.897e-05 4.842e-06 1.023e-05 8.783e-06  9.193e+11  1.826e-04  1.1371e-01  5.1859e-01
4.42318e+03  5.480e-01       3.356e-17       3.428e+16    5.916e+19  1.954e+13  1.576e-01 4.096e-06 5.446e-06 1.897e-05 4.862e-06 1.027e-05 8.832e-06  1.162e+12  2.308e-04  1.1449e-01  5.1946e-01
4.37209e+03  5.720e-01       3.502e-17       4.199e+16    7.214e+19  2.417e+13  1.717e-01 4.120e-06 5.478e-06 1.898e-05 4.882e-06 1.031e-05 8.883e-06  1.450e+12  2.881e-04  1.1531e-01  5.2036e-01
4.32005e+03  5.960e-01       3.649e-17       5.080e+16    8.688e+19  2.955e+13  1.864e-01 4.144e-06 5.511e-06 1.898e-05 4.903e-06 1.036e-05 8.936e-06  1.789e+12  3.554e-04  1.1615e-01  5.2127e-01
4.26717e+03  6.200e-01       3.796e-17       6.076e+16    1.034e+20  3.572e+13  2.017e-01 4.170e-06 5.545e-06 1.899e-05 4.924e-06 1.041e-05 8.991e-06  2.183e+12  4.336e-04  1.1702e-01  5.2221e-01
4.21357e+03  6.440e-01       3.943e-17       7.192e+16    1.218e+20  4.274e+13  2.177e-01 4.196e-06 5.580e-06 1.899e-05 4.947e-06 1.046e-05 9.048e-06  2.637e+12  5.238e-04  1.1792e-01  5.2316e-01
4.15933e+03  6.680e-01       4.090e-17       8.428e+16    1.420e+20  5.066e+13  2.342e-01 4.224e-06 5.616e-06 1.900e-05 4.970e-06 1.051e-05 9.106e-06  3.155e+12  6.268e-04  1.1884e-01  5.2414e-01
4.10456e+03  6.920e-01       4.237e-17       9.786e+16    1.641e+20  5.951e+13  2.513e-01 4.252e-06 5.654e-06 1.901e-05 4.994e-06 1.056e-05 9.166e-06  3.743e+12  7.436e-04  1.1979e-01  5.2512e-01
4.04936e+03  7.160e-01       4.384e-17       1.127e+17    1.879e+20  6.932e+13  2.691e-01 4.281e-06 5.692e-06 1.901e-05 5.019e-06 1.061e-05 9.228e-06  4.404e+12  8.749e-04  1.2077e-01  5.2612e-01
3.99382e+03  7.400e-01       4.531e-17       1.287e+17    2.134e+20  8.012e+13  2.874e-01 4.310e-06 5.732e-06 1.902e-05 5.044e-06 1.067e-05 9.291e-06  5.143e+12  1.022e-03  1.2177e-01  5.2713e-01
3.93802e+03  7.640e-01       4.678e-17       1.458e+17    2.406e+20  9.192e+13  3.063e-01 4.341e-06 5.772e-06 1.903e-05 5.070e-06 1.072e-05 9.357e-06  5.962e+12  1.184e-03  1.2280e-01  5.2816e-01
3.88206e+03  7.880e-01       4.825e-17       1.641e+17    2.692e+20  1.047e+14  3.259e-01 4.372e-06 5.813e-06 1.903e-05 5.097e-06 1.078e-05 9.423e-06  6.865e+12  1.364e-03  1.2385e-01  5.2919e-01
3.82600e+03  8.120e-01       4.972e-17       1.834e+17    2.992e+20  1.186e+14  3.460e-01 4.404e-06 5.856e-06 1.904e-05 5.124e-06 1.084e-05 9.492e-06  7.855e+12  1.560e-03  1.2492e-01  5.3023e-01
3.76993e+03  8.360e-01       5.119e-17       2.037e+17    3.304e+20  1.334e+14  3.668e-01 4.436e-06 5.899e-06 1.905e-05 5.152e-06 1.090e-05 9.562e-06  8.934e+12  1.775e-03  1.2602e-01  5.3127e-01
3.71392e+03  8.600e-01       5.266e-17       2.249e+17    3.626e+20  1.493e+14  3.882e-01 4.470e-06 5.944e-06 1.906e-05 5.181e-06 1.097e-05 9.633e-06  1.010e+13  2.007e-03  1.2714e-01  5.3232e-01
3.65803e+03  8.840e-01       5.413e-17       2.470e+17    3.957e+20  1.661e+14  4.101e-01 4.504e-06 5.989e-06 1.906e-05 5.210e-06 1.103e-05 9.706e-06  1.137e+13  2.258e-03  1.2828e-01  5.3337e-01
3.60233e+03  9.080e-01       5.560e-17       2.697e+17    4.296e+20  1.839e+14  4.327e-01 4.538e-06 6.035e-06 1.907e-05 5.240e-06 1.109e-05 9.780e-06  1.272e+13  2.527e-03  1.2944e-01  5.3443e-01
3.54687e+03  9.320e-01       5.707e-17       2.931e+17    4.639e+20  2.026e+14  4.559e-01 4.574e-06 6.082e-06 1.908e-05 5.271e-06 1.116e-05 9.856e-06  1.417e+13  2.815e-03  1.3062e-01  5.3549e-01
3.49172e+03  9.560e-01       5.854e-17       3.170e+17    4.985e+20  2.222e+14  4.797e-01 4.610e-06 6.130e-06 1.909e-05 5.302e-06 1.123e-05 9.933e-06  1.571e+13  3.122e-03  1.3181e-01  5.3655e-01
3.43692e+03  9.800e-01       6.001e-17       3.414e+17    5.333e+20  2.426e+14  5.040e-01 4.646e-06 6.178e-06 1.910e-05 5.334e-06 1.130e-05 1.001e-05  1.735e+13  3.447e-03  1.3303e-01  5.3760e-01
3.38251e+03  1.004e+00       6.148e-17       3.660e+17    5.681e+20  2.638e+14  5.290e-01 4.683e-06 6.228e-06 1.911e-05 5.366e-06 1.137e-05 1.009e-05  1.908e+13  3.790e-03  1.3427e-01  5.3866e-01
3.32855e+03  1.028e+00       6.295e-17       3.908e+17    6.026e+20  2.858e+14  5.546e-01 4.721e-06 6.278e-06 1.912e-05 5.399e-06 1.144e-05 1.017e-05  2.090e+13  4.152e-03  1.3552e-01  5.3971e-01
3.27506e+03  1.052e+00       6.442e-17       4.157e+17    6.368e+20  3.084e+14  5.808e-01 4.760e-06 6.329e-06 1.913e-05 5.433e-06 1.151e-05 1.025e-05  2.281e+13  4.532e-03  1.3679e-01  5.4076e-01
3.22209e+03  1.076e+00       6.589e-17       4.406e+17    6.704e+20  3.317e+14  6.076e-01 4.799e-06 6.381e-06 1.914e-05 5.467e-06 1.159e-05 1.034e-05  2.481e+13  4.929e-03  1.3808e-01  5.4181e-01
3.16967e+03  1.100e+00       6.736e-17       4.654e+17    7.033e+20  3.555e+14  6.350e-01 4.838e-06 6.434e-06 1.915e-05 5.502e-06 1.166e-05 1.042e-05  2.690e+13  5.344e-03  1.3938e-01  5.4285e-01
3.11783e+03  1.124e+00       6.883e-17       4.900e+17    7.353e+20  3.799e+14  6.631e-01 4.878e-06 6.487e-06 1.916e-05 5.537e-06 1.174e-05 1.051e-05  2.907e+13  5.775e-03  1.4070e-01  5.4388e-01
3.06659e+03  1.148e+00       7.029e-17       5.143e+17    7.664e+20  4.047e+14  6.917e-01 4.919e-06 6.541e-06 1.917e-05 5.573e-06 1.182e-05 1.059e-05  3.132e+13  6.222e-03  1.4203e-01  5.4491e-01
3.01598e+03  1.172e+00       7.176e-17       5.383e+17    7.964e+20  4.299e+14  7.209e-01 4.960e-06 6.596e-06 1.918e-05 5.609e-06 1.190e-05 1.068e-05  3.365e+13  6.684e-03  1.4337e-01  5.4594e-01
2.96601e+03  1.196e+00       7.323e-17       5.617e+17    8.253e+20  4.554e+14  7.507e-01 5.002e-06 6.651e-06 1.919e-05 5.646e-06 1.198e-05 1.077e-05  3.605e+13  7.162e-03  1.4473e-01  5.4695e-01
2.91671e+03  1.220e+00       7.470e-17       5.847e+17    8.529e+20  4.812e+14  7.812e-01 5.044e-06 6.707e-06 1.920e-05 5.683e-06 1.206e-05 1.086e-05  3.853e+13  7.653e-03  1.4611e-01  5.4796e-01
2.86809e+03  1.244e+00       7.617e-17       6.070e+17    8.791e+20  5.073e+14  8.122e-01 5.086e-06 6.763e-06 1.921e-05 5.721e-06 1.214e-05 1.095e-05  4.107e+13  8.158e-03  1.4749e-01  5.4895e-01
2.82016e+03  1.268e+00       7.764e-17       6.288e+17    9.039e+20  5.334e+14  8.438e-01 5.129e-06 6.821e-06 1.922e-05 5.759e-06 1.223e-05 1.105e-05  4.368e+13  8.676e-03  1.4889e-01  5.4994e-01
2.77294e+03  1.292e+00       7.911e-17       6.498e+17    9.273e+20  5.597e+14  8.761e-01 5.173e-06 6.879e-06 1.923e-05 5.798e-06 1.231e-05 1.114e-05  4.635e+13  9.207e-03  1.5030e-01  5.5092e-01
2.72643e+03  1.316e+00       8.058e-17       6.700e+17    9.492e+20  5.861e+14  9.089e-01 5.217e-06 6.937e-06 1.924e-05 5.837e-06 1.239e-05 1.123e-05  4.907e+13  9.748e-03  1.5171e-01  5.5189e-01
2.68064e+03  1.340e+00       8.205e-17       6.895e+17    9.696e+20  6.125e+14  9.424e-01 5.261e-06 6.996e-06 1.926e-05 5.877e-06 1.248e-05 1.133e-05  5.186e+13  1.030e-02  1.5314e-01  5.5285e-01
2.63558e+03  1.364e+00       8.352e-17       7.081e+17    9.885e+20  6.388e+14  9.764e-01 5.306e-06 7.056e-06 1.927e-05 5.917e-06 1.257e-05 1.142e-05  5.469e+13  1.086e-02  1.5458e-01  5.5380e-01
2.59125e+03  1.388e+00       8.499e-17       7.260e+17    1.006e+21  6.651e+14  1.011e+00 5.351e-06 7.116e-06 1.928e-05 5.958e-06 1.266e-05 1.152e-05  5.757e+13  1.144e-02  1.5603e-01  5.5474e-01
2.54765e+03  1.412e+00       8.646e-17       7.429e+17    1.022e+21  6.912e+14  1.046e+00 5.397e-06 7.176e-06 1.929e-05 5.999e-06 1.274e-05 1.162e-05  6.049e+13  1.202e-02  1.5749e-01  5.5567e-01
2.50478e+03  1.436e+00       8.793e-17       7.590e+17    1.036e+21  7.171e+14  1.082e+00 5.443e-06 7.237e-06 1.931e-05 6.040e-06 1.283e-05 1.172e-05  6.345e+13  1.260e-02  1.5896e-01  5.5659e-01
2.46264e+03  1.460e+00       8.940e-17       7.742e+17    1.049e+21  7.429e+14  1.119e+00 5.489e-06 7.299e-06 1.932e-05 6.082e-06 1.293e-05 1.182e-05  6.645e+13  1.320e-02  1.6044e-01  5.5749e-01
2.42124e+03  1.484e+00       9.087e-17       7.885e+17    1.060e+21  7.685e+14  1.156e+00 5.536e-06 7.361e-06 1.933e-05 6.124e-06 1.302e-05 1.192e-05  6.948e+13  1.380e-02  1.6192e-01  5.5839e-01
2.38056e+03  1.508e+00       9.234e-17       8.019e+17    1.070e+21  7.941e+14  1.193e+00 5.583e-06 7.424e-06 1.935e-05 6.167e-06 1.311e-05 1.202e-05  7.254e+13  1.441e-02  1.6338e-01  5.5916e-01
2.34060e+03  1.532e+00       9.381e-17       8.145e+17    1.078e+21  8.191e+14  1.232e+00 5.630e-06 7.487e-06 1.936e-05 6.210e-06 1.320e-05 1.212e-05  7.563e+13  1.502e-02  1.6488e-01  5.6003e-01
2.30137e+03  1.556e+00       9.528e-17       8.261e+17    1.085e+21  8.438e+14  1.271e+00 5.678e-06 7.550e-06 1.937e-05 6.253e-06 1.330e-05 1.222e-05  7.875e+13  1.564e-02  1.6639e-01  5.6089e-01
2.26284e+03  1.580e+00       9.675e-17       8.369e+17    1.091e+21  8.681e+14  1.310e+00 5.726e-06 7.614e-06 1.939e-05 6.297e-06 1.339e-05 1.233e-05  8.188e+13  1.626e-02  1.6790e-01  5.6173e-01
2.22503e+03  1.604e+00       9.822e-17       8.468e+17    1.095e+21  8.922e+14  1.350e+00 5.775e-06 7.679e-06 1.940e-05 6.341e-06 1.349e-05 1.243e-05  8.503e+13  1.689e-02  1.6942e-01  5.6257e-01
2.18792e+03  1.628e+00       9.969e-17       8.559e+17    1.099e+21  9.158e+14  1.391e+00 5.823e-06 7.744e-06 1.942e-05 6.385e-06 1.359e-05 1.253e-05  8.820e+13  1.752e-02  1.7094e-01  5.6339e-01
2.15150e+03  1.652e+00       1.012e-16       8.641e+17    1.101e+21  9.391e+14  1.432e+00 5.872e-06 7.809e-06 1.943e-05 6.430e-06 1.368e-05 1.264e-05  9.138e+13  1.815e-02  1.7247e-01  5.6420e-01
2.11576e+03  1.676e+00       1.026e-16       8.716e+17    1.102e+21  9.619e+14  1.474e+00 5.922e-06 7.875e-06 1.945e-05 6.475e-06 1.378e-05 1.275e-05  9.457e+13  1.879e-02  1.7400e-01  5.6500e-01
2.08071e+03  1.700e+00       1.041e-16       8.782e+17    1.101e+21  9.844e+14  1.517e+00 5.972e-06 7.941e-06 1.946e-05 6.521e-06 1.388e-05 1.285e-05  9.776e+13  1.942e-02  1.7554e-01  5.6579e-01
