     Energy         Kx              Ky       F.Density    GA.Brill.       Flux  Tot.Power  Nat.Size  Nat.Div.    Size.x    Size.y     Div.x     Div.y   Coh.Flux  Coh.Power   CohFrac.x   CohFrac.y
         eV          -               -  ph/s/mr^2/0.1%  F.Dens/mm^2  ph/s/0.1%         kW         m       rad         m         m       rad       rad  ph/s/0.1%          W           -           -
8.84652e+03  3.536e-01       3.536e-01       0.000e+00    0.000e+00  0.000e+00  3.682e-02 2.875e-06 3.879e-06 1.875e-05 3.890e-06 9.909e-06 8.410e-06  0.000e+00  0.000e+00  6.0043e-02  3.4092e-01
8.51938e+03  4.101e-01       4.101e-01       0.000e+00    0.000e+00  0.000e+00  4.954e-02 2.930e-06 3.953e-06 1.875e-05 3.930e-06 1.004e-05 8.569e-06  0.000e+00  0.000e+00  6.1482e-02  3.4387e-01
8.17239e+03  4.667e-01       4.667e-01       0.000e+00    0.000e+00  0.000e+00  6.415e-02 2.992e-06 4.036e-06 1.876e-05 3.976e-06 1.020e-05 8.748e-06  0.000e+00  0.000e+00  6.3100e-02  3.4708e-01
7.81311e+03  5.233e-01       5.233e-01       0.000e+00    0.000e+00  0.000e+00  8.064e-02 3.060e-06 4.127e-06 1.877e-05 4.028e-06 1.037e-05 8.945e-06  0.000e+00  0.000e+00  6.4882e-02  3.5049e-01
7.44824e+03  5.798e-01       5.798e-01       0.000e+00    0.000e+00  0.000e+00  9.902e-02 3.134e-06 4.227e-06 1.879e-05 4.084e-06 1.055e-05 9.160e-06  0.000e+00  0.000e+00  6.6817e-02  3.5407e-01
7.08351e+03  6.364e-01       6.364e-01       0.000e+00    0.000e+00  0.000e+00  1.193e-01 3.213e-06 4.335e-06 1.880e-05 4.146e-06 1.075e-05 9.391e-06  0.000e+00  0.000e+00  6.8893e-02  3.5775e-01
6.72364e+03  6.930e-01       6.930e-01       0.000e+00    0.000e+00  0.000e+00  1.414e-01 3.298e-06 4.449e-06 1.882e-05 4.212e-06 1.097e-05 9.637e-06  0.000e+00  0.000e+00  7.1097e-02  3.6150e-01
6.37235e+03  7.495e-01       7.495e-01       0.000e+00    0.000e+00  0.000e+00  1.655e-01 3.388e-06 4.570e-06 1.883e-05 4.283e-06 1.120e-05 9.898e-06  0.000e+00  0.000e+00  7.3417e-02  3.6527e-01
6.03245e+03  8.061e-01       8.061e-01       0.000e+00    0.000e+00  0.000e+00  1.914e-01 3.482e-06 4.697e-06 1.885e-05 4.357e-06 1.144e-05 1.017e-05  0.000e+00  0.000e+00  7.5842e-02  3.6903e-01
5.70596e+03  8.627e-01       8.627e-01       0.000e+00    0.000e+00  0.000e+00  2.192e-01 3.580e-06 4.830e-06 1.887e-05 4.436e-06 1.170e-05 1.046e-05  0.000e+00  0.000e+00  7.8361e-02  3.7275e-01
5.39422e+03  9.192e-01       9.192e-01       0.000e+00    0.000e+00  0.000e+00  2.489e-01 3.682e-06 4.967e-06 1.889e-05 4.519e-06 1.196e-05 1.075e-05  0.000e+00  0.000e+00  8.0965e-02  3.7641e-01
5.09801e+03  9.758e-01       9.758e-01       0.000e+00    0.000e+00  0.000e+00  2.805e-01 3.788e-06 5.110e-06 1.891e-05 4.605e-06 1.224e-05 1.106e-05  0.000e+00  0.000e+00  8.3644e-02  3.7999e-01
4.81767e+03  1.032e+00       1.032e+00       0.000e+00    0.000e+00  0.000e+00  3.139e-01 3.896e-06 5.256e-06 1.893e-05 4.695e-06 1.252e-05 1.137e-05  0.000e+00  0.000e+00  8.6389e-02  3.8347e-01
4.55318e+03  1.089e+00       1.089e+00       0.000e+00    0.000e+00  0.000e+00  3.493e-01 4.008e-06 5.407e-06 1.895e-05 4.788e-06 1.282e-05 1.170e-05  0.000e+00  0.000e+00  8.9193e-02  3.8684e-01
4.30427e+03  1.146e+00       1.146e+00       0.000e+00    0.000e+00  0.000e+00  3.865e-01 4.122e-06 5.561e-06 1.898e-05 4.884e-06 1.312e-05 1.203e-05  0.000e+00  0.000e+00  9.2049e-02  3.9010e-01
4.07049e+03  1.202e+00       1.202e+00       0.000e+00    0.000e+00  0.000e+00  4.256e-01 4.239e-06 5.718e-06 1.900e-05 4.983e-06 1.343e-05 1.237e-05  0.000e+00  0.000e+00  9.4949e-02  3.9323e-01
3.85123e+03  1.259e+00       1.259e+00       0.000e+00    0.000e+00  0.000e+00  4.666e-01 4.358e-06 5.879e-06 1.903e-05 5.085e-06 1.376e-05 1.272e-05  0.000e+00  0.000e+00  9.7873e-02  3.9616e-01
3.64581e+03  1.315e+00       1.315e+00       0.000e+00    0.000e+00  0.000e+00  5.095e-01 4.479e-06 6.042e-06 1.906e-05 5.189e-06 1.408e-05 1.307e-05  0.000e+00  0.000e+00  1.0084e-01  3.9904e-01
3.45351e+03  1.372e+00       1.372e+00       0.000e+00    0.000e+00  0.000e+00  5.543e-01 4.602e-06 6.208e-06 1.909e-05 5.295e-06 1.441e-05 1.343e-05  0.000e+00  0.000e+00  1.0384e-01  4.0179e-01
3.27358e+03  1.428e+00       1.428e+00       0.000e+00    0.000e+00  0.000e+00  6.009e-01 4.727e-06 6.376e-06 1.912e-05 5.404e-06 1.475e-05 1.379e-05  0.000e+00  0.000e+00  1.0687e-01  4.0441e-01
3.10525e+03  1.485e+00       1.485e+00       0.000e+00    0.000e+00  0.000e+00  6.494e-01 4.853e-06 6.547e-06 1.915e-05 5.515e-06 1.510e-05 1.416e-05  0.000e+00  0.000e+00  1.0991e-01  4.0691e-01
2.94779e+03  1.541e+00       1.541e+00       0.000e+00    0.000e+00  0.000e+00  6.999e-01 4.981e-06 6.720e-06 1.918e-05 5.628e-06 1.545e-05 1.453e-05  0.000e+00  0.000e+00  1.1297e-01  4.0929e-01
2.80048e+03  1.598e+00       1.598e+00       0.000e+00    0.000e+00  0.000e+00  7.522e-01 5.110e-06 6.894e-06 1.922e-05 5.743e-06 1.580e-05 1.491e-05  0.000e+00  0.000e+00  1.1604e-01  4.1156e-01
2.66262e+03  1.655e+00       1.655e+00       0.000e+00    0.000e+00  0.000e+00  8.064e-01 5.241e-06 7.070e-06 1.925e-05 5.859e-06 1.616e-05 1.529e-05  0.000e+00  0.000e+00  1.1911e-01  4.1371e-01
2.53356e+03  1.711e+00       1.711e+00       0.000e+00    0.000e+00  0.000e+00  8.625e-01 5.373e-06 7.248e-06 1.929e-05 5.977e-06 1.652e-05 1.567e-05  0.000e+00  0.000e+00  1.2220e-01  4.1576e-01
2.41269e+03  1.768e+00       1.768e+00       0.000e+00    0.000e+00  0.000e+00  9.204e-01 5.506e-06 7.427e-06 1.932e-05 6.097e-06 1.689e-05 1.606e-05  0.000e+00  0.000e+00  1.2529e-01  4.1770e-01
2.29942e+03  1.824e+00       1.824e+00       0.000e+00    0.000e+00  0.000e+00  9.803e-01 5.640e-06 7.608e-06 1.936e-05 6.218e-06 1.726e-05 1.645e-05  0.000e+00  0.000e+00  1.2838e-01  4.1955e-01
2.19321e+03  1.881e+00       1.881e+00       0.000e+00    0.000e+00  0.000e+00  1.042e+00 5.775e-06 7.790e-06 1.940e-05 6.341e-06 1.764e-05 1.684e-05  0.000e+00  0.000e+00  1.3147e-01  4.2131e-01
2.09355e+03  1.937e+00       1.937e+00       0.000e+00    0.000e+00  0.000e+00  1.106e+00 5.911e-06 7.973e-06 1.944e-05 6.465e-06 1.801e-05 1.723e-05  0.000e+00  0.000e+00  1.3456e-01  4.2297e-01
1.99999e+03  1.994e+00       1.994e+00       0.000e+00    0.000e+00  0.000e+00  1.171e+00 6.047e-06 8.158e-06 1.949e-05 6.590e-06 1.839e-05 1.763e-05  0.000e+00  0.000e+00  1.3764e-01  4.2456e-01
1.91207e+03  2.051e+00       2.051e+00       0.000e+00    0.000e+00  0.000e+00  1.239e+00 6.185e-06 8.343e-06 1.953e-05 6.717e-06 1.878e-05 1.803e-05  0.000e+00  0.000e+00  1.4071e-01  4.2606e-01
1.82941e+03  2.107e+00       2.107e+00       0.000e+00    0.000e+00  0.000e+00  1.308e+00 6.323e-06 8.530e-06 1.957e-05 6.844e-06 1.916e-05 1.843e-05  0.000e+00  0.000e+00  1.4378e-01  4.2749e-01
1.75162e+03  2.164e+00       2.164e+00       0.000e+00    0.000e+00  0.000e+00  1.379e+00 6.462e-06 8.717e-06 1.962e-05 6.973e-06 1.955e-05 1.884e-05  0.000e+00  0.000e+00  1.4684e-01  4.2885e-01
1.67836e+03  2.220e+00       2.220e+00       0.000e+00    0.000e+00  0.000e+00  1.452e+00 6.601e-06 8.905e-06 1.967e-05 7.102e-06 1.995e-05 1.925e-05  0.000e+00  0.000e+00  1.4987e-01  4.3008e-01
1.60932e+03  2.277e+00       2.277e+00       0.000e+00    0.000e+00  0.000e+00  1.527e+00 6.741e-06 9.094e-06 1.971e-05 7.232e-06 2.034e-05 1.965e-05  0.000e+00  0.000e+00  1.5290e-01  4.3130e-01
1.54420e+03  2.333e+00       2.333e+00       0.000e+00    0.000e+00  0.000e+00  1.604e+00 6.882e-06 9.284e-06 1.976e-05 7.364e-06 2.074e-05 2.006e-05  0.000e+00  0.000e+00  1.5593e-01  4.3247e-01
1.48272e+03  2.390e+00       2.390e+00       0.000e+00    0.000e+00  0.000e+00  1.682e+00 7.023e-06 9.475e-06 1.981e-05 7.496e-06 2.113e-05 2.047e-05  0.000e+00  0.000e+00  1.5894e-01  4.3358e-01
1.42465e+03  2.447e+00       2.447e+00       0.000e+00    0.000e+00  0.000e+00  1.763e+00 7.165e-06 9.666e-06 1.986e-05 7.629e-06 2.153e-05 2.089e-05  0.000e+00  0.000e+00  1.6193e-01  4.3464e-01
1.36975e+03  2.503e+00       2.503e+00       0.000e+00    0.000e+00  0.000e+00  1.845e+00 7.307e-06 9.857e-06 1.991e-05 7.763e-06 2.194e-05 2.130e-05  0.000e+00  0.000e+00  1.6491e-01  4.3564e-01
1.31781e+03  2.560e+00       2.560e+00       0.000e+00    0.000e+00  0.000e+00  1.930e+00 7.450e-06 1.005e-05 1.997e-05 7.897e-06 2.234e-05 2.172e-05  0.000e+00  0.000e+00  1.6787e-01  4.3660e-01
1.26862e+03  2.616e+00       2.616e+00       0.000e+00    0.000e+00  0.000e+00  2.016e+00 7.593e-06 1.024e-05 2.002e-05 8.032e-06 2.274e-05 2.213e-05  0.000e+00  0.000e+00  1.7081e-01  4.3751e-01
1.22202e+03  2.673e+00       2.673e+00       0.000e+00    0.000e+00  0.000e+00  2.104e+00 7.736e-06 1.044e-05 2.007e-05 8.168e-06 2.315e-05 2.255e-05  0.000e+00  0.000e+00  1.7374e-01  4.3838e-01
1.17782e+03  2.729e+00       2.729e+00       0.000e+00    0.000e+00  0.000e+00  2.194e+00 7.880e-06 1.063e-05 2.013e-05 8.304e-06 2.356e-05 2.297e-05  0.000e+00  0.000e+00  1.7664e-01  4.3921e-01
1.13588e+03  2.786e+00       2.786e+00       0.000e+00    0.000e+00  0.000e+00  2.286e+00 8.024e-06 1.082e-05 2.019e-05 8.441e-06 2.397e-05 2.339e-05  0.000e+00  0.000e+00  1.7953e-01  4.4001e-01
1.09605e+03  2.843e+00       2.843e+00       0.000e+00    0.000e+00  0.000e+00  2.380e+00 8.169e-06 1.102e-05 2.025e-05 8.579e-06 2.438e-05 2.381e-05  0.000e+00  0.000e+00  1.8240e-01  4.4076e-01
1.05820e+03  2.899e+00       2.899e+00       0.000e+00    0.000e+00  0.000e+00  2.476e+00 8.314e-06 1.122e-05 2.030e-05 8.717e-06 2.479e-05 2.423e-05  0.000e+00  0.000e+00  1.8525e-01  4.4149e-01
1.02220e+03  2.956e+00       2.956e+00       0.000e+00    0.000e+00  0.000e+00  2.573e+00 8.459e-06 1.141e-05 2.036e-05 8.855e-06 2.520e-05 2.465e-05  0.000e+00  0.000e+00  1.8808e-01  4.4218e-01
9.87943e+02  3.012e+00       3.012e+00       0.000e+00    0.000e+00  0.000e+00  2.673e+00 8.604e-06 1.161e-05 2.042e-05 8.994e-06 2.562e-05 2.507e-05  0.000e+00  0.000e+00  1.9088e-01  4.4284e-01
9.55321e+02  3.069e+00       3.069e+00       0.000e+00    0.000e+00  0.000e+00  2.774e+00 8.750e-06 1.180e-05 2.049e-05 9.133e-06 2.603e-05 2.550e-05  0.000e+00  0.000e+00  1.9365e-01  4.4342e-01
9.24234e+02  3.125e+00       3.125e+00       0.000e+00    0.000e+00  0.000e+00  2.877e+00 8.896e-06 1.200e-05 2.055e-05 9.273e-06 2.645e-05 2.593e-05  0.000e+00  0.000e+00  1.9641e-01  4.4402e-01
8.94592e+02  3.182e+00       3.182e+00       0.000e+00    0.000e+00  0.000e+00  2.982e+00 9.042e-06 1.220e-05 2.061e-05 9.414e-06 2.687e-05 2.635e-05  0.000e+00  0.000e+00  1.9915e-01  4.4460e-01
