     Energy         Kx              Ky       F.Density    GA.Brill.       Flux  Tot.Power  Nat.Size  Nat.Div.    Size.x    Size.y     Div.x     Div.y   Coh.Flux  Coh.Power   CohFrac.x   CohFrac.y
         eV          -               -  ph/s/mr^2/0.1%  F.Dens/mm^2  ph/s/0.1%         kW         m       rad         m         m       rad       rad  ph/s/0.1%          W           -           -
2.41269e+03  3.536e-01       3.536e-01       0.000e+00    0.000e+00  0.000e+00  3.682e-02 5.506e-06 7.427e-06 1.932e-05 6.097e-06 1.082e-05 9.462e-06  0.000e+00  0.000e+00  1.9564e-01  7.0880e-01
2.32347e+03  4.101e-01       4.101e-01       0.000e+00    0.000e+00  0.000e+00  4.954e-02 5.610e-06 7.569e-06 1.935e-05 6.192e-06 1.097e-05 9.641e-06  0.000e+00  0.000e+00  1.9995e-01  7.1132e-01
2.22883e+03  4.667e-01       4.667e-01       0.000e+00    0.000e+00  0.000e+00  6.415e-02 5.728e-06 7.728e-06 1.939e-05 6.299e-06 1.115e-05 9.845e-06  0.000e+00  0.000e+00  2.0471e-01  7.1381e-01
2.13085e+03  5.233e-01       5.233e-01       0.000e+00    0.000e+00  0.000e+00  8.064e-02 5.859e-06 7.903e-06 1.943e-05 6.418e-06 1.135e-05 1.007e-05  0.000e+00  0.000e+00  2.0998e-01  7.1662e-01
2.03134e+03  5.798e-01       5.798e-01       0.000e+00    0.000e+00  0.000e+00  9.902e-02 6.000e-06 8.095e-06 1.947e-05 6.547e-06 1.156e-05 1.031e-05  0.000e+00  0.000e+00  2.1569e-01  7.1955e-01
1.93187e+03  6.364e-01       6.364e-01       0.000e+00    0.000e+00  0.000e+00  1.193e-01 6.153e-06 8.300e-06 1.952e-05 6.687e-06 1.180e-05 1.057e-05  0.000e+00  0.000e+00  2.2178e-01  7.2249e-01
1.83372e+03  6.930e-01       6.930e-01       0.000e+00    0.000e+00  0.000e+00  1.414e-01 6.315e-06 8.520e-06 1.957e-05 6.837e-06 1.205e-05 1.085e-05  0.000e+00  0.000e+00  2.2821e-01  7.2542e-01
1.73791e+03  7.495e-01       7.495e-01       0.000e+00    0.000e+00  0.000e+00  1.655e-01 6.487e-06 8.751e-06 1.963e-05 6.996e-06 1.231e-05 1.114e-05  0.000e+00  0.000e+00  2.3493e-01  7.2833e-01
1.64521e+03  8.061e-01       8.061e-01       0.000e+00    0.000e+00  0.000e+00  1.914e-01 6.667e-06 8.994e-06 1.969e-05 7.164e-06 1.259e-05 1.145e-05  0.000e+00  0.000e+00  2.4192e-01  7.3117e-01
1.55617e+03  8.627e-01       8.627e-01       0.000e+00    0.000e+00  0.000e+00  2.192e-01 6.856e-06 9.248e-06 1.975e-05 7.339e-06 1.288e-05 1.177e-05  0.000e+00  0.000e+00  2.4913e-01  7.3393e-01
1.47115e+03  9.192e-01       9.192e-01       0.000e+00    0.000e+00  0.000e+00  2.489e-01 7.051e-06 9.512e-06 1.982e-05 7.522e-06 1.319e-05 1.210e-05  0.000e+00  0.000e+00  2.5653e-01  7.3659e-01
1.39037e+03  9.758e-01       9.758e-01       0.000e+00    0.000e+00  0.000e+00  2.805e-01 7.253e-06 9.784e-06 1.989e-05 7.711e-06 1.351e-05 1.245e-05  0.000e+00  0.000e+00  2.6409e-01  7.3915e-01
1.31391e+03  1.032e+00       1.032e+00       0.000e+00    0.000e+00  0.000e+00  3.139e-01 7.461e-06 1.006e-05 1.997e-05 7.907e-06 1.384e-05 1.281e-05  0.000e+00  0.000e+00  2.7178e-01  7.4160e-01
1.24178e+03  1.089e+00       1.089e+00       0.000e+00    0.000e+00  0.000e+00  3.493e-01 7.674e-06 1.035e-05 2.005e-05 8.109e-06 1.417e-05 1.317e-05  0.000e+00  0.000e+00  2.7956e-01  7.4393e-01
1.17389e+03  1.146e+00       1.146e+00       0.000e+00    0.000e+00  0.000e+00  3.865e-01 7.893e-06 1.065e-05 2.014e-05 8.317e-06 1.452e-05 1.354e-05  0.000e+00  0.000e+00  2.8743e-01  7.4615e-01
1.11013e+03  1.202e+00       1.202e+00       0.000e+00    0.000e+00  0.000e+00  4.256e-01 8.117e-06 1.095e-05 2.022e-05 8.529e-06 1.488e-05 1.393e-05  0.000e+00  0.000e+00  2.9534e-01  7.4825e-01
1.05033e+03  1.259e+00       1.259e+00       0.000e+00    0.000e+00  0.000e+00  4.666e-01 8.345e-06 1.126e-05 2.032e-05 8.746e-06 1.524e-05 1.432e-05  0.000e+00  0.000e+00  3.0329e-01  7.5024e-01
9.94312e+02  1.315e+00       1.315e+00       0.000e+00    0.000e+00  0.000e+00  5.095e-01 8.576e-06 1.157e-05 2.041e-05 8.968e-06 1.562e-05 1.472e-05  0.000e+00  0.000e+00  3.1119e-01  7.5193e-01
9.41868e+02  1.372e+00       1.372e+00       0.000e+00    0.000e+00  0.000e+00  5.543e-01 8.812e-06 1.189e-05 2.051e-05 9.193e-06 1.600e-05 1.512e-05  0.000e+00  0.000e+00  3.1915e-01  7.5369e-01
8.92795e+02  1.428e+00       1.428e+00       0.000e+00    0.000e+00  0.000e+00  6.009e-01 9.051e-06 1.221e-05 2.062e-05 9.422e-06 1.639e-05 1.553e-05  0.000e+00  0.000e+00  3.2710e-01  7.5535e-01
8.46887e+02  1.485e+00       1.485e+00       0.000e+00    0.000e+00  0.000e+00  6.494e-01 9.293e-06 1.254e-05 2.072e-05 9.655e-06 1.678e-05 1.594e-05  0.000e+00  0.000e+00  3.3501e-01  7.5692e-01
8.03943e+02  1.541e+00       1.541e+00       0.000e+00    0.000e+00  0.000e+00  6.999e-01 9.538e-06 1.287e-05 2.084e-05 9.891e-06 1.718e-05 1.636e-05  0.000e+00  0.000e+00  3.4288e-01  7.5839e-01
7.63767e+02  1.598e+00       1.598e+00       0.000e+00    0.000e+00  0.000e+00  7.522e-01 9.786e-06 1.320e-05 2.095e-05 1.013e-05 1.758e-05 1.678e-05  0.000e+00  0.000e+00  3.5070e-01  7.5978e-01
7.26169e+02  1.655e+00       1.655e+00       0.000e+00    0.000e+00  0.000e+00  8.064e-01 1.004e-05 1.354e-05 2.107e-05 1.037e-05 1.799e-05 1.721e-05  0.000e+00  0.000e+00  3.5846e-01  7.6109e-01
6.90971e+02  1.711e+00       1.711e+00       0.000e+00    0.000e+00  0.000e+00  8.625e-01 1.029e-05 1.388e-05 2.119e-05 1.062e-05 1.840e-05 1.764e-05  0.000e+00  0.000e+00  3.6614e-01  7.6232e-01
6.58006e+02  1.768e+00       1.768e+00       0.000e+00    0.000e+00  0.000e+00  9.204e-01 1.054e-05 1.422e-05 2.131e-05 1.086e-05 1.882e-05 1.808e-05  0.000e+00  0.000e+00  3.7375e-01  7.6348e-01
6.27114e+02  1.824e+00       1.824e+00       0.000e+00    0.000e+00  0.000e+00  9.803e-01 1.080e-05 1.457e-05 2.144e-05 1.111e-05 1.924e-05 1.852e-05  0.000e+00  0.000e+00  3.8128e-01  7.6457e-01
5.98148e+02  1.881e+00       1.881e+00       0.000e+00    0.000e+00  0.000e+00  1.042e+00 1.106e-05 1.492e-05 2.157e-05 1.136e-05 1.967e-05 1.896e-05  0.000e+00  0.000e+00  3.8871e-01  7.6560e-01
5.70969e+02  1.937e+00       1.937e+00       0.000e+00    0.000e+00  0.000e+00  1.106e+00 1.132e-05 1.527e-05 2.171e-05 1.162e-05 2.010e-05 1.940e-05  0.000e+00  0.000e+00  3.9605e-01  7.6658e-01
5.45451e+02  1.994e+00       1.994e+00       0.000e+00    0.000e+00  0.000e+00  1.171e+00 1.158e-05 1.562e-05 2.185e-05 1.187e-05 2.054e-05 1.986e-05  0.000e+00  0.000e+00  4.0322e-01  7.6733e-01
5.21474e+02  2.051e+00       2.051e+00       0.000e+00    0.000e+00  0.000e+00  1.239e+00 1.184e-05 1.598e-05 2.199e-05 1.213e-05 2.097e-05 2.031e-05  0.000e+00  0.000e+00  4.1035e-01  7.6819e-01
4.98929e+02  2.107e+00       2.107e+00       0.000e+00    0.000e+00  0.000e+00  1.308e+00 1.211e-05 1.633e-05 2.213e-05 1.239e-05 2.141e-05 2.076e-05  0.000e+00  0.000e+00  4.1738e-01  7.6901e-01
4.77714e+02  2.164e+00       2.164e+00       0.000e+00    0.000e+00  0.000e+00  1.379e+00 1.237e-05 1.669e-05 2.228e-05 1.265e-05 2.185e-05 2.121e-05  0.000e+00  0.000e+00  4.2430e-01  7.6977e-01
4.57734e+02  2.220e+00       2.220e+00       0.000e+00    0.000e+00  0.000e+00  1.452e+00 1.264e-05 1.705e-05 2.243e-05 1.291e-05 2.230e-05 2.167e-05  0.000e+00  0.000e+00  4.3110e-01  7.7050e-01
4.38905e+02  2.277e+00       2.277e+00       0.000e+00    0.000e+00  0.000e+00  1.527e+00 1.291e-05 1.741e-05 2.258e-05 1.317e-05 2.274e-05 2.213e-05  0.000e+00  0.000e+00  4.3780e-01  7.7119e-01
4.21144e+02  2.333e+00       2.333e+00       0.000e+00    0.000e+00  0.000e+00  1.604e+00 1.318e-05 1.778e-05 2.273e-05 1.344e-05 2.319e-05 2.259e-05  0.000e+00  0.000e+00  4.4438e-01  7.7184e-01
4.04379e+02  2.390e+00       2.390e+00       0.000e+00    0.000e+00  0.000e+00  1.682e+00 1.345e-05 1.814e-05 2.289e-05 1.370e-05 2.364e-05 2.305e-05  0.000e+00  0.000e+00  4.5085e-01  7.7245e-01
3.88542e+02  2.447e+00       2.447e+00       0.000e+00    0.000e+00  0.000e+00  1.763e+00 1.372e-05 1.851e-05 2.305e-05 1.397e-05 2.409e-05 2.352e-05  0.000e+00  0.000e+00  4.5720e-01  7.7304e-01
3.73569e+02  2.503e+00       2.503e+00       0.000e+00    0.000e+00  0.000e+00  1.845e+00 1.399e-05 1.888e-05 2.321e-05 1.424e-05 2.455e-05 2.398e-05  0.000e+00  0.000e+00  4.6344e-01  7.7360e-01
3.59402e+02  2.560e+00       2.560e+00       0.000e+00    0.000e+00  0.000e+00  1.930e+00 1.427e-05 1.924e-05 2.338e-05 1.450e-05 2.501e-05 2.445e-05  0.000e+00  0.000e+00  4.6949e-01  7.7399e-01
3.45988e+02  2.616e+00       2.616e+00       0.000e+00    0.000e+00  0.000e+00  2.016e+00 1.454e-05 1.961e-05 2.355e-05 1.477e-05 2.547e-05 2.492e-05  0.000e+00  0.000e+00  4.7549e-01  7.7449e-01
3.33277e+02  2.673e+00       2.673e+00       0.000e+00    0.000e+00  0.000e+00  2.104e+00 1.481e-05 1.998e-05 2.372e-05 1.504e-05 2.593e-05 2.539e-05  0.000e+00  0.000e+00  4.8138e-01  7.7496e-01
3.21223e+02  2.729e+00       2.729e+00       0.000e+00    0.000e+00  0.000e+00  2.194e+00 1.509e-05 2.036e-05 2.389e-05 1.531e-05 2.639e-05 2.586e-05  0.000e+00  0.000e+00  4.8715e-01  7.7541e-01
3.09785e+02  2.786e+00       2.786e+00       0.000e+00    0.000e+00  0.000e+00  2.286e+00 1.537e-05 2.073e-05 2.407e-05 1.559e-05 2.685e-05 2.634e-05  0.000e+00  0.000e+00  4.9281e-01  7.7584e-01
2.98922e+02  2.843e+00       2.843e+00       0.000e+00    0.000e+00  0.000e+00  2.380e+00 1.564e-05 2.110e-05 2.424e-05 1.586e-05 2.732e-05 2.681e-05  0.000e+00  0.000e+00  4.9836e-01  7.7625e-01
2.88599e+02  2.899e+00       2.899e+00       0.000e+00    0.000e+00  0.000e+00  2.476e+00 1.592e-05 2.148e-05 2.442e-05 1.613e-05 2.778e-05 2.728e-05  0.000e+00  0.000e+00  5.0379e-01  7.7664e-01
2.78782e+02  2.956e+00       2.956e+00       0.000e+00    0.000e+00  0.000e+00  2.573e+00 1.620e-05 2.185e-05 2.461e-05 1.641e-05 2.825e-05 2.776e-05  0.000e+00  0.000e+00  5.0912e-01  7.7701e-01
2.69439e+02  3.012e+00       3.012e+00       0.000e+00    0.000e+00  0.000e+00  2.673e+00 1.648e-05 2.223e-05 2.479e-05 1.668e-05 2.872e-05 2.824e-05  0.000e+00  0.000e+00  5.1433e-01  7.7736e-01
2.60542e+02  3.069e+00       3.069e+00       0.000e+00    0.000e+00  0.000e+00  2.774e+00 1.675e-05 2.260e-05 2.498e-05 1.696e-05 2.919e-05 2.871e-05  0.000e+00  0.000e+00  5.1944e-01  7.7770e-01
2.52064e+02  3.125e+00       3.125e+00       0.000e+00    0.000e+00  0.000e+00  2.877e+00 1.703e-05 2.298e-05 2.517e-05 1.723e-05 2.966e-05 2.920e-05  0.000e+00  0.000e+00  5.2437e-01  7.7791e-01
2.43980e+02  3.182e+00       3.182e+00       0.000e+00    0.000e+00  0.000e+00  2.982e+00 1.731e-05 2.336e-05 2.536e-05 1.751e-05 3.013e-05 2.968e-05  0.000e+00  0.000e+00  5.2926e-01  7.7822e-01
