     Energy         Kx              Ky       F.Density    GA.Brill.       Flux  Tot.Power  Nat.Size  Nat.Div.    Size.x    Size.y     Div.x     Div.y   Coh.Flux  Coh.Power   CohFrac.x   CohFrac.y
         eV          -               -  ph/s/mr^2/0.1%  F.Dens/mm^2  ph/s/0.1%         kW         m       rad         m         m       rad       rad  ph/s/0.1%          W           -           -
2.41269e+03  5.000e-01       3.062e-17       1.002e+16    1.353e+19  6.443e+12  3.682e-02 5.506e-06 7.427e-06 1.932e-05 6.097e-06 1.082e-05 9.462e-06  8.935e+11  1.775e-04  1.9564e-01  7.0880e-01
2.29085e+03  6.080e-01       3.723e-17       2.539e+16    3.351e+19  1.709e+13  5.444e-02 5.650e-06 7.622e-06 1.937e-05 6.228e-06 1.103e-05 9.709e-06  2.454e+12  4.874e-04  2.0157e-01  7.1226e-01
2.16048e+03  7.160e-01       4.384e-17       5.138e+16    6.601e+19  3.644e+13  7.550e-02 5.818e-06 7.849e-06 1.942e-05 6.381e-06 1.129e-05 9.999e-06  5.434e+12  1.080e-03  2.0836e-01  7.1578e-01
2.02635e+03  8.240e-01       5.046e-17       8.814e+16    1.099e+20  6.618e+13  9.999e-02 6.008e-06 8.105e-06 1.947e-05 6.554e-06 1.158e-05 1.032e-05  1.029e+13  2.043e-03  2.1599e-01  7.1969e-01
1.89239e+03  9.320e-01       5.707e-17       1.334e+17    1.611e+20  1.065e+14  1.279e-01 6.217e-06 8.387e-06 1.954e-05 6.746e-06 1.190e-05 1.068e-05  1.729e+13  3.434e-03  2.2431e-01  7.2366e-01
1.76160e+03  1.040e+00       6.368e-17       1.834e+17    2.140e+20  1.561e+14  1.593e-01 6.443e-06 8.692e-06 1.961e-05 6.956e-06 1.224e-05 1.107e-05  2.650e+13  5.263e-03  2.3323e-01  7.2760e-01
1.63614e+03  1.148e+00       7.029e-17       2.337e+17    2.630e+20  2.127e+14  1.941e-01 6.686e-06 9.019e-06 1.969e-05 7.181e-06 1.262e-05 1.148e-05  3.776e+13  7.500e-03  2.4263e-01  7.3145e-01
1.51740e+03  1.256e+00       7.691e-17       2.805e+17    3.041e+20  2.735e+14  2.323e-01 6.943e-06 9.366e-06 1.978e-05 7.420e-06 1.302e-05 1.192e-05  5.076e+13  1.008e-02  2.5244e-01  7.3514e-01
1.40618e+03  1.364e+00       8.352e-17       3.211e+17    3.351e+20  3.358e+14  2.740e-01 7.212e-06 9.729e-06 1.988e-05 7.673e-06 1.344e-05 1.238e-05  6.513e+13  1.294e-02  2.6257e-01  7.3865e-01
1.30281e+03  1.472e+00       9.013e-17       3.541e+17    3.553e+20  3.973e+14  3.191e-01 7.493e-06 1.011e-05 1.998e-05 7.937e-06 1.389e-05 1.286e-05  8.045e+13  1.598e-02  2.7294e-01  7.4195e-01
1.20731e+03  1.580e+00       9.675e-17       3.789e+17    3.654e+20  4.562e+14  3.676e-01 7.783e-06 1.050e-05 2.009e-05 8.212e-06 1.435e-05 1.336e-05  9.635e+13  1.914e-02  2.8349e-01  7.4505e-01
1.11944e+03  1.688e+00       1.034e-16       3.958e+17    3.669e+20  5.114e+14  4.196e-01 8.083e-06 1.090e-05 2.021e-05 8.497e-06 1.483e-05 1.387e-05  1.125e+14  2.235e-02  2.9415e-01  7.4794e-01
1.03883e+03  1.796e+00       1.100e-16       4.058e+17    3.613e+20  5.621e+14  4.750e-01 8.391e-06 1.132e-05 2.034e-05 8.790e-06 1.532e-05 1.439e-05  1.287e+14  2.556e-02  3.0489e-01  7.5062e-01
9.65038e+02  1.904e+00       1.166e-16       4.097e+17    3.504e+20  6.085e+14  5.339e-01 8.706e-06 1.174e-05 2.047e-05 9.091e-06 1.583e-05 1.494e-05  1.446e+14  2.872e-02  3.1557e-01  7.5291e-01
8.97556e+02  2.012e+00       1.232e-16       4.086e+17    3.358e+20  6.500e+14  5.962e-01 9.027e-06 1.218e-05 2.061e-05 9.399e-06 1.635e-05 1.549e-05  1.602e+14  3.182e-02  3.2630e-01  7.5519e-01
8.35881e+02  2.120e+00       1.298e-16       4.036e+17    3.187e+20  6.869e+14  6.619e-01 9.354e-06 1.262e-05 2.075e-05 9.714e-06 1.688e-05 1.605e-05  1.753e+14  3.482e-02  3.3698e-01  7.5730e-01
7.79518e+02  2.228e+00       1.364e-16       3.957e+17    3.003e+20  7.196e+14  7.310e-01 9.686e-06 1.307e-05 2.090e-05 1.003e-05 1.742e-05 1.661e-05  1.899e+14  3.772e-02  3.4758e-01  7.5924e-01
7.27990e+02  2.336e+00       1.430e-16       3.856e+17    2.813e+20  7.484e+14  8.036e-01 1.002e-05 1.352e-05 2.106e-05 1.036e-05 1.797e-05 1.719e-05  2.040e+14  4.051e-02  3.5807e-01  7.6103e-01
6.80855e+02  2.444e+00       1.497e-16       3.740e+17    2.623e+20  7.738e+14  8.796e-01 1.036e-05 1.398e-05 2.123e-05 1.069e-05 1.853e-05 1.777e-05  2.174e+14  4.319e-02  3.6843e-01  7.6268e-01
6.37700e+02  2.552e+00       1.563e-16       3.613e+17    2.438e+20  7.961e+14  9.591e-01 1.071e-05 1.445e-05 2.140e-05 1.103e-05 1.910e-05 1.836e-05  2.304e+14  4.576e-02  3.7865e-01  7.6420e-01
5.98148e+02  2.660e+00       1.629e-16       3.481e+17    2.260e+20  8.157e+14  1.042e+00 1.106e-05 1.492e-05 2.157e-05 1.136e-05 1.967e-05 1.896e-05  2.427e+14  4.822e-02  3.8871e-01  7.6560e-01
5.61855e+02  2.768e+00       1.695e-16       3.346e+17    2.091e+20  8.331e+14  1.128e+00 1.141e-05 1.539e-05 2.176e-05 1.171e-05 2.025e-05 1.956e-05  2.546e+14  5.057e-02  3.9852e-01  7.6675e-01
5.28512e+02  2.876e+00       1.761e-16       3.211e+17    1.933e+20  8.482e+14  1.218e+00 1.176e-05 1.587e-05 2.194e-05 1.205e-05 2.084e-05 2.017e-05  2.659e+14  5.282e-02  4.0822e-01  7.6794e-01
4.97838e+02  2.984e+00       1.827e-16       3.078e+17    1.785e+20  8.614e+14  1.311e+00 1.212e-05 1.635e-05 2.214e-05 1.240e-05 2.143e-05 2.078e-05  2.767e+14  5.497e-02  4.1773e-01  7.6905e-01
4.69579e+02  3.092e+00       1.893e-16       2.948e+17    1.647e+20  8.730e+14  1.408e+00 1.248e-05 1.684e-05 2.234e-05 1.275e-05 2.203e-05 2.140e-05  2.871e+14  5.703e-02  4.2703e-01  7.7007e-01
4.43509e+02  3.200e+00       1.959e-16       2.822e+17    1.520e+20  8.832e+14  1.508e+00 1.284e-05 1.732e-05 2.254e-05 1.311e-05 2.263e-05 2.201e-05  2.970e+14  5.900e-02  4.3614e-01  7.7102e-01
4.19424e+02  3.308e+00       2.026e-16       2.700e+17    1.403e+20  8.922e+14  1.612e+00 1.321e-05 1.781e-05 2.275e-05 1.346e-05 2.324e-05 2.264e-05  3.065e+14  6.088e-02  4.4503e-01  7.7190e-01
3.97141e+02  3.416e+00       2.092e-16       2.583e+17    1.295e+20  9.002e+14  1.718e+00 1.357e-05 1.831e-05 2.296e-05 1.382e-05 2.384e-05 2.326e-05  3.156e+14  6.269e-02  4.5372e-01  7.7272e-01
3.76497e+02  3.524e+00       2.158e-16       2.471e+17    1.196e+20  9.072e+14  1.829e+00 1.394e-05 1.880e-05 2.318e-05 1.418e-05 2.446e-05 2.389e-05  3.243e+14  6.442e-02  4.6220e-01  7.7349e-01
3.57343e+02  3.632e+00       2.224e-16       2.364e+17    1.105e+20  9.137e+14  1.943e+00 1.431e-05 1.930e-05 2.341e-05 1.454e-05 2.508e-05 2.452e-05  3.327e+14  6.609e-02  4.7039e-01  7.7407e-01
3.39547e+02  3.740e+00       2.290e-16       2.263e+17    1.022e+20  9.192e+14  2.060e+00 1.468e-05 1.980e-05 2.363e-05 1.491e-05 2.570e-05 2.516e-05  3.407e+14  6.768e-02  4.7845e-01  7.7473e-01
3.22991e+02  3.848e+00       2.356e-16       2.166e+17    9.458e+19  9.241e+14  2.181e+00 1.505e-05 2.030e-05 2.387e-05 1.527e-05 2.632e-05 2.579e-05  3.484e+14  6.921e-02  4.8629e-01  7.7534e-01
3.07568e+02  3.956e+00       2.422e-16       2.075e+17    8.759e+19  9.284e+14  2.305e+00 1.542e-05 2.080e-05 2.410e-05 1.564e-05 2.695e-05 2.643e-05  3.558e+14  7.068e-02  4.9393e-01  7.7592e-01
2.93180e+02  4.064e+00       2.488e-16       1.988e+17    8.118e+19  9.323e+14  2.432e+00 1.579e-05 2.131e-05 2.434e-05 1.601e-05 2.757e-05 2.707e-05  3.629e+14  7.210e-02  5.0136e-01  7.7646e-01
2.79742e+02  4.172e+00       2.555e-16       1.906e+17    7.530e+19  9.358e+14  2.563e+00 1.617e-05 2.181e-05 2.459e-05 1.638e-05 2.820e-05 2.771e-05  3.698e+14  7.346e-02  5.0859e-01  7.7697e-01
2.67174e+02  4.280e+00       2.621e-16       1.828e+17    6.991e+19  9.389e+14  2.698e+00 1.655e-05 2.232e-05 2.484e-05 1.675e-05 2.884e-05 2.836e-05  3.764e+14  7.476e-02  5.1562e-01  7.7745e-01
2.55406e+02  4.388e+00       2.687e-16       1.754e+17    6.496e+19  9.417e+14  2.836e+00 1.692e-05 2.283e-05 2.509e-05 1.712e-05 2.947e-05 2.900e-05  3.827e+14  7.602e-02  5.2246e-01  7.7790e-01
2.44375e+02  4.496e+00       2.753e-16       1.684e+17    6.042e+19  9.444e+14  2.977e+00 1.730e-05 2.334e-05 2.535e-05 1.750e-05 3.011e-05 2.965e-05  3.888e+14  7.724e-02  5.2902e-01  7.7820e-01
2.34021e+02  4.604e+00       2.819e-16       1.617e+17    5.625e+19  9.467e+14  3.122e+00 1.768e-05 2.385e-05 2.561e-05 1.787e-05 3.075e-05 3.030e-05  3.947e+14  7.840e-02  5.3547e-01  7.7860e-01
2.24293e+02  4.712e+00       2.885e-16       1.554e+17    5.241e+19  9.487e+14  3.270e+00 1.806e-05 2.436e-05 2.587e-05 1.825e-05 3.139e-05 3.095e-05  4.004e+14  7.953e-02  5.4173e-01  7.7897e-01
2.15142e+02  4.820e+00       2.951e-16       1.495e+17    4.888e+19  9.506e+14  3.421e+00 1.844e-05 2.487e-05 2.614e-05 1.862e-05 3.203e-05 3.160e-05  4.058e+14  8.061e-02  5.4782e-01  7.7932e-01
2.06525e+02  4.928e+00       3.018e-16       1.438e+17    4.562e+19  9.522e+14  3.576e+00 1.882e-05 2.539e-05 2.641e-05 1.900e-05 3.267e-05 3.225e-05  4.111e+14  8.166e-02  5.5373e-01  7.7966e-01
1.98402e+02  5.036e+00       3.084e-16       1.385e+17    4.263e+19  9.537e+14  3.735e+00 1.920e-05 2.590e-05 2.668e-05 1.938e-05 3.332e-05 3.290e-05  4.162e+14  8.267e-02  5.5947e-01  7.7997e-01
1.90738e+02  5.144e+00       3.150e-16       1.334e+17    3.986e+19  9.550e+14  3.897e+00 1.958e-05 2.642e-05 2.696e-05 1.976e-05 3.396e-05 3.356e-05  4.211e+14  8.364e-02  5.6504e-01  7.8027e-01
1.83499e+02  5.252e+00       3.216e-16       1.285e+17    3.731e+19  9.565e+14  4.062e+00 1.996e-05 2.693e-05 2.723e-05 2.014e-05 3.461e-05 3.421e-05  4.258e+14  8.458e-02  5.7037e-01  7.8045e-01
1.76655e+02  5.360e+00       3.282e-16       1.240e+17    3.495e+19  9.576e+14  4.231e+00 2.035e-05 2.745e-05 2.752e-05 2.052e-05 3.526e-05 3.487e-05  4.304e+14  8.549e-02  5.7562e-01  7.8072e-01
1.70179e+02  5.468e+00       3.348e-16       1.196e+17    3.276e+19  9.587e+14  4.403e+00 2.073e-05 2.797e-05 2.780e-05 2.090e-05 3.591e-05 3.553e-05  4.348e+14  8.636e-02  5.8071e-01  7.8097e-01
1.64045e+02  5.576e+00       3.414e-16       1.154e+17    3.074e+19  9.596e+14  4.579e+00 2.111e-05 2.848e-05 2.809e-05 2.128e-05 3.656e-05 3.618e-05  4.390e+14  8.721e-02  5.8565e-01  7.8121e-01
1.58230e+02  5.684e+00       3.480e-16       1.115e+17    2.887e+19  9.604e+14  4.758e+00 2.150e-05 2.900e-05 2.838e-05 2.166e-05 3.721e-05 3.684e-05  4.431e+14  8.803e-02  5.9045e-01  7.8144e-01
1.52714e+02  5.792e+00       3.547e-16       1.077e+17    2.713e+19  9.612e+14  4.940e+00 2.188e-05 2.952e-05 2.867e-05 2.204e-05 3.786e-05 3.750e-05  4.471e+14  8.882e-02  5.9510e-01  7.8166e-01
1.47475e+02  5.900e+00       3.613e-16       1.042e+17    2.552e+19  9.619e+14  5.126e+00 2.227e-05 3.004e-05 2.897e-05 2.242e-05 3.852e-05 3.816e-05  4.510e+14  8.958e-02  5.9962e-01  7.8187e-01
