     Energy         Kx              Ky       F.Density    GA.Brill.       Flux  Tot.Power  Nat.Size  Nat.Div.    Size.x    Size.y     Div.x     Div.y   Coh.Flux  Coh.Power   CohFrac.x   CohFrac.y
         eV          -               -  ph/s/mr^2/0.1%  F.Dens/mm^2  ph/s/0.1%         kW         m       rad         m         m       rad       rad  ph/s/0.1%          W           -           -
7.53678e+03  0.000e+00       5.000e-01       5.095e+14    1.056e+18  2.696e+11  1.312e-01 3.138e-06 4.172e-06 1.879e-05 4.087e-06 9.952e-06 8.461e-06  7.144e+09  1.419e-06  7.0012e-02  3.7851e-01
7.40693e+03  0.000e+00       5.380e-01       9.409e+14    1.939e+18  5.053e+11  1.519e-01 3.165e-06 4.209e-06 1.879e-05 4.109e-06 1.001e-05 8.535e-06  1.359e+10  2.699e-06  7.0779e-02  3.7988e-01
7.27246e+03  0.000e+00       5.760e-01       1.642e+15    3.365e+18  8.956e+11  1.741e-01 3.194e-06 4.247e-06 1.880e-05 4.131e-06 1.008e-05 8.613e-06  2.445e+10  4.857e-06  7.1593e-02  3.8132e-01
7.13411e+03  0.000e+00       6.140e-01       2.724e+15    5.550e+18  1.511e+12  1.979e-01 3.225e-06 4.288e-06 1.880e-05 4.155e-06 1.015e-05 8.695e-06  4.191e+10  8.325e-06  7.2455e-02  3.8282e-01
6.99259e+03  0.000e+00       6.520e-01       4.325e+15    8.755e+18  2.440e+12  2.231e-01 3.257e-06 4.332e-06 1.881e-05 4.180e-06 1.023e-05 8.782e-06  6.881e+10  1.367e-05  7.3361e-02  3.8436e-01
6.84857e+03  0.000e+00       6.900e-01       6.598e+15    1.327e+19  3.790e+12  2.499e-01 3.291e-06 4.377e-06 1.881e-05 4.207e-06 1.030e-05 8.873e-06  1.087e+11  2.159e-05  7.4310e-02  3.8596e-01
6.70271e+03  0.000e+00       7.280e-01       9.713e+15    1.940e+19  5.687e+12  2.782e-01 3.327e-06 4.424e-06 1.882e-05 4.235e-06 1.039e-05 8.970e-06  1.659e+11  3.296e-05  7.5291e-02  3.8752e-01
6.55560e+03  0.000e+00       7.660e-01       1.384e+16    2.745e+19  8.263e+12  3.079e-01 3.364e-06 4.474e-06 1.883e-05 4.264e-06 1.047e-05 9.069e-06  2.454e+11  4.876e-05  7.6322e-02  3.8919e-01
6.40782e+03  0.000e+00       8.040e-01       1.917e+16    3.771e+19  1.167e+13  3.393e-01 3.403e-06 4.525e-06 1.883e-05 4.294e-06 1.056e-05 9.173e-06  3.530e+11  7.012e-05  7.7392e-02  3.9089e-01
6.25987e+03  0.000e+00       8.420e-01       2.584e+16    5.045e+19  1.605e+13  3.721e-01 3.443e-06 4.578e-06 1.884e-05 4.326e-06 1.066e-05 9.280e-06  4.948e+11  9.828e-05  7.8499e-02  3.9261e-01
6.11222e+03  0.000e+00       8.800e-01       3.400e+16    6.585e+19  2.157e+13  4.064e-01 3.484e-06 4.633e-06 1.885e-05 4.359e-06 1.075e-05 9.390e-06  6.774e+11  1.346e-04  7.9642e-02  3.9435e-01
5.96532e+03  0.000e+00       9.180e-01       4.375e+16    8.406e+19  2.836e+13  4.423e-01 3.527e-06 4.690e-06 1.886e-05 4.393e-06 1.085e-05 9.504e-06  9.078e+11  1.803e-04  8.0818e-02  3.9610e-01
5.81953e+03  0.000e+00       9.560e-01       5.518e+16    1.051e+20  3.655e+13  4.797e-01 3.571e-06 4.748e-06 1.886e-05 4.429e-06 1.096e-05 9.622e-06  1.193e+12  2.369e-04  8.2028e-02  3.9787e-01
5.67522e+03  0.000e+00       9.940e-01       6.830e+16    1.290e+20  4.625e+13  5.185e-01 3.616e-06 4.808e-06 1.887e-05 4.465e-06 1.106e-05 9.743e-06  1.539e+12  3.058e-04  8.3268e-02  3.9964e-01
5.53266e+03  0.000e+00       1.032e+00       8.312e+16    1.556e+20  5.757e+13  5.590e-01 3.662e-06 4.870e-06 1.888e-05 4.503e-06 1.117e-05 9.867e-06  1.953e+12  3.880e-04  8.4538e-02  4.0141e-01
5.39214e+03  0.000e+00       1.070e+00       9.957e+16    1.847e+20  7.055e+13  6.009e-01 3.709e-06 4.933e-06 1.889e-05 4.541e-06 1.128e-05 9.994e-06  2.441e+12  4.850e-04  8.5835e-02  4.0318e-01
5.25388e+03  0.000e+00       1.108e+00       1.176e+17    2.161e+20  8.524e+13  6.443e-01 3.758e-06 4.997e-06 1.890e-05 4.581e-06 1.140e-05 1.012e-05  3.008e+12  5.976e-04  8.7160e-02  4.0494e-01
5.11806e+03  0.000e+00       1.146e+00       1.370e+17    2.494e+20  1.016e+14  6.893e-01 3.807e-06 5.063e-06 1.891e-05 4.622e-06 1.152e-05 1.026e-05  3.659e+12  7.268e-04  8.8510e-02  4.0669e-01
4.98485e+03  0.000e+00       1.184e+00       1.576e+17    2.843e+20  1.198e+14  7.357e-01 3.858e-06 5.130e-06 1.892e-05 4.663e-06 1.164e-05 1.039e-05  4.396e+12  8.733e-04  8.9884e-02  4.0843e-01
4.85439e+03  0.000e+00       1.222e+00       1.793e+17    3.203e+20  1.395e+14  7.837e-01 3.910e-06 5.199e-06 1.893e-05 4.706e-06 1.176e-05 1.053e-05  5.223e+12  1.038e-03  9.1281e-02  4.1016e-01
4.72677e+03  0.000e+00       1.260e+00       2.019e+17    3.571e+20  1.609e+14  8.332e-01 3.962e-06 5.268e-06 1.894e-05 4.750e-06 1.189e-05 1.067e-05  6.142e+12  1.220e-03  9.2699e-02  4.1187e-01
4.60208e+03  0.000e+00       1.298e+00       2.251e+17    3.942e+20  1.837e+14  8.842e-01 4.015e-06 5.339e-06 1.895e-05 4.794e-06 1.202e-05 1.081e-05  7.152e+12  1.421e-03  9.4138e-02  4.1356e-01
4.48037e+03  0.000e+00       1.336e+00       2.487e+17    4.312e+20  2.080e+14  9.368e-01 4.069e-06 5.411e-06 1.897e-05 4.840e-06 1.215e-05 1.096e-05  8.255e+12  1.640e-03  9.5596e-02  4.1524e-01
4.36170e+03  0.000e+00       1.374e+00       2.725e+17    4.677e+20  2.335e+14  9.908e-01 4.124e-06 5.485e-06 1.898e-05 4.886e-06 1.228e-05 1.111e-05  9.448e+12  1.877e-03  9.7072e-02  4.1689e-01
4.24608e+03  0.000e+00       1.412e+00       2.963e+17    5.034e+20  2.601e+14  1.046e+00 4.180e-06 5.559e-06 1.899e-05 4.933e-06 1.241e-05 1.125e-05  1.073e+13  2.131e-03  9.8565e-02  4.1851e-01
4.13352e+03  0.000e+00       1.450e+00       3.199e+17    5.379e+20  2.878e+14  1.103e+00 4.237e-06 5.634e-06 1.900e-05 4.981e-06 1.255e-05 1.141e-05  1.210e+13  2.403e-03  1.0007e-01  4.2011e-01
4.02401e+03  0.000e+00       1.488e+00       3.431e+17    5.709e+20  3.163e+14  1.162e+00 4.294e-06 5.710e-06 1.902e-05 5.030e-06 1.269e-05 1.156e-05  1.355e+13  2.692e-03  1.0160e-01  4.2169e-01
3.91754e+03  0.000e+00       1.526e+00       3.658e+17    6.023e+20  3.455e+14  1.222e+00 4.352e-06 5.787e-06 1.903e-05 5.080e-06 1.283e-05 1.171e-05  1.508e+13  2.996e-03  1.0314e-01  4.2323e-01
3.81408e+03  0.000e+00       1.564e+00       3.877e+17    6.317e+20  3.753e+14  1.284e+00 4.411e-06 5.865e-06 1.904e-05 5.130e-06 1.298e-05 1.187e-05  1.669e+13  3.315e-03  1.0469e-01  4.2475e-01
3.71359e+03  0.000e+00       1.602e+00       4.088e+17    6.590e+20  4.055e+14  1.347e+00 4.470e-06 5.944e-06 1.906e-05 5.181e-06 1.312e-05 1.203e-05  1.837e+13  3.648e-03  1.0625e-01  4.2625e-01
3.61603e+03  0.000e+00       1.640e+00       4.290e+17    6.842e+20  4.360e+14  1.412e+00 4.530e-06 6.024e-06 1.907e-05 5.233e-06 1.327e-05 1.219e-05  2.011e+13  3.995e-03  1.0783e-01  4.2771e-01
3.52136e+03  0.000e+00       1.678e+00       4.481e+17    7.071e+20  4.667e+14  1.478e+00 4.590e-06 6.104e-06 1.908e-05 5.285e-06 1.342e-05 1.235e-05  2.191e+13  4.353e-03  1.0941e-01  4.2915e-01
3.42951e+03  0.000e+00       1.716e+00       4.661e+17    7.276e+20  4.974e+14  1.545e+00 4.651e-06 6.185e-06 1.910e-05 5.338e-06 1.357e-05 1.252e-05  2.377e+13  4.723e-03  1.1101e-01  4.3055e-01
3.34043e+03  0.000e+00       1.754e+00       4.830e+17    7.458e+20  5.281e+14  1.615e+00 4.713e-06 6.267e-06 1.911e-05 5.392e-06 1.372e-05 1.268e-05  2.569e+13  5.103e-03  1.1261e-01  4.3193e-01
3.25406e+03  0.000e+00       1.792e+00       4.986e+17    7.617e+20  5.586e+14  1.685e+00 4.775e-06 6.350e-06 1.913e-05 5.446e-06 1.388e-05 1.285e-05  2.765e+13  5.492e-03  1.1423e-01  4.3327e-01
3.17032e+03  0.000e+00       1.830e+00       5.131e+17    7.753e+20  5.888e+14  1.758e+00 4.838e-06 6.433e-06 1.915e-05 5.501e-06 1.403e-05 1.302e-05  2.965e+13  5.889e-03  1.1585e-01  4.3459e-01
3.08917e+03  0.000e+00       1.868e+00       5.263e+17    7.867e+20  6.187e+14  1.831e+00 4.901e-06 6.517e-06 1.916e-05 5.557e-06 1.419e-05 1.319e-05  3.168e+13  6.293e-03  1.1748e-01  4.3588e-01
3.01052e+03  0.000e+00       1.906e+00       5.384e+17    7.960e+20  6.482e+14  1.907e+00 4.964e-06 6.602e-06 1.918e-05 5.613e-06 1.435e-05 1.336e-05  3.375e+13  6.704e-03  1.1911e-01  4.3714e-01
2.93431e+03  0.000e+00       1.944e+00       5.492e+17    8.032e+20  6.774e+14  1.983e+00 5.028e-06 6.687e-06 1.919e-05 5.670e-06 1.451e-05 1.353e-05  3.585e+13  7.121e-03  1.2074e-01  4.3830e-01
2.86046e+03  0.000e+00       1.982e+00       5.588e+17    8.084e+20  7.059e+14  2.062e+00 5.093e-06 6.773e-06 1.921e-05 5.727e-06 1.467e-05 1.370e-05  3.797e+13  7.542e-03  1.2238e-01  4.3951e-01
2.78892e+03  0.000e+00       2.020e+00       5.674e+17    8.117e+20  7.338e+14  2.142e+00 5.158e-06 6.859e-06 1.923e-05 5.785e-06 1.483e-05 1.388e-05  4.011e+13  7.967e-03  1.2403e-01  4.4068e-01
2.71961e+03  0.000e+00       2.058e+00       5.748e+17    8.134e+20  7.610e+14  2.223e+00 5.223e-06 6.946e-06 1.925e-05 5.843e-06 1.500e-05 1.405e-05  4.226e+13  8.395e-03  1.2569e-01  4.4182e-01
2.65246e+03  0.000e+00       2.096e+00       5.811e+17    8.134e+20  7.877e+14  2.306e+00 5.289e-06 7.033e-06 1.926e-05 5.902e-06 1.516e-05 1.423e-05  4.443e+13  8.826e-03  1.2735e-01  4.4294e-01
2.58741e+03  0.000e+00       2.134e+00       5.864e+17    8.119e+20  8.136e+14  2.390e+00 5.355e-06 7.121e-06 1.928e-05 5.961e-06 1.533e-05 1.441e-05  4.661e+13  9.258e-03  1.2901e-01  4.4403e-01
2.52438e+03  0.000e+00       2.172e+00       5.908e+17    8.090e+20  8.388e+14  2.476e+00 5.421e-06 7.209e-06 1.930e-05 6.021e-06 1.550e-05 1.458e-05  4.879e+13  9.692e-03  1.3068e-01  4.4510e-01
2.46332e+03  0.000e+00       2.210e+00       5.942e+17    8.049e+20  8.634e+14  2.563e+00 5.488e-06 7.298e-06 1.932e-05 6.081e-06 1.566e-05 1.476e-05  5.098e+13  1.013e-02  1.3234e-01  4.4614e-01
2.40416e+03  0.000e+00       2.248e+00       5.967e+17    7.996e+20  8.872e+14  2.652e+00 5.555e-06 7.387e-06 1.934e-05 6.142e-06 1.583e-05 1.494e-05  5.316e+13  1.056e-02  1.3401e-01  4.4715e-01
2.34683e+03  0.000e+00       2.286e+00       5.985e+17    7.932e+20  9.102e+14  2.743e+00 5.623e-06 7.477e-06 1.936e-05 6.203e-06 1.601e-05 1.512e-05  5.535e+13  1.099e-02  1.3569e-01  4.4814e-01
2.29129e+03  0.000e+00       2.324e+00       5.995e+17    7.859e+20  9.326e+14  2.835e+00 5.690e-06 7.567e-06 1.938e-05 6.265e-06 1.618e-05 1.531e-05  5.753e+13  1.143e-02  1.3736e-01  4.4911e-01
2.23745e+03  0.000e+00       2.362e+00       5.997e+17    7.778e+20  9.542e+14  2.928e+00 5.759e-06 7.658e-06 1.940e-05 6.326e-06 1.635e-05 1.549e-05  5.971e+13  1.186e-02  1.3903e-01  4.5005e-01
2.18528e+03  0.000e+00       2.400e+00       5.993e+17    7.689e+20  9.751e+14  3.023e+00 5.827e-06 7.748e-06 1.942e-05 6.389e-06 1.652e-05 1.567e-05  6.188e+13  1.229e-02  1.4071e-01  4.5097e-01
