     Energy         Kx              Ky       F.Density    GA.Brill.       Flux  Tot.Power  Nat.Size  Nat.Div.    Size.x    Size.y     Div.x     Div.y   Coh.Flux  Coh.Power   CohFrac.x   CohFrac.y
         eV          -               -  ph/s/mr^2/0.1%  F.Dens/mm^2  ph/s/0.1%         kW         m       rad         m         m       rad       rad  ph/s/0.1%          W           -           -
1.50736e+03  3.536e-01       3.536e-01       8.250e+17    8.852e+20  6.447e+14  1.312e-01 7.016e-06 9.330e-06 1.981e-05 7.489e-06 1.178e-05 1.055e-05  1.497e+14  2.974e-02  2.8044e-01  8.2811e-01
1.49518e+03  3.663e-01       3.663e-01       8.720e+17    9.318e+20  6.863e+14  1.408e-01 7.044e-06 9.367e-06 1.982e-05 7.516e-06 1.182e-05 1.060e-05  1.602e+14  3.182e-02  2.8166e-01  8.2854e-01
1.48278e+03  3.790e-01       3.790e-01       9.190e+17    9.779e+20  7.288e+14  1.508e-01 7.074e-06 9.407e-06 1.983e-05 7.543e-06 1.186e-05 1.064e-05  1.709e+14  3.395e-02  2.8293e-01  8.2898e-01
1.47017e+03  3.917e-01       3.917e-01       9.660e+17    1.023e+21  7.719e+14  1.611e-01 7.104e-06 9.447e-06 1.984e-05 7.572e-06 1.190e-05 1.069e-05  1.820e+14  3.615e-02  2.8422e-01  8.2943e-01
1.45736e+03  4.045e-01       4.045e-01       1.013e+18    1.068e+21  8.157e+14  1.717e-01 7.135e-06 9.488e-06 1.985e-05 7.601e-06 1.194e-05 1.073e-05  1.933e+14  3.840e-02  2.8556e-01  8.2988e-01
1.44438e+03  4.172e-01       4.172e-01       1.059e+18    1.112e+21  8.601e+14  1.827e-01 7.167e-06 9.531e-06 1.986e-05 7.631e-06 1.199e-05 1.078e-05  2.049e+14  4.071e-02  2.8692e-01  8.3034e-01
1.43124e+03  4.299e-01       4.299e-01       1.106e+18    1.156e+21  9.051e+14  1.940e-01 7.200e-06 9.574e-06 1.987e-05 7.662e-06 1.203e-05 1.083e-05  2.168e+14  4.307e-02  2.8832e-01  8.3081e-01
1.41795e+03  4.426e-01       4.426e-01       1.151e+18    1.198e+21  9.506e+14  2.057e-01 7.234e-06 9.619e-06 1.989e-05 7.693e-06 1.208e-05 1.088e-05  2.290e+14  4.548e-02  2.8975e-01  8.3128e-01
1.40452e+03  4.554e-01       4.554e-01       1.197e+18    1.239e+21  9.965e+14  2.177e-01 7.268e-06 9.665e-06 1.990e-05 7.726e-06 1.212e-05 1.093e-05  2.414e+14  4.795e-02  2.9122e-01  8.3176e-01
1.39098e+03  4.681e-01       4.681e-01       1.242e+18    1.279e+21  1.043e+15  2.300e-01 7.303e-06 9.712e-06 1.991e-05 7.759e-06 1.217e-05 1.098e-05  2.540e+14  5.046e-02  2.9271e-01  8.3224e-01
1.37734e+03  4.808e-01       4.808e-01       1.286e+18    1.318e+21  1.089e+15  2.427e-01 7.340e-06 9.760e-06 1.993e-05 7.793e-06 1.222e-05 1.104e-05  2.669e+14  5.303e-02  2.9423e-01  8.3273e-01
1.36360e+03  4.936e-01       4.936e-01       1.329e+18    1.355e+21  1.136e+15  2.557e-01 7.376e-06 9.809e-06 1.994e-05 7.828e-06 1.227e-05 1.109e-05  2.801e+14  5.564e-02  2.9579e-01  8.3322e-01
1.34979e+03  5.063e-01       5.063e-01       1.372e+18    1.391e+21  1.184e+15  2.691e-01 7.414e-06 9.859e-06 1.995e-05 7.863e-06 1.232e-05 1.115e-05  2.935e+14  5.830e-02  2.9737e-01  8.3372e-01
1.33591e+03  5.190e-01       5.190e-01       1.413e+18    1.426e+21  1.231e+15  2.828e-01 7.452e-06 9.910e-06 1.997e-05 7.900e-06 1.237e-05 1.121e-05  3.071e+14  6.100e-02  2.9898e-01  8.3422e-01
1.32198e+03  5.317e-01       5.317e-01       1.454e+18    1.459e+21  1.279e+15  2.968e-01 7.492e-06 9.962e-06 1.998e-05 7.936e-06 1.242e-05 1.127e-05  3.209e+14  6.374e-02  3.0062e-01  8.3472e-01
1.30801e+03  5.445e-01       5.445e-01       1.494e+18    1.491e+21  1.327e+15  3.112e-01 7.532e-06 1.002e-05 2.000e-05 7.974e-06 1.248e-05 1.133e-05  3.349e+14  6.653e-02  3.0229e-01  8.3522e-01
1.29402e+03  5.572e-01       5.572e-01       1.533e+18    1.521e+21  1.374e+15  3.259e-01 7.572e-06 1.007e-05 2.001e-05 8.013e-06 1.253e-05 1.139e-05  3.492e+14  6.936e-02  3.0398e-01  8.3573e-01
1.28001e+03  5.699e-01       5.699e-01       1.571e+18    1.550e+21  1.422e+15  3.409e-01 7.613e-06 1.012e-05 2.003e-05 8.052e-06 1.259e-05 1.145e-05  3.636e+14  7.223e-02  3.0570e-01  8.3624e-01
1.26599e+03  5.827e-01       5.827e-01       1.607e+18    1.577e+21  1.470e+15  3.563e-01 7.656e-06 1.018e-05 2.004e-05 8.091e-06 1.265e-05 1.151e-05  3.782e+14  7.513e-02  3.0744e-01  8.3675e-01
1.25197e+03  5.954e-01       5.954e-01       1.643e+18    1.603e+21  1.518e+15  3.721e-01 7.698e-06 1.024e-05 2.006e-05 8.132e-06 1.271e-05 1.157e-05  3.930e+14  7.808e-02  3.0920e-01  8.3726e-01
1.23797e+03  6.081e-01       6.081e-01       1.678e+18    1.627e+21  1.566e+15  3.882e-01 7.742e-06 1.029e-05 2.008e-05 8.173e-06 1.276e-05 1.164e-05  4.080e+14  8.105e-02  3.1099e-01  8.3777e-01
1.22400e+03  6.208e-01       6.208e-01       1.711e+18    1.650e+21  1.614e+15  4.046e-01 7.786e-06 1.035e-05 2.009e-05 8.215e-06 1.282e-05 1.171e-05  4.232e+14  8.406e-02  3.1280e-01  8.3828e-01
1.21005e+03  6.336e-01       6.336e-01       1.743e+18    1.671e+21  1.662e+15  4.213e-01 7.830e-06 1.041e-05 2.011e-05 8.257e-06 1.289e-05 1.177e-05  4.385e+14  8.711e-02  3.1463e-01  8.3879e-01
1.19615e+03  6.463e-01       6.463e-01       1.774e+18    1.690e+21  1.709e+15  4.384e-01 7.876e-06 1.047e-05 2.013e-05 8.300e-06 1.295e-05 1.184e-05  4.540e+14  9.018e-02  3.1649e-01  8.3930e-01
1.18229e+03  6.590e-01       6.590e-01       1.804e+18    1.708e+21  1.757e+15  4.559e-01 7.922e-06 1.053e-05 2.015e-05 8.344e-06 1.301e-05 1.191e-05  4.696e+14  9.329e-02  3.1836e-01  8.3981e-01
1.16849e+03  6.718e-01       6.718e-01       1.833e+18    1.725e+21  1.804e+15  4.737e-01 7.968e-06 1.060e-05 2.017e-05 8.388e-06 1.307e-05 1.198e-05  4.854e+14  9.642e-02  3.2025e-01  8.4032e-01
1.15476e+03  6.845e-01       6.845e-01       1.860e+18    1.739e+21  1.851e+15  4.918e-01 8.016e-06 1.066e-05 2.018e-05 8.433e-06 1.314e-05 1.205e-05  5.013e+14  9.958e-02  3.2216e-01  8.4082e-01
1.14109e+03  6.972e-01       6.972e-01       1.887e+18    1.753e+21  1.897e+15  5.102e-01 8.064e-06 1.072e-05 2.020e-05 8.478e-06 1.321e-05 1.212e-05  5.174e+14  1.028e-01  3.2410e-01  8.4133e-01
1.12750e+03  7.099e-01       7.099e-01       1.912e+18    1.765e+21  1.944e+15  5.290e-01 8.112e-06 1.079e-05 2.022e-05 8.525e-06 1.327e-05 1.219e-05  5.335e+14  1.060e-01  3.2604e-01  8.4183e-01
1.11400e+03  7.227e-01       7.227e-01       1.936e+18    1.776e+21  1.990e+15  5.482e-01 8.161e-06 1.085e-05 2.024e-05 8.571e-06 1.334e-05 1.227e-05  5.498e+14  1.092e-01  3.2801e-01  8.4233e-01
1.10058e+03  7.354e-01       7.354e-01       1.958e+18    1.785e+21  2.036e+15  5.677e-01 8.211e-06 1.092e-05 2.026e-05 8.618e-06 1.341e-05 1.234e-05  5.662e+14  1.125e-01  3.2999e-01  8.4283e-01
1.08726e+03  7.481e-01       7.481e-01       1.980e+18    1.793e+21  2.081e+15  5.875e-01 8.261e-06 1.099e-05 2.028e-05 8.666e-06 1.348e-05 1.242e-05  5.827e+14  1.158e-01  3.3199e-01  8.4333e-01
1.07403e+03  7.608e-01       7.608e-01       2.000e+18    1.799e+21  2.127e+15  6.076e-01 8.312e-06 1.105e-05 2.030e-05 8.715e-06 1.355e-05 1.249e-05  5.994e+14  1.191e-01  3.3400e-01  8.4382e-01
1.06091e+03  7.736e-01       7.736e-01       2.019e+18    1.804e+21  2.171e+15  6.281e-01 8.363e-06 1.112e-05 2.032e-05 8.763e-06 1.362e-05 1.257e-05  6.161e+14  1.224e-01  3.3603e-01  8.4431e-01
1.04789e+03  7.863e-01       7.863e-01       2.037e+18    1.808e+21  2.216e+15  6.490e-01 8.415e-06 1.119e-05 2.035e-05 8.813e-06 1.369e-05 1.265e-05  6.329e+14  1.257e-01  3.3807e-01  8.4480e-01
1.03499e+03  7.990e-01       7.990e-01       2.054e+18    1.811e+21  2.260e+15  6.702e-01 8.467e-06 1.126e-05 2.037e-05 8.863e-06 1.376e-05 1.272e-05  6.498e+14  1.291e-01  3.4012e-01  8.4528e-01
1.02220e+03  8.118e-01       8.118e-01       2.070e+18    1.813e+21  2.304e+15  6.917e-01 8.520e-06 1.133e-05 2.039e-05 8.913e-06 1.383e-05 1.280e-05  6.667e+14  1.324e-01  3.4219e-01  8.4576e-01
1.00952e+03  8.245e-01       8.245e-01       2.085e+18    1.813e+21  2.347e+15  7.135e-01 8.573e-06 1.140e-05 2.041e-05 8.964e-06 1.391e-05 1.288e-05  6.838e+14  1.358e-01  3.4427e-01  8.4624e-01
9.96970e+02  8.372e-01       8.372e-01       2.098e+18    1.813e+21  2.390e+15  7.357e-01 8.627e-06 1.147e-05 2.043e-05 9.016e-06 1.398e-05 1.296e-05  7.009e+14  1.392e-01  3.4636e-01  8.4671e-01
9.84541e+02  8.499e-01       8.499e-01       2.111e+18    1.811e+21  2.432e+15  7.583e-01 8.681e-06 1.154e-05 2.046e-05 9.068e-06 1.406e-05 1.305e-05  7.181e+14  1.426e-01  3.4846e-01  8.4718e-01
9.72237e+02  8.627e-01       8.627e-01       2.123e+18    1.809e+21  2.475e+15  7.812e-01 8.736e-06 1.162e-05 2.048e-05 9.120e-06 1.413e-05 1.313e-05  7.353e+14  1.461e-01  3.5057e-01  8.4765e-01
9.60060e+02  8.754e-01       8.754e-01       2.133e+18    1.805e+21  2.516e+15  8.044e-01 8.791e-06 1.169e-05 2.050e-05 9.173e-06 1.421e-05 1.321e-05  7.526e+14  1.495e-01  3.5270e-01  8.4811e-01
9.48013e+02  8.881e-01       8.881e-01       2.143e+18    1.801e+21  2.558e+15  8.279e-01 8.847e-06 1.176e-05 2.053e-05 9.226e-06 1.429e-05 1.330e-05  7.700e+14  1.530e-01  3.5476e-01  8.4838e-01
9.36097e+02  9.009e-01       9.009e-01       2.152e+18    1.795e+21  2.599e+15  8.518e-01 8.903e-06 1.184e-05 2.055e-05 9.280e-06 1.437e-05 1.338e-05  7.874e+14  1.564e-01  3.5690e-01  8.4883e-01
9.24313e+02  9.136e-01       9.136e-01       2.159e+18    1.789e+21  2.640e+15  8.761e-01 8.959e-06 1.191e-05 2.058e-05 9.335e-06 1.445e-05 1.346e-05  8.049e+14  1.599e-01  3.5904e-01  8.4928e-01
9.12664e+02  9.263e-01       9.263e-01       2.166e+18    1.782e+21  2.679e+15  9.007e-01 9.016e-06 1.199e-05 2.060e-05 9.389e-06 1.453e-05 1.355e-05  8.223e+14  1.634e-01  3.6120e-01  8.4972e-01
9.01149e+02  9.390e-01       9.390e-01       2.172e+18    1.775e+21  2.719e+15  9.256e-01 9.074e-06 1.207e-05 2.063e-05 9.444e-06 1.461e-05 1.364e-05  8.398e+14  1.668e-01  3.6336e-01  8.5016e-01
8.89770e+02  9.518e-01       9.518e-01       2.177e+18    1.766e+21  2.758e+15  9.508e-01 9.132e-06 1.214e-05 2.065e-05 9.500e-06 1.469e-05 1.372e-05  8.574e+14  1.703e-01  3.6553e-01  8.5059e-01
8.78527e+02  9.645e-01       9.645e-01       2.182e+18    1.757e+21  2.796e+15  9.764e-01 9.190e-06 1.222e-05 2.068e-05 9.556e-06 1.477e-05 1.381e-05  8.750e+14  1.738e-01  3.6771e-01  8.5102e-01
8.67421e+02  9.772e-01       9.772e-01       2.185e+18    1.747e+21  2.834e+15  1.002e+00 9.249e-06 1.230e-05 2.070e-05 9.612e-06 1.485e-05 1.390e-05  8.925e+14  1.773e-01  3.6989e-01  8.5145e-01
8.56452e+02  9.899e-01       9.899e-01       2.188e+18    1.737e+21  2.871e+15  1.029e+00 9.308e-06 1.238e-05 2.073e-05 9.669e-06 1.494e-05 1.399e-05  9.101e+14  1.808e-01  3.7207e-01  8.5187e-01
