     Energy         Kx              Ky       F.Density    GA.Brill.       Flux  Tot.Power  Nat.Size  Nat.Div.    Size.x    Size.y     Div.x     Div.y   Coh.Flux  Coh.Power   CohFrac.x   CohFrac.y
         eV          -               -  ph/s/mr^2/0.1%  F.Dens/mm^2  ph/s/0.1%         kW         m       rad         m         m       rad       rad  ph/s/0.1%          W           -           -
1.50736e+03  3.536e-01       3.536e-01       8.250e+17    8.852e+20  6.447e+14  1.312e-01 7.016e-06 9.330e-06 1.981e-05 7.489e-06 1.178e-05 1.055e-05  1.497e+14  2.974e-02  2.8044e-01  8.2811e-01
1.48832e+03  3.734e-01       3.734e-01       8.981e+17    9.574e+20  7.098e+14  1.463e-01 7.061e-06 9.389e-06 1.982e-05 7.531e-06 1.184e-05 1.062e-05  1.661e+14  3.300e-02  2.8236e-01  8.2879e-01
1.46875e+03  3.932e-01       3.932e-01       9.712e+17    1.028e+21  7.768e+14  1.622e-01 7.107e-06 9.451e-06 1.984e-05 7.575e-06 1.191e-05 1.069e-05  1.832e+14  3.640e-02  2.8437e-01  8.2948e-01
1.44873e+03  4.130e-01       4.130e-01       1.044e+18    1.098e+21  8.453e+14  1.790e-01 7.156e-06 9.516e-06 1.986e-05 7.621e-06 1.197e-05 1.076e-05  2.010e+14  3.993e-02  2.8646e-01  8.3019e-01
1.42830e+03  4.327e-01       4.327e-01       1.116e+18    1.165e+21  9.152e+14  1.966e-01 7.207e-06 9.584e-06 1.988e-05 7.669e-06 1.204e-05 1.084e-05  2.195e+14  4.360e-02  2.8864e-01  8.3091e-01
1.40752e+03  4.525e-01       4.525e-01       1.187e+18    1.230e+21  9.862e+14  2.150e-01 7.260e-06 9.655e-06 1.990e-05 7.719e-06 1.211e-05 1.092e-05  2.386e+14  4.739e-02  2.9089e-01  8.3165e-01
1.38644e+03  4.723e-01       4.723e-01       1.256e+18    1.292e+21  1.058e+15  2.342e-01 7.315e-06 9.728e-06 1.992e-05 7.770e-06 1.219e-05 1.100e-05  2.583e+14  5.131e-02  2.9321e-01  8.3240e-01
1.36513e+03  4.921e-01       4.921e-01       1.324e+18    1.351e+21  1.131e+15  2.542e-01 7.372e-06 9.803e-06 1.994e-05 7.824e-06 1.226e-05 1.109e-05  2.786e+14  5.535e-02  2.9561e-01  8.3317e-01
1.34363e+03  5.119e-01       5.119e-01       1.390e+18    1.407e+21  1.205e+15  2.751e-01 7.431e-06 9.882e-06 1.996e-05 7.879e-06 1.234e-05 1.118e-05  2.995e+14  5.949e-02  2.9808e-01  8.3394e-01
1.32198e+03  5.317e-01       5.317e-01       1.454e+18    1.459e+21  1.279e+15  2.968e-01 7.492e-06 9.962e-06 1.998e-05 7.936e-06 1.242e-05 1.127e-05  3.209e+14  6.374e-02  3.0062e-01  8.3472e-01
1.30024e+03  5.515e-01       5.515e-01       1.516e+18    1.508e+21  1.353e+15  3.193e-01 7.554e-06 1.005e-05 2.001e-05 7.995e-06 1.251e-05 1.136e-05  3.428e+14  6.810e-02  3.0322e-01  8.3551e-01
1.27845e+03  5.713e-01       5.713e-01       1.575e+18    1.553e+21  1.428e+15  3.426e-01 7.618e-06 1.013e-05 2.003e-05 8.056e-06 1.260e-05 1.146e-05  3.652e+14  7.255e-02  3.0589e-01  8.3630e-01
1.25664e+03  5.911e-01       5.911e-01       1.631e+18    1.595e+21  1.502e+15  3.668e-01 7.684e-06 1.022e-05 2.005e-05 8.118e-06 1.269e-05 1.155e-05  3.881e+14  7.709e-02  3.0861e-01  8.3709e-01
1.23486e+03  6.109e-01       6.109e-01       1.685e+18    1.632e+21  1.577e+15  3.918e-01 7.751e-06 1.031e-05 2.008e-05 8.182e-06 1.278e-05 1.165e-05  4.114e+14  8.172e-02  3.1139e-01  8.3788e-01
1.21315e+03  6.307e-01       6.307e-01       1.736e+18    1.666e+21  1.651e+15  4.176e-01 7.820e-06 1.040e-05 2.011e-05 8.248e-06 1.287e-05 1.176e-05  4.351e+14  8.643e-02  3.1422e-01  8.3868e-01
1.19152e+03  6.505e-01       6.505e-01       1.784e+18    1.696e+21  1.725e+15  4.442e-01 7.891e-06 1.049e-05 2.013e-05 8.315e-06 1.297e-05 1.186e-05  4.592e+14  9.122e-02  3.1711e-01  8.3947e-01
1.17002e+03  6.703e-01       6.703e-01       1.830e+18    1.723e+21  1.798e+15  4.717e-01 7.963e-06 1.059e-05 2.016e-05 8.383e-06 1.307e-05 1.197e-05  4.836e+14  9.607e-02  3.2004e-01  8.4026e-01
1.14867e+03  6.901e-01       6.901e-01       1.872e+18    1.746e+21  1.871e+15  4.999e-01 8.037e-06 1.069e-05 2.019e-05 8.453e-06 1.317e-05 1.208e-05  5.084e+14  1.010e-01  3.2302e-01  8.4105e-01
1.12750e+03  7.099e-01       7.099e-01       1.912e+18    1.765e+21  1.944e+15  5.290e-01 8.112e-06 1.079e-05 2.022e-05 8.525e-06 1.327e-05 1.219e-05  5.335e+14  1.060e-01  3.2604e-01  8.4183e-01
1.10653e+03  7.297e-01       7.297e-01       1.948e+18    1.781e+21  2.016e+15  5.590e-01 8.189e-06 1.089e-05 2.025e-05 8.597e-06 1.338e-05 1.231e-05  5.589e+14  1.110e-01  3.2911e-01  8.4261e-01
1.08578e+03  7.495e-01       7.495e-01       1.982e+18    1.793e+21  2.086e+15  5.897e-01 8.266e-06 1.099e-05 2.028e-05 8.672e-06 1.348e-05 1.242e-05  5.846e+14  1.161e-01  3.3221e-01  8.4338e-01
1.06527e+03  7.693e-01       7.693e-01       2.013e+18    1.803e+21  2.157e+15  6.213e-01 8.346e-06 1.110e-05 2.032e-05 8.747e-06 1.359e-05 1.254e-05  6.105e+14  1.213e-01  3.3535e-01  8.4415e-01
1.04501e+03  7.891e-01       7.891e-01       2.041e+18    1.809e+21  2.226e+15  6.537e-01 8.426e-06 1.120e-05 2.035e-05 8.824e-06 1.370e-05 1.266e-05  6.366e+14  1.265e-01  3.3852e-01  8.4490e-01
1.02503e+03  8.089e-01       8.089e-01       2.067e+18    1.813e+21  2.294e+15  6.869e-01 8.508e-06 1.131e-05 2.038e-05 8.902e-06 1.382e-05 1.279e-05  6.630e+14  1.317e-01  3.4173e-01  8.4566e-01
1.00533e+03  8.287e-01       8.287e-01       2.089e+18    1.813e+21  2.361e+15  7.209e-01 8.591e-06 1.142e-05 2.042e-05 8.981e-06 1.393e-05 1.291e-05  6.895e+14  1.370e-01  3.4496e-01  8.4640e-01
9.85916e+02  8.485e-01       8.485e-01       2.110e+18    1.811e+21  2.428e+15  7.558e-01 8.675e-06 1.154e-05 2.045e-05 9.062e-06 1.405e-05 1.304e-05  7.162e+14  1.423e-01  3.4823e-01  8.4713e-01
9.66809e+02  8.683e-01       8.683e-01       2.128e+18    1.807e+21  2.493e+15  7.914e-01 8.760e-06 1.165e-05 2.049e-05 9.144e-06 1.417e-05 1.316e-05  7.430e+14  1.476e-01  3.5152e-01  8.4786e-01
9.48013e+02  8.881e-01       8.881e-01       2.143e+18    1.801e+21  2.558e+15  8.279e-01 8.847e-06 1.176e-05 2.053e-05 9.226e-06 1.429e-05 1.330e-05  7.700e+14  1.530e-01  3.5476e-01  8.4838e-01
9.29534e+02  9.079e-01       9.079e-01       2.156e+18    1.792e+21  2.622e+15  8.653e-01 8.934e-06 1.188e-05 2.057e-05 9.310e-06 1.441e-05 1.343e-05  7.971e+14  1.583e-01  3.5809e-01  8.4908e-01
9.11378e+02  9.277e-01       9.277e-01       2.167e+18    1.782e+21  2.684e+15  9.034e-01 9.023e-06 1.200e-05 2.060e-05 9.395e-06 1.454e-05 1.356e-05  8.243e+14  1.637e-01  3.6144e-01  8.4977e-01
8.93548e+02  9.475e-01       9.475e-01       2.176e+18    1.769e+21  2.745e+15  9.424e-01 9.112e-06 1.212e-05 2.064e-05 9.481e-06 1.466e-05 1.369e-05  8.515e+14  1.692e-01  3.6481e-01  8.5045e-01
8.76047e+02  9.673e-01       9.673e-01       2.183e+18    1.755e+21  2.805e+15  9.822e-01 9.203e-06 1.224e-05 2.068e-05 9.569e-06 1.479e-05 1.383e-05  8.789e+14  1.746e-01  3.6819e-01  8.5112e-01
8.58878e+02  9.871e-01       9.871e-01       2.187e+18    1.740e+21  2.863e+15  1.023e+00 9.294e-06 1.236e-05 2.072e-05 9.657e-06 1.492e-05 1.397e-05  9.062e+14  1.800e-01  3.7159e-01  8.5177e-01
8.42040e+02  1.007e+00       1.007e+00       2.190e+18    1.723e+21  2.921e+15  1.064e+00 9.387e-06 1.248e-05 2.077e-05 9.746e-06 1.505e-05 1.410e-05  9.336e+14  1.855e-01  3.7500e-01  8.5242e-01
8.25535e+02  1.027e+00       1.027e+00       2.192e+18    1.704e+21  2.977e+15  1.106e+00 9.480e-06 1.261e-05 2.081e-05 9.836e-06 1.518e-05 1.424e-05  9.611e+14  1.909e-01  3.7842e-01  8.5306e-01
8.09362e+02  1.047e+00       1.047e+00       2.191e+18    1.685e+21  3.032e+15  1.150e+00 9.575e-06 1.273e-05 2.085e-05 9.926e-06 1.531e-05 1.439e-05  9.885e+14  1.964e-01  3.8185e-01  8.5368e-01
7.93519e+02  1.066e+00       1.066e+00       2.189e+18    1.665e+21  3.087e+15  1.193e+00 9.670e-06 1.286e-05 2.090e-05 1.002e-05 1.544e-05 1.453e-05  1.016e+15  2.018e-01  3.8529e-01  8.5429e-01
7.78004e+02  1.086e+00       1.086e+00       2.186e+18    1.643e+21  3.140e+15  1.238e+00 9.766e-06 1.299e-05 2.094e-05 1.011e-05 1.558e-05 1.467e-05  1.043e+15  2.073e-01  3.8873e-01  8.5490e-01
7.62815e+02  1.106e+00       1.106e+00       2.181e+18    1.621e+21  3.191e+15  1.284e+00 9.862e-06 1.311e-05 2.099e-05 1.020e-05 1.572e-05 1.482e-05  1.071e+15  2.127e-01  3.9218e-01  8.5549e-01
7.47949e+02  1.126e+00       1.126e+00       2.176e+18    1.599e+21  3.242e+15  1.330e+00 9.960e-06 1.324e-05 2.103e-05 1.030e-05 1.585e-05 1.496e-05  1.098e+15  2.181e-01  3.9563e-01  8.5607e-01
7.33403e+02  1.146e+00       1.146e+00       2.168e+18    1.575e+21  3.292e+15  1.377e+00 1.006e-05 1.338e-05 2.108e-05 1.039e-05 1.599e-05 1.511e-05  1.125e+15  2.236e-01  3.9909e-01  8.5663e-01
7.19173e+02  1.165e+00       1.165e+00       2.160e+18    1.551e+21  3.341e+15  1.425e+00 1.016e-05 1.351e-05 2.113e-05 1.049e-05 1.613e-05 1.526e-05  1.153e+15  2.290e-01  4.0255e-01  8.5719e-01
7.05254e+02  1.185e+00       1.185e+00       2.151e+18    1.527e+21  3.388e+15  1.474e+00 1.026e-05 1.364e-05 2.117e-05 1.059e-05 1.627e-05 1.541e-05  1.180e+15  2.344e-01  4.0600e-01  8.5774e-01
6.91643e+02  1.205e+00       1.205e+00       2.140e+18    1.502e+21  3.435e+15  1.524e+00 1.036e-05 1.377e-05 2.122e-05 1.068e-05 1.642e-05 1.556e-05  1.207e+15  2.398e-01  4.0945e-01  8.5828e-01
6.78334e+02  1.225e+00       1.225e+00       2.129e+18    1.478e+21  3.480e+15  1.574e+00 1.046e-05 1.391e-05 2.127e-05 1.078e-05 1.656e-05 1.571e-05  1.234e+15  2.451e-01  4.1291e-01  8.5880e-01
6.65323e+02  1.245e+00       1.245e+00       2.117e+18    1.452e+21  3.524e+15  1.626e+00 1.056e-05 1.404e-05 2.132e-05 1.088e-05 1.670e-05 1.586e-05  1.261e+15  2.505e-01  4.1635e-01  8.5932e-01
6.52605e+02  1.264e+00       1.264e+00       2.104e+18    1.427e+21  3.568e+15  1.678e+00 1.066e-05 1.418e-05 2.137e-05 1.098e-05 1.685e-05 1.601e-05  1.288e+15  2.558e-01  4.1980e-01  8.5982e-01
6.40174e+02  1.284e+00       1.284e+00       2.091e+18    1.402e+21  3.610e+15  1.731e+00 1.077e-05 1.432e-05 2.143e-05 1.108e-05 1.700e-05 1.617e-05  1.315e+15  2.611e-01  4.2324e-01  8.6031e-01
6.28026e+02  1.304e+00       1.304e+00       2.077e+18    1.377e+21  3.652e+15  1.785e+00 1.087e-05 1.445e-05 2.148e-05 1.118e-05 1.714e-05 1.632e-05  1.341e+15  2.664e-01  4.2667e-01  8.6080e-01
6.16154e+02  1.324e+00       1.324e+00       2.062e+18    1.351e+21  3.692e+15  1.839e+00 1.097e-05 1.459e-05 2.153e-05 1.128e-05 1.729e-05 1.648e-05  1.368e+15  2.717e-01  4.3009e-01  8.6127e-01
6.04554e+02  1.344e+00       1.344e+00       2.047e+18    1.326e+21  3.732e+15  1.895e+00 1.108e-05 1.473e-05 2.158e-05 1.138e-05 1.744e-05 1.664e-05  1.394e+15  2.769e-01  4.3351e-01  8.6174e-01
