     Energy         Kx              Ky       F.Density    GA.Brill.       Flux  Tot.Power  Nat.Size  Nat.Div.    Size.x    Size.y     Div.x     Div.y   Coh.Flux  Coh.Power   CohFrac.x   CohFrac.y
         eV          -               -  ph/s/mr^2/0.1%  F.Dens/mm^2  ph/s/0.1%         kW         m       rad         m         m       rad       rad  ph/s/0.1%          W           -           -
1.05515e+04  3.536e-01       3.536e-01       0.000e+00    0.000e+00  0.000e+00  1.312e-01 2.652e-06 3.526e-06 1.871e-05 3.728e-06 9.860e-06 8.353e-06  0.000e+00  0.000e+00  5.0679e-02  3.0033e-01
1.04182e+04  3.734e-01       3.734e-01       0.000e+00    0.000e+00  0.000e+00  1.463e-01 2.669e-06 3.549e-06 1.872e-05 3.740e-06 9.905e-06 8.405e-06  0.000e+00  0.000e+00  5.1089e-02  3.0129e-01
1.02813e+04  3.932e-01       3.932e-01       0.000e+00    0.000e+00  0.000e+00  1.622e-01 2.686e-06 3.572e-06 1.872e-05 3.752e-06 9.952e-06 8.461e-06  0.000e+00  0.000e+00  5.1518e-02  3.0228e-01
1.01411e+04  4.130e-01       4.130e-01       0.000e+00    0.000e+00  0.000e+00  1.790e-01 2.705e-06 3.597e-06 1.872e-05 3.766e-06 1.000e-05 8.519e-06  0.000e+00  0.000e+00  5.1966e-02  3.0331e-01
9.99807e+03  4.327e-01       4.327e-01       0.000e+00    0.000e+00  0.000e+00  1.966e-01 2.724e-06 3.623e-06 1.872e-05 3.779e-06 1.005e-05 8.579e-06  0.000e+00  0.000e+00  5.2432e-02  3.0436e-01
9.85261e+03  4.525e-01       4.525e-01       0.000e+00    0.000e+00  0.000e+00  2.150e-01 2.744e-06 3.649e-06 1.873e-05 3.794e-06 1.011e-05 8.641e-06  0.000e+00  0.000e+00  5.2917e-02  3.0545e-01
9.70510e+03  4.723e-01       4.723e-01       0.000e+00    0.000e+00  0.000e+00  2.342e-01 2.765e-06 3.677e-06 1.873e-05 3.809e-06 1.016e-05 8.706e-06  0.000e+00  0.000e+00  5.3419e-02  3.0657e-01
9.55591e+03  4.921e-01       4.921e-01       0.000e+00    0.000e+00  0.000e+00  2.542e-01 2.786e-06 3.705e-06 1.873e-05 3.825e-06 1.022e-05 8.773e-06  0.000e+00  0.000e+00  5.3938e-02  3.0771e-01
9.40539e+03  5.119e-01       5.119e-01       0.000e+00    0.000e+00  0.000e+00  2.751e-01 2.809e-06 3.735e-06 1.874e-05 3.841e-06 1.028e-05 8.843e-06  0.000e+00  0.000e+00  5.4473e-02  3.0887e-01
9.25387e+03  5.317e-01       5.317e-01       0.000e+00    0.000e+00  0.000e+00  2.968e-01 2.832e-06 3.765e-06 1.874e-05 3.858e-06 1.034e-05 8.914e-06  0.000e+00  0.000e+00  5.5025e-02  3.1005e-01
9.10169e+03  5.515e-01       5.515e-01       0.000e+00    0.000e+00  0.000e+00  3.193e-01 2.855e-06 3.797e-06 1.874e-05 3.875e-06 1.040e-05 8.988e-06  0.000e+00  0.000e+00  5.5593e-02  3.1125e-01
8.94914e+03  5.713e-01       5.713e-01       0.000e+00    0.000e+00  0.000e+00  3.426e-01 2.879e-06 3.829e-06 1.875e-05 3.893e-06 1.047e-05 9.064e-06  0.000e+00  0.000e+00  5.6175e-02  3.1247e-01
8.79650e+03  5.911e-01       5.911e-01       0.000e+00    0.000e+00  0.000e+00  3.668e-01 2.904e-06 3.862e-06 1.875e-05 3.911e-06 1.054e-05 9.141e-06  0.000e+00  0.000e+00  5.6773e-02  3.1370e-01
8.64405e+03  6.109e-01       6.109e-01       0.000e+00    0.000e+00  0.000e+00  3.918e-01 2.930e-06 3.896e-06 1.875e-05 3.930e-06 1.061e-05 9.221e-06  0.000e+00  0.000e+00  5.7385e-02  3.1495e-01
8.49203e+03  6.307e-01       6.307e-01       0.000e+00    0.000e+00  0.000e+00  4.176e-01 2.956e-06 3.931e-06 1.876e-05 3.950e-06 1.068e-05 9.303e-06  0.000e+00  0.000e+00  5.8012e-02  3.1621e-01
8.34066e+03  6.505e-01       6.505e-01       0.000e+00    0.000e+00  0.000e+00  4.442e-01 2.983e-06 3.966e-06 1.876e-05 3.970e-06 1.075e-05 9.386e-06  0.000e+00  0.000e+00  5.8651e-02  3.1748e-01
8.19016e+03  6.703e-01       6.703e-01       0.000e+00    0.000e+00  0.000e+00  4.717e-01 3.010e-06 4.002e-06 1.877e-05 3.990e-06 1.082e-05 9.471e-06  0.000e+00  0.000e+00  5.9304e-02  3.1875e-01
8.04072e+03  6.901e-01       6.901e-01       0.000e+00    0.000e+00  0.000e+00  4.999e-01 3.038e-06 4.039e-06 1.877e-05 4.011e-06 1.090e-05 9.558e-06  0.000e+00  0.000e+00  5.9969e-02  3.2003e-01
7.89253e+03  7.099e-01       7.099e-01       0.000e+00    0.000e+00  0.000e+00  5.290e-01 3.066e-06 4.077e-06 1.878e-05 4.033e-06 1.098e-05 9.649e-06  0.000e+00  0.000e+00  6.0639e-02  3.2126e-01
7.74573e+03  7.297e-01       7.297e-01       0.000e+00    0.000e+00  0.000e+00  5.590e-01 3.095e-06 4.116e-06 1.878e-05 4.055e-06 1.106e-05 9.739e-06  0.000e+00  0.000e+00  6.1329e-02  3.2255e-01
7.60048e+03  7.495e-01       7.495e-01       0.000e+00    0.000e+00  0.000e+00  5.897e-01 3.124e-06 4.155e-06 1.879e-05 4.077e-06 1.114e-05 9.831e-06  0.000e+00  0.000e+00  6.2029e-02  3.2384e-01
7.45690e+03  7.693e-01       7.693e-01       0.000e+00    0.000e+00  0.000e+00  6.213e-01 3.154e-06 4.195e-06 1.879e-05 4.100e-06 1.122e-05 9.925e-06  0.000e+00  0.000e+00  6.2741e-02  3.2513e-01
7.31510e+03  7.891e-01       7.891e-01       0.000e+00    0.000e+00  0.000e+00  6.537e-01 3.185e-06 4.235e-06 1.880e-05 4.124e-06 1.131e-05 1.002e-05  0.000e+00  0.000e+00  6.3463e-02  3.2642e-01
7.17520e+03  8.089e-01       8.089e-01       0.000e+00    0.000e+00  0.000e+00  6.869e-01 3.216e-06 4.276e-06 1.880e-05 4.148e-06 1.139e-05 1.012e-05  0.000e+00  0.000e+00  6.4196e-02  3.2770e-01
7.03728e+03  8.287e-01       8.287e-01       0.000e+00    0.000e+00  0.000e+00  7.209e-01 3.247e-06 4.318e-06 1.881e-05 4.172e-06 1.148e-05 1.021e-05  0.000e+00  0.000e+00  6.4938e-02  3.2898e-01
6.90141e+03  8.485e-01       8.485e-01       0.000e+00    0.000e+00  0.000e+00  7.558e-01 3.279e-06 4.360e-06 1.881e-05 4.197e-06 1.157e-05 1.031e-05  0.000e+00  0.000e+00  6.5690e-02  3.3026e-01
6.76766e+03  8.683e-01       8.683e-01       0.000e+00    0.000e+00  0.000e+00  7.914e-01 3.311e-06 4.403e-06 1.882e-05 4.222e-06 1.166e-05 1.042e-05  0.000e+00  0.000e+00  6.6451e-02  3.3153e-01
6.63609e+03  8.881e-01       8.881e-01       0.000e+00    0.000e+00  0.000e+00  8.279e-01 3.344e-06 4.446e-06 1.882e-05 4.248e-06 1.175e-05 1.052e-05  0.000e+00  0.000e+00  6.7221e-02  3.3280e-01
6.50674e+03  9.079e-01       9.079e-01       0.000e+00    0.000e+00  0.000e+00  8.653e-01 3.377e-06 4.490e-06 1.883e-05 4.274e-06 1.184e-05 1.062e-05  0.000e+00  0.000e+00  6.7999e-02  3.3406e-01
6.37964e+03  9.277e-01       9.277e-01       0.000e+00    0.000e+00  0.000e+00  9.034e-01 3.410e-06 4.535e-06 1.884e-05 4.300e-06 1.194e-05 1.073e-05  0.000e+00  0.000e+00  6.8786e-02  3.3531e-01
6.25483e+03  9.475e-01       9.475e-01       0.000e+00    0.000e+00  0.000e+00  9.424e-01 3.444e-06 4.580e-06 1.884e-05 4.327e-06 1.203e-05 1.083e-05  0.000e+00  0.000e+00  6.9580e-02  3.3655e-01
6.13233e+03  9.673e-01       9.673e-01       0.000e+00    0.000e+00  0.000e+00  9.822e-01 3.478e-06 4.625e-06 1.885e-05 4.355e-06 1.213e-05 1.094e-05  0.000e+00  0.000e+00  7.0382e-02  3.3778e-01
6.01214e+03  9.871e-01       9.871e-01       0.000e+00    0.000e+00  0.000e+00  1.023e+00 3.513e-06 4.671e-06 1.885e-05 4.382e-06 1.223e-05 1.105e-05  0.000e+00  0.000e+00  7.1191e-02  3.3900e-01
5.89428e+03  1.007e+00       1.007e+00       0.000e+00    0.000e+00  0.000e+00  1.064e+00 3.548e-06 4.718e-06 1.886e-05 4.410e-06 1.233e-05 1.116e-05  0.000e+00  0.000e+00  7.2007e-02  3.4021e-01
5.77875e+03  1.027e+00       1.027e+00       0.000e+00    0.000e+00  0.000e+00  1.106e+00 3.583e-06 4.765e-06 1.887e-05 4.439e-06 1.243e-05 1.127e-05  0.000e+00  0.000e+00  7.2829e-02  3.4141e-01
5.66553e+03  1.047e+00       1.047e+00       0.000e+00    0.000e+00  0.000e+00  1.150e+00 3.619e-06 4.812e-06 1.887e-05 4.468e-06 1.253e-05 1.138e-05  0.000e+00  0.000e+00  7.3658e-02  3.4259e-01
5.55463e+03  1.066e+00       1.066e+00       0.000e+00    0.000e+00  0.000e+00  1.193e+00 3.655e-06 4.860e-06 1.888e-05 4.497e-06 1.263e-05 1.149e-05  0.000e+00  0.000e+00  7.4493e-02  3.4377e-01
5.44603e+03  1.086e+00       1.086e+00       0.000e+00    0.000e+00  0.000e+00  1.238e+00 3.691e-06 4.908e-06 1.889e-05 4.526e-06 1.273e-05 1.160e-05  0.000e+00  0.000e+00  7.5334e-02  3.4493e-01
5.33971e+03  1.106e+00       1.106e+00       0.000e+00    0.000e+00  0.000e+00  1.284e+00 3.728e-06 4.957e-06 1.890e-05 4.556e-06 1.284e-05 1.172e-05  0.000e+00  0.000e+00  7.6180e-02  3.4608e-01
5.23565e+03  1.126e+00       1.126e+00       0.000e+00    0.000e+00  0.000e+00  1.330e+00 3.764e-06 5.006e-06 1.890e-05 4.586e-06 1.294e-05 1.183e-05  0.000e+00  0.000e+00  7.7032e-02  3.4722e-01
5.13382e+03  1.146e+00       1.146e+00       0.000e+00    0.000e+00  0.000e+00  1.377e+00 3.802e-06 5.055e-06 1.891e-05 4.617e-06 1.305e-05 1.195e-05  0.000e+00  0.000e+00  7.7888e-02  3.4834e-01
5.03421e+03  1.165e+00       1.165e+00       0.000e+00    0.000e+00  0.000e+00  1.425e+00 3.839e-06 5.105e-06 1.892e-05 4.648e-06 1.316e-05 1.207e-05  0.000e+00  0.000e+00  7.8750e-02  3.4945e-01
4.93678e+03  1.185e+00       1.185e+00       0.000e+00    0.000e+00  0.000e+00  1.474e+00 3.877e-06 5.155e-06 1.893e-05 4.679e-06 1.326e-05 1.219e-05  0.000e+00  0.000e+00  7.9616e-02  3.5054e-01
4.84150e+03  1.205e+00       1.205e+00       0.000e+00    0.000e+00  0.000e+00  1.524e+00 3.915e-06 5.206e-06 1.893e-05 4.710e-06 1.337e-05 1.230e-05  0.000e+00  0.000e+00  8.0486e-02  3.5162e-01
4.74834e+03  1.225e+00       1.225e+00       0.000e+00    0.000e+00  0.000e+00  1.574e+00 3.953e-06 5.256e-06 1.894e-05 4.742e-06 1.348e-05 1.242e-05  0.000e+00  0.000e+00  8.1361e-02  3.5269e-01
4.65726e+03  1.245e+00       1.245e+00       0.000e+00    0.000e+00  0.000e+00  1.626e+00 3.991e-06 5.308e-06 1.895e-05 4.774e-06 1.359e-05 1.254e-05  0.000e+00  0.000e+00  8.2240e-02  3.5374e-01
4.56823e+03  1.264e+00       1.264e+00       0.000e+00    0.000e+00  0.000e+00  1.678e+00 4.030e-06 5.359e-06 1.896e-05 4.807e-06 1.371e-05 1.267e-05  0.000e+00  0.000e+00  8.3122e-02  3.5477e-01
4.48122e+03  1.284e+00       1.284e+00       0.000e+00    0.000e+00  0.000e+00  1.731e+00 4.069e-06 5.411e-06 1.897e-05 4.839e-06 1.382e-05 1.279e-05  0.000e+00  0.000e+00  8.4008e-02  3.5579e-01
4.39618e+03  1.304e+00       1.304e+00       0.000e+00    0.000e+00  0.000e+00  1.785e+00 4.108e-06 5.463e-06 1.897e-05 4.872e-06 1.393e-05 1.291e-05  0.000e+00  0.000e+00  8.4897e-02  3.5680e-01
4.31308e+03  1.324e+00       1.324e+00       0.000e+00    0.000e+00  0.000e+00  1.839e+00 4.148e-06 5.515e-06 1.898e-05 4.906e-06 1.405e-05 1.303e-05  0.000e+00  0.000e+00  8.5790e-02  3.5779e-01
4.23188e+03  1.344e+00       1.344e+00       0.000e+00    0.000e+00  0.000e+00  1.895e+00 4.187e-06 5.568e-06 1.899e-05 4.939e-06 1.416e-05 1.316e-05  0.000e+00  0.000e+00  8.6686e-02  3.5877e-01
