     Energy         Kx              Ky       F.Density    GA.Brill.       Flux  Tot.Power  Nat.Size  Nat.Div.    Size.x    Size.y     Div.x     Div.y   Coh.Flux  Coh.Power   CohFrac.x   CohFrac.y
         eV          -               -  ph/s/mr^2/0.1%  F.Dens/mm^2  ph/s/0.1%         kW         m       rad         m         m       rad       rad  ph/s/0.1%          W           -           -
1.38957e+03  0.000e+00       1.000e-01       2.946e+16    3.050e+19  2.345e+13  3.522e-03 7.268e-06 9.769e-06 1.990e-05 7.726e-06 1.188e-05 1.066e-05  6.070e+12  1.206e-03  3.0037e-01  8.6199e-01
1.37020e+03  0.000e+00       1.960e-01       1.094e+17    1.125e+20  8.819e+13  1.353e-02 7.320e-06 9.838e-06 1.992e-05 7.774e-06 1.195e-05 1.074e-05  2.302e+13  4.574e-03  3.0262e-01  8.6271e-01
1.33942e+03  0.000e+00       2.920e-01       2.300e+17    2.337e+20  1.893e+14  3.003e-02 7.403e-06 9.950e-06 1.995e-05 7.853e-06 1.206e-05 1.086e-05  5.006e+13  9.944e-03  3.0621e-01  8.6363e-01
1.29876e+03  0.000e+00       3.880e-01       3.773e+17    3.772e+20  3.192e+14  5.302e-02 7.518e-06 1.010e-05 1.999e-05 7.962e-06 1.221e-05 1.103e-05  8.595e+13  1.707e-02  3.1122e-01  8.6516e-01
1.25010e+03  0.000e+00       4.840e-01       5.358e+17    5.252e+20  4.693e+14  8.250e-02 7.663e-06 1.030e-05 2.005e-05 8.099e-06 1.240e-05 1.124e-05  1.292e+14  2.566e-02  3.1747e-01  8.6701e-01
1.19545e+03  0.000e+00       5.800e-01       6.915e+17    6.622e+20  6.307e+14  1.185e-01 7.836e-06 1.053e-05 2.011e-05 8.263e-06 1.263e-05 1.149e-05  1.781e+14  3.538e-02  3.2487e-01  8.6910e-01
1.13678e+03  0.000e+00       6.760e-01       8.332e+17    7.770e+20  7.956e+14  1.609e-01 8.036e-06 1.080e-05 2.019e-05 8.452e-06 1.290e-05 1.178e-05  2.311e+14  4.590e-02  3.3329e-01  8.7136e-01
1.07591e+03  0.000e+00       7.720e-01       9.534e+17    8.634e+20  9.575e+14  2.099e-01 8.260e-06 1.110e-05 2.028e-05 8.666e-06 1.320e-05 1.211e-05  2.866e+14  5.694e-02  3.4262e-01  8.7373e-01
1.01439e+03  0.000e+00       8.680e-01       1.048e+18    9.196e+20  1.111e+15  2.653e-01 8.507e-06 1.143e-05 2.038e-05 8.901e-06 1.353e-05 1.247e-05  3.435e+14  6.823e-02  3.5273e-01  8.7614e-01
9.53485e+02  0.000e+00       9.640e-01       1.117e+18    9.475e+20  1.254e+15  3.273e-01 8.774e-06 1.179e-05 2.050e-05 9.157e-06 1.389e-05 1.286e-05  4.005e+14  7.956e-02  3.6350e-01  8.7855e-01
8.94174e+02  0.000e+00       1.060e+00       1.162e+18    9.507e+20  1.384e+15  3.957e-01 9.061e-06 1.218e-05 2.062e-05 9.432e-06 1.428e-05 1.328e-05  4.569e+14  9.077e-02  3.7481e-01  8.8092e-01
8.37158e+02  0.000e+00       1.156e+00       1.184e+18    9.340e+20  1.500e+15  4.706e-01 9.364e-06 1.259e-05 2.076e-05 9.724e-06 1.469e-05 1.372e-05  5.122e+14  1.017e-01  3.8655e-01  8.8321e-01
7.82912e+02  0.000e+00       1.252e+00       1.189e+18    9.024e+20  1.603e+15  5.520e-01 9.683e-06 1.301e-05 2.090e-05 1.003e-05 1.512e-05 1.419e-05  5.658e+14  1.124e-01  3.9862e-01  8.8542e-01
7.31717e+02  0.000e+00       1.348e+00       1.179e+18    8.604e+20  1.694e+15  6.399e-01 1.002e-05 1.346e-05 2.106e-05 1.035e-05 1.558e-05 1.468e-05  6.175e+14  1.227e-01  4.1084e-01  8.8731e-01
6.83708e+02  0.000e+00       1.444e+00       1.157e+18    8.116e+20  1.773e+15  7.343e-01 1.036e-05 1.393e-05 2.123e-05 1.069e-05 1.606e-05 1.518e-05  6.672e+14  1.325e-01  4.2330e-01  8.8928e-01
6.38906e+02  0.000e+00       1.540e+00       1.127e+18    7.593e+20  1.841e+15  8.352e-01 1.072e-05 1.441e-05 2.140e-05 1.103e-05 1.656e-05 1.570e-05  7.149e+14  1.420e-01  4.3585e-01  8.9113e-01
5.97251e+02  0.000e+00       1.636e+00       1.091e+18    7.058e+20  1.899e+15  9.426e-01 1.109e-05 1.490e-05 2.159e-05 1.139e-05 1.707e-05 1.624e-05  7.604e+14  1.510e-01  4.4841e-01  8.9287e-01
5.58628e+02  0.000e+00       1.732e+00       1.051e+18    6.528e+20  1.950e+15  1.056e+00 1.146e-05 1.541e-05 2.178e-05 1.176e-05 1.759e-05 1.679e-05  8.039e+14  1.597e-01  4.6093e-01  8.9450e-01
5.22886e+02  0.000e+00       1.828e+00       1.008e+18    6.014e+20  1.993e+15  1.177e+00 1.185e-05 1.592e-05 2.199e-05 1.213e-05 1.813e-05 1.735e-05  8.454e+14  1.679e-01  4.7337e-01  8.9601e-01
4.89855e+02  0.000e+00       1.924e+00       9.651e+17    5.526e+20  2.030e+15  1.304e+00 1.224e-05 1.645e-05 2.220e-05 1.252e-05 1.868e-05 1.793e-05  8.850e+14  1.758e-01  4.8568e-01  8.9742e-01
4.59352e+02  0.000e+00       2.020e+00       9.218e+17    5.067e+20  2.063e+15  1.437e+00 1.264e-05 1.699e-05 2.243e-05 1.291e-05 1.924e-05 1.852e-05  9.228e+14  1.833e-01  4.9772e-01  8.9855e-01
4.31194e+02  0.000e+00       2.116e+00       8.790e+17    4.639e+20  2.091e+15  1.577e+00 1.305e-05 1.754e-05 2.266e-05 1.331e-05 1.981e-05 1.911e-05  9.589e+14  1.905e-01  5.0967e-01  8.9976e-01
4.05203e+02  0.000e+00       2.212e+00       8.373e+17    4.244e+20  2.115e+15  1.723e+00 1.346e-05 1.809e-05 2.290e-05 1.371e-05 2.040e-05 1.971e-05  9.934e+14  1.973e-01  5.2139e-01  9.0088e-01
3.81206e+02  0.000e+00       2.308e+00       7.971e+17    3.881e+20  2.136e+15  1.876e+00 1.388e-05 1.865e-05 2.315e-05 1.412e-05 2.098e-05 2.032e-05  1.026e+15  2.039e-01  5.3288e-01  9.0193e-01
3.59039e+02  0.000e+00       2.404e+00       7.585e+17    3.548e+20  2.153e+15  2.035e+00 1.430e-05 1.922e-05 2.340e-05 1.454e-05 2.158e-05 2.094e-05  1.058e+15  2.101e-01  5.4412e-01  9.0290e-01
3.38550e+02  0.000e+00       2.500e+00       7.216e+17    3.245e+20  2.169e+15  2.201e+00 1.473e-05 1.979e-05 2.366e-05 1.496e-05 2.219e-05 2.156e-05  1.088e+15  2.161e-01  5.5500e-01  9.0365e-01
3.19599e+02  0.000e+00       2.596e+00       6.866e+17    2.968e+20  2.183e+15  2.373e+00 1.516e-05 2.037e-05 2.393e-05 1.538e-05 2.280e-05 2.219e-05  1.117e+15  2.219e-01  5.6569e-01  9.0448e-01
3.02053e+02  0.000e+00       2.692e+00       6.534e+17    2.717e+20  2.194e+15  2.552e+00 1.559e-05 2.095e-05 2.421e-05 1.581e-05 2.342e-05 2.283e-05  1.144e+15  2.273e-01  5.7609e-01  9.0525e-01
2.85793e+02  0.000e+00       2.788e+00       6.220e+17    2.488e+20  2.205e+15  2.737e+00 1.603e-05 2.154e-05 2.449e-05 1.624e-05 2.404e-05 2.346e-05  1.171e+15  2.326e-01  5.8621e-01  9.0598e-01
2.70710e+02  0.000e+00       2.884e+00       5.923e+17    2.281e+20  2.213e+15  2.929e+00 1.647e-05 2.213e-05 2.479e-05 1.667e-05 2.467e-05 2.411e-05  1.196e+15  2.376e-01  5.9604e-01  9.0665e-01
2.56704e+02  0.000e+00       2.980e+00       5.643e+17    2.093e+20  2.221e+15  3.127e+00 1.691e-05 2.273e-05 2.508e-05 1.711e-05 2.530e-05 2.476e-05  1.220e+15  2.424e-01  6.0559e-01  9.0728e-01
2.43683e+02  0.000e+00       3.076e+00       5.380e+17    1.922e+20  2.228e+15  3.332e+00 1.736e-05 2.333e-05 2.538e-05 1.755e-05 2.594e-05 2.541e-05  1.244e+15  2.470e-01  6.1485e-01  9.0788e-01
2.31565e+02  0.000e+00       3.172e+00       5.132e+17    1.766e+20  2.235e+15  3.543e+00 1.781e-05 2.393e-05 2.569e-05 1.800e-05 2.659e-05 2.607e-05  1.266e+15  2.515e-01  6.2372e-01  9.0828e-01
2.20274e+02  0.000e+00       3.268e+00       4.898e+17    1.625e+20  2.240e+15  3.761e+00 1.826e-05 2.454e-05 2.601e-05 1.844e-05 2.723e-05 2.672e-05  1.287e+15  2.557e-01  6.3241e-01  9.0880e-01
2.09743e+02  0.000e+00       3.364e+00       4.678e+17    1.497e+20  2.245e+15  3.985e+00 1.871e-05 2.514e-05 2.633e-05 1.889e-05 2.788e-05 2.739e-05  1.308e+15  2.598e-01  6.4081e-01  9.0928e-01
1.99908e+02  0.000e+00       3.460e+00       4.471e+17    1.380e+20  2.249e+15  4.216e+00 1.916e-05 2.576e-05 2.665e-05 1.934e-05 2.853e-05 2.805e-05  1.328e+15  2.637e-01  6.4895e-01  9.0973e-01
1.90715e+02  0.000e+00       3.556e+00       4.276e+17    1.274e+20  2.252e+15  4.453e+00 1.962e-05 2.637e-05 2.698e-05 1.979e-05 2.919e-05 2.872e-05  1.346e+15  2.675e-01  6.5682e-01  9.1015e-01
1.82110e+02  0.000e+00       3.652e+00       4.093e+17    1.178e+20  2.256e+15  4.697e+00 2.008e-05 2.698e-05 2.732e-05 2.025e-05 2.985e-05 2.939e-05  1.365e+15  2.711e-01  6.6437e-01  9.1047e-01
1.74048e+02  0.000e+00       3.748e+00       3.919e+17    1.089e+20  2.259e+15  4.947e+00 2.054e-05 2.760e-05 2.766e-05 2.070e-05 3.051e-05 3.006e-05  1.382e+15  2.745e-01  6.7169e-01  9.1080e-01
1.66487e+02  0.000e+00       3.844e+00       3.756e+17    1.009e+20  2.262e+15  5.204e+00 2.100e-05 2.822e-05 2.800e-05 2.116e-05 3.118e-05 3.074e-05  1.399e+15  2.779e-01  6.7879e-01  9.1115e-01
1.59387e+02  0.000e+00       3.940e+00       3.602e+17    9.353e+19  2.264e+15  5.467e+00 2.146e-05 2.884e-05 2.835e-05 2.162e-05 3.185e-05 3.141e-05  1.415e+15  2.810e-01  6.8565e-01  9.1149e-01
1.52715e+02  0.000e+00       4.036e+00       3.456e+17    8.680e+19  2.266e+15  5.737e+00 2.192e-05 2.947e-05 2.870e-05 2.208e-05 3.251e-05 3.209e-05  1.430e+15  2.841e-01  6.9228e-01  9.1180e-01
1.46436e+02  0.000e+00       4.132e+00       3.319e+17    8.064e+19  2.268e+15  6.013e+00 2.239e-05 3.009e-05 2.906e-05 2.254e-05 3.319e-05 3.277e-05  1.445e+15  2.871e-01  6.9860e-01  9.1199e-01
1.40523e+02  0.000e+00       4.228e+00       3.189e+17    7.499e+19  2.270e+15  6.295e+00 2.286e-05 3.072e-05 2.942e-05 2.301e-05 3.386e-05 3.345e-05  1.459e+15  2.899e-01  7.0478e-01  9.1226e-01
1.34949e+02  0.000e+00       4.324e+00       3.066e+17    6.981e+19  2.271e+15  6.585e+00 2.332e-05 3.135e-05 2.978e-05 2.347e-05 3.454e-05 3.414e-05  1.473e+15  2.926e-01  7.1075e-01  9.1253e-01
1.29689e+02  0.000e+00       4.420e+00       2.950e+17    6.506e+19  2.273e+15  6.880e+00 2.379e-05 3.198e-05 3.015e-05 2.394e-05 3.521e-05 3.482e-05  1.486e+15  2.953e-01  7.1651e-01  9.1278e-01
1.24721e+02  0.000e+00       4.516e+00       2.840e+17    6.068e+19  2.274e+15  7.182e+00 2.426e-05 3.261e-05 3.052e-05 2.440e-05 3.589e-05 3.551e-05  1.499e+15  2.978e-01  7.2208e-01  9.1302e-01
1.20025e+02  0.000e+00       4.612e+00       2.736e+17    5.666e+19  2.276e+15  7.491e+00 2.473e-05 3.324e-05 3.090e-05 2.487e-05 3.657e-05 3.620e-05  1.511e+15  3.002e-01  7.2737e-01  9.1314e-01
1.15581e+02  0.000e+00       4.708e+00       2.637e+17    5.295e+19  2.277e+15  7.806e+00 2.520e-05 3.387e-05 3.128e-05 2.534e-05 3.726e-05 3.689e-05  1.523e+15  3.026e-01  7.3256e-01  9.1336e-01
1.11372e+02  0.000e+00       4.804e+00       2.543e+17    4.953e+19  2.277e+15  8.128e+00 2.567e-05 3.451e-05 3.166e-05 2.581e-05 3.794e-05 3.758e-05  1.535e+15  3.048e-01  7.3757e-01  9.1356e-01
1.07383e+02  0.000e+00       4.900e+00       2.453e+17    4.637e+19  2.278e+15  8.456e+00 2.615e-05 3.514e-05 3.204e-05 2.628e-05 3.862e-05 3.827e-05  1.546e+15  3.070e-01  7.4241e-01  9.1376e-01
