     Energy         Kx              Ky       F.Density    GA.Brill.       Flux  Tot.Power  Nat.Size  Nat.Div.    Size.x    Size.y     Div.x     Div.y   Coh.Flux  Coh.Power   CohFrac.x   CohFrac.y
         eV          -               -  ph/s/mr^2/0.1%  F.Dens/mm^2  ph/s/0.1%         kW         m       rad         m         m       rad       rad  ph/s/0.1%          W           -           -
7.23806e+03  3.536e-01       3.536e-01       0.000e+00    0.000e+00  0.000e+00  3.682e-02 3.179e-06 4.288e-06 1.879e-05 4.119e-06 9.972e-06 8.485e-06  0.000e+00  0.000e+00  7.2730e-02  3.9002e-01
6.84427e+03  4.356e-01       4.356e-01       0.000e+00    0.000e+00  0.000e+00  5.588e-02 3.269e-06 4.410e-06 1.881e-05 4.189e-06 1.018e-05 8.724e-06  0.000e+00  0.000e+00  7.5311e-02  3.9447e-01
6.42223e+03  5.176e-01       5.176e-01       0.000e+00    0.000e+00  0.000e+00  7.891e-02 3.375e-06 4.552e-06 1.883e-05 4.272e-06 1.042e-05 9.003e-06  0.000e+00  0.000e+00  7.8326e-02  3.9941e-01
5.98934e+03  5.996e-01       5.996e-01       0.000e+00    0.000e+00  0.000e+00  1.059e-01 3.494e-06 4.714e-06 1.885e-05 4.367e-06 1.069e-05 9.321e-06  0.000e+00  0.000e+00  8.1728e-02  4.0467e-01
5.55958e+03  6.817e-01       6.817e-01       0.000e+00    0.000e+00  0.000e+00  1.369e-01 3.627e-06 4.893e-06 1.888e-05 4.474e-06 1.100e-05 9.672e-06  0.000e+00  0.000e+00  8.5471e-02  4.1010e-01
5.14327e+03  7.637e-01       7.637e-01       0.000e+00    0.000e+00  0.000e+00  1.718e-01 3.771e-06 5.087e-06 1.890e-05 4.592e-06 1.134e-05 1.005e-05  0.000e+00  0.000e+00  8.9511e-02  4.1557e-01
4.74743e+03  8.457e-01       8.457e-01       0.000e+00    0.000e+00  0.000e+00  2.107e-01 3.925e-06 5.295e-06 1.894e-05 4.719e-06 1.170e-05 1.046e-05  0.000e+00  0.000e+00  9.3806e-02  4.2097e-01
4.37628e+03  9.277e-01       9.277e-01       0.000e+00    0.000e+00  0.000e+00  2.535e-01 4.088e-06 5.515e-06 1.897e-05 4.855e-06 1.209e-05 1.089e-05  0.000e+00  0.000e+00  9.8316e-02  4.2623e-01
4.03191e+03  1.010e+00       1.010e+00       0.000e+00    0.000e+00  0.000e+00  3.003e-01 4.259e-06 5.746e-06 1.901e-05 5.000e-06 1.250e-05 1.135e-05  0.000e+00  0.000e+00  1.0301e-01  4.3129e-01
3.71485e+03  1.092e+00       1.092e+00       0.000e+00    0.000e+00  0.000e+00  3.511e-01 4.437e-06 5.986e-06 1.905e-05 5.153e-06 1.293e-05 1.182e-05  0.000e+00  0.000e+00  1.0785e-01  4.3611e-01
3.42452e+03  1.174e+00       1.174e+00       0.000e+00    0.000e+00  0.000e+00  4.058e-01 4.621e-06 6.234e-06 1.909e-05 5.312e-06 1.338e-05 1.231e-05  0.000e+00  0.000e+00  1.1280e-01  4.4057e-01
3.15970e+03  1.256e+00       1.256e+00       0.000e+00    0.000e+00  0.000e+00  4.645e-01 4.811e-06 6.490e-06 1.914e-05 5.478e-06 1.384e-05 1.281e-05  0.000e+00  0.000e+00  1.1786e-01  4.4484e-01
2.91875e+03  1.338e+00       1.338e+00       0.000e+00    0.000e+00  0.000e+00  5.272e-01 5.006e-06 6.753e-06 1.919e-05 5.650e-06 1.432e-05 1.333e-05  0.000e+00  0.000e+00  1.2300e-01  4.4884e-01
2.69985e+03  1.420e+00       1.420e+00       0.000e+00    0.000e+00  0.000e+00  5.938e-01 5.205e-06 7.021e-06 1.924e-05 5.827e-06 1.482e-05 1.386e-05  0.000e+00  0.000e+00  1.2819e-01  4.5256e-01
2.50111e+03  1.502e+00       1.502e+00       0.000e+00    0.000e+00  0.000e+00  6.644e-01 5.408e-06 7.295e-06 1.930e-05 6.009e-06 1.532e-05 1.440e-05  0.000e+00  0.000e+00  1.3343e-01  4.5602e-01
2.32069e+03  1.584e+00       1.584e+00       0.000e+00    0.000e+00  0.000e+00  7.389e-01 5.614e-06 7.573e-06 1.936e-05 6.195e-06 1.584e-05 1.494e-05  0.000e+00  0.000e+00  1.3870e-01  4.5923e-01
2.15683e+03  1.666e+00       1.666e+00       0.000e+00    0.000e+00  0.000e+00  8.174e-01 5.823e-06 7.856e-06 1.942e-05 6.385e-06 1.636e-05 1.550e-05  0.000e+00  0.000e+00  1.4399e-01  4.6221e-01
2.00790e+03  1.748e+00       1.748e+00       0.000e+00    0.000e+00  0.000e+00  8.999e-01 6.035e-06 8.142e-06 1.948e-05 6.579e-06 1.690e-05 1.606e-05  0.000e+00  0.000e+00  1.4928e-01  4.6497e-01
1.87240e+03  1.830e+00       1.830e+00       0.000e+00    0.000e+00  0.000e+00  9.864e-01 6.250e-06 8.431e-06 1.955e-05 6.777e-06 1.744e-05 1.663e-05  0.000e+00  0.000e+00  1.5457e-01  4.6752e-01
1.74896e+03  1.912e+00       1.912e+00       0.000e+00    0.000e+00  0.000e+00  1.077e+00 6.467e-06 8.724e-06 1.962e-05 6.977e-06 1.799e-05 1.721e-05  0.000e+00  0.000e+00  1.5985e-01  4.6988e-01
1.63635e+03  1.994e+00       1.994e+00       0.000e+00    0.000e+00  0.000e+00  1.171e+00 6.685e-06 9.019e-06 1.969e-05 7.180e-06 1.854e-05 1.779e-05  0.000e+00  0.000e+00  1.6511e-01  4.7207e-01
1.53347e+03  2.076e+00       2.076e+00       0.000e+00    0.000e+00  0.000e+00  1.269e+00 6.906e-06 9.316e-06 1.977e-05 7.386e-06 1.911e-05 1.838e-05  0.000e+00  0.000e+00  1.7031e-01  4.7401e-01
1.43933e+03  2.158e+00       2.158e+00       0.000e+00    0.000e+00  0.000e+00  1.372e+00 7.128e-06 9.616e-06 1.985e-05 7.594e-06 1.968e-05 1.897e-05  0.000e+00  0.000e+00  1.7551e-01  4.7589e-01
1.35305e+03  2.240e+00       2.240e+00       0.000e+00    0.000e+00  0.000e+00  1.478e+00 7.352e-06 9.918e-06 1.993e-05 7.805e-06 2.025e-05 1.956e-05  0.000e+00  0.000e+00  1.8068e-01  4.7762e-01
1.27384e+03  2.322e+00       2.322e+00       0.000e+00    0.000e+00  0.000e+00  1.588e+00 7.577e-06 1.022e-05 2.001e-05 8.017e-06 2.083e-05 2.016e-05  0.000e+00  0.000e+00  1.8580e-01  4.7923e-01
1.20101e+03  2.404e+00       2.404e+00       0.000e+00    0.000e+00  0.000e+00  1.702e+00 7.804e-06 1.053e-05 2.010e-05 8.232e-06 2.141e-05 2.076e-05  0.000e+00  0.000e+00  1.9088e-01  4.8073e-01
1.13392e+03  2.486e+00       2.486e+00       0.000e+00    0.000e+00  0.000e+00  1.821e+00 8.031e-06 1.083e-05 2.019e-05 8.448e-06 2.200e-05 2.136e-05  0.000e+00  0.000e+00  1.9592e-01  4.8212e-01
1.07203e+03  2.568e+00       2.568e+00       0.000e+00    0.000e+00  0.000e+00  1.943e+00 8.260e-06 1.114e-05 2.028e-05 8.665e-06 2.259e-05 2.197e-05  0.000e+00  0.000e+00  2.0090e-01  4.8341e-01
1.01484e+03  2.650e+00       2.650e+00       0.000e+00    0.000e+00  0.000e+00  2.069e+00 8.489e-06 1.145e-05 2.038e-05 8.884e-06 2.318e-05 2.258e-05  0.000e+00  0.000e+00  2.0583e-01  4.8462e-01
9.61912e+02  2.732e+00       2.732e+00       0.000e+00    0.000e+00  0.000e+00  2.199e+00 8.720e-06 1.176e-05 2.047e-05 9.105e-06 2.378e-05 2.319e-05  0.000e+00  0.000e+00  2.1070e-01  4.8574e-01
9.12852e+02  2.814e+00       2.814e+00       0.000e+00    0.000e+00  0.000e+00  2.333e+00 8.951e-06 1.207e-05 2.057e-05 9.326e-06 2.438e-05 2.381e-05  0.000e+00  0.000e+00  2.1552e-01  4.8679e-01
8.67309e+02  2.896e+00       2.896e+00       0.000e+00    0.000e+00  0.000e+00  2.471e+00 9.183e-06 1.239e-05 2.068e-05 9.549e-06 2.498e-05 2.443e-05  0.000e+00  0.000e+00  2.2025e-01  4.8771e-01
8.24968e+02  2.978e+00       2.978e+00       0.000e+00    0.000e+00  0.000e+00  2.613e+00 9.416e-06 1.270e-05 2.078e-05 9.773e-06 2.559e-05 2.504e-05  0.000e+00  0.000e+00  2.2495e-01  4.8863e-01
7.85548e+02  3.060e+00       3.060e+00       0.000e+00    0.000e+00  0.000e+00  2.759e+00 9.649e-06 1.302e-05 2.089e-05 9.998e-06 2.619e-05 2.566e-05  0.000e+00  0.000e+00  2.2958e-01  4.8948e-01
7.48795e+02  3.142e+00       3.142e+00       0.000e+00    0.000e+00  0.000e+00  2.908e+00 9.883e-06 1.333e-05 2.100e-05 1.022e-05 2.680e-05 2.629e-05  0.000e+00  0.000e+00  2.3415e-01  4.9029e-01
7.14483e+02  3.224e+00       3.224e+00       0.000e+00    0.000e+00  0.000e+00  3.062e+00 1.012e-05 1.365e-05 2.111e-05 1.045e-05 2.741e-05 2.691e-05  0.000e+00  0.000e+00  2.3866e-01  4.9104e-01
6.82408e+02  3.306e+00       3.306e+00       0.000e+00    0.000e+00  0.000e+00  3.220e+00 1.035e-05 1.397e-05 2.122e-05 1.068e-05 2.803e-05 2.753e-05  0.000e+00  0.000e+00  2.4310e-01  4.9175e-01
6.52384e+02  3.388e+00       3.388e+00       0.000e+00    0.000e+00  0.000e+00  3.382e+00 1.059e-05 1.428e-05 2.134e-05 1.091e-05 2.864e-05 2.816e-05  0.000e+00  0.000e+00  2.4748e-01  4.9242e-01
6.24247e+02  3.470e+00       3.470e+00       0.000e+00    0.000e+00  0.000e+00  3.547e+00 1.082e-05 1.460e-05 2.145e-05 1.114e-05 2.926e-05 2.878e-05  0.000e+00  0.000e+00  2.5179e-01  4.9305e-01
5.97845e+02  3.553e+00       3.553e+00       0.000e+00    0.000e+00  0.000e+00  3.717e+00 1.106e-05 1.492e-05 2.157e-05 1.137e-05 2.988e-05 2.941e-05  0.000e+00  0.000e+00  2.5604e-01  4.9364e-01
5.73043e+02  3.635e+00       3.635e+00       0.000e+00    0.000e+00  0.000e+00  3.891e+00 1.130e-05 1.524e-05 2.170e-05 1.160e-05 3.049e-05 3.004e-05  0.000e+00  0.000e+00  2.6022e-01  4.9420e-01
5.49716e+02  3.717e+00       3.717e+00       0.000e+00    0.000e+00  0.000e+00  4.068e+00 1.153e-05 1.556e-05 2.182e-05 1.183e-05 3.112e-05 3.067e-05  0.000e+00  0.000e+00  2.6431e-01  4.9467e-01
5.27754e+02  3.799e+00       3.799e+00       0.000e+00    0.000e+00  0.000e+00  4.250e+00 1.177e-05 1.588e-05 2.195e-05 1.206e-05 3.174e-05 3.131e-05  0.000e+00  0.000e+00  2.6835e-01  4.9517e-01
5.07054e+02  3.881e+00       3.881e+00       0.000e+00    0.000e+00  0.000e+00  4.435e+00 1.201e-05 1.620e-05 2.208e-05 1.229e-05 3.236e-05 3.194e-05  0.000e+00  0.000e+00  2.7233e-01  4.9564e-01
4.87524e+02  3.963e+00       3.963e+00       0.000e+00    0.000e+00  0.000e+00  4.625e+00 1.225e-05 1.652e-05 2.221e-05 1.253e-05 3.299e-05 3.257e-05  0.000e+00  0.000e+00  2.7625e-01  4.9608e-01
4.69078e+02  4.045e+00       4.045e+00       0.000e+00    0.000e+00  0.000e+00  4.818e+00 1.249e-05 1.684e-05 2.234e-05 1.276e-05 3.361e-05 3.320e-05  0.000e+00  0.000e+00  2.8010e-01  4.9650e-01
4.51640e+02  4.127e+00       4.127e+00       0.000e+00    0.000e+00  0.000e+00  5.016e+00 1.273e-05 1.717e-05 2.247e-05 1.299e-05 3.424e-05 3.384e-05  0.000e+00  0.000e+00  2.8388e-01  4.9690e-01
4.35139e+02  4.209e+00       4.209e+00       0.000e+00    0.000e+00  0.000e+00  5.217e+00 1.296e-05 1.749e-05 2.261e-05 1.323e-05 3.487e-05 3.447e-05  0.000e+00  0.000e+00  2.8760e-01  4.9728e-01
4.19510e+02  4.291e+00       4.291e+00       0.000e+00    0.000e+00  0.000e+00  5.422e+00 1.320e-05 1.781e-05 2.275e-05 1.346e-05 3.550e-05 3.511e-05  0.000e+00  0.000e+00  2.9125e-01  4.9764e-01
4.04694e+02  4.373e+00       4.373e+00       0.000e+00    0.000e+00  0.000e+00  5.632e+00 1.344e-05 1.814e-05 2.289e-05 1.370e-05 3.613e-05 3.574e-05  0.000e+00  0.000e+00  2.9484e-01  4.9799e-01
3.90637e+02  4.455e+00       4.455e+00       0.000e+00    0.000e+00  0.000e+00  5.845e+00 1.368e-05 1.846e-05 2.303e-05 1.393e-05 3.676e-05 3.639e-05  0.000e+00  0.000e+00  2.9834e-01  4.9827e-01
