     Energy         Kx              Ky       F.Density    GA.Brill.       Flux  Tot.Power  Nat.Size  Nat.Div.    Size.x    Size.y     Div.x     Div.y   Coh.Flux  Coh.Power   CohFrac.x   CohFrac.y
         eV          -               -  ph/s/mr^2/0.1%  F.Dens/mm^2  ph/s/0.1%         kW         m       rad         m         m       rad       rad  ph/s/0.1%          W           -           -
8.84652e+03  5.000e-01       3.062e-17       3.068e+09    6.697e+12  1.607e+06  3.682e-02 2.875e-06 3.879e-06 1.875e-05 3.890e-06 9.909e-06 8.410e-06  3.289e+04  6.533e-12  6.0043e-02  3.4092e-01
8.39979e+03  6.080e-01       3.723e-17       1.138e+11    2.448e+14  6.230e+07  5.444e-02 2.951e-06 3.981e-06 1.876e-05 3.946e-06 1.010e-05 8.629e-06  1.333e+06  2.648e-10  6.2029e-02  3.4496e-01
7.92177e+03  7.160e-01       4.384e-17       1.889e+12    3.993e+15  1.088e+09  7.550e-02 3.038e-06 4.099e-06 1.877e-05 4.012e-06 1.031e-05 8.884e-06  2.445e+07  4.857e-09  6.4331e-02  3.4945e-01
7.42996e+03  8.240e-01       5.046e-17       1.740e+13    3.607e+16  1.059e+10  9.999e-02 3.137e-06 4.232e-06 1.879e-05 4.087e-06 1.056e-05 9.171e-06  2.511e+08  4.988e-08  6.6918e-02  3.5425e-01
6.93875e+03  9.320e-01       5.707e-17       1.025e+14    2.079e+17  6.621e+10  1.279e-01 3.247e-06 4.380e-06 1.881e-05 4.172e-06 1.084e-05 9.488e-06  1.659e+09  3.296e-07  6.9760e-02  3.5925e-01
6.45920e+03  1.040e+00       6.368e-17       4.260e+14    8.446e+17  2.932e+11  1.593e-01 3.365e-06 4.539e-06 1.883e-05 4.264e-06 1.114e-05 9.832e-06  7.779e+09  1.545e-06  7.2827e-02  3.6433e-01
5.99917e+03  1.148e+00       7.029e-17       1.346e+15    2.603e+18  9.889e+11  1.941e-01 3.492e-06 4.710e-06 1.885e-05 4.365e-06 1.147e-05 1.020e-05  2.780e+10  5.521e-06  7.6090e-02  3.6941e-01
5.56379e+03  1.256e+00       7.691e-17       3.415e+15    6.437e+18  2.684e+12  2.323e-01 3.626e-06 4.891e-06 1.888e-05 4.473e-06 1.181e-05 1.059e-05  7.991e+10  1.587e-05  7.9523e-02  3.7441e-01
5.15599e+03  1.364e+00       8.352e-17       7.267e+15    1.334e+19  6.117e+12  2.740e-01 3.766e-06 5.081e-06 1.890e-05 4.588e-06 1.218e-05 1.100e-05  1.928e+11  3.830e-05  8.3103e-02  3.7928e-01
4.77699e+03  1.472e+00       9.013e-17       1.342e+16    2.395e+19  1.210e+13  3.191e-01 3.913e-06 5.278e-06 1.893e-05 4.709e-06 1.257e-05 1.142e-05  4.034e+11  8.014e-05  8.6806e-02  3.8398e-01
4.42680e+03  1.580e+00       9.675e-17       2.208e+16    3.833e+19  2.135e+13  3.676e-01 4.065e-06 5.483e-06 1.896e-05 4.836e-06 1.297e-05 1.186e-05  7.516e+11  1.493e-04  9.0615e-02  3.8848e-01
4.10461e+03  1.688e+00       1.034e-16       3.310e+16    5.582e+19  3.430e+13  4.196e-01 4.221e-06 5.694e-06 1.900e-05 4.968e-06 1.339e-05 1.232e-05  1.273e+12  2.529e-04  9.4512e-02  3.9277e-01
3.80906e+03  1.796e+00       1.100e-16       4.598e+16    7.530e+19  5.106e+13  4.750e-01 4.382e-06 5.911e-06 1.904e-05 5.105e-06 1.382e-05 1.279e-05  1.995e+12  3.962e-04  9.8465e-02  3.9675e-01
3.53847e+03  1.904e+00       1.166e-16       6.000e+16    9.541e+19  7.133e+13  5.339e-01 4.546e-06 6.133e-06 1.907e-05 5.247e-06 1.426e-05 1.327e-05  2.928e+12  5.817e-04  1.0249e-01  4.0056e-01
3.29104e+03  2.012e+00       1.232e-16       7.438e+16    1.148e+20  9.461e+13  5.962e-01 4.714e-06 6.359e-06 1.911e-05 5.393e-06 1.472e-05 1.375e-05  4.075e+12  8.094e-04  1.0656e-01  4.0415e-01
3.06490e+03  2.120e+00       1.298e-16       8.842e+16    1.325e+20  1.202e+14  6.619e-01 4.885e-06 6.590e-06 1.916e-05 5.543e-06 1.518e-05 1.425e-05  5.421e+12  1.077e-03  1.1067e-01  4.0752e-01
2.85823e+03  2.228e+00       1.364e-16       1.015e+17    1.477e+20  1.474e+14  7.310e-01 5.058e-06 6.824e-06 1.920e-05 5.697e-06 1.566e-05 1.476e-05  6.948e+12  1.380e-03  1.1481e-01  4.1066e-01
2.66930e+03  2.336e+00       1.430e-16       1.133e+17    1.600e+20  1.754e+14  8.036e-01 5.234e-06 7.061e-06 1.925e-05 5.853e-06 1.614e-05 1.527e-05  8.629e+12  1.714e-03  1.1896e-01  4.1360e-01
2.49647e+03  2.444e+00       1.497e-16       1.234e+17    1.692e+20  2.036e+14  8.796e-01 5.413e-06 7.302e-06 1.930e-05 6.013e-06 1.663e-05 1.579e-05  1.044e+13  2.073e-03  1.2313e-01  4.1635e-01
2.33823e+03  2.552e+00       1.563e-16       1.318e+17    1.755e+20  2.314e+14  9.591e-01 5.593e-06 7.545e-06 1.935e-05 6.176e-06 1.713e-05 1.631e-05  1.234e+13  2.451e-03  1.2730e-01  4.1891e-01
2.19321e+03  2.660e+00       1.629e-16       1.385e+17    1.792e+20  2.584e+14  1.042e+00 5.775e-06 7.790e-06 1.940e-05 6.341e-06 1.764e-05 1.684e-05  1.431e+13  2.843e-03  1.3147e-01  4.2131e-01
2.06014e+03  2.768e+00       1.695e-16       1.436e+17    1.804e+20  2.844e+14  1.128e+00 5.958e-06 8.038e-06 1.946e-05 6.509e-06 1.815e-05 1.737e-05  1.634e+13  3.245e-03  1.3564e-01  4.2354e-01
1.93788e+03  2.876e+00       1.761e-16       1.471e+17    1.796e+20  3.090e+14  1.218e+00 6.143e-06 8.288e-06 1.952e-05 6.679e-06 1.866e-05 1.791e-05  1.838e+13  3.652e-03  1.3979e-01  4.2562e-01
1.82540e+03  2.984e+00       1.827e-16       1.493e+17    1.772e+20  3.321e+14  1.311e+00 6.330e-06 8.539e-06 1.958e-05 6.850e-06 1.918e-05 1.845e-05  2.044e+13  4.060e-03  1.4394e-01  4.2756e-01
1.72179e+03  3.092e+00       1.893e-16       1.504e+17    1.735e+20  3.537e+14  1.408e+00 6.517e-06 8.792e-06 1.964e-05 7.024e-06 1.971e-05 1.900e-05  2.249e+13  4.467e-03  1.4806e-01  4.2937e-01
1.62620e+03  3.200e+00       1.959e-16       1.504e+17    1.687e+20  3.740e+14  1.508e+00 6.706e-06 9.047e-06 1.970e-05 7.200e-06 2.024e-05 1.955e-05  2.452e+13  4.871e-03  1.5215e-01  4.3100e-01
1.53789e+03  3.308e+00       2.026e-16       1.496e+17    1.633e+20  3.926e+14  1.612e+00 6.896e-06 9.303e-06 1.977e-05 7.377e-06 2.078e-05 2.010e-05  2.653e+13  5.270e-03  1.5623e-01  4.3258e-01
1.45619e+03  3.416e+00       2.092e-16       1.481e+17    1.573e+20  4.097e+14  1.718e+00 7.087e-06 9.560e-06 1.983e-05 7.556e-06 2.131e-05 2.066e-05  2.850e+13  5.662e-03  1.6028e-01  4.3406e-01
1.38049e+03  3.524e+00       2.158e-16       1.460e+17    1.510e+20  4.254e+14  1.829e+00 7.279e-06 9.819e-06 1.990e-05 7.736e-06 2.185e-05 2.122e-05  3.044e+13  6.047e-03  1.6431e-01  4.3544e-01
1.31026e+03  3.632e+00       2.224e-16       1.435e+17    1.444e+20  4.399e+14  1.943e+00 7.471e-06 1.008e-05 1.997e-05 7.917e-06 2.240e-05 2.178e-05  3.233e+13  6.423e-03  1.6831e-01  4.3674e-01
1.24501e+03  3.740e+00       2.290e-16       1.407e+17    1.379e+20  4.531e+14  2.060e+00 7.664e-06 1.034e-05 2.005e-05 8.100e-06 2.295e-05 2.234e-05  3.419e+13  6.791e-03  1.7228e-01  4.3795e-01
1.18430e+03  3.848e+00       2.356e-16       1.376e+17    1.314e+20  4.652e+14  2.181e+00 7.858e-06 1.060e-05 2.012e-05 8.284e-06 2.350e-05 2.290e-05  3.599e+13  7.150e-03  1.7621e-01  4.3909e-01
1.12775e+03  3.956e+00       2.422e-16       1.343e+17    1.249e+20  4.762e+14  2.305e+00 8.053e-06 1.086e-05 2.020e-05 8.468e-06 2.405e-05 2.347e-05  3.775e+13  7.500e-03  1.8011e-01  4.4016e-01
1.07499e+03  4.064e+00       2.488e-16       1.309e+17    1.187e+20  4.863e+14  2.432e+00 8.248e-06 1.113e-05 2.028e-05 8.654e-06 2.460e-05 2.404e-05  3.947e+13  7.840e-03  1.8397e-01  4.4117e-01
1.02572e+03  4.172e+00       2.555e-16       1.274e+17    1.126e+20  4.955e+14  2.563e+00 8.444e-06 1.139e-05 2.036e-05 8.841e-06 2.516e-05 2.461e-05  4.114e+13  8.172e-03  1.8779e-01  4.4211e-01
9.79638e+02  4.280e+00       2.621e-16       1.238e+17    1.068e+20  5.039e+14  2.698e+00 8.640e-06 1.166e-05 2.044e-05 9.029e-06 2.572e-05 2.518e-05  4.277e+13  8.496e-03  1.9158e-01  4.4300e-01
9.36490e+02  4.388e+00       2.687e-16       1.203e+17    1.012e+20  5.117e+14  2.836e+00 8.837e-06 1.192e-05 2.052e-05 9.217e-06 2.628e-05 2.576e-05  4.435e+13  8.810e-03  1.9531e-01  4.4379e-01
8.96041e+02  4.496e+00       2.753e-16       1.168e+17    9.588e+19  5.187e+14  2.977e+00 9.035e-06 1.219e-05 2.061e-05 9.407e-06 2.685e-05 2.633e-05  4.589e+13  9.117e-03  1.9901e-01  4.4457e-01
8.58078e+02  4.604e+00       2.819e-16       1.133e+17    9.081e+19  5.251e+14  3.122e+00 9.232e-06 1.245e-05 2.070e-05 9.597e-06 2.741e-05 2.691e-05  4.740e+13  9.415e-03  2.0268e-01  4.4532e-01
8.22407e+02  4.712e+00       2.885e-16       1.099e+17    8.599e+19  5.310e+14  3.270e+00 9.430e-06 1.272e-05 2.079e-05 9.787e-06 2.798e-05 2.748e-05  4.886e+13  9.705e-03  2.0630e-01  4.4602e-01
7.88854e+02  4.820e+00       2.951e-16       1.066e+17    8.142e+19  5.364e+14  3.421e+00 9.629e-06 1.299e-05 2.088e-05 9.979e-06 2.854e-05 2.806e-05  5.028e+13  9.989e-03  2.0988e-01  4.4669e-01
7.57258e+02  4.928e+00       3.018e-16       1.033e+17    7.710e+19  5.413e+14  3.576e+00 9.828e-06 1.326e-05 2.097e-05 1.017e-05 2.911e-05 2.864e-05  5.167e+13  1.026e-02  2.1342e-01  4.4732e-01
7.27476e+02  5.036e+00       3.084e-16       1.002e+17    7.302e+19  5.458e+14  3.735e+00 1.003e-05 1.353e-05 2.106e-05 1.036e-05 2.968e-05 2.922e-05  5.302e+13  1.053e-02  2.1691e-01  4.4791e-01
6.99373e+02  5.144e+00       3.150e-16       9.707e+16    6.917e+19  5.499e+14  3.897e+00 1.023e-05 1.380e-05 2.116e-05 1.056e-05 3.026e-05 2.980e-05  5.434e+13  1.080e-02  2.2037e-01  4.4848e-01
6.72830e+02  5.252e+00       3.216e-16       9.409e+16    6.553e+19  5.537e+14  4.062e+00 1.043e-05 1.406e-05 2.126e-05 1.075e-05 3.083e-05 3.038e-05  5.563e+13  1.105e-02  2.2378e-01  4.4901e-01
6.47736e+02  5.360e+00       3.282e-16       9.120e+16    6.211e+19  5.571e+14  4.231e+00 1.063e-05 1.433e-05 2.136e-05 1.094e-05 3.140e-05 3.096e-05  5.689e+13  1.130e-02  2.2714e-01  4.4952e-01
6.23990e+02  5.468e+00       3.348e-16       8.841e+16    5.888e+19  5.603e+14  4.403e+00 1.083e-05 1.460e-05 2.146e-05 1.114e-05 3.198e-05 3.154e-05  5.811e+13  1.154e-02  2.3046e-01  4.5000e-01
6.01499e+02  5.576e+00       3.414e-16       8.572e+16    5.583e+19  5.634e+14  4.579e+00 1.103e-05 1.488e-05 2.156e-05 1.133e-05 3.256e-05 3.213e-05  5.931e+13  1.178e-02  2.3372e-01  4.5042e-01
5.80178e+02  5.684e+00       3.480e-16       8.312e+16    5.297e+19  5.661e+14  4.758e+00 1.123e-05 1.515e-05 2.166e-05 1.153e-05 3.313e-05 3.272e-05  6.048e+13  1.201e-02  2.3695e-01  4.5085e-01
5.59950e+02  5.792e+00       3.547e-16       8.061e+16    5.027e+19  5.686e+14  4.940e+00 1.143e-05 1.542e-05 2.177e-05 1.173e-05 3.371e-05 3.330e-05  6.162e+13  1.224e-02  2.4014e-01  4.5127e-01
5.40741e+02  5.900e+00       3.613e-16       7.820e+16    4.773e+19  5.709e+14  5.126e+00 1.163e-05 1.569e-05 2.187e-05 1.192e-05 3.429e-05 3.389e-05  6.273e+13  1.246e-02  2.4328e-01  4.5166e-01
