     Energy         Kx              Ky       F.Density    GA.Brill.       Flux  Tot.Power  Nat.Size  Nat.Div.    Size.x    Size.y     Div.x     Div.y   Coh.Flux  Coh.Power   CohFrac.x   CohFrac.y
         eV          -               -  ph/s/mr^2/0.1%  F.Dens/mm^2  ph/s/0.1%         kW         m       rad         m         m       rad       rad  ph/s/0.1%          W           -           -
4.52207e+03  3.536e-01       3.536e-01       0.000e+00    0.000e+00  0.000e+00  1.312e-01 4.051e-06 5.386e-06 1.896e-05 4.824e-06 1.019e-05 8.736e-06  0.000e+00  0.000e+00  1.1296e-01  5.1774e-01
4.48554e+03  3.663e-01       3.663e-01       0.000e+00    0.000e+00  0.000e+00  1.408e-01 4.067e-06 5.408e-06 1.897e-05 4.838e-06 1.022e-05 8.771e-06  0.000e+00  0.000e+00  1.1352e-01  5.1837e-01
4.44833e+03  3.790e-01       3.790e-01       0.000e+00    0.000e+00  0.000e+00  1.508e-01 4.084e-06 5.431e-06 1.897e-05 4.852e-06 1.025e-05 8.808e-06  0.000e+00  0.000e+00  1.1410e-01  5.1902e-01
4.41050e+03  3.917e-01       3.917e-01       0.000e+00    0.000e+00  0.000e+00  1.611e-01 4.102e-06 5.454e-06 1.897e-05 4.867e-06 1.028e-05 8.845e-06  0.000e+00  0.000e+00  1.1469e-01  5.1968e-01
4.37209e+03  4.045e-01       4.045e-01       0.000e+00    0.000e+00  0.000e+00  1.717e-01 4.120e-06 5.478e-06 1.898e-05 4.882e-06 1.031e-05 8.883e-06  0.000e+00  0.000e+00  1.1531e-01  5.2036e-01
4.33314e+03  4.172e-01       4.172e-01       0.000e+00    0.000e+00  0.000e+00  1.827e-01 4.138e-06 5.503e-06 1.898e-05 4.898e-06 1.035e-05 8.923e-06  0.000e+00  0.000e+00  1.1593e-01  5.2104e-01
4.29371e+03  4.299e-01       4.299e-01       0.000e+00    0.000e+00  0.000e+00  1.940e-01 4.157e-06 5.528e-06 1.898e-05 4.914e-06 1.038e-05 8.963e-06  0.000e+00  0.000e+00  1.1658e-01  5.2174e-01
4.25384e+03  4.426e-01       4.426e-01       0.000e+00    0.000e+00  0.000e+00  2.057e-01 4.176e-06 5.554e-06 1.899e-05 4.930e-06 1.042e-05 9.005e-06  0.000e+00  0.000e+00  1.1724e-01  5.2245e-01
4.21357e+03  4.554e-01       4.554e-01       0.000e+00    0.000e+00  0.000e+00  2.177e-01 4.196e-06 5.580e-06 1.899e-05 4.947e-06 1.046e-05 9.048e-06  0.000e+00  0.000e+00  1.1792e-01  5.2316e-01
4.17294e+03  4.681e-01       4.681e-01       0.000e+00    0.000e+00  0.000e+00  2.300e-01 4.217e-06 5.607e-06 1.900e-05 4.964e-06 1.049e-05 9.091e-06  0.000e+00  0.000e+00  1.1861e-01  5.2389e-01
4.13201e+03  4.808e-01       4.808e-01       0.000e+00    0.000e+00  0.000e+00  2.427e-01 4.237e-06 5.635e-06 1.900e-05 4.982e-06 1.053e-05 9.136e-06  0.000e+00  0.000e+00  1.1931e-01  5.2463e-01
4.09080e+03  4.936e-01       4.936e-01       0.000e+00    0.000e+00  0.000e+00  2.557e-01 4.259e-06 5.663e-06 1.901e-05 5.000e-06 1.057e-05 9.181e-06  0.000e+00  0.000e+00  1.2003e-01  5.2537e-01
4.04936e+03  5.063e-01       5.063e-01       0.000e+00    0.000e+00  0.000e+00  2.691e-01 4.281e-06 5.692e-06 1.901e-05 5.019e-06 1.061e-05 9.228e-06  0.000e+00  0.000e+00  1.2077e-01  5.2612e-01
4.00773e+03  5.190e-01       5.190e-01       0.000e+00    0.000e+00  0.000e+00  2.828e-01 4.303e-06 5.722e-06 1.902e-05 5.037e-06 1.065e-05 9.275e-06  0.000e+00  0.000e+00  1.2152e-01  5.2688e-01
3.96595e+03  5.317e-01       5.317e-01       0.000e+00    0.000e+00  0.000e+00  2.968e-01 4.325e-06 5.752e-06 1.902e-05 5.057e-06 1.070e-05 9.324e-06  0.000e+00  0.000e+00  1.2228e-01  5.2764e-01
3.92404e+03  5.445e-01       5.445e-01       0.000e+00    0.000e+00  0.000e+00  3.112e-01 4.348e-06 5.782e-06 1.903e-05 5.076e-06 1.074e-05 9.373e-06  0.000e+00  0.000e+00  1.2306e-01  5.2841e-01
3.88206e+03  5.572e-01       5.572e-01       0.000e+00    0.000e+00  0.000e+00  3.259e-01 4.372e-06 5.813e-06 1.903e-05 5.097e-06 1.078e-05 9.423e-06  0.000e+00  0.000e+00  1.2385e-01  5.2919e-01
3.84002e+03  5.699e-01       5.699e-01       0.000e+00    0.000e+00  0.000e+00  3.409e-01 4.396e-06 5.845e-06 1.904e-05 5.117e-06 1.083e-05 9.474e-06  0.000e+00  0.000e+00  1.2465e-01  5.2997e-01
3.79796e+03  5.827e-01       5.827e-01       0.000e+00    0.000e+00  0.000e+00  3.563e-01 4.420e-06 5.877e-06 1.904e-05 5.138e-06 1.087e-05 9.526e-06  0.000e+00  0.000e+00  1.2547e-01  5.3075e-01
3.75592e+03  5.954e-01       5.954e-01       0.000e+00    0.000e+00  0.000e+00  3.721e-01 4.445e-06 5.910e-06 1.905e-05 5.159e-06 1.092e-05 9.579e-06  0.000e+00  0.000e+00  1.2630e-01  5.3153e-01
3.71392e+03  6.081e-01       6.081e-01       0.000e+00    0.000e+00  0.000e+00  3.882e-01 4.470e-06 5.944e-06 1.906e-05 5.181e-06 1.097e-05 9.633e-06  0.000e+00  0.000e+00  1.2714e-01  5.3232e-01
3.67199e+03  6.208e-01       6.208e-01       0.000e+00    0.000e+00  0.000e+00  4.046e-01 4.495e-06 5.977e-06 1.906e-05 5.203e-06 1.101e-05 9.687e-06  0.000e+00  0.000e+00  1.2799e-01  5.3311e-01
3.63015e+03  6.336e-01       6.336e-01       0.000e+00    0.000e+00  0.000e+00  4.213e-01 4.521e-06 6.012e-06 1.907e-05 5.225e-06 1.106e-05 9.743e-06  0.000e+00  0.000e+00  1.2885e-01  5.3390e-01
3.58844e+03  6.463e-01       6.463e-01       0.000e+00    0.000e+00  0.000e+00  4.384e-01 4.547e-06 6.047e-06 1.907e-05 5.248e-06 1.111e-05 9.799e-06  0.000e+00  0.000e+00  1.2973e-01  5.3469e-01
3.54687e+03  6.590e-01       6.590e-01       0.000e+00    0.000e+00  0.000e+00  4.559e-01 4.574e-06 6.082e-06 1.908e-05 5.271e-06 1.116e-05 9.856e-06  0.000e+00  0.000e+00  1.3062e-01  5.3549e-01
3.50548e+03  6.718e-01       6.718e-01       0.000e+00    0.000e+00  0.000e+00  4.737e-01 4.601e-06 6.118e-06 1.909e-05 5.294e-06 1.121e-05 9.913e-06  0.000e+00  0.000e+00  1.3151e-01  5.3628e-01
3.46427e+03  6.845e-01       6.845e-01       0.000e+00    0.000e+00  0.000e+00  4.918e-01 4.628e-06 6.154e-06 1.909e-05 5.318e-06 1.126e-05 9.972e-06  0.000e+00  0.000e+00  1.3242e-01  5.3708e-01
3.42328e+03  6.972e-01       6.972e-01       0.000e+00    0.000e+00  0.000e+00  5.102e-01 4.656e-06 6.191e-06 1.910e-05 5.342e-06 1.132e-05 1.003e-05  0.000e+00  0.000e+00  1.3334e-01  5.3787e-01
3.38251e+03  7.099e-01       7.099e-01       0.000e+00    0.000e+00  0.000e+00  5.290e-01 4.683e-06 6.228e-06 1.911e-05 5.366e-06 1.137e-05 1.009e-05  0.000e+00  0.000e+00  1.3427e-01  5.3866e-01
3.34199e+03  7.227e-01       7.227e-01       0.000e+00    0.000e+00  0.000e+00  5.482e-01 4.712e-06 6.266e-06 1.911e-05 5.391e-06 1.142e-05 1.015e-05  0.000e+00  0.000e+00  1.3521e-01  5.3945e-01
3.30174e+03  7.354e-01       7.354e-01       0.000e+00    0.000e+00  0.000e+00  5.677e-01 4.740e-06 6.304e-06 1.912e-05 5.416e-06 1.148e-05 1.021e-05  0.000e+00  0.000e+00  1.3615e-01  5.4024e-01
3.26177e+03  7.481e-01       7.481e-01       0.000e+00    0.000e+00  0.000e+00  5.875e-01 4.769e-06 6.342e-06 1.913e-05 5.441e-06 1.153e-05 1.027e-05  0.000e+00  0.000e+00  1.3711e-01  5.4102e-01
3.22209e+03  7.608e-01       7.608e-01       0.000e+00    0.000e+00  0.000e+00  6.076e-01 4.799e-06 6.381e-06 1.914e-05 5.467e-06 1.159e-05 1.034e-05  0.000e+00  0.000e+00  1.3808e-01  5.4181e-01
3.18273e+03  7.736e-01       7.736e-01       0.000e+00    0.000e+00  0.000e+00  6.281e-01 4.828e-06 6.420e-06 1.914e-05 5.493e-06 1.165e-05 1.040e-05  0.000e+00  0.000e+00  1.3905e-01  5.4259e-01
3.14368e+03  7.863e-01       7.863e-01       0.000e+00    0.000e+00  0.000e+00  6.490e-01 4.858e-06 6.460e-06 1.915e-05 5.519e-06 1.170e-05 1.046e-05  0.000e+00  0.000e+00  1.4004e-01  5.4337e-01
3.10496e+03  7.990e-01       7.990e-01       0.000e+00    0.000e+00  0.000e+00  6.702e-01 4.888e-06 6.500e-06 1.916e-05 5.546e-06 1.176e-05 1.053e-05  0.000e+00  0.000e+00  1.4103e-01  5.4414e-01
3.06659e+03  8.118e-01       8.118e-01       0.000e+00    0.000e+00  0.000e+00  6.917e-01 4.919e-06 6.541e-06 1.917e-05 5.573e-06 1.182e-05 1.059e-05  0.000e+00  0.000e+00  1.4203e-01  5.4491e-01
3.02857e+03  8.245e-01       8.245e-01       0.000e+00    0.000e+00  0.000e+00  7.135e-01 4.950e-06 6.582e-06 1.917e-05 5.600e-06 1.188e-05 1.066e-05  0.000e+00  0.000e+00  1.4304e-01  5.4568e-01
2.99091e+03  8.372e-01       8.372e-01       0.000e+00    0.000e+00  0.000e+00  7.357e-01 4.981e-06 6.623e-06 1.918e-05 5.628e-06 1.194e-05 1.073e-05  0.000e+00  0.000e+00  1.4405e-01  5.4644e-01
2.95362e+03  8.499e-01       8.499e-01       0.000e+00    0.000e+00  0.000e+00  7.583e-01 5.012e-06 6.665e-06 1.919e-05 5.655e-06 1.200e-05 1.079e-05  0.000e+00  0.000e+00  1.4508e-01  5.4720e-01
2.91671e+03  8.627e-01       8.627e-01       0.000e+00    0.000e+00  0.000e+00  7.812e-01 5.044e-06 6.707e-06 1.920e-05 5.683e-06 1.206e-05 1.086e-05  0.000e+00  0.000e+00  1.4611e-01  5.4796e-01
2.88018e+03  8.754e-01       8.754e-01       0.000e+00    0.000e+00  0.000e+00  8.044e-01 5.076e-06 6.749e-06 1.921e-05 5.712e-06 1.212e-05 1.093e-05  0.000e+00  0.000e+00  1.4714e-01  5.4871e-01
2.84404e+03  8.881e-01       8.881e-01       0.000e+00    0.000e+00  0.000e+00  8.279e-01 5.108e-06 6.792e-06 1.922e-05 5.740e-06 1.218e-05 1.100e-05  0.000e+00  0.000e+00  1.4819e-01  5.4945e-01
2.80829e+03  9.009e-01       9.009e-01       0.000e+00    0.000e+00  0.000e+00  8.518e-01 5.140e-06 6.835e-06 1.922e-05 5.769e-06 1.225e-05 1.107e-05  0.000e+00  0.000e+00  1.4924e-01  5.5019e-01
2.77294e+03  9.136e-01       9.136e-01       0.000e+00    0.000e+00  0.000e+00  8.761e-01 5.173e-06 6.879e-06 1.923e-05 5.798e-06 1.231e-05 1.114e-05  0.000e+00  0.000e+00  1.5030e-01  5.5092e-01
2.73799e+03  9.263e-01       9.263e-01       0.000e+00    0.000e+00  0.000e+00  9.007e-01 5.206e-06 6.922e-06 1.924e-05 5.828e-06 1.237e-05 1.121e-05  0.000e+00  0.000e+00  1.5136e-01  5.5165e-01
2.70345e+03  9.390e-01       9.390e-01       0.000e+00    0.000e+00  0.000e+00  9.256e-01 5.239e-06 6.966e-06 1.925e-05 5.857e-06 1.244e-05 1.128e-05  0.000e+00  0.000e+00  1.5243e-01  5.5237e-01
2.66931e+03  9.518e-01       9.518e-01       0.000e+00    0.000e+00  0.000e+00  9.508e-01 5.272e-06 7.011e-06 1.926e-05 5.887e-06 1.250e-05 1.135e-05  0.000e+00  0.000e+00  1.5350e-01  5.5309e-01
2.63558e+03  9.645e-01       9.645e-01       0.000e+00    0.000e+00  0.000e+00  9.764e-01 5.306e-06 7.056e-06 1.927e-05 5.917e-06 1.257e-05 1.142e-05  0.000e+00  0.000e+00  1.5458e-01  5.5380e-01
2.60226e+03  9.772e-01       9.772e-01       0.000e+00    0.000e+00  0.000e+00  1.002e+00 5.340e-06 7.101e-06 1.928e-05 5.948e-06 1.263e-05 1.150e-05  0.000e+00  0.000e+00  1.5567e-01  5.5451e-01
2.56936e+03  9.899e-01       9.899e-01       0.000e+00    0.000e+00  0.000e+00  1.029e+00 5.374e-06 7.146e-06 1.929e-05 5.978e-06 1.270e-05 1.157e-05  0.000e+00  0.000e+00  1.5676e-01  5.5521e-01
