     Energy         Kx              Ky       F.Density    GA.Brill.       Flux  Tot.Power  Nat.Size  Nat.Div.    Size.x    Size.y     Div.x     Div.y   Coh.Flux  Coh.Power   CohFrac.x   CohFrac.y
         eV          -               -  ph/s/mr^2/0.1%  F.Dens/mm^2  ph/s/0.1%         kW         m       rad         m         m       rad       rad  ph/s/0.1%          W           -           -
6.94786e+03  7.071e-02       7.071e-02       0.000e+00    0.000e+00  0.000e+00  3.522e-03 3.251e-06 4.369e-06 1.881e-05 4.175e-06 9.636e-06 8.087e-06  0.000e+00  0.000e+00  7.8361e-02  4.2062e-01
6.88995e+03  1.160e-01       1.160e-01       0.000e+00    0.000e+00  0.000e+00  9.472e-03 3.264e-06 4.387e-06 1.881e-05 4.185e-06 9.664e-06 8.120e-06  0.000e+00  0.000e+00  7.8779e-02  4.2133e-01
6.80571e+03  1.612e-01       1.612e-01       0.000e+00    0.000e+00  0.000e+00  1.831e-02 3.284e-06 4.414e-06 1.881e-05 4.201e-06 9.706e-06 8.170e-06  0.000e+00  0.000e+00  7.9396e-02  4.2237e-01
6.69709e+03  2.065e-01       2.065e-01       0.000e+00    0.000e+00  0.000e+00  3.003e-02 3.311e-06 4.450e-06 1.882e-05 4.222e-06 9.761e-06 8.236e-06  0.000e+00  0.000e+00  8.0208e-02  4.2371e-01
6.56650e+03  2.517e-01       2.517e-01       0.000e+00    0.000e+00  0.000e+00  4.463e-02 3.344e-06 4.494e-06 1.882e-05 4.248e-06 9.829e-06 8.316e-06  0.000e+00  0.000e+00  8.1210e-02  4.2535e-01
6.41665e+03  2.970e-01       2.970e-01       0.000e+00    0.000e+00  0.000e+00  6.212e-02 3.382e-06 4.546e-06 1.883e-05 4.278e-06 9.910e-06 8.412e-06  0.000e+00  0.000e+00  8.2396e-02  4.2725e-01
6.25049e+03  3.422e-01       3.422e-01       0.000e+00    0.000e+00  0.000e+00  8.250e-02 3.427e-06 4.606e-06 1.884e-05 4.314e-06 1.000e-05 8.522e-06  0.000e+00  0.000e+00  8.3759e-02  4.2939e-01
6.07103e+03  3.875e-01       3.875e-01       0.000e+00    0.000e+00  0.000e+00  1.058e-01 3.477e-06 4.674e-06 1.885e-05 4.354e-06 1.011e-05 8.646e-06  0.000e+00  0.000e+00  8.5290e-02  4.3173e-01
5.88122e+03  4.327e-01       4.327e-01       0.000e+00    0.000e+00  0.000e+00  1.319e-01 3.533e-06 4.748e-06 1.886e-05 4.398e-06 1.023e-05 8.783e-06  0.000e+00  0.000e+00  8.6982e-02  4.3425e-01
5.68390e+03  4.780e-01       4.780e-01       0.000e+00    0.000e+00  0.000e+00  1.609e-01 3.594e-06 4.830e-06 1.887e-05 4.447e-06 1.036e-05 8.933e-06  0.000e+00  0.000e+00  8.8826e-02  4.3692e-01
5.48171e+03  5.233e-01       5.233e-01       0.000e+00    0.000e+00  0.000e+00  1.928e-01 3.659e-06 4.918e-06 1.888e-05 4.501e-06 1.050e-05 9.095e-06  0.000e+00  0.000e+00  9.0813e-02  4.3970e-01
5.27703e+03  5.685e-01       5.685e-01       0.000e+00    0.000e+00  0.000e+00  2.276e-01 3.730e-06 5.013e-06 1.890e-05 4.558e-06 1.065e-05 9.269e-06  0.000e+00  0.000e+00  9.2933e-02  4.4257e-01
5.07194e+03  6.138e-01       6.138e-01       0.000e+00    0.000e+00  0.000e+00  2.653e-01 3.804e-06 5.113e-06 1.891e-05 4.619e-06 1.081e-05 9.455e-06  0.000e+00  0.000e+00  9.5162e-02  4.4541e-01
4.86826e+03  6.590e-01       6.590e-01       0.000e+00    0.000e+00  0.000e+00  3.059e-01 3.883e-06 5.219e-06 1.893e-05 4.684e-06 1.098e-05 9.650e-06  0.000e+00  0.000e+00  9.7522e-02  4.4837e-01
4.66749e+03  7.043e-01       7.043e-01       0.000e+00    0.000e+00  0.000e+00  3.494e-01 3.966e-06 5.330e-06 1.894e-05 4.753e-06 1.116e-05 9.854e-06  0.000e+00  0.000e+00  9.9988e-02  4.5135e-01
4.47087e+03  7.495e-01       7.495e-01       0.000e+00    0.000e+00  0.000e+00  3.957e-01 4.052e-06 5.446e-06 1.896e-05 4.825e-06 1.135e-05 1.007e-05  0.000e+00  0.000e+00  1.0255e-01  4.5432e-01
4.27937e+03  7.948e-01       7.948e-01       0.000e+00    0.000e+00  0.000e+00  4.449e-01 4.142e-06 5.567e-06 1.898e-05 4.901e-06 1.155e-05 1.029e-05  0.000e+00  0.000e+00  1.0521e-01  4.5728e-01
4.09375e+03  8.400e-01       8.400e-01       0.000e+00    0.000e+00  0.000e+00  4.970e-01 4.235e-06 5.691e-06 1.900e-05 4.979e-06 1.175e-05 1.052e-05  0.000e+00  0.000e+00  1.0794e-01  4.6020e-01
3.91456e+03  8.853e-01       8.853e-01       0.000e+00    0.000e+00  0.000e+00  5.520e-01 4.330e-06 5.820e-06 1.902e-05 5.061e-06 1.196e-05 1.075e-05  0.000e+00  0.000e+00  1.1075e-01  4.6306e-01
3.74216e+03  9.306e-01       9.306e-01       0.000e+00    0.000e+00  0.000e+00  6.099e-01 4.429e-06 5.953e-06 1.905e-05 5.146e-06 1.218e-05 1.100e-05  0.000e+00  0.000e+00  1.1363e-01  4.6588e-01
3.57679e+03  9.758e-01       9.758e-01       0.000e+00    0.000e+00  0.000e+00  6.707e-01 4.530e-06 6.089e-06 1.907e-05 5.233e-06 1.241e-05 1.125e-05  0.000e+00  0.000e+00  1.1657e-01  4.6862e-01
3.41854e+03  1.021e+00       1.021e+00       0.000e+00    0.000e+00  0.000e+00  7.343e-01 4.634e-06 6.228e-06 1.909e-05 5.323e-06 1.264e-05 1.150e-05  0.000e+00  0.000e+00  1.1957e-01  4.7129e-01
3.26743e+03  1.066e+00       1.066e+00       0.000e+00    0.000e+00  0.000e+00  8.009e-01 4.740e-06 6.371e-06 1.912e-05 5.416e-06 1.288e-05 1.177e-05  0.000e+00  0.000e+00  1.2261e-01  4.7388e-01
3.12338e+03  1.112e+00       1.112e+00       0.000e+00    0.000e+00  0.000e+00  8.703e-01 4.848e-06 6.516e-06 1.915e-05 5.511e-06 1.312e-05 1.203e-05  0.000e+00  0.000e+00  1.2570e-01  4.7640e-01
2.98625e+03  1.157e+00       1.157e+00       0.000e+00    0.000e+00  0.000e+00  9.426e-01 4.958e-06 6.664e-06 1.918e-05 5.608e-06 1.337e-05 1.230e-05  0.000e+00  0.000e+00  1.2883e-01  4.7882e-01
2.85587e+03  1.202e+00       1.202e+00       0.000e+00    0.000e+00  0.000e+00  1.018e+00 5.070e-06 6.814e-06 1.921e-05 5.707e-06 1.363e-05 1.258e-05  0.000e+00  0.000e+00  1.3199e-01  4.8117e-01
2.73201e+03  1.247e+00       1.247e+00       0.000e+00    0.000e+00  0.000e+00  1.096e+00 5.184e-06 6.967e-06 1.924e-05 5.808e-06 1.389e-05 1.286e-05  0.000e+00  0.000e+00  1.3518e-01  4.8342e-01
2.61443e+03  1.293e+00       1.293e+00       0.000e+00    0.000e+00  0.000e+00  1.177e+00 5.299e-06 7.122e-06 1.927e-05 5.911e-06 1.415e-05 1.315e-05  0.000e+00  0.000e+00  1.3840e-01  4.8560e-01
2.50288e+03  1.338e+00       1.338e+00       0.000e+00    0.000e+00  0.000e+00  1.261e+00 5.416e-06 7.279e-06 1.930e-05 6.016e-06 1.442e-05 1.344e-05  0.000e+00  0.000e+00  1.4163e-01  4.8768e-01
2.39708e+03  1.383e+00       1.383e+00       0.000e+00    0.000e+00  0.000e+00  1.347e+00 5.534e-06 7.438e-06 1.933e-05 6.123e-06 1.469e-05 1.373e-05  0.000e+00  0.000e+00  1.4489e-01  4.8969e-01
2.29676e+03  1.428e+00       1.428e+00       0.000e+00    0.000e+00  0.000e+00  1.437e+00 5.654e-06 7.598e-06 1.937e-05 6.231e-06 1.497e-05 1.402e-05  0.000e+00  0.000e+00  1.4816e-01  4.9162e-01
2.20165e+03  1.474e+00       1.474e+00       0.000e+00    0.000e+00  0.000e+00  1.530e+00 5.774e-06 7.761e-06 1.940e-05 6.341e-06 1.525e-05 1.432e-05  0.000e+00  0.000e+00  1.5142e-01  4.9338e-01
2.11149e+03  1.519e+00       1.519e+00       0.000e+00    0.000e+00  0.000e+00  1.625e+00 5.896e-06 7.925e-06 1.944e-05 6.452e-06 1.554e-05 1.463e-05  0.000e+00  0.000e+00  1.5471e-01  4.9514e-01
2.02601e+03  1.564e+00       1.564e+00       0.000e+00    0.000e+00  0.000e+00  1.723e+00 6.019e-06 8.090e-06 1.948e-05 6.565e-06 1.582e-05 1.493e-05  0.000e+00  0.000e+00  1.5801e-01  4.9683e-01
1.94497e+03  1.609e+00       1.609e+00       0.000e+00    0.000e+00  0.000e+00  1.824e+00 6.144e-06 8.257e-06 1.952e-05 6.679e-06 1.611e-05 1.524e-05  0.000e+00  0.000e+00  1.6131e-01  4.9845e-01
1.86811e+03  1.655e+00       1.655e+00       0.000e+00    0.000e+00  0.000e+00  1.928e+00 6.269e-06 8.425e-06 1.956e-05 6.794e-06 1.641e-05 1.555e-05  0.000e+00  0.000e+00  1.6461e-01  5.0001e-01
1.79519e+03  1.700e+00       1.700e+00       0.000e+00    0.000e+00  0.000e+00  2.035e+00 6.395e-06 8.595e-06 1.960e-05 6.911e-06 1.670e-05 1.586e-05  0.000e+00  0.000e+00  1.6792e-01  5.0149e-01
1.72601e+03  1.745e+00       1.745e+00       0.000e+00    0.000e+00  0.000e+00  2.145e+00 6.522e-06 8.765e-06 1.964e-05 7.028e-06 1.700e-05 1.617e-05  0.000e+00  0.000e+00  1.7122e-01  5.0291e-01
1.66035e+03  1.790e+00       1.790e+00       0.000e+00    0.000e+00  0.000e+00  2.258e+00 6.649e-06 8.937e-06 1.968e-05 7.147e-06 1.730e-05 1.649e-05  0.000e+00  0.000e+00  1.7452e-01  5.0427e-01
1.59799e+03  1.836e+00       1.836e+00       0.000e+00    0.000e+00  0.000e+00  2.373e+00 6.778e-06 9.109e-06 1.973e-05 7.266e-06 1.760e-05 1.681e-05  0.000e+00  0.000e+00  1.7781e-01  5.0558e-01
1.53876e+03  1.881e+00       1.881e+00       0.000e+00    0.000e+00  0.000e+00  2.492e+00 6.907e-06 9.283e-06 1.977e-05 7.387e-06 1.791e-05 1.713e-05  0.000e+00  0.000e+00  1.8109e-01  5.0682e-01
1.48248e+03  1.926e+00       1.926e+00       0.000e+00    0.000e+00  0.000e+00  2.613e+00 7.037e-06 9.458e-06 1.982e-05 7.509e-06 1.822e-05 1.745e-05  0.000e+00  0.000e+00  1.8437e-01  5.0802e-01
1.42897e+03  1.971e+00       1.971e+00       0.000e+00    0.000e+00  0.000e+00  2.737e+00 7.168e-06 9.633e-06 1.986e-05 7.631e-06 1.853e-05 1.777e-05  0.000e+00  0.000e+00  1.8764e-01  5.0916e-01
1.37807e+03  2.017e+00       2.017e+00       0.000e+00    0.000e+00  0.000e+00  2.865e+00 7.299e-06 9.809e-06 1.991e-05 7.755e-06 1.884e-05 1.809e-05  0.000e+00  0.000e+00  1.9089e-01  5.1025e-01
1.32963e+03  2.062e+00       2.062e+00       0.000e+00    0.000e+00  0.000e+00  2.995e+00 7.430e-06 9.986e-06 1.996e-05 7.879e-06 1.915e-05 1.842e-05  0.000e+00  0.000e+00  1.9414e-01  5.1130e-01
1.28352e+03  2.107e+00       2.107e+00       0.000e+00    0.000e+00  0.000e+00  3.127e+00 7.563e-06 1.016e-05 2.001e-05 8.004e-06 1.947e-05 1.875e-05  0.000e+00  0.000e+00  1.9737e-01  5.1231e-01
1.23960e+03  2.152e+00       2.152e+00       0.000e+00    0.000e+00  0.000e+00  3.263e+00 7.696e-06 1.034e-05 2.006e-05 8.129e-06 1.978e-05 1.908e-05  0.000e+00  0.000e+00  2.0056e-01  5.1320e-01
1.19774e+03  2.198e+00       2.198e+00       0.000e+00    0.000e+00  0.000e+00  3.402e+00 7.829e-06 1.052e-05 2.011e-05 8.256e-06 2.010e-05 1.941e-05  0.000e+00  0.000e+00  2.0376e-01  5.1412e-01
1.15783e+03  2.243e+00       2.243e+00       0.000e+00    0.000e+00  0.000e+00  3.543e+00 7.963e-06 1.070e-05 2.016e-05 8.383e-06 2.042e-05 1.974e-05  0.000e+00  0.000e+00  2.0694e-01  5.1500e-01
1.11975e+03  2.288e+00       2.288e+00       0.000e+00    0.000e+00  0.000e+00  3.688e+00 8.097e-06 1.088e-05 2.022e-05 8.510e-06 2.074e-05 2.007e-05  0.000e+00  0.000e+00  2.1011e-01  5.1584e-01
1.08341e+03  2.333e+00       2.333e+00       0.000e+00    0.000e+00  0.000e+00  3.835e+00 8.232e-06 1.106e-05 2.027e-05 8.638e-06 2.107e-05 2.040e-05  0.000e+00  0.000e+00  2.1326e-01  5.1666e-01
