     Energy    K_Value       F.Density    GA.Brill.       Flux  Tot.Power  Nat.Size  Nat.Div.    Size.x    Size.y     Div.x     Div.y   Coh.Flux  Coh.Power   CohFrac.x   CohFrac.y
         eV          -  ph/s/mr^2/0.1%  F.Dens/mm^2  ph/s/0.1%         kW         m       rad         m         m       rad       rad  ph/s/0.1%          W           -           -
1.90775e+04  0.000e+00       0.000e+00    0.000e+00  0.000e+00  0.000e+00 1.684e-06 3.072e-06 1.860e-05 3.114e-06 9.432e-06 7.843e-06  0.000e+00  0.000e+00  2.9480e-02  2.1176e-01
1.90476e+04  5.600e-02       6.588e-06    1.810e-02  3.066e-09  1.874e-03 1.685e-06 3.074e-06 1.860e-05 3.115e-06 9.437e-06 7.849e-06  1.917e-11  3.808e-27  2.9510e-02  2.1188e-01
1.89586e+04  1.120e-01       1.642e+00    4.508e+03  7.673e-04  7.498e-03 1.689e-06 3.081e-06 1.860e-05 3.117e-06 9.452e-06 7.867e-06  4.820e-06  9.575e-22  2.9600e-02  2.1223e-01
1.88120e+04  1.680e-01       2.232e+03    6.121e+06  1.050e+00  1.687e-02 1.696e-06 3.093e-06 1.860e-05 3.121e-06 9.477e-06 7.897e-06  6.647e-03  1.320e-18  2.9750e-02  2.1282e-01
1.86106e+04  2.240e-01       3.525e+05    9.649e+08  1.673e+02  2.999e-02 1.705e-06 3.110e-06 1.860e-05 3.125e-06 9.512e-06 7.940e-06  1.071e+00  2.127e-16  2.9960e-02  2.1364e-01
1.83578e+04  2.800e-01       1.687e+07    4.608e+10  8.098e+03  4.686e-02 1.716e-06 3.131e-06 1.860e-05 3.132e-06 9.558e-06 7.993e-06  5.255e+01  1.044e-14  3.0227e-02  2.1468e-01
1.80581e+04  3.360e-01       3.754e+08    1.023e+12  1.827e+05  6.748e-02 1.731e-06 3.157e-06 1.860e-05 3.140e-06 9.612e-06 8.059e-06  1.205e+03  2.394e-13  3.0552e-02  2.1593e-01
1.77163e+04  3.920e-01       4.882e+09    1.326e+13  2.415e+06  9.185e-02 1.747e-06 3.188e-06 1.861e-05 3.149e-06 9.677e-06 8.136e-06  1.624e+04  3.226e-12  3.0931e-02  2.1739e-01
1.73376e+04  4.480e-01       4.257e+10    1.152e+14  2.145e+07  1.200e-01 1.766e-06 3.222e-06 1.861e-05 3.159e-06 9.751e-06 8.223e-06  1.473e+05  2.927e-11  3.1365e-02  2.1904e-01
1.69275e+04  5.040e-01       2.721e+11    7.338e+14  1.399e+08  1.518e-01 1.787e-06 3.261e-06 1.861e-05 3.171e-06 9.833e-06 8.321e-06  9.842e+05  1.955e-10  3.1850e-02  2.2086e-01
1.64916e+04  5.600e-01       1.356e+12    3.641e+15  7.128e+08  1.874e-01 1.811e-06 3.304e-06 1.861e-05 3.185e-06 9.925e-06 8.430e-06  5.144e+06  1.022e-09  3.2386e-02  2.2285e-01
1.60352e+04  6.160e-01       5.505e+12    1.471e+16  2.964e+09  2.268e-01 1.836e-06 3.350e-06 1.861e-05 3.199e-06 1.003e-05 8.548e-06  2.199e+07  4.368e-09  3.2969e-02  2.2500e-01
1.55634e+04  6.720e-01       1.884e+13    5.008e+16  1.041e+10  2.699e-01 1.864e-06 3.401e-06 1.862e-05 3.215e-06 1.013e-05 8.675e-06  7.946e+07  1.578e-08  3.3598e-02  2.2728e-01
1.50811e+04  7.280e-01       5.572e+13    1.473e+17  3.163e+10  3.168e-01 1.894e-06 3.455e-06 1.862e-05 3.232e-06 1.025e-05 8.812e-06  2.489e+08  4.945e-08  3.4271e-02  2.2968e-01
1.45927e+04  7.840e-01       1.455e+14    3.824e+17  8.496e+10  3.674e-01 1.925e-06 3.512e-06 1.862e-05 3.251e-06 1.038e-05 8.957e-06  6.901e+08  1.371e-07  3.4985e-02  2.3219e-01
1.41022e+04  8.400e-01       3.408e+14    8.904e+17  2.051e+11  4.218e-01 1.958e-06 3.573e-06 1.863e-05 3.271e-06 1.051e-05 9.110e-06  1.721e+09  3.418e-07  3.5739e-02  2.3479e-01
1.36131e+04  8.960e-01       7.267e+14    1.886e+18  4.508e+11  4.799e-01 1.993e-06 3.636e-06 1.863e-05 3.292e-06 1.065e-05 9.272e-06  3.911e+09  7.768e-07  3.6529e-02  2.3748e-01
1.31283e+04  9.520e-01       1.426e+15    3.675e+18  9.132e+11  5.417e-01 2.030e-06 3.703e-06 1.863e-05 3.314e-06 1.080e-05 9.440e-06  8.195e+09  1.628e-06  3.7354e-02  2.4023e-01
1.26506e+04  1.008e+00       2.602e+15    6.656e+18  1.721e+12  6.073e-01 2.068e-06 3.772e-06 1.864e-05 3.337e-06 1.095e-05 9.615e-06  1.598e+10  3.175e-06  3.8212e-02  2.4304e-01
1.21819e+04  1.064e+00       4.449e+15    1.130e+19  3.043e+12  6.767e-01 2.107e-06 3.844e-06 1.864e-05 3.362e-06 1.111e-05 9.797e-06  2.926e+10  5.812e-06  3.9101e-02  2.4589e-01
1.17241e+04  1.120e+00       7.186e+15    1.810e+19  5.084e+12  7.498e-01 2.148e-06 3.918e-06 1.865e-05 3.388e-06 1.128e-05 9.986e-06  5.061e+10  1.005e-05  4.0018e-02  2.4878e-01
1.12785e+04  1.176e+00       1.103e+16    2.756e+19  8.077e+12  8.266e-01 2.190e-06 3.995e-06 1.865e-05 3.414e-06 1.145e-05 1.018e-05  8.327e+10  1.654e-05  4.0963e-02  2.5168e-01
1.08462e+04  1.232e+00       1.618e+16    4.009e+19  1.227e+13  9.072e-01 2.233e-06 4.074e-06 1.866e-05 3.442e-06 1.163e-05 1.038e-05  1.310e+11  2.602e-05  4.1932e-02  2.5460e-01
1.04279e+04  1.288e+00       2.279e+16    5.599e+19  1.791e+13  9.916e-01 2.277e-06 4.155e-06 1.866e-05 3.471e-06 1.181e-05 1.059e-05  1.979e+11  3.931e-05  4.2919e-02  2.5748e-01
1.00241e+04  1.344e+00       3.097e+16    7.540e+19  2.521e+13  1.080e+00 2.323e-06 4.238e-06 1.867e-05 3.501e-06 1.200e-05 1.080e-05  2.884e+11  5.729e-05  4.3934e-02  2.6040e-01
9.63509e+03  1.400e+00       4.074e+16    9.829e+19  3.437e+13  1.172e+00 2.369e-06 4.322e-06 1.867e-05 3.532e-06 1.219e-05 1.101e-05  4.069e+11  8.083e-05  4.4968e-02  2.6330e-01
9.26105e+03  1.456e+00       5.206e+16    1.245e+20  4.552e+13  1.267e+00 2.417e-06 4.409e-06 1.868e-05 3.564e-06 1.239e-05 1.123e-05  5.576e+11  1.108e-04  4.6021e-02  2.6618e-01
8.90193e+03  1.512e+00       6.483e+16    1.535e+20  5.876e+13  1.366e+00 2.465e-06 4.497e-06 1.869e-05 3.597e-06 1.259e-05 1.145e-05  7.445e+11  1.479e-04  4.7091e-02  2.6904e-01
8.55756e+03  1.568e+00       7.888e+16    1.850e+20  7.411e+13  1.470e+00 2.514e-06 4.586e-06 1.869e-05 3.631e-06 1.280e-05 1.168e-05  9.707e+11  1.928e-04  4.8178e-02  2.7187e-01
8.22770e+03  1.624e+00       9.399e+16    2.182e+20  9.153e+13  1.576e+00 2.564e-06 4.677e-06 1.870e-05 3.665e-06 1.301e-05 1.191e-05  1.239e+12  2.461e-04  4.9279e-02  2.7466e-01
7.91202e+03  1.680e+00       1.099e+17    2.527e+20  1.109e+14  1.687e+00 2.614e-06 4.770e-06 1.871e-05 3.701e-06 1.323e-05 1.215e-05  1.551e+12  3.081e-04  5.0394e-02  2.7741e-01
7.61014e+03  1.736e+00       1.264e+17    2.876e+20  1.322e+14  1.801e+00 2.666e-06 4.863e-06 1.871e-05 3.738e-06 1.345e-05 1.238e-05  1.908e+12  3.791e-04  5.1522e-02  2.8013e-01
7.32163e+03  1.792e+00       1.431e+17    3.223e+20  1.552e+14  1.919e+00 2.718e-06 4.958e-06 1.872e-05 3.775e-06 1.367e-05 1.262e-05  2.311e+12  4.590e-04  5.2661e-02  2.8279e-01
7.04602e+03  1.848e+00       1.599e+17    3.564e+20  1.796e+14  2.041e+00 2.770e-06 5.054e-06 1.873e-05 3.813e-06 1.389e-05 1.287e-05  2.759e+12  5.480e-04  5.3812e-02  2.8541e-01
6.78284e+03  1.904e+00       1.765e+17    3.891e+20  2.053e+14  2.167e+00 2.824e-06 5.151e-06 1.874e-05 3.852e-06 1.412e-05 1.311e-05  3.250e+12  6.457e-04  5.4972e-02  2.8798e-01
6.53159e+03  1.960e+00       1.926e+17    4.202e+20  2.321e+14  2.296e+00 2.877e-06 5.250e-06 1.875e-05 3.891e-06 1.435e-05 1.336e-05  3.785e+12  7.518e-04  5.6141e-02  2.9050e-01
6.29178e+03  2.016e+00       2.081e+17    4.491e+20  2.596e+14  2.429e+00 2.932e-06 5.349e-06 1.875e-05 3.932e-06 1.459e-05 1.361e-05  4.360e+12  8.661e-04  5.7319e-02  2.9297e-01
6.06290e+03  2.072e+00       2.228e+17    4.757e+20  2.878e+14  2.566e+00 2.987e-06 5.449e-06 1.876e-05 3.973e-06 1.482e-05 1.387e-05  4.973e+12  9.879e-04  5.8505e-02  2.9538e-01
5.84447e+03  2.128e+00       2.366e+17    4.997e+20  3.163e+14  2.707e+00 3.042e-06 5.550e-06 1.877e-05 4.014e-06 1.506e-05 1.412e-05  5.622e+12  1.117e-03  5.9698e-02  2.9774e-01
5.63600e+03  2.184e+00       2.495e+17    5.211e+20  3.450e+14  2.851e+00 3.098e-06 5.651e-06 1.878e-05 4.057e-06 1.531e-05 1.438e-05  6.304e+12  1.252e-03  6.0897e-02  3.0005e-01
5.43704e+03  2.240e+00       2.613e+17    5.397e+20  3.737e+14  2.999e+00 3.154e-06 5.754e-06 1.879e-05 4.100e-06 1.555e-05 1.464e-05  7.016e+12  1.394e-03  6.2102e-02  3.0230e-01
5.24711e+03  2.296e+00       2.720e+17    5.556e+20  4.023e+14  3.151e+00 3.210e-06 5.857e-06 1.880e-05 4.144e-06 1.580e-05 1.490e-05  7.755e+12  1.541e-03  6.3312e-02  3.0449e-01
5.06578e+03  2.352e+00       2.815e+17    5.688e+20  4.305e+14  3.307e+00 3.267e-06 5.961e-06 1.881e-05 4.188e-06 1.605e-05 1.517e-05  8.519e+12  1.692e-03  6.4528e-02  3.0663e-01
4.89262e+03  2.408e+00       2.900e+17    5.795e+20  4.583e+14  3.466e+00 3.325e-06 6.065e-06 1.882e-05 4.233e-06 1.630e-05 1.543e-05  9.303e+12  1.848e-03  6.5747e-02  3.0872e-01
4.72724e+03  2.464e+00       2.975e+17    5.877e+20  4.857e+14  3.629e+00 3.382e-06 6.171e-06 1.883e-05 4.278e-06 1.655e-05 1.570e-05  1.011e+13  2.008e-03  6.6964e-02  3.1071e-01
4.56923e+03  2.520e+00       3.038e+17    5.936e+20  5.124e+14  3.796e+00 3.440e-06 6.276e-06 1.884e-05 4.324e-06 1.681e-05 1.597e-05  1.093e+13  2.170e-03  6.8191e-02  3.1269e-01
4.41824e+03  2.576e+00       3.092e+17    5.973e+20  5.383e+14  3.966e+00 3.499e-06 6.383e-06 1.885e-05 4.371e-06 1.706e-05 1.624e-05  1.176e+13  2.336e-03  6.9421e-02  3.1462e-01
4.27390e+03  2.632e+00       3.136e+17    5.990e+20  5.636e+14  4.141e+00 3.557e-06 6.490e-06 1.886e-05 4.418e-06 1.732e-05 1.651e-05  1.260e+13  2.503e-03  7.0654e-02  3.1650e-01
4.13588e+03  2.688e+00       3.171e+17    5.989e+20  5.880e+14  4.319e+00 3.616e-06 6.597e-06 1.887e-05 4.465e-06 1.758e-05 1.678e-05  1.346e+13  2.673e-03  7.1889e-02  3.1832e-01
4.00386e+03  2.744e+00       3.198e+17    5.971e+20  6.116e+14  4.501e+00 3.675e-06 6.705e-06 1.889e-05 4.513e-06 1.784e-05 1.706e-05  1.432e+13  2.844e-03  7.3127e-02  3.2010e-01
3.87753e+03  2.800e+00       3.217e+17    5.939e+20  6.343e+14  4.686e+00 3.735e-06 6.813e-06 1.890e-05 4.562e-06 1.811e-05 1.733e-05  1.518e+13  3.016e-03  7.4367e-02  3.2182e-01
