     Energy    K_Value       F.Density    GA.Brill.       Flux  Tot.Power  Nat.Size  Nat.Div.    Size.x    Size.y     Div.x     Div.y   Coh.Flux  Coh.Power   CohFrac.x   CohFrac.y
         eV          -  ph/s/mr^2/0.1%  F.Dens/mm^2  ph/s/0.1%         kW         m       rad         m         m       rad       rad  ph/s/0.1%          W           -           -
1.48380e+04  0.000e+00       0.000e+00    0.000e+00  0.000e+00  0.000e+00 1.909e-06 3.483e-06 1.862e-05 3.242e-06 9.483e-06 7.904e-06  0.000e+00  0.000e+00  3.7655e-02  2.5953e-01
1.48148e+04  5.600e-02       1.444e+00    3.805e+03  6.807e-04  1.874e-03 1.911e-06 3.486e-06 1.862e-05 3.242e-06 9.488e-06 7.910e-06  6.662e-06  1.323e-21  3.7693e-02  2.5967e-01
1.47455e+04  1.120e-01       2.270e+04    5.979e+07  1.075e+01  7.498e-03 1.915e-06 3.494e-06 1.862e-05 3.245e-06 9.503e-06 7.928e-06  1.057e-01  2.099e-17  3.7808e-02  2.6007e-01
1.46316e+04  1.680e-01       6.193e+06    1.629e+10  2.951e+03  1.687e-02 1.923e-06 3.507e-06 1.862e-05 3.249e-06 9.529e-06 7.959e-06  2.924e+01  5.808e-15  3.7999e-02  2.6074e-01
1.44749e+04  2.240e-01       3.163e+08    8.302e+11  1.521e+05  2.999e-02 1.933e-06 3.526e-06 1.862e-05 3.256e-06 9.564e-06 8.002e-06  1.523e+03  3.025e-13  3.8265e-02  2.6166e-01
1.42783e+04  2.800e-01       6.376e+09    1.670e+13  3.102e+06  4.686e-02 1.946e-06 3.551e-06 1.863e-05 3.263e-06 9.610e-06 8.056e-06  3.147e+04  6.252e-12  3.8605e-02  2.6283e-01
1.40452e+04  3.360e-01       7.079e+10    1.848e+14  3.492e+07  6.748e-02 1.962e-06 3.580e-06 1.863e-05 3.273e-06 9.665e-06 8.122e-06  3.600e+05  7.151e-11  3.9018e-02  2.6425e-01
1.37793e+04  3.920e-01       5.171e+11    1.345e+15  2.592e+08  9.185e-02 1.981e-06 3.614e-06 1.863e-05 3.284e-06 9.730e-06 8.199e-06  2.723e+06  5.408e-10  3.9500e-02  2.6589e-01
1.34848e+04  4.480e-01       2.766e+12    7.165e+15  1.412e+09  1.200e-01 2.003e-06 3.654e-06 1.863e-05 3.297e-06 9.805e-06 8.287e-06  1.514e+07  3.008e-09  4.0051e-02  2.6774e-01
1.31659e+04  5.040e-01       1.161e+13    2.994e+16  6.050e+09  1.518e-01 2.027e-06 3.698e-06 1.863e-05 3.312e-06 9.889e-06 8.386e-06  6.638e+07  1.319e-08  4.0669e-02  2.6979e-01
1.28268e+04  5.600e-01       4.013e+13    1.029e+17  2.138e+10  1.874e-01 2.053e-06 3.746e-06 1.864e-05 3.329e-06 9.981e-06 8.496e-06  2.405e+08  4.777e-08  4.1349e-02  2.7202e-01
1.24718e+04  6.160e-01       1.182e+14    3.016e+17  6.451e+10  2.268e-01 2.082e-06 3.799e-06 1.864e-05 3.346e-06 1.008e-05 8.615e-06  7.451e+08  1.480e-07  4.2091e-02  2.7441e-01
1.21049e+04  6.720e-01       3.046e+14    7.725e+17  1.706e+11  2.699e-01 2.114e-06 3.856e-06 1.864e-05 3.366e-06 1.019e-05 8.743e-06  2.026e+09  4.025e-07  4.2890e-02  2.7695e-01
1.17297e+04  7.280e-01       7.007e+14    1.766e+18  4.032e+11  3.168e-01 2.147e-06 3.917e-06 1.865e-05 3.387e-06 1.031e-05 8.881e-06  4.932e+09  9.796e-07  4.3745e-02  2.7962e-01
1.13499e+04  7.840e-01       1.462e+15    3.659e+18  8.656e+11  3.674e-01 2.183e-06 3.982e-06 1.865e-05 3.410e-06 1.044e-05 9.027e-06  1.092e+10  2.168e-06  4.4652e-02  2.8240e-01
1.09684e+04  8.400e-01       2.804e+15    6.965e+18  1.710e+12  4.218e-01 2.220e-06 4.051e-06 1.866e-05 3.434e-06 1.057e-05 9.182e-06  2.225e+10  4.420e-06  4.5609e-02  2.8528e-01
1.05879e+04  8.960e-01       4.995e+15    1.231e+19  3.142e+12  4.799e-01 2.260e-06 4.123e-06 1.866e-05 3.460e-06 1.071e-05 9.344e-06  4.221e+10  8.385e-06  4.6613e-02  2.8824e-01
1.02109e+04  9.520e-01       8.342e+15    2.040e+19  5.416e+12  5.417e-01 2.301e-06 4.199e-06 1.867e-05 3.487e-06 1.086e-05 9.514e-06  7.518e+10  1.493e-05  4.7661e-02  2.9127e-01
9.83933e+03  1.008e+00       1.316e+16    3.191e+19  8.827e+12  6.073e-01 2.344e-06 4.277e-06 1.867e-05 3.516e-06 1.102e-05 9.691e-06  1.267e+11  2.516e-05  4.8750e-02  2.9434e-01
9.47483e+03  1.064e+00       1.974e+16    4.745e+19  1.369e+13  6.767e-01 2.389e-06 4.359e-06 1.868e-05 3.545e-06 1.118e-05 9.874e-06  2.031e+11  4.035e-05  4.9878e-02  2.9745e-01
9.11875e+03  1.120e+00       2.833e+16    6.747e+19  2.033e+13  7.498e-01 2.435e-06 4.443e-06 1.868e-05 3.577e-06 1.135e-05 1.007e-05  3.118e+11  6.194e-05  5.1035e-02  3.0053e-01
8.77218e+03  1.176e+00       3.907e+16    9.217e+19  2.902e+13  8.266e-01 2.483e-06 4.530e-06 1.869e-05 3.609e-06 1.152e-05 1.026e-05  4.603e+11  9.144e-05  5.2232e-02  3.0368e-01
8.43591e+03  1.232e+00       5.201e+16    1.215e+20  4.001e+13  9.072e-01 2.532e-06 4.619e-06 1.870e-05 3.643e-06 1.170e-05 1.046e-05  6.563e+11  1.304e-04  5.3462e-02  3.0683e-01
8.11055e+03  1.288e+00       6.710e+16    1.552e+20  5.347e+13  9.916e-01 2.582e-06 4.711e-06 1.870e-05 3.678e-06 1.189e-05 1.067e-05  9.069e+11  1.801e-04  5.4720e-02  3.0996e-01
7.79649e+03  1.344e+00       8.418e+16    1.928e+20  6.950e+13  1.080e+00 2.634e-06 4.805e-06 1.871e-05 3.715e-06 1.208e-05 1.088e-05  1.219e+12  2.421e-04  5.6005e-02  3.1308e-01
7.49396e+03  1.400e+00       1.030e+17    2.334e+20  8.812e+13  1.172e+00 2.686e-06 4.901e-06 1.872e-05 3.752e-06 1.227e-05 1.110e-05  1.597e+12  3.172e-04  5.7316e-02  3.1618e-01
7.20304e+03  1.456e+00       1.232e+17    2.762e+20  1.093e+14  1.267e+00 2.740e-06 4.999e-06 1.873e-05 3.791e-06 1.247e-05 1.132e-05  2.046e+12  4.064e-04  5.8650e-02  3.1925e-01
6.92372e+03  1.512e+00       1.445e+17    3.204e+20  1.328e+14  1.366e+00 2.795e-06 5.099e-06 1.873e-05 3.831e-06 1.268e-05 1.154e-05  2.569e+12  5.103e-04  6.0006e-02  3.2227e-01
6.65588e+03  1.568e+00       1.664e+17    3.650e+20  1.586e+14  1.470e+00 2.850e-06 5.200e-06 1.874e-05 3.871e-06 1.289e-05 1.177e-05  3.166e+12  6.290e-04  6.1382e-02  3.2526e-01
6.39932e+03  1.624e+00       1.886e+17    4.090e+20  1.863e+14  1.576e+00 2.907e-06 5.304e-06 1.875e-05 3.913e-06 1.310e-05 1.200e-05  3.839e+12  7.625e-04  6.2776e-02  3.2820e-01
6.15380e+03  1.680e+00       2.107e+17    4.518e+20  2.157e+14  1.687e+00 2.964e-06 5.408e-06 1.876e-05 3.956e-06 1.331e-05 1.224e-05  4.585e+12  9.107e-04  6.4187e-02  3.3108e-01
5.91900e+03  1.736e+00       2.323e+17    4.925e+20  2.466e+14  1.801e+00 3.023e-06 5.515e-06 1.877e-05 4.000e-06 1.354e-05 1.248e-05  5.402e+12  1.073e-03  6.5614e-02  3.3391e-01
5.69460e+03  1.792e+00       2.532e+17    5.306e+20  2.785e+14  1.919e+00 3.082e-06 5.622e-06 1.878e-05 4.045e-06 1.376e-05 1.272e-05  6.288e+12  1.249e-03  6.7055e-02  3.3669e-01
5.48024e+03  1.848e+00       2.731e+17    5.656e+20  3.112e+14  2.041e+00 3.141e-06 5.731e-06 1.879e-05 4.090e-06 1.399e-05 1.297e-05  7.237e+12  1.438e-03  6.8510e-02  3.3940e-01
5.27554e+03  1.904e+00       2.918e+17    5.972e+20  3.445e+14  2.167e+00 3.202e-06 5.841e-06 1.880e-05 4.137e-06 1.422e-05 1.322e-05  8.246e+12  1.638e-03  6.9976e-02  3.4206e-01
5.08013e+03  1.960e+00       3.092e+17    6.252e+20  3.780e+14  2.296e+00 3.263e-06 5.953e-06 1.881e-05 4.184e-06 1.445e-05 1.347e-05  9.310e+12  1.849e-03  7.1454e-02  3.4465e-01
4.89360e+03  2.016e+00       3.251e+17    6.495e+20  4.116e+14  2.429e+00 3.324e-06 6.065e-06 1.882e-05 4.232e-06 1.469e-05 1.372e-05  1.042e+13  2.071e-03  7.2942e-02  3.4718e-01
4.71559e+03  2.072e+00       3.395e+17    6.701e+20  4.450e+14  2.566e+00 3.387e-06 6.178e-06 1.883e-05 4.281e-06 1.493e-05 1.398e-05  1.158e+13  2.301e-03  7.4439e-02  3.4965e-01
4.54570e+03  2.128e+00       3.523e+17    6.871e+20  4.779e+14  2.707e+00 3.449e-06 6.293e-06 1.884e-05 4.331e-06 1.517e-05 1.423e-05  1.278e+13  2.538e-03  7.5944e-02  3.5205e-01
4.38356e+03  2.184e+00       3.636e+17    7.005e+20  5.104e+14  2.851e+00 3.512e-06 6.408e-06 1.885e-05 4.382e-06 1.541e-05 1.449e-05  1.401e+13  2.783e-03  7.7457e-02  3.5439e-01
4.22881e+03  2.240e+00       3.734e+17    7.106e+20  5.421e+14  2.999e+00 3.576e-06 6.524e-06 1.887e-05 4.433e-06 1.566e-05 1.476e-05  1.527e+13  3.033e-03  7.8977e-02  3.5667e-01
4.08108e+03  2.296e+00       3.817e+17    7.175e+20  5.732e+14  3.151e+00 3.640e-06 6.641e-06 1.888e-05 4.485e-06 1.591e-05 1.502e-05  1.656e+13  3.289e-03  8.0493e-02  3.5884e-01
3.94005e+03  2.352e+00       3.886e+17    7.215e+20  6.032e+14  3.307e+00 3.705e-06 6.759e-06 1.889e-05 4.537e-06 1.616e-05 1.529e-05  1.786e+13  3.548e-03  8.2024e-02  3.6099e-01
3.80537e+03  2.408e+00       3.942e+17    7.229e+20  6.323e+14  3.466e+00 3.770e-06 6.878e-06 1.890e-05 4.591e-06 1.641e-05 1.556e-05  1.918e+13  3.811e-03  8.3560e-02  3.6308e-01
3.67674e+03  2.464e+00       3.985e+17    7.218e+20  6.604e+14  3.629e+00 3.835e-06 6.997e-06 1.892e-05 4.645e-06 1.667e-05 1.582e-05  2.052e+13  4.076e-03  8.5100e-02  3.6511e-01
3.55385e+03  2.520e+00       4.016e+17    7.186e+20  6.875e+14  3.796e+00 3.901e-06 7.117e-06 1.893e-05 4.699e-06 1.693e-05 1.610e-05  2.187e+13  4.343e-03  8.6644e-02  3.6708e-01
3.43641e+03  2.576e+00       4.037e+17    7.134e+20  7.134e+14  3.966e+00 3.967e-06 7.237e-06 1.894e-05 4.754e-06 1.719e-05 1.637e-05  2.322e+13  4.612e-03  8.8191e-02  3.6900e-01
3.32415e+03  2.632e+00       4.048e+17    7.066e+20  7.383e+14  4.141e+00 4.033e-06 7.359e-06 1.896e-05 4.810e-06 1.745e-05 1.664e-05  2.457e+13  4.881e-03  8.9742e-02  3.7086e-01
3.21680e+03  2.688e+00       4.050e+17    6.982e+20  7.622e+14  4.319e+00 4.100e-06 7.480e-06 1.897e-05 4.866e-06 1.771e-05 1.692e-05  2.593e+13  5.151e-03  9.1294e-02  3.7266e-01
3.11411e+03  2.744e+00       4.044e+17    6.886e+20  7.849e+14  4.501e+00 4.167e-06 7.603e-06 1.899e-05 4.922e-06 1.797e-05 1.719e-05  2.729e+13  5.421e-03  9.2849e-02  3.7441e-01
3.01586e+03  2.800e+00       4.030e+17    6.779e+20  8.067e+14  4.686e+00 4.235e-06 7.726e-06 1.900e-05 4.979e-06 1.824e-05 1.747e-05  2.864e+13  5.690e-03  9.4406e-02  3.7611e-01
