     Energy         Kx              Ky       F.Density    GA.Brill.       Flux  Tot.Power  Nat.Size  Nat.Div.    Size.x    Size.y     Div.x     Div.y   Coh.Flux  Coh.Power   CohFrac.x   CohFrac.y
         eV          -               -  ph/s/mr^2/0.1%  F.Dens/mm^2  ph/s/0.1%         kW         m       rad         m         m       rad       rad  ph/s/0.1%          W           -           -
2.41269e+03  0.000e+00       5.000e-01       1.002e+16    1.353e+19  6.443e+12  3.682e-02 5.506e-06 7.427e-06 1.932e-05 6.097e-06 1.082e-05 9.462e-06  8.935e+11  1.775e-04  1.9564e-01  7.0880e-01
2.26482e+03  0.000e+00       6.300e-01       2.979e+16    3.910e+19  2.026e+13  5.845e-02 5.683e-06 7.666e-06 1.938e-05 6.257e-06 1.108e-05 9.767e-06  2.929e+12  5.819e-04  2.0285e-01  7.1278e-01
2.10605e+03  0.000e+00       7.600e-01       6.513e+16    8.269e+19  4.725e+13  8.506e-02 5.893e-06 7.950e-06 1.944e-05 6.449e-06 1.140e-05 1.013e-05  7.165e+12  1.423e-03  2.1138e-01  7.1736e-01
1.94425e+03  0.000e+00       8.900e-01       1.150e+17    1.407e+20  8.962e+13  1.167e-01 6.133e-06 8.274e-06 1.951e-05 6.669e-06 1.177e-05 1.054e-05  1.430e+13  2.841e-03  2.2100e-01  7.2212e-01
1.78547e+03  0.000e+00       1.020e+00       1.740e+17    2.043e+20  1.463e+14  1.532e-01 6.400e-06 8.634e-06 1.960e-05 6.916e-06 1.218e-05 1.099e-05  2.463e+13  4.893e-03  2.3154e-01  7.2688e-01
1.63387e+03  0.000e+00       1.150e+00       2.346e+17    2.638e+20  2.138e+14  1.948e-01 6.691e-06 9.026e-06 1.970e-05 7.185e-06 1.263e-05 1.149e-05  3.798e+13  7.545e-03  2.4281e-01  7.3152e-01
1.49202e+03  0.000e+00       1.280e+00       2.901e+17    3.119e+20  2.873e+14  2.413e-01 7.001e-06 9.445e-06 1.980e-05 7.475e-06 1.311e-05 1.202e-05  5.385e+13  1.070e-02  2.5467e-01  7.3593e-01
1.36119e+03  0.000e+00       1.410e+00       3.362e+17    3.450e+20  3.622e+14  2.928e-01 7.330e-06 9.888e-06 1.992e-05 7.784e-06 1.363e-05 1.258e-05  7.156e+13  1.422e-02  2.6696e-01  7.4008e-01
1.24178e+03  0.000e+00       1.540e+00       3.706e+17    3.628e+20  4.348e+14  3.493e-01 7.674e-06 1.035e-05 2.005e-05 8.109e-06 1.417e-05 1.317e-05  9.042e+13  1.796e-02  2.7956e-01  7.4393e-01
1.13357e+03  0.000e+00       1.670e+00       3.935e+17    3.672e+20  5.025e+14  4.107e-01 8.032e-06 1.084e-05 2.019e-05 8.449e-06 1.474e-05 1.378e-05  1.098e+14  2.181e-02  2.9237e-01  7.4747e-01
1.03598e+03  0.000e+00       1.800e+00       4.060e+17    3.610e+20  5.639e+14  4.771e-01 8.402e-06 1.133e-05 2.034e-05 8.801e-06 1.534e-05 1.441e-05  1.292e+14  2.567e-02  3.0529e-01  7.5072e-01
9.48235e+02  0.000e+00       1.930e+00       4.098e+17    3.472e+20  6.189e+14  5.486e-01 8.782e-06 1.185e-05 2.050e-05 9.165e-06 1.595e-05 1.507e-05  1.484e+14  2.947e-02  3.1816e-01  7.5348e-01
8.69458e+02  0.000e+00       2.060e+00       4.068e+17    3.284e+20  6.669e+14  6.249e-01 9.172e-06 1.237e-05 2.067e-05 9.538e-06 1.658e-05 1.573e-05  1.669e+14  3.316e-02  3.3106e-01  7.5615e-01
7.98774e+02  0.000e+00       2.190e+00       3.988e+17    3.068e+20  7.085e+14  7.063e-01 9.569e-06 1.291e-05 2.085e-05 9.921e-06 1.723e-05 1.641e-05  1.848e+14  3.671e-02  3.4386e-01  7.5857e-01
7.35336e+02  0.000e+00       2.320e+00       3.872e+17    2.841e+20  7.444e+14  7.927e-01 9.973e-06 1.345e-05 2.104e-05 1.031e-05 1.789e-05 1.710e-05  2.019e+14  4.011e-02  3.5652e-01  7.6077e-01
6.78357e+02  0.000e+00       2.450e+00       3.733e+17    2.612e+20  7.751e+14  8.840e-01 1.038e-05 1.401e-05 2.124e-05 1.071e-05 1.856e-05 1.781e-05  2.182e+14  4.334e-02  3.6901e-01  7.6276e-01
6.27114e+02  0.000e+00       2.580e+00       3.579e+17    2.391e+20  8.014e+14  9.803e-01 1.080e-05 1.457e-05 2.144e-05 1.111e-05 1.924e-05 1.852e-05  2.336e+14  4.641e-02  3.8128e-01  7.6457e-01
5.80960e+02  0.000e+00       2.710e+00       3.419e+17    2.181e+20  8.239e+14  1.082e+00 1.122e-05 1.514e-05 2.166e-05 1.152e-05 1.994e-05 1.924e-05  2.483e+14  4.932e-02  3.9331e-01  7.6622e-01
5.39317e+02  0.000e+00       2.840e+00       3.256e+17    1.984e+20  8.434e+14  1.188e+00 1.165e-05 1.571e-05 2.188e-05 1.194e-05 2.064e-05 1.997e-05  2.622e+14  5.208e-02  4.0501e-01  7.6755e-01
5.01673e+02  0.000e+00       2.970e+00       3.095e+17    1.803e+20  8.598e+14  1.299e+00 1.207e-05 1.629e-05 2.211e-05 1.236e-05 2.135e-05 2.070e-05  2.754e+14  5.470e-02  4.1650e-01  7.6891e-01
4.67575e+02  0.000e+00       3.100e+00       2.938e+17    1.637e+20  8.738e+14  1.415e+00 1.251e-05 1.687e-05 2.235e-05 1.278e-05 2.207e-05 2.144e-05  2.878e+14  5.718e-02  4.2771e-01  7.7014e-01
4.36628e+02  0.000e+00       3.230e+00       2.787e+17    1.487e+20  8.858e+14  1.536e+00 1.294e-05 1.746e-05 2.260e-05 1.320e-05 2.280e-05 2.219e-05  2.997e+14  5.953e-02  4.3863e-01  7.7127e-01
4.08481e+02  0.000e+00       3.360e+00       2.643e+17    1.350e+20  8.962e+14  1.663e+00 1.338e-05 1.805e-05 2.285e-05 1.363e-05 2.353e-05 2.294e-05  3.109e+14  6.176e-02  4.4924e-01  7.7230e-01
3.82829e+02  0.000e+00       3.490e+00       2.506e+17    1.226e+20  9.051e+14  1.794e+00 1.382e-05 1.865e-05 2.311e-05 1.407e-05 2.426e-05 2.369e-05  3.216e+14  6.389e-02  4.5956e-01  7.7325e-01
3.59402e+02  0.000e+00       3.620e+00       2.376e+17    1.115e+20  9.130e+14  1.930e+00 1.427e-05 1.924e-05 2.338e-05 1.450e-05 2.501e-05 2.445e-05  3.318e+14  6.590e-02  4.6949e-01  7.7399e-01
3.37964e+02  0.000e+00       3.750e+00       2.254e+17    1.015e+20  9.197e+14  2.071e+00 1.471e-05 1.985e-05 2.365e-05 1.494e-05 2.576e-05 2.522e-05  3.414e+14  6.783e-02  4.7918e-01  7.7478e-01
3.18308e+02  0.000e+00       3.880e+00       2.139e+17    9.245e+19  9.254e+14  2.217e+00 1.516e-05 2.045e-05 2.394e-05 1.538e-05 2.651e-05 2.598e-05  3.506e+14  6.965e-02  4.8858e-01  7.7552e-01
3.00250e+02  0.000e+00       4.010e+00       2.031e+17    8.431e+19  9.304e+14  2.368e+00 1.561e-05 2.105e-05 2.422e-05 1.583e-05 2.726e-05 2.675e-05  3.594e+14  7.140e-02  4.9767e-01  7.7620e-01
2.83629e+02  0.000e+00       4.140e+00       1.929e+17    7.699e+19  9.348e+14  2.524e+00 1.606e-05 2.166e-05 2.452e-05 1.627e-05 2.802e-05 2.752e-05  3.678e+14  7.306e-02  5.0647e-01  7.7682e-01
2.68303e+02  0.000e+00       4.270e+00       1.835e+17    7.039e+19  9.386e+14  2.685e+00 1.651e-05 2.227e-05 2.481e-05 1.672e-05 2.878e-05 2.830e-05  3.758e+14  7.465e-02  5.1498e-01  7.7741e-01
2.54146e+02  0.000e+00       4.400e+00       1.746e+17    6.444e+19  9.420e+14  2.851e+00 1.696e-05 2.288e-05 2.512e-05 1.717e-05 2.954e-05 2.907e-05  3.834e+14  7.616e-02  5.2320e-01  7.7795e-01
2.41045e+02  0.000e+00       4.530e+00       1.662e+17    5.907e+19  9.452e+14  3.022e+00 1.742e-05 2.350e-05 2.543e-05 1.761e-05 3.031e-05 2.986e-05  3.907e+14  7.761e-02  5.3107e-01  7.7833e-01
2.28902e+02  0.000e+00       4.660e+00       1.584e+17    5.422e+19  9.478e+14  3.198e+00 1.787e-05 2.411e-05 2.574e-05 1.807e-05 3.108e-05 3.064e-05  3.977e+14  7.899e-02  5.3874e-01  7.7879e-01
2.17629e+02  0.000e+00       4.790e+00       1.511e+17    4.983e+19  9.501e+14  3.379e+00 1.833e-05 2.473e-05 2.606e-05 1.852e-05 3.185e-05 3.142e-05  4.043e+14  8.032e-02  5.4615e-01  7.7923e-01
2.07146e+02  0.000e+00       4.920e+00       1.442e+17    4.586e+19  9.521e+14  3.565e+00 1.879e-05 2.535e-05 2.639e-05 1.897e-05 3.263e-05 3.220e-05  4.107e+14  8.158e-02  5.5330e-01  7.7963e-01
1.97384e+02  0.000e+00       5.050e+00       1.378e+17    4.226e+19  9.539e+14  3.756e+00 1.925e-05 2.597e-05 2.671e-05 1.943e-05 3.340e-05 3.299e-05  4.168e+14  8.280e-02  5.6020e-01  7.8001e-01
1.88279e+02  0.000e+00       5.180e+00       1.317e+17    3.899e+19  9.555e+14  3.952e+00 1.971e-05 2.659e-05 2.705e-05 1.988e-05 3.418e-05 3.377e-05  4.227e+14  8.396e-02  5.6686e-01  7.8037e-01
1.79776e+02  0.000e+00       5.310e+00       1.260e+17    3.602e+19  9.571e+14  4.152e+00 2.017e-05 2.721e-05 2.739e-05 2.034e-05 3.496e-05 3.457e-05  4.283e+14  8.507e-02  5.7321e-01  7.8060e-01
1.71824e+02  0.000e+00       5.440e+00       1.207e+17    3.331e+19  9.584e+14  4.358e+00 2.063e-05 2.783e-05 2.773e-05 2.080e-05 3.574e-05 3.536e-05  4.336e+14  8.614e-02  5.7940e-01  7.8091e-01
1.64377e+02  0.000e+00       5.570e+00       1.157e+17    3.085e+19  9.595e+14  4.569e+00 2.109e-05 2.846e-05 2.807e-05 2.126e-05 3.653e-05 3.615e-05  4.388e+14  8.716e-02  5.8538e-01  7.8120e-01
1.57395e+02  0.000e+00       5.700e+00       1.109e+17    2.860e+19  9.605e+14  4.785e+00 2.156e-05 2.908e-05 2.842e-05 2.171e-05 3.731e-05 3.694e-05  4.437e+14  8.815e-02  5.9115e-01  7.8148e-01
1.50840e+02  0.000e+00       5.830e+00       1.065e+17    2.655e+19  9.615e+14  5.005e+00 2.202e-05 2.971e-05 2.878e-05 2.218e-05 3.809e-05 3.773e-05  4.485e+14  8.909e-02  5.9671e-01  7.8174e-01
1.44678e+02  0.000e+00       5.960e+00       1.022e+17    2.468e+19  9.623e+14  5.231e+00 2.248e-05 3.033e-05 2.913e-05 2.264e-05 3.888e-05 3.853e-05  4.530e+14  9.000e-02  6.0207e-01  7.8199e-01
1.38880e+02  0.000e+00       6.090e+00       9.826e+16    2.296e+19  9.632e+14  5.462e+00 2.295e-05 3.096e-05 2.949e-05 2.310e-05 3.967e-05 3.933e-05  4.574e+14  9.087e-02  6.0718e-01  7.8213e-01
1.33418e+02  0.000e+00       6.220e+00       9.450e+16    2.138e+19  9.639e+14  5.698e+00 2.341e-05 3.158e-05 2.985e-05 2.356e-05 4.046e-05 4.012e-05  4.616e+14  9.170e-02  6.1217e-01  7.8234e-01
1.28266e+02  0.000e+00       6.350e+00       9.094e+16    1.994e+19  9.645e+14  5.938e+00 2.388e-05 3.221e-05 3.022e-05 2.402e-05 4.125e-05 4.092e-05  4.657e+14  9.251e-02  6.1699e-01  7.8255e-01
1.23403e+02  0.000e+00       6.480e+00       8.757e+16    1.861e+19  9.650e+14  6.184e+00 2.434e-05 3.284e-05 3.059e-05 2.449e-05 4.204e-05 4.172e-05  4.696e+14  9.328e-02  6.2164e-01  7.8275e-01
1.18807e+02  0.000e+00       6.610e+00       8.438e+16    1.738e+19  9.655e+14  6.434e+00 2.481e-05 3.347e-05 3.096e-05 2.495e-05 4.284e-05 4.251e-05  4.733e+14  9.402e-02  6.2612e-01  7.8293e-01
1.14460e+02  0.000e+00       6.740e+00       8.136e+16    1.626e+19  9.660e+14  6.690e+00 2.528e-05 3.410e-05 3.134e-05 2.541e-05 4.363e-05 4.331e-05  4.769e+14  9.474e-02  6.3045e-01  7.8311e-01
1.10343e+02  0.000e+00       6.870e+00       7.849e+16    1.522e+19  9.666e+14  6.951e+00 2.575e-05 3.473e-05 3.172e-05 2.588e-05 4.443e-05 4.412e-05  4.804e+14  9.542e-02  6.3456e-01  7.8320e-01
1.06442e+02  0.000e+00       7.000e+00       7.576e+16    1.426e+19  9.669e+14  7.216e+00 2.621e-05 3.536e-05 3.210e-05 2.634e-05 4.522e-05 4.492e-05  4.837e+14  9.609e-02  6.3859e-01  7.8336e-01
