     Energy    K_Value       F.Density    GA.Brill.       Flux  Tot.Power  Nat.Size  Nat.Div.    Size.x    Size.y     Div.x     Div.y   Coh.Flux  Coh.Power   CohFrac.x   CohFrac.y
         eV          -  ph/s/mr^2/0.1%  F.Dens/mm^2  ph/s/0.1%         kW         m       rad         m         m       rad       rad  ph/s/0.1%          W           -           -
6.73669e+03  3.000e-01       1.650e+11    2.439e+13  1.366e+09  2.121e-02 1.845e-06 7.939e-06 8.594e-05 1.253e-05 8.673e-05 1.519e-05  2.065e+05  4.103e-11  1.9650e-03  7.6959e-02
6.71865e+03  3.092e-01       2.196e+11    3.246e+13  1.819e+09  2.253e-02 1.847e-06 7.950e-06 8.594e-05 1.253e-05 8.673e-05 1.520e-05  2.763e+05  5.489e-11  1.9702e-03  7.7101e-02
6.70016e+03  3.184e-01       2.895e+11    4.279e+13  2.400e+09  2.389e-02 1.850e-06 7.961e-06 8.594e-05 1.253e-05 8.673e-05 1.522e-05  3.663e+05  7.276e-11  1.9756e-03  7.7247e-02
6.68125e+03  3.276e-01       3.783e+11    5.591e+13  3.139e+09  2.529e-02 1.852e-06 7.972e-06 8.594e-05 1.253e-05 8.673e-05 1.523e-05  4.814e+05  9.562e-11  1.9812e-03  7.7397e-02
6.66190e+03  3.368e-01       4.902e+11    7.246e+13  4.072e+09  2.674e-02 1.855e-06 7.983e-06 8.594e-05 1.253e-05 8.674e-05 1.524e-05  6.274e+05  1.246e-10  1.9869e-03  7.7551e-02
6.64213e+03  3.461e-01       6.302e+11    9.315e+13  5.240e+09  2.822e-02 1.858e-06 7.995e-06 8.594e-05 1.253e-05 8.674e-05 1.526e-05  8.114e+05  1.612e-10  1.9927e-03  7.7709e-02
6.62195e+03  3.553e-01       8.041e+11    1.189e+14  6.692e+09  2.974e-02 1.861e-06 8.008e-06 8.594e-05 1.253e-05 8.674e-05 1.527e-05  1.042e+06  2.069e-10  1.9987e-03  7.7871e-02
6.60137e+03  3.645e-01       1.019e+12    1.506e+14  8.486e+09  3.130e-02 1.864e-06 8.020e-06 8.594e-05 1.253e-05 8.674e-05 1.528e-05  1.328e+06  2.638e-10  2.0049e-03  7.8036e-02
6.58039e+03  3.737e-01       1.282e+12    1.894e+14  1.069e+10  3.290e-02 1.867e-06 8.033e-06 8.594e-05 1.253e-05 8.675e-05 1.530e-05  1.681e+06  3.340e-10  2.0112e-03  7.8206e-02
6.55903e+03  3.829e-01       1.602e+12    2.368e+14  1.337e+10  3.455e-02 1.870e-06 8.046e-06 8.594e-05 1.253e-05 8.675e-05 1.531e-05  2.115e+06  4.202e-10  2.0177e-03  7.8380e-02
6.53729e+03  3.921e-01       1.990e+12    2.941e+14  1.663e+10  3.623e-02 1.873e-06 8.059e-06 8.594e-05 1.253e-05 8.675e-05 1.533e-05  2.645e+06  5.254e-10  2.0244e-03  7.8558e-02
6.51519e+03  4.013e-01       2.458e+12    3.632e+14  2.056e+10  3.795e-02 1.876e-06 8.073e-06 8.594e-05 1.253e-05 8.676e-05 1.535e-05  3.289e+06  6.532e-10  2.0312e-03  7.8740e-02
6.49272e+03  4.105e-01       3.018e+12    4.460e+14  2.528e+10  3.971e-02 1.879e-06 8.087e-06 8.594e-05 1.253e-05 8.676e-05 1.536e-05  4.066e+06  8.076e-10  2.0381e-03  7.8925e-02
6.46991e+03  4.197e-01       3.686e+12    5.446e+14  3.090e+10  4.151e-02 1.882e-06 8.101e-06 8.594e-05 1.253e-05 8.676e-05 1.538e-05  5.000e+06  9.932e-10  2.0452e-03  7.9115e-02
6.44675e+03  4.289e-01       4.477e+12    6.616e+14  3.758e+10  4.335e-02 1.886e-06 8.116e-06 8.594e-05 1.253e-05 8.676e-05 1.540e-05  6.117e+06  1.215e-09  2.0525e-03  7.9308e-02
6.42326e+03  4.382e-01       5.412e+12    7.996e+14  4.548e+10  4.524e-02 1.889e-06 8.130e-06 8.594e-05 1.253e-05 8.677e-05 1.541e-05  7.448e+06  1.479e-09  2.0599e-03  7.9505e-02
6.39945e+03  4.474e-01       6.510e+12    9.618e+14  5.477e+10  4.716e-02 1.893e-06 8.146e-06 8.594e-05 1.253e-05 8.677e-05 1.543e-05  9.025e+06  1.793e-09  2.0675e-03  7.9706e-02
6.37532e+03  4.566e-01       7.794e+12    1.151e+15  6.565e+10  4.912e-02 1.896e-06 8.161e-06 8.594e-05 1.254e-05 8.677e-05 1.545e-05  1.089e+07  2.163e-09  2.0753e-03  7.9911e-02
6.35089e+03  4.658e-01       9.290e+12    1.372e+15  7.835e+10  5.112e-02 1.900e-06 8.177e-06 8.594e-05 1.254e-05 8.678e-05 1.547e-05  1.308e+07  2.598e-09  2.0832e-03  8.0120e-02
6.32617e+03  4.750e-01       1.103e+13    1.629e+15  9.310e+10  5.316e-02 1.904e-06 8.193e-06 8.594e-05 1.254e-05 8.678e-05 1.549e-05  1.564e+07  3.107e-09  2.0912e-03  8.0332e-02
6.30115e+03  4.842e-01       1.303e+13    1.925e+15  1.102e+11  5.525e-02 1.907e-06 8.209e-06 8.594e-05 1.254e-05 8.678e-05 1.551e-05  1.863e+07  3.701e-09  2.0995e-03  8.0548e-02
6.27586e+03  4.934e-01       1.534e+13    2.266e+15  1.299e+11  5.737e-02 1.911e-06 8.225e-06 8.594e-05 1.254e-05 8.679e-05 1.552e-05  2.211e+07  4.391e-09  2.1078e-03  8.0768e-02
6.25030e+03  5.026e-01       1.799e+13    2.657e+15  1.525e+11  5.953e-02 1.915e-06 8.242e-06 8.594e-05 1.254e-05 8.679e-05 1.554e-05  2.613e+07  5.191e-09  2.1164e-03  8.0991e-02
6.22448e+03  5.118e-01       2.101e+13    3.103e+15  1.783e+11  6.173e-02 1.919e-06 8.259e-06 8.594e-05 1.254e-05 8.679e-05 1.556e-05  3.078e+07  6.114e-09  2.1250e-03  8.1218e-02
6.19841e+03  5.211e-01       2.446e+13    3.612e+15  2.079e+11  6.397e-02 1.923e-06 8.277e-06 8.594e-05 1.254e-05 8.680e-05 1.559e-05  3.613e+07  7.177e-09  2.1339e-03  8.1449e-02
6.17210e+03  5.303e-01       2.837e+13    4.189e+15  2.414e+11  6.625e-02 1.927e-06 8.294e-06 8.594e-05 1.254e-05 8.680e-05 1.561e-05  4.226e+07  8.395e-09  2.1429e-03  8.1683e-02
6.14556e+03  5.395e-01       3.279e+13    4.842e+15  2.795e+11  6.858e-02 1.931e-06 8.312e-06 8.594e-05 1.254e-05 8.681e-05 1.563e-05  4.927e+07  9.787e-09  2.1521e-03  8.1921e-02
6.11879e+03  5.487e-01       3.778e+13    5.579e+15  3.225e+11  7.094e-02 1.936e-06 8.330e-06 8.594e-05 1.254e-05 8.681e-05 1.565e-05  5.726e+07  1.138e-08  2.1614e-03  8.2162e-02
6.09181e+03  5.579e-01       4.339e+13    6.407e+15  3.709e+11  7.334e-02 1.940e-06 8.349e-06 8.594e-05 1.254e-05 8.681e-05 1.567e-05  6.635e+07  1.318e-08  2.1708e-03  8.2407e-02
6.06462e+03  5.671e-01       4.968e+13    7.335e+15  4.253e+11  7.578e-02 1.944e-06 8.367e-06 8.594e-05 1.254e-05 8.682e-05 1.569e-05  7.665e+07  1.523e-08  2.1805e-03  8.2656e-02
6.03723e+03  5.763e-01       5.671e+13    8.373e+15  4.862e+11  7.826e-02 1.949e-06 8.386e-06 8.594e-05 1.254e-05 8.682e-05 1.571e-05  8.829e+07  1.754e-08  2.1903e-03  8.2908e-02
6.00966e+03  5.855e-01       6.455e+13    9.530e+15  5.542e+11  8.078e-02 1.953e-06 8.406e-06 8.594e-05 1.254e-05 8.683e-05 1.574e-05  1.014e+08  2.014e-08  2.2002e-03  8.3163e-02
5.98190e+03  5.947e-01       7.327e+13    1.082e+16  6.300e+11  8.335e-02 1.958e-06 8.425e-06 8.594e-05 1.254e-05 8.683e-05 1.576e-05  1.162e+08  2.308e-08  2.2103e-03  8.3422e-02
5.95397e+03  6.039e-01       8.294e+13    1.224e+16  7.142e+11  8.595e-02 1.962e-06 8.445e-06 8.594e-05 1.255e-05 8.683e-05 1.578e-05  1.327e+08  2.636e-08  2.2206e-03  8.3684e-02
5.92588e+03  6.132e-01       9.363e+13    1.382e+16  8.076e+11  8.859e-02 1.967e-06 8.465e-06 8.594e-05 1.255e-05 8.684e-05 1.581e-05  1.512e+08  3.004e-08  2.2310e-03  8.3950e-02
5.89763e+03  6.224e-01       1.054e+14    1.556e+16  9.107e+11  9.127e-02 1.972e-06 8.485e-06 8.594e-05 1.255e-05 8.684e-05 1.583e-05  1.719e+08  3.415e-08  2.2415e-03  8.4219e-02
5.86924e+03  6.316e-01       1.184e+14    1.748e+16  1.025e+12  9.399e-02 1.976e-06 8.506e-06 8.594e-05 1.255e-05 8.685e-05 1.586e-05  1.950e+08  3.873e-08  2.2523e-03  8.4491e-02
5.84071e+03  6.408e-01       1.327e+14    1.958e+16  1.150e+12  9.675e-02 1.981e-06 8.526e-06 8.594e-05 1.255e-05 8.685e-05 1.588e-05  2.206e+08  4.381e-08  2.2631e-03  8.4766e-02
5.81204e+03  6.500e-01       1.483e+14    2.188e+16  1.287e+12  9.955e-02 1.986e-06 8.547e-06 8.594e-05 1.255e-05 8.686e-05 1.591e-05  2.490e+08  4.945e-08  2.2742e-03  8.5045e-02
5.78325e+03  6.592e-01       1.654e+14    2.440e+16  1.438e+12  1.024e-01 1.991e-06 8.569e-06 8.594e-05 1.255e-05 8.686e-05 1.593e-05  2.804e+08  5.570e-08  2.2854e-03  8.5327e-02
5.75435e+03  6.684e-01       1.840e+14    2.715e+16  1.602e+12  1.053e-01 1.996e-06 8.590e-06 8.594e-05 1.255e-05 8.687e-05 1.596e-05  3.151e+08  6.259e-08  2.2967e-03  8.5613e-02
5.72534e+03  6.776e-01       2.043e+14    3.014e+16  1.782e+12  1.082e-01 2.001e-06 8.612e-06 8.594e-05 1.255e-05 8.687e-05 1.598e-05  3.533e+08  7.019e-08  2.3082e-03  8.5901e-02
5.69623e+03  6.868e-01       2.263e+14    3.339e+16  1.977e+12  1.112e-01 2.006e-06 8.634e-06 8.594e-05 1.255e-05 8.688e-05 1.601e-05  3.954e+08  7.855e-08  2.3199e-03  8.6193e-02
5.66703e+03  6.961e-01       2.502e+14    3.691e+16  2.190e+12  1.142e-01 2.011e-06 8.656e-06 8.594e-05 1.255e-05 8.688e-05 1.604e-05  4.416e+08  8.773e-08  2.3317e-03  8.6488e-02
5.63774e+03  7.053e-01       2.760e+14    4.071e+16  2.420e+12  1.172e-01 2.017e-06 8.678e-06 8.594e-05 1.255e-05 8.689e-05 1.606e-05  4.923e+08  9.779e-08  2.3437e-03  8.6786e-02
5.60838e+03  7.145e-01       3.039e+14    4.482e+16  2.669e+12  1.203e-01 2.022e-06 8.701e-06 8.594e-05 1.256e-05 8.689e-05 1.609e-05  5.477e+08  1.088e-07  2.3558e-03  8.7087e-02
5.57894e+03  7.237e-01       3.340e+14    4.925e+16  2.939e+12  1.234e-01 2.027e-06 8.724e-06 8.594e-05 1.256e-05 8.690e-05 1.612e-05  6.082e+08  1.208e-07  2.3681e-03  8.7391e-02
5.54944e+03  7.329e-01       3.663e+14    5.402e+16  3.229e+12  1.266e-01 2.033e-06 8.747e-06 8.594e-05 1.256e-05 8.690e-05 1.614e-05  6.741e+08  1.339e-07  2.3806e-03  8.7698e-02
5.51988e+03  7.421e-01       4.010e+14    5.914e+16  3.542e+12  1.298e-01 2.038e-06 8.771e-06 8.594e-05 1.256e-05 8.691e-05 1.617e-05  7.459e+08  1.482e-07  2.3932e-03  8.8008e-02
5.49027e+03  7.513e-01       4.383e+14    6.463e+16  3.877e+12  1.330e-01 2.043e-06 8.794e-06 8.594e-05 1.256e-05 8.691e-05 1.620e-05  8.239e+08  1.637e-07  2.4059e-03  8.8321e-02
5.46062e+03  7.605e-01       4.781e+14    7.050e+16  4.238e+12  1.363e-01 2.049e-06 8.818e-06 8.594e-05 1.256e-05 8.692e-05 1.623e-05  9.086e+08  1.805e-07  2.4188e-03  8.8637e-02
5.43094e+03  7.697e-01       5.207e+14    7.677e+16  4.624e+12  1.396e-01 2.055e-06 8.842e-06 8.594e-05 1.256e-05 8.692e-05 1.626e-05  1.000e+09  1.987e-07  2.4319e-03  8.8956e-02
5.40122e+03  7.789e-01       5.661e+14    8.346e+16  5.036e+12  1.430e-01 2.060e-06 8.866e-06 8.594e-05 1.256e-05 8.693e-05 1.629e-05  1.099e+09  2.184e-07  2.4451e-03  8.9278e-02
5.37148e+03  7.882e-01       6.145e+14    9.058e+16  5.477e+12  1.464e-01 2.066e-06 8.891e-06 8.594e-05 1.256e-05 8.693e-05 1.632e-05  1.206e+09  2.397e-07  2.4585e-03  8.9603e-02
5.34171e+03  7.974e-01       6.659e+14    9.816e+16  5.947e+12  1.498e-01 2.072e-06 8.916e-06 8.594e-05 1.256e-05 8.694e-05 1.635e-05  1.322e+09  2.626e-07  2.4720e-03  8.9931e-02
5.31194e+03  8.066e-01       7.205e+14    1.062e+17  6.446e+12  1.533e-01 2.077e-06 8.941e-06 8.594e-05 1.256e-05 8.694e-05 1.638e-05  1.446e+09  2.873e-07  2.4857e-03  9.0261e-02
5.28216e+03  8.158e-01       7.784e+14    1.147e+17  6.978e+12  1.568e-01 2.083e-06 8.966e-06 8.594e-05 1.257e-05 8.695e-05 1.641e-05  1.580e+09  3.139e-07  2.4996e-03  9.0595e-02
5.25238e+03  8.250e-01       8.397e+14    1.237e+17  7.542e+12  1.604e-01 2.089e-06 8.991e-06 8.594e-05 1.257e-05 8.696e-05 1.644e-05  1.724e+09  3.424e-07  2.5136e-03  9.0931e-02
5.22261e+03  8.342e-01       9.044e+14    1.333e+17  8.139e+12  1.640e-01 2.095e-06 9.017e-06 8.594e-05 1.257e-05 8.696e-05 1.647e-05  1.878e+09  3.730e-07  2.5277e-03  9.1269e-02
5.19285e+03  8.434e-01       9.728e+14    1.433e+17  8.772e+12  1.676e-01 2.101e-06 9.043e-06 8.594e-05 1.257e-05 8.697e-05 1.650e-05  2.043e+09  4.058e-07  2.5420e-03  9.1611e-02
5.16310e+03  8.526e-01       1.045e+15    1.539e+17  9.441e+12  1.713e-01 2.107e-06 9.069e-06 8.594e-05 1.257e-05 8.697e-05 1.653e-05  2.219e+09  4.409e-07  2.5565e-03  9.1955e-02
5.13337e+03  8.618e-01       1.121e+15    1.651e+17  1.015e+13  1.750e-01 2.113e-06 9.095e-06 8.594e-05 1.257e-05 8.698e-05 1.657e-05  2.408e+09  4.783e-07  2.5711e-03  9.2302e-02
5.10367e+03  8.711e-01       1.201e+15    1.769e+17  1.089e+13  1.788e-01 2.119e-06 9.121e-06 8.594e-05 1.257e-05 8.699e-05 1.660e-05  2.609e+09  5.183e-07  2.5859e-03  9.2651e-02
5.07401e+03  8.803e-01       1.284e+15    1.892e+17  1.167e+13  1.826e-01 2.126e-06 9.148e-06 8.594e-05 1.257e-05 8.699e-05 1.663e-05  2.824e+09  5.609e-07  2.6008e-03  9.3003e-02
5.04437e+03  8.895e-01       1.372e+15    2.021e+17  1.250e+13  1.864e-01 2.132e-06 9.175e-06 8.594e-05 1.257e-05 8.700e-05 1.666e-05  3.052e+09  6.063e-07  2.6159e-03  9.3358e-02
5.01478e+03  8.987e-01       1.464e+15    2.156e+17  1.336e+13  1.903e-01 2.138e-06 9.202e-06 8.594e-05 1.257e-05 8.700e-05 1.670e-05  3.295e+09  6.546e-07  2.6311e-03  9.3715e-02
4.98524e+03  9.079e-01       1.560e+15    2.298e+17  1.427e+13  1.942e-01 2.144e-06 9.229e-06 8.594e-05 1.258e-05 8.701e-05 1.673e-05  3.553e+09  7.058e-07  2.6465e-03  9.4075e-02
4.95574e+03  9.171e-01       1.661e+15    2.446e+17  1.522e+13  1.982e-01 2.151e-06 9.256e-06 8.594e-05 1.258e-05 8.702e-05 1.676e-05  3.827e+09  7.602e-07  2.6621e-03  9.4437e-02
4.92630e+03  9.263e-01       1.766e+15    2.600e+17  1.622e+13  2.022e-01 2.157e-06 9.284e-06 8.595e-05 1.258e-05 8.702e-05 1.680e-05  4.117e+09  8.179e-07  2.6778e-03  9.4802e-02
4.89692e+03  9.355e-01       1.875e+15    2.761e+17  1.726e+13  2.062e-01 2.164e-06 9.312e-06 8.595e-05 1.258e-05 8.703e-05 1.683e-05  4.425e+09  8.790e-07  2.6936e-03  9.5169e-02
4.86760e+03  9.447e-01       1.989e+15    2.929e+17  1.835e+13  2.103e-01 2.170e-06 9.340e-06 8.595e-05 1.258e-05 8.704e-05 1.686e-05  4.750e+09  9.436e-07  2.7097e-03  9.5539e-02
4.83835e+03  9.539e-01       2.108e+15    3.103e+17  1.948e+13  2.144e-01 2.177e-06 9.368e-06 8.595e-05 1.258e-05 8.704e-05 1.690e-05  5.094e+09  1.012e-06  2.7258e-03  9.5911e-02
4.80917e+03  9.632e-01       2.231e+15    3.284e+17  2.067e+13  2.186e-01 2.183e-06 9.396e-06 8.595e-05 1.258e-05 8.705e-05 1.693e-05  5.456e+09  1.084e-06  2.7421e-03  9.6285e-02
4.78006e+03  9.724e-01       2.359e+15    3.472e+17  2.190e+13  2.228e-01 2.190e-06 9.425e-06 8.595e-05 1.258e-05 8.706e-05 1.697e-05  5.839e+09  1.160e-06  2.7586e-03  9.6662e-02
4.75103e+03  9.816e-01       2.492e+15    3.666e+17  2.318e+13  2.270e-01 2.197e-06 9.454e-06 8.595e-05 1.258e-05 8.706e-05 1.701e-05  6.242e+09  1.240e-06  2.7753e-03  9.7041e-02
4.72209e+03  9.908e-01       2.629e+15    3.868e+17  2.451e+13  2.313e-01 2.203e-06 9.483e-06 8.595e-05 1.259e-05 8.707e-05 1.704e-05  6.667e+09  1.324e-06  2.7920e-03  9.7422e-02
4.69322e+03  1.000e+00       2.771e+15    4.077e+17  2.589e+13  2.356e-01 2.210e-06 9.512e-06 8.595e-05 1.259e-05 8.708e-05 1.708e-05  7.113e+09  1.413e-06  2.8090e-03  9.7806e-02
4.66445e+03  1.009e+00       2.918e+15    4.293e+17  2.732e+13  2.400e-01 2.217e-06 9.541e-06 8.595e-05 1.259e-05 8.709e-05 1.711e-05  7.583e+09  1.506e-06  2.8261e-03  9.8192e-02
4.63577e+03  1.018e+00       3.070e+15    4.516e+17  2.881e+13  2.444e-01 2.224e-06 9.570e-06 8.595e-05 1.259e-05 8.709e-05 1.715e-05  8.075e+09  1.604e-06  2.8433e-03  9.8580e-02
4.60718e+03  1.028e+00       3.227e+15    4.746e+17  3.035e+13  2.488e-01 2.231e-06 9.600e-06 8.595e-05 1.259e-05 8.710e-05 1.719e-05  8.592e+09  1.707e-06  2.8607e-03  9.8970e-02
4.57869e+03  1.037e+00       3.388e+15    4.983e+17  3.194e+13  2.533e-01 2.238e-06 9.630e-06 8.595e-05 1.259e-05 8.711e-05 1.722e-05  9.134e+09  1.814e-06  2.8783e-03  9.9363e-02
4.55030e+03  1.046e+00       3.555e+15    5.227e+17  3.358e+13  2.578e-01 2.245e-06 9.660e-06 8.595e-05 1.259e-05 8.711e-05 1.726e-05  9.702e+09  1.927e-06  2.8960e-03  9.9757e-02
4.52202e+03  1.055e+00       3.726e+15    5.478e+17  3.528e+13  2.624e-01 2.252e-06 9.690e-06 8.595e-05 1.259e-05 8.712e-05 1.730e-05  1.030e+10  2.045e-06  2.9138e-03  1.0015e-01
4.49384e+03  1.064e+00       3.902e+15    5.737e+17  3.703e+13  2.670e-01 2.259e-06 9.720e-06 8.595e-05 1.260e-05 8.713e-05 1.734e-05  1.092e+10  2.169e-06  2.9318e-03  1.0055e-01
4.46577e+03  1.074e+00       4.083e+15    6.002e+17  3.884e+13  2.716e-01 2.266e-06 9.751e-06 8.595e-05 1.260e-05 8.714e-05 1.737e-05  1.157e+10  2.298e-06  2.9500e-03  1.0095e-01
4.43781e+03  1.083e+00       4.269e+15    6.275e+17  4.070e+13  2.763e-01 2.273e-06 9.782e-06 8.595e-05 1.260e-05 8.714e-05 1.741e-05  1.224e+10  2.432e-06  2.9683e-03  1.0136e-01
4.40997e+03  1.092e+00       4.459e+15    6.554e+17  4.261e+13  2.810e-01 2.280e-06 9.812e-06 8.595e-05 1.260e-05 8.715e-05 1.745e-05  1.295e+10  2.573e-06  2.9868e-03  1.0176e-01
4.38224e+03  1.101e+00       4.655e+15    6.840e+17  4.458e+13  2.858e-01 2.287e-06 9.843e-06 8.595e-05 1.260e-05 8.716e-05 1.749e-05  1.369e+10  2.719e-06  3.0054e-03  1.0217e-01
4.35462e+03  1.111e+00       4.855e+15    7.133e+17  4.660e+13  2.906e-01 2.295e-06 9.875e-06 8.595e-05 1.260e-05 8.717e-05 1.753e-05  1.446e+10  2.872e-06  3.0242e-03  1.0258e-01
4.32713e+03  1.120e+00       5.059e+15    7.433e+17  4.868e+13  2.954e-01 2.302e-06 9.906e-06 8.595e-05 1.260e-05 8.718e-05 1.757e-05  1.526e+10  3.031e-06  3.0431e-03  1.0299e-01
4.29976e+03  1.129e+00       5.269e+15    7.740e+17  5.081e+13  3.003e-01 2.309e-06 9.937e-06 8.595e-05 1.260e-05 8.718e-05 1.761e-05  1.609e+10  3.196e-06  3.0622e-03  1.0340e-01
4.27252e+03  1.138e+00       5.483e+15    8.053e+17  5.300e+13  3.052e-01 2.316e-06 9.969e-06 8.595e-05 1.261e-05 8.719e-05 1.765e-05  1.695e+10  3.368e-06  3.0815e-03  1.0382e-01
4.24540e+03  1.147e+00       5.701e+15    8.373e+17  5.524e+13  3.102e-01 2.324e-06 1.000e-05 8.595e-05 1.261e-05 8.720e-05 1.769e-05  1.785e+10  3.547e-06  3.1008e-03  1.0423e-01
4.21841e+03  1.157e+00       5.924e+15    8.700e+17  5.753e+13  3.152e-01 2.331e-06 1.003e-05 8.595e-05 1.261e-05 8.721e-05 1.773e-05  1.879e+10  3.732e-06  3.1204e-03  1.0465e-01
4.19155e+03  1.166e+00       6.151e+15    9.032e+17  5.988e+13  3.202e-01 2.339e-06 1.006e-05 8.595e-05 1.261e-05 8.722e-05 1.777e-05  1.976e+10  3.925e-06  3.1401e-03  1.0507e-01
4.16481e+03  1.175e+00       6.383e+15    9.371e+17  6.228e+13  3.253e-01 2.346e-06 1.010e-05 8.595e-05 1.261e-05 8.722e-05 1.781e-05  2.076e+10  4.124e-06  3.1599e-03  1.0549e-01
4.13821e+03  1.184e+00       6.621e+15    9.720e+17  6.477e+13  3.304e-01 2.354e-06 1.013e-05 8.595e-05 1.261e-05 8.723e-05 1.785e-05  2.181e+10  4.333e-06  3.1799e-03  1.0590e-01
4.11175e+03  1.193e+00       6.861e+15    1.007e+18  6.728e+13  3.356e-01 2.361e-06 1.016e-05 8.595e-05 1.261e-05 8.724e-05 1.789e-05  2.289e+10  4.547e-06  3.2001e-03  1.0632e-01
4.08542e+03  1.203e+00       7.105e+15    1.043e+18  6.984e+13  3.408e-01 2.369e-06 1.019e-05 8.595e-05 1.262e-05 8.725e-05 1.793e-05  2.401e+10  4.770e-06  3.2204e-03  1.0675e-01
4.05923e+03  1.212e+00       7.353e+15    1.079e+18  7.246e+13  3.460e-01 2.377e-06 1.023e-05 8.595e-05 1.262e-05 8.726e-05 1.797e-05  2.517e+10  4.999e-06  3.2408e-03  1.0718e-01
4.03317e+03  1.221e+00       7.605e+15    1.116e+18  7.512e+13  3.513e-01 2.384e-06 1.026e-05 8.595e-05 1.262e-05 8.727e-05 1.802e-05  2.636e+10  5.237e-06  3.2614e-03  1.0761e-01
4.00725e+03  1.230e+00       7.860e+15    1.153e+18  7.783e+13  3.566e-01 2.392e-06 1.029e-05 8.595e-05 1.262e-05 8.728e-05 1.806e-05  2.760e+10  5.483e-06  3.2822e-03  1.0804e-01
3.98148e+03  1.239e+00       8.120e+15    1.191e+18  8.060e+13  3.620e-01 2.400e-06 1.033e-05 8.595e-05 1.262e-05 8.728e-05 1.810e-05  2.888e+10  5.737e-06  3.3031e-03  1.0848e-01
3.95584e+03  1.249e+00       8.383e+15    1.230e+18  8.341e+13  3.674e-01 2.407e-06 1.036e-05 8.595e-05 1.262e-05 8.729e-05 1.814e-05  3.020e+10  5.999e-06  3.3242e-03  1.0891e-01
3.93035e+03  1.258e+00       8.649e+15    1.269e+18  8.627e+13  3.728e-01 2.415e-06 1.039e-05 8.595e-05 1.262e-05 8.730e-05 1.818e-05  3.156e+10  6.269e-06  3.3454e-03  1.0935e-01
3.90499e+03  1.267e+00       8.919e+15    1.308e+18  8.918e+13  3.783e-01 2.423e-06 1.043e-05 8.595e-05 1.263e-05 8.731e-05 1.823e-05  3.296e+10  6.548e-06  3.3667e-03  1.0979e-01
3.87979e+03  1.276e+00       9.192e+15    1.348e+18  9.214e+13  3.838e-01 2.431e-06 1.046e-05 8.595e-05 1.263e-05 8.732e-05 1.827e-05  3.441e+10  6.836e-06  3.3883e-03  1.1023e-01
3.85472e+03  1.286e+00       9.468e+15    1.388e+18  9.514e+13  3.894e-01 2.439e-06 1.050e-05 8.595e-05 1.263e-05 8.733e-05 1.831e-05  3.591e+10  7.132e-06  3.4099e-03  1.1067e-01
3.82980e+03  1.295e+00       9.748e+15    1.429e+18  9.819e+13  3.950e-01 2.447e-06 1.053e-05 8.595e-05 1.263e-05 8.734e-05 1.836e-05  3.744e+10  7.438e-06  3.4317e-03  1.1111e-01
3.80503e+03  1.304e+00       1.003e+16    1.470e+18  1.013e+14  4.006e-01 2.455e-06 1.056e-05 8.595e-05 1.263e-05 8.735e-05 1.840e-05  3.902e+10  7.752e-06  3.4537e-03  1.1156e-01
3.78040e+03  1.313e+00       1.031e+16    1.512e+18  1.044e+14  4.063e-01 2.463e-06 1.060e-05 8.595e-05 1.263e-05 8.736e-05 1.844e-05  4.065e+10  8.075e-06  3.4758e-03  1.1200e-01
3.75592e+03  1.322e+00       1.060e+16    1.554e+18  1.076e+14  4.120e-01 2.471e-06 1.063e-05 8.595e-05 1.264e-05 8.737e-05 1.849e-05  4.233e+10  8.408e-06  3.4981e-03  1.1245e-01
3.73159e+03  1.332e+00       1.089e+16    1.596e+18  1.108e+14  4.178e-01 2.479e-06 1.067e-05 8.595e-05 1.264e-05 8.738e-05 1.853e-05  4.405e+10  8.750e-06  3.5205e-03  1.1290e-01
3.70740e+03  1.341e+00       1.119e+16    1.639e+18  1.141e+14  4.236e-01 2.487e-06 1.070e-05 8.595e-05 1.264e-05 8.738e-05 1.858e-05  4.582e+10  9.102e-06  3.5431e-03  1.1335e-01
3.68337e+03  1.350e+00       1.148e+16    1.682e+18  1.174e+14  4.294e-01 2.495e-06 1.074e-05 8.595e-05 1.264e-05 8.739e-05 1.862e-05  4.764e+10  9.463e-06  3.5658e-03  1.1380e-01
3.65948e+03  1.359e+00       1.178e+16    1.725e+18  1.207e+14  4.353e-01 2.503e-06 1.077e-05 8.595e-05 1.264e-05 8.740e-05 1.867e-05  4.950e+10  9.834e-06  3.5887e-03  1.1426e-01
3.63574e+03  1.368e+00       1.208e+16    1.769e+18  1.241e+14  4.412e-01 2.511e-06 1.081e-05 8.595e-05 1.264e-05 8.741e-05 1.871e-05  5.142e+10  1.021e-05  3.6117e-03  1.1471e-01
3.61215e+03  1.378e+00       1.238e+16    1.813e+18  1.275e+14  4.472e-01 2.519e-06 1.084e-05 8.595e-05 1.264e-05 8.742e-05 1.876e-05  5.339e+10  1.060e-05  3.6349e-03  1.1517e-01
3.58870e+03  1.387e+00       1.268e+16    1.857e+18  1.310e+14  4.532e-01 2.528e-06 1.088e-05 8.596e-05 1.265e-05 8.743e-05 1.880e-05  5.540e+10  1.101e-05  3.6582e-03  1.1563e-01
3.56541e+03  1.396e+00       1.299e+16    1.901e+18  1.345e+14  4.592e-01 2.536e-06 1.091e-05 8.596e-05 1.265e-05 8.744e-05 1.885e-05  5.747e+10  1.142e-05  3.6817e-03  1.1609e-01
3.54227e+03  1.405e+00       1.329e+16    1.946e+18  1.380e+14  4.653e-01 2.544e-06 1.095e-05 8.596e-05 1.265e-05 8.745e-05 1.889e-05  5.959e+10  1.184e-05  3.7053e-03  1.1655e-01
3.51927e+03  1.414e+00       1.360e+16    1.990e+18  1.415e+14  4.714e-01 2.552e-06 1.098e-05 8.596e-05 1.265e-05 8.746e-05 1.894e-05  6.176e+10  1.227e-05  3.7291e-03  1.1701e-01
3.49643e+03  1.424e+00       1.391e+16    2.035e+18  1.451e+14  4.776e-01 2.561e-06 1.102e-05 8.596e-05 1.265e-05 8.747e-05 1.898e-05  6.398e+10  1.271e-05  3.7530e-03  1.1747e-01
3.47373e+03  1.433e+00       1.422e+16    2.080e+18  1.487e+14  4.838e-01 2.569e-06 1.106e-05 8.596e-05 1.265e-05 8.748e-05 1.903e-05  6.625e+10  1.316e-05  3.7771e-03  1.1793e-01
3.45118e+03  1.442e+00       1.453e+16    2.126e+18  1.524e+14  4.900e-01 2.577e-06 1.109e-05 8.596e-05 1.266e-05 8.749e-05 1.908e-05  6.858e+10  1.362e-05  3.8013e-03  1.1840e-01
3.42878e+03  1.451e+00       1.484e+16    2.171e+18  1.560e+14  4.963e-01 2.586e-06 1.113e-05 8.596e-05 1.266e-05 8.750e-05 1.912e-05  7.096e+10  1.410e-05  3.8257e-03  1.1887e-01
3.40653e+03  1.461e+00       1.515e+16    2.216e+18  1.597e+14  5.026e-01 2.594e-06 1.116e-05 8.596e-05 1.266e-05 8.751e-05 1.917e-05  7.340e+10  1.458e-05  3.8502e-03  1.1933e-01
3.38443e+03  1.470e+00       1.547e+16    2.262e+18  1.635e+14  5.090e-01 2.603e-06 1.120e-05 8.596e-05 1.266e-05 8.752e-05 1.922e-05  7.589e+10  1.507e-05  3.8749e-03  1.1980e-01
3.36248e+03  1.479e+00       1.578e+16    2.307e+18  1.672e+14  5.154e-01 2.611e-06 1.124e-05 8.596e-05 1.266e-05 8.753e-05 1.927e-05  7.843e+10  1.558e-05  3.8997e-03  1.2027e-01
3.34068e+03  1.488e+00       1.610e+16    2.353e+18  1.710e+14  5.218e-01 2.620e-06 1.127e-05 8.596e-05 1.267e-05 8.754e-05 1.931e-05  8.103e+10  1.610e-05  3.9247e-03  1.2074e-01
3.31902e+03  1.497e+00       1.641e+16    2.399e+18  1.748e+14  5.283e-01 2.628e-06 1.131e-05 8.596e-05 1.267e-05 8.755e-05 1.936e-05  8.369e+10  1.662e-05  3.9498e-03  1.2122e-01
3.29752e+03  1.507e+00       1.673e+16    2.445e+18  1.786e+14  5.348e-01 2.637e-06 1.135e-05 8.596e-05 1.267e-05 8.757e-05 1.941e-05  8.640e+10  1.716e-05  3.9751e-03  1.2169e-01
3.27616e+03  1.516e+00       1.704e+16    2.490e+18  1.824e+14  5.414e-01 2.645e-06 1.138e-05 8.596e-05 1.267e-05 8.758e-05 1.946e-05  8.916e+10  1.771e-05  4.0005e-03  1.2216e-01
3.25495e+03  1.525e+00       1.736e+16    2.536e+18  1.863e+14  5.480e-01 2.654e-06 1.142e-05 8.596e-05 1.267e-05 8.759e-05 1.950e-05  9.199e+10  1.827e-05  4.0261e-03  1.2264e-01
3.23388e+03  1.534e+00       1.767e+16    2.582e+18  1.902e+14  5.546e-01 2.663e-06 1.146e-05 8.596e-05 1.267e-05 8.760e-05 1.955e-05  9.487e+10  1.885e-05  4.0518e-03  1.2312e-01
3.21296e+03  1.543e+00       1.799e+16    2.627e+18  1.941e+14  5.613e-01 2.671e-06 1.150e-05 8.596e-05 1.268e-05 8.761e-05 1.960e-05  9.781e+10  1.943e-05  4.0777e-03  1.2359e-01
3.19219e+03  1.553e+00       1.830e+16    2.673e+18  1.980e+14  5.680e-01 2.680e-06 1.153e-05 8.596e-05 1.268e-05 8.762e-05 1.965e-05  1.008e+11  2.002e-05  4.1037e-03  1.2407e-01
3.17156e+03  1.562e+00       1.862e+16    2.718e+18  2.019e+14  5.748e-01 2.689e-06 1.157e-05 8.596e-05 1.268e-05 8.763e-05 1.970e-05  1.039e+11  2.063e-05  4.1298e-03  1.2455e-01
3.15108e+03  1.571e+00       1.893e+16    2.764e+18  2.058e+14  5.816e-01 2.697e-06 1.161e-05 8.596e-05 1.268e-05 8.764e-05 1.975e-05  1.070e+11  2.125e-05  4.1561e-03  1.2503e-01
3.13074e+03  1.580e+00       1.924e+16    2.809e+18  2.098e+14  5.884e-01 2.706e-06 1.165e-05 8.596e-05 1.268e-05 8.765e-05 1.980e-05  1.101e+11  2.188e-05  4.1826e-03  1.2551e-01
3.11055e+03  1.589e+00       1.955e+16    2.854e+18  2.137e+14  5.953e-01 2.715e-06 1.168e-05 8.596e-05 1.269e-05 8.766e-05 1.985e-05  1.134e+11  2.252e-05  4.2092e-03  1.2600e-01
3.09050e+03  1.599e+00       1.987e+16    2.899e+18  2.177e+14  6.022e-01 2.724e-06 1.172e-05 8.596e-05 1.269e-05 8.767e-05 1.989e-05  1.166e+11  2.317e-05  4.2360e-03  1.2648e-01
3.07059e+03  1.608e+00       2.018e+16    2.944e+18  2.217e+14  6.092e-01 2.732e-06 1.176e-05 8.596e-05 1.269e-05 8.769e-05 1.994e-05  1.200e+11  2.384e-05  4.2629e-03  1.2697e-01
3.05083e+03  1.617e+00       2.049e+16    2.989e+18  2.257e+14  6.162e-01 2.741e-06 1.180e-05 8.596e-05 1.269e-05 8.770e-05 1.999e-05  1.234e+11  2.451e-05  4.2899e-03  1.2745e-01
3.03121e+03  1.626e+00       2.079e+16    3.033e+18  2.297e+14  6.232e-01 2.750e-06 1.184e-05 8.596e-05 1.269e-05 8.771e-05 2.004e-05  1.269e+11  2.520e-05  4.3171e-03  1.2794e-01
3.01173e+03  1.636e+00       2.110e+16    3.077e+18  2.337e+14  6.303e-01 2.759e-06 1.187e-05 8.596e-05 1.269e-05 8.772e-05 2.009e-05  1.304e+11  2.590e-05  4.3444e-03  1.2842e-01
2.99239e+03  1.645e+00       2.141e+16    3.122e+18  2.377e+14  6.374e-01 2.768e-06 1.191e-05 8.596e-05 1.270e-05 8.773e-05 2.014e-05  1.340e+11  2.661e-05  4.3719e-03  1.2891e-01
2.97319e+03  1.654e+00       2.171e+16    3.165e+18  2.417e+14  6.446e-01 2.777e-06 1.195e-05 8.596e-05 1.270e-05 8.774e-05 2.019e-05  1.376e+11  2.734e-05  4.3996e-03  1.2940e-01
2.95413e+03  1.663e+00       2.201e+16    3.209e+18  2.457e+14  6.518e-01 2.786e-06 1.199e-05 8.596e-05 1.270e-05 8.775e-05 2.025e-05  1.413e+11  2.807e-05  4.4273e-03  1.2989e-01
2.93521e+03  1.672e+00       2.232e+16    3.253e+18  2.498e+14  6.590e-01 2.795e-06 1.203e-05 8.596e-05 1.270e-05 8.777e-05 2.030e-05  1.451e+11  2.882e-05  4.4553e-03  1.3038e-01
2.91643e+03  1.682e+00       2.262e+16    3.296e+18  2.538e+14  6.663e-01 2.804e-06 1.207e-05 8.596e-05 1.270e-05 8.778e-05 2.035e-05  1.489e+11  2.958e-05  4.4834e-03  1.3087e-01
2.89779e+03  1.691e+00       2.291e+16    3.339e+18  2.578e+14  6.736e-01 2.813e-06 1.210e-05 8.596e-05 1.271e-05 8.779e-05 2.040e-05  1.528e+11  3.035e-05  4.5116e-03  1.3136e-01
2.87928e+03  1.700e+00       2.321e+16    3.381e+18  2.618e+14  6.810e-01 2.822e-06 1.214e-05 8.596e-05 1.271e-05 8.780e-05 2.045e-05  1.567e+11  3.114e-05  4.5399e-03  1.3186e-01
2.86091e+03  1.709e+00       2.350e+16    3.424e+18  2.659e+14  6.884e-01 2.831e-06 1.218e-05 8.596e-05 1.271e-05 8.781e-05 2.050e-05  1.607e+11  3.193e-05  4.5685e-03  1.3235e-01
2.84267e+03  1.718e+00       2.380e+16    3.466e+18  2.699e+14  6.958e-01 2.840e-06 1.222e-05 8.596e-05 1.271e-05 8.783e-05 2.055e-05  1.648e+11  3.274e-05  4.5971e-03  1.3285e-01
2.82457e+03  1.728e+00       2.409e+16    3.507e+18  2.739e+14  7.033e-01 2.849e-06 1.226e-05 8.597e-05 1.271e-05 8.784e-05 2.060e-05  1.690e+11  3.356e-05  4.6259e-03  1.3334e-01
2.80661e+03  1.737e+00       2.438e+16    3.549e+18  2.779e+14  7.108e-01 2.858e-06 1.230e-05 8.597e-05 1.272e-05 8.785e-05 2.066e-05  1.731e+11  3.439e-05  4.6549e-03  1.3384e-01
2.78877e+03  1.746e+00       2.466e+16    3.590e+18  2.819e+14  7.184e-01 2.867e-06 1.234e-05 8.597e-05 1.272e-05 8.786e-05 2.071e-05  1.774e+11  3.524e-05  4.6840e-03  1.3433e-01
2.77107e+03  1.755e+00       2.495e+16    3.631e+18  2.859e+14  7.260e-01 2.876e-06 1.238e-05 8.597e-05 1.272e-05 8.787e-05 2.076e-05  1.817e+11  3.610e-05  4.7132e-03  1.3483e-01
2.75350e+03  1.764e+00       2.523e+16    3.671e+18  2.899e+14  7.336e-01 2.886e-06 1.242e-05 8.597e-05 1.272e-05 8.789e-05 2.081e-05  1.861e+11  3.697e-05  4.7426e-03  1.3533e-01
2.73607e+03  1.774e+00       2.551e+16    3.712e+18  2.939e+14  7.413e-01 2.895e-06 1.246e-05 8.597e-05 1.272e-05 8.790e-05 2.086e-05  1.905e+11  3.785e-05  4.7721e-03  1.3583e-01
2.71876e+03  1.783e+00       2.579e+16    3.751e+18  2.979e+14  7.490e-01 2.904e-06 1.250e-05 8.597e-05 1.273e-05 8.791e-05 2.092e-05  1.950e+11  3.874e-05  4.8018e-03  1.3633e-01
2.70158e+03  1.792e+00       2.606e+16    3.791e+18  3.019e+14  7.568e-01 2.913e-06 1.254e-05 8.597e-05 1.273e-05 8.792e-05 2.097e-05  1.996e+11  3.965e-05  4.8316e-03  1.3683e-01
2.68453e+03  1.801e+00       2.634e+16    3.830e+18  3.059e+14  7.646e-01 2.922e-06 1.258e-05 8.597e-05 1.273e-05 8.794e-05 2.102e-05  2.042e+11  4.057e-05  4.8616e-03  1.3733e-01
2.66761e+03  1.811e+00       2.661e+16    3.869e+18  3.099e+14  7.724e-01 2.932e-06 1.262e-05 8.597e-05 1.273e-05 8.795e-05 2.107e-05  2.089e+11  4.150e-05  4.8917e-03  1.3783e-01
2.65082e+03  1.820e+00       2.688e+16    3.907e+18  3.138e+14  7.803e-01 2.941e-06 1.266e-05 8.597e-05 1.274e-05 8.796e-05 2.113e-05  2.137e+11  4.244e-05  4.9220e-03  1.3833e-01
2.63415e+03  1.829e+00       2.714e+16    3.945e+18  3.178e+14  7.882e-01 2.950e-06 1.270e-05 8.597e-05 1.274e-05 8.798e-05 2.118e-05  2.185e+11  4.340e-05  4.9524e-03  1.3883e-01
2.61761e+03  1.838e+00       2.740e+16    3.982e+18  3.217e+14  7.962e-01 2.959e-06 1.274e-05 8.597e-05 1.274e-05 8.799e-05 2.123e-05  2.234e+11  4.437e-05  4.9829e-03  1.3934e-01
2.60120e+03  1.847e+00       2.767e+16    4.020e+18  3.256e+14  8.042e-01 2.969e-06 1.278e-05 8.597e-05 1.274e-05 8.800e-05 2.129e-05  2.283e+11  4.535e-05  5.0136e-03  1.3984e-01
2.58490e+03  1.857e+00       2.792e+16    4.056e+18  3.295e+14  8.122e-01 2.978e-06 1.282e-05 8.597e-05 1.274e-05 8.801e-05 2.134e-05  2.333e+11  4.634e-05  5.0445e-03  1.4035e-01
2.56873e+03  1.866e+00       2.818e+16    4.093e+18  3.334e+14  8.203e-01 2.987e-06 1.286e-05 8.597e-05 1.275e-05 8.803e-05 2.139e-05  2.384e+11  4.735e-05  5.0755e-03  1.4085e-01
2.55269e+03  1.875e+00       2.843e+16    4.129e+18  3.373e+14  8.284e-01 2.997e-06 1.290e-05 8.597e-05 1.275e-05 8.804e-05 2.145e-05  2.435e+11  4.837e-05  5.1066e-03  1.4136e-01
2.53676e+03  1.884e+00       2.868e+16    4.164e+18  3.412e+14  8.365e-01 3.006e-06 1.294e-05 8.597e-05 1.275e-05 8.805e-05 2.150e-05  2.487e+11  4.940e-05  5.1379e-03  1.4186e-01
2.52096e+03  1.893e+00       2.893e+16    4.199e+18  3.451e+14  8.447e-01 3.016e-06 1.298e-05 8.597e-05 1.275e-05 8.807e-05 2.156e-05  2.539e+11  5.044e-05  5.1693e-03  1.4237e-01
2.50528e+03  1.903e+00       2.917e+16    4.234e+18  3.489e+14  8.530e-01 3.025e-06 1.302e-05 8.597e-05 1.276e-05 8.808e-05 2.161e-05  2.593e+11  5.150e-05  5.2008e-03  1.4288e-01
2.48971e+03  1.912e+00       2.942e+16    4.268e+18  3.527e+14  8.613e-01 3.035e-06 1.306e-05 8.597e-05 1.276e-05 8.809e-05 2.166e-05  2.646e+11  5.257e-05  5.2325e-03  1.4338e-01
2.47427e+03  1.921e+00       2.965e+16    4.302e+18  3.565e+14  8.696e-01 3.044e-06 1.310e-05 8.597e-05 1.276e-05 8.811e-05 2.172e-05  2.701e+11  5.365e-05  5.2644e-03  1.4389e-01
2.45894e+03  1.930e+00       2.989e+16    4.336e+18  3.603e+14  8.779e-01 3.053e-06 1.314e-05 8.597e-05 1.276e-05 8.812e-05 2.177e-05  2.756e+11  5.474e-05  5.2964e-03  1.4440e-01
2.44373e+03  1.939e+00       3.012e+16    4.369e+18  3.641e+14  8.863e-01 3.063e-06 1.318e-05 8.597e-05 1.276e-05 8.813e-05 2.183e-05  2.812e+11  5.585e-05  5.3285e-03  1.4491e-01
2.42863e+03  1.949e+00       3.035e+16    4.402e+18  3.679e+14  8.948e-01 3.072e-06 1.322e-05 8.597e-05 1.277e-05 8.815e-05 2.188e-05  2.868e+11  5.697e-05  5.3608e-03  1.4542e-01
2.41365e+03  1.958e+00       3.058e+16    4.434e+18  3.716e+14  9.033e-01 3.082e-06 1.326e-05 8.597e-05 1.277e-05 8.816e-05 2.194e-05  2.925e+11  5.810e-05  5.3932e-03  1.4593e-01
2.39878e+03  1.967e+00       3.081e+16    4.466e+18  3.754e+14  9.118e-01 3.091e-06 1.330e-05 8.597e-05 1.277e-05 8.817e-05 2.199e-05  2.982e+11  5.924e-05  5.4257e-03  1.4644e-01
2.38403e+03  1.976e+00       3.103e+16    4.497e+18  3.791e+14  9.203e-01 3.101e-06 1.335e-05 8.597e-05 1.277e-05 8.819e-05 2.205e-05  3.041e+11  6.040e-05  5.4584e-03  1.4695e-01
2.36939e+03  1.986e+00       3.125e+16    4.528e+18  3.828e+14  9.289e-01 3.111e-06 1.339e-05 8.597e-05 1.278e-05 8.820e-05 2.210e-05  3.099e+11  6.157e-05  5.4913e-03  1.4746e-01
2.35486e+03  1.995e+00       3.146e+16    4.558e+18  3.864e+14  9.376e-01 3.120e-06 1.343e-05 8.597e-05 1.278e-05 8.822e-05 2.216e-05  3.159e+11  6.275e-05  5.5243e-03  1.4797e-01
2.34045e+03  2.004e+00       3.168e+16    4.588e+18  3.901e+14  9.462e-01 3.130e-06 1.347e-05 8.597e-05 1.278e-05 8.823e-05 2.221e-05  3.219e+11  6.394e-05  5.5574e-03  1.4849e-01
2.32614e+03  2.013e+00       3.189e+16    4.618e+18  3.937e+14  9.550e-01 3.139e-06 1.351e-05 8.598e-05 1.278e-05 8.824e-05 2.227e-05  3.280e+11  6.515e-05  5.5907e-03  1.4900e-01
2.31194e+03  2.022e+00       3.209e+16    4.647e+18  3.973e+14  9.637e-01 3.149e-06 1.355e-05 8.598e-05 1.279e-05 8.826e-05 2.233e-05  3.341e+11  6.637e-05  5.6241e-03  1.4951e-01
2.29785e+03  2.032e+00       3.230e+16    4.676e+18  4.009e+14  9.725e-01 3.159e-06 1.359e-05 8.598e-05 1.279e-05 8.827e-05 2.238e-05  3.403e+11  6.760e-05  5.6576e-03  1.5002e-01
2.28387e+03  2.041e+00       3.250e+16    4.704e+18  4.045e+14  9.814e-01 3.168e-06 1.364e-05 8.598e-05 1.279e-05 8.829e-05 2.244e-05  3.466e+11  6.885e-05  5.6913e-03  1.5054e-01
2.27000e+03  2.050e+00       3.270e+16    4.732e+18  4.081e+14  9.902e-01 3.178e-06 1.368e-05 8.598e-05 1.279e-05 8.830e-05 2.249e-05  3.529e+11  7.010e-05  5.7251e-03  1.5105e-01
