     Energy    K_Value       F.Density    GA.Brill.       Flux  Tot.Power  Nat.Size  Nat.Div.    Size.x    Size.y     Div.x     Div.y   Coh.Flux  Coh.Power   CohFrac.x   CohFrac.y
         eV          -  ph/s/mr^2/0.1%  F.Dens/mm^2  ph/s/0.1%         kW         m       rad         m         m       rad       rad  ph/s/0.1%          W           -           -
9.43136e+03  3.000e-01       5.687e+08    8.434e+10  4.624e+06  2.121e-02 1.559e-06 6.710e-06 8.593e-05 1.249e-05 8.668e-05 1.493e-05  3.644e+02  7.238e-14  1.4044e-03  5.6111e-02
9.40611e+03  3.092e-01       8.494e+08    1.260e+11  6.911e+06  2.253e-02 1.561e-06 6.719e-06 8.593e-05 1.249e-05 8.668e-05 1.494e-05  5.471e+02  1.087e-13  1.4081e-03  5.6215e-02
9.38023e+03  3.184e-01       1.252e+09    1.857e+11  1.020e+07  2.389e-02 1.563e-06 6.728e-06 8.593e-05 1.249e-05 8.669e-05 1.495e-05  8.109e+02  1.611e-13  1.4120e-03  5.6323e-02
9.35374e+03  3.276e-01       1.823e+09    2.703e+11  1.486e+07  2.529e-02 1.566e-06 6.738e-06 8.593e-05 1.249e-05 8.669e-05 1.496e-05  1.187e+03  2.359e-13  1.4160e-03  5.6434e-02
9.32666e+03  3.368e-01       2.624e+09    3.891e+11  2.141e+07  2.674e-02 1.568e-06 6.747e-06 8.593e-05 1.249e-05 8.669e-05 1.498e-05  1.719e+03  3.414e-13  1.4200e-03  5.6548e-02
9.29898e+03  3.461e-01       3.734e+09    5.537e+11  3.049e+07  2.822e-02 1.570e-06 6.757e-06 8.593e-05 1.249e-05 8.669e-05 1.499e-05  2.461e+03  4.888e-13  1.4242e-03  5.6665e-02
9.27073e+03  3.553e-01       5.259e+09    7.798e+11  4.299e+07  2.974e-02 1.573e-06 6.768e-06 8.593e-05 1.249e-05 8.670e-05 1.500e-05  3.487e+03  6.927e-13  1.4285e-03  5.6785e-02
9.24192e+03  3.645e-01       7.333e+09    1.087e+12  5.999e+07  3.130e-02 1.575e-06 6.778e-06 8.593e-05 1.249e-05 8.670e-05 1.502e-05  4.892e+03  9.718e-13  1.4329e-03  5.6907e-02
9.21255e+03  3.737e-01       1.013e+10    1.502e+12  8.294e+07  3.290e-02 1.578e-06 6.789e-06 8.593e-05 1.249e-05 8.670e-05 1.503e-05  6.799e+03  1.351e-12  1.4375e-03  5.7033e-02
9.18264e+03  3.829e-01       1.386e+10    2.055e+12  1.136e+08  3.455e-02 1.580e-06 6.800e-06 8.593e-05 1.249e-05 8.670e-05 1.505e-05  9.366e+03  1.860e-12  1.4421e-03  5.7162e-02
9.15221e+03  3.921e-01       1.880e+10    2.788e+12  1.543e+08  3.623e-02 1.583e-06 6.811e-06 8.593e-05 1.249e-05 8.671e-05 1.506e-05  1.279e+04  2.541e-12  1.4469e-03  5.7293e-02
9.12126e+03  4.013e-01       2.530e+10    3.751e+12  2.078e+08  3.795e-02 1.585e-06 6.823e-06 8.593e-05 1.249e-05 8.671e-05 1.508e-05  1.733e+04  3.442e-12  1.4517e-03  5.7428e-02
9.08981e+03  4.105e-01       3.377e+10    5.007e+12  2.777e+08  3.971e-02 1.588e-06 6.835e-06 8.593e-05 1.249e-05 8.671e-05 1.509e-05  2.329e+04  4.626e-12  1.4567e-03  5.7565e-02
9.05787e+03  4.197e-01       4.474e+10    6.632e+12  3.683e+08  4.151e-02 1.591e-06 6.847e-06 8.593e-05 1.249e-05 8.671e-05 1.511e-05  3.107e+04  6.171e-12  1.4618e-03  5.7705e-02
9.02545e+03  4.289e-01       5.883e+10    8.721e+12  4.848e+08  4.335e-02 1.594e-06 6.859e-06 8.593e-05 1.249e-05 8.672e-05 1.513e-05  4.114e+04  8.173e-12  1.4670e-03  5.7848e-02
8.99256e+03  4.382e-01       7.682e+10    1.139e+13  6.338e+08  4.524e-02 1.597e-06 6.871e-06 8.593e-05 1.249e-05 8.672e-05 1.514e-05  5.412e+04  1.075e-11  1.4723e-03  5.7994e-02
8.95923e+03  4.474e-01       9.964e+10    1.477e+13  8.230e+08  4.716e-02 1.600e-06 6.884e-06 8.593e-05 1.249e-05 8.672e-05 1.516e-05  7.071e+04  1.405e-11  1.4777e-03  5.8143e-02
8.92545e+03  4.566e-01       1.284e+11    1.903e+13  1.062e+09  4.912e-02 1.603e-06 6.897e-06 8.593e-05 1.249e-05 8.673e-05 1.518e-05  9.181e+04  1.824e-11  1.4833e-03  5.8295e-02
8.89125e+03  4.658e-01       1.644e+11    2.437e+13  1.361e+09  5.112e-02 1.606e-06 6.911e-06 8.593e-05 1.249e-05 8.673e-05 1.519e-05  1.185e+05  2.353e-11  1.4889e-03  5.8449e-02
8.85663e+03  4.750e-01       2.093e+11    3.102e+13  1.735e+09  5.316e-02 1.609e-06 6.924e-06 8.593e-05 1.250e-05 8.673e-05 1.521e-05  1.520e+05  3.019e-11  1.4947e-03  5.8606e-02
8.82161e+03  4.842e-01       2.649e+11    3.926e+13  2.199e+09  5.525e-02 1.612e-06 6.938e-06 8.593e-05 1.250e-05 8.674e-05 1.523e-05  1.939e+05  3.851e-11  1.5006e-03  5.8766e-02
8.78621e+03  4.934e-01       3.333e+11    4.940e+13  2.770e+09  5.737e-02 1.615e-06 6.952e-06 8.593e-05 1.250e-05 8.674e-05 1.525e-05  2.459e+05  4.885e-11  1.5065e-03  5.8929e-02
8.75042e+03  5.026e-01       4.172e+11    6.184e+13  3.472e+09  5.953e-02 1.619e-06 6.966e-06 8.593e-05 1.250e-05 8.674e-05 1.527e-05  3.103e+05  6.165e-11  1.5126e-03  5.9094e-02
8.71428e+03  5.118e-01       5.195e+11    7.699e+13  4.329e+09  6.173e-02 1.622e-06 6.980e-06 8.593e-05 1.250e-05 8.675e-05 1.529e-05  3.896e+05  7.740e-11  1.5189e-03  5.9262e-02
8.67778e+03  5.211e-01       6.436e+11    9.538e+13  5.370e+09  6.397e-02 1.625e-06 6.995e-06 8.593e-05 1.250e-05 8.675e-05 1.531e-05  4.868e+05  9.669e-11  1.5252e-03  5.9433e-02
8.64094e+03  5.303e-01       7.935e+11    1.176e+14  6.629e+09  6.625e-02 1.629e-06 7.010e-06 8.593e-05 1.250e-05 8.675e-05 1.533e-05  6.052e+05  1.202e-10  1.5316e-03  5.9607e-02
8.60378e+03  5.395e-01       9.736e+11    1.443e+14  8.145e+09  6.858e-02 1.632e-06 7.025e-06 8.593e-05 1.250e-05 8.676e-05 1.535e-05  7.490e+05  1.488e-10  1.5382e-03  5.9783e-02
8.56631e+03  5.487e-01       1.189e+12    1.762e+14  9.962e+09  7.094e-02 1.636e-06 7.040e-06 8.593e-05 1.250e-05 8.676e-05 1.537e-05  9.228e+05  1.833e-10  1.5448e-03  5.9962e-02
8.52853e+03  5.579e-01       1.446e+12    2.143e+14  1.213e+10  7.334e-02 1.640e-06 7.056e-06 8.593e-05 1.250e-05 8.676e-05 1.539e-05  1.132e+06  2.249e-10  1.5516e-03  6.0143e-02
8.49047e+03  5.671e-01       1.751e+12    2.594e+14  1.471e+10  7.578e-02 1.643e-06 7.072e-06 8.593e-05 1.250e-05 8.677e-05 1.541e-05  1.383e+06  2.747e-10  1.5585e-03  6.0327e-02
8.45213e+03  5.763e-01       2.111e+12    3.128e+14  1.776e+10  7.826e-02 1.647e-06 7.088e-06 8.593e-05 1.250e-05 8.677e-05 1.543e-05  1.683e+06  3.342e-10  1.5655e-03  6.0514e-02
8.41352e+03  5.855e-01       2.535e+12    3.756e+14  2.136e+10  8.078e-02 1.651e-06 7.104e-06 8.593e-05 1.250e-05 8.677e-05 1.545e-05  2.039e+06  4.050e-10  1.5726e-03  6.0703e-02
8.37466e+03  5.947e-01       3.032e+12    4.492e+14  2.559e+10  8.335e-02 1.655e-06 7.120e-06 8.593e-05 1.250e-05 8.678e-05 1.548e-05  2.462e+06  4.890e-10  1.5798e-03  6.0895e-02
8.33556e+03  6.039e-01       3.613e+12    5.353e+14  3.053e+10  8.595e-02 1.658e-06 7.137e-06 8.593e-05 1.250e-05 8.678e-05 1.550e-05  2.961e+06  5.881e-10  1.5872e-03  6.1089e-02
8.29623e+03  6.132e-01       4.289e+12    6.354e+14  3.630e+10  8.859e-02 1.662e-06 7.154e-06 8.593e-05 1.250e-05 8.679e-05 1.552e-05  3.548e+06  7.048e-10  1.5946e-03  6.1286e-02
8.25669e+03  6.224e-01       5.074e+12    7.516e+14  4.301e+10  9.127e-02 1.666e-06 7.171e-06 8.593e-05 1.250e-05 8.679e-05 1.554e-05  4.237e+06  8.416e-10  1.6022e-03  6.1485e-02
8.21694e+03  6.316e-01       5.981e+12    8.859e+14  5.077e+10  9.399e-02 1.670e-06 7.188e-06 8.593e-05 1.250e-05 8.680e-05 1.557e-05  5.042e+06  1.002e-09  1.6099e-03  6.1687e-02
8.17699e+03  6.408e-01       7.026e+12    1.041e+15  5.974e+10  9.675e-02 1.674e-06 7.206e-06 8.593e-05 1.250e-05 8.680e-05 1.559e-05  5.981e+06  1.188e-09  1.6176e-03  6.1891e-02
8.13686e+03  6.500e-01       8.226e+12    1.218e+15  7.006e+10  9.955e-02 1.679e-06 7.224e-06 8.593e-05 1.250e-05 8.680e-05 1.562e-05  7.072e+06  1.405e-09  1.6255e-03  6.2098e-02
8.09656e+03  6.592e-01       9.600e+12    1.422e+15  8.189e+10  1.024e-01 1.683e-06 7.242e-06 8.593e-05 1.250e-05 8.681e-05 1.564e-05  8.335e+06  1.656e-09  1.6335e-03  6.2307e-02
8.05609e+03  6.684e-01       1.117e+13    1.654e+15  9.542e+10  1.053e-01 1.687e-06 7.260e-06 8.593e-05 1.251e-05 8.681e-05 1.566e-05  9.794e+06  1.945e-09  1.6417e-03  6.2519e-02
8.01548e+03  6.776e-01       1.295e+13    1.918e+15  1.109e+11  1.082e-01 1.691e-06 7.278e-06 8.593e-05 1.251e-05 8.682e-05 1.569e-05  1.147e+07  2.279e-09  1.6499e-03  6.2733e-02
7.97472e+03  6.868e-01       1.498e+13    2.218e+15  1.284e+11  1.112e-01 1.696e-06 7.297e-06 8.593e-05 1.251e-05 8.682e-05 1.571e-05  1.340e+07  2.662e-09  1.6582e-03  6.2949e-02
7.93384e+03  6.961e-01       1.727e+13    2.557e+15  1.483e+11  1.142e-01 1.700e-06 7.316e-06 8.593e-05 1.251e-05 8.683e-05 1.574e-05  1.561e+07  3.101e-09  1.6667e-03  6.3168e-02
7.89284e+03  7.053e-01       1.985e+13    2.940e+15  1.708e+11  1.172e-01 1.704e-06 7.335e-06 8.593e-05 1.251e-05 8.683e-05 1.577e-05  1.813e+07  3.602e-09  1.6753e-03  6.3389e-02
7.85173e+03  7.145e-01       2.276e+13    3.370e+15  1.961e+11  1.203e-01 1.709e-06 7.354e-06 8.593e-05 1.251e-05 8.684e-05 1.579e-05  2.101e+07  4.173e-09  1.6839e-03  6.3612e-02
7.81051e+03  7.237e-01       2.602e+13    3.853e+15  2.246e+11  1.234e-01 1.713e-06 7.373e-06 8.594e-05 1.251e-05 8.684e-05 1.582e-05  2.427e+07  4.822e-09  1.6927e-03  6.3838e-02
7.76921e+03  7.329e-01       2.968e+13    4.394e+15  2.566e+11  1.266e-01 1.718e-06 7.393e-06 8.594e-05 1.251e-05 8.685e-05 1.585e-05  2.797e+07  5.557e-09  1.7016e-03  6.4065e-02
7.72783e+03  7.421e-01       3.376e+13    4.997e+15  2.924e+11  1.298e-01 1.722e-06 7.412e-06 8.594e-05 1.251e-05 8.685e-05 1.587e-05  3.216e+07  6.388e-09  1.7106e-03  6.4295e-02
7.68638e+03  7.513e-01       3.830e+13    5.670e+15  3.323e+11  1.330e-01 1.727e-06 7.432e-06 8.594e-05 1.251e-05 8.686e-05 1.590e-05  3.688e+07  7.326e-09  1.7198e-03  6.4528e-02
7.64487e+03  7.605e-01       4.335e+13    6.417e+15  3.768e+11  1.363e-01 1.732e-06 7.453e-06 8.594e-05 1.251e-05 8.686e-05 1.593e-05  4.219e+07  8.382e-09  1.7290e-03  6.4762e-02
7.60331e+03  7.697e-01       4.895e+13    7.245e+15  4.262e+11  1.396e-01 1.736e-06 7.473e-06 8.594e-05 1.251e-05 8.687e-05 1.596e-05  4.816e+07  9.567e-09  1.7383e-03  6.4999e-02
7.56170e+03  7.789e-01       5.513e+13    8.160e+15  4.810e+11  1.430e-01 1.741e-06 7.493e-06 8.594e-05 1.251e-05 8.687e-05 1.598e-05  5.485e+07  1.089e-08  1.7478e-03  6.5238e-02
7.52007e+03  7.882e-01       6.196e+13    9.171e+15  5.416e+11  1.464e-01 1.746e-06 7.514e-06 8.594e-05 1.251e-05 8.688e-05 1.601e-05  6.232e+07  1.238e-08  1.7574e-03  6.5479e-02
7.47840e+03  7.974e-01       6.948e+13    1.028e+16  6.084e+11  1.498e-01 1.751e-06 7.535e-06 8.594e-05 1.251e-05 8.688e-05 1.604e-05  7.066e+07  1.404e-08  1.7670e-03  6.5722e-02
7.43672e+03  8.066e-01       7.775e+13    1.151e+16  6.821e+11  1.533e-01 1.756e-06 7.556e-06 8.594e-05 1.252e-05 8.689e-05 1.607e-05  7.995e+07  1.588e-08  1.7768e-03  6.5968e-02
7.39503e+03  8.158e-01       8.680e+13    1.284e+16  7.630e+11  1.568e-01 1.761e-06 7.577e-06 8.594e-05 1.252e-05 8.689e-05 1.610e-05  9.027e+07  1.793e-08  1.7867e-03  6.6215e-02
7.35334e+03  8.250e-01       9.671e+13    1.431e+16  8.517e+11  1.604e-01 1.766e-06 7.599e-06 8.594e-05 1.252e-05 8.690e-05 1.613e-05  1.017e+08  2.020e-08  1.7968e-03  6.6464e-02
7.31165e+03  8.342e-01       1.075e+14    1.591e+16  9.488e+11  1.640e-01 1.771e-06 7.621e-06 8.594e-05 1.252e-05 8.690e-05 1.616e-05  1.144e+08  2.272e-08  1.8069e-03  6.6716e-02
7.26999e+03  8.434e-01       1.193e+14    1.766e+16  1.055e+12  1.676e-01 1.776e-06 7.642e-06 8.594e-05 1.252e-05 8.691e-05 1.619e-05  1.284e+08  2.550e-08  1.8171e-03  6.6970e-02
7.22834e+03  8.526e-01       1.322e+14    1.955e+16  1.171e+12  1.713e-01 1.781e-06 7.664e-06 8.594e-05 1.252e-05 8.691e-05 1.622e-05  1.438e+08  2.857e-08  1.8275e-03  6.7225e-02
7.18672e+03  8.618e-01       1.461e+14    2.161e+16  1.296e+12  1.750e-01 1.786e-06 7.686e-06 8.594e-05 1.252e-05 8.692e-05 1.625e-05  1.608e+08  3.194e-08  1.8379e-03  6.7483e-02
7.14514e+03  8.711e-01       1.612e+14    2.384e+16  1.433e+12  1.788e-01 1.791e-06 7.709e-06 8.594e-05 1.252e-05 8.693e-05 1.628e-05  1.795e+08  3.565e-08  1.8485e-03  6.7742e-02
7.10361e+03  8.803e-01       1.775e+14    2.626e+16  1.582e+12  1.826e-01 1.796e-06 7.731e-06 8.594e-05 1.252e-05 8.693e-05 1.631e-05  2.000e+08  3.972e-08  1.8592e-03  6.8004e-02
7.06212e+03  8.895e-01       1.951e+14    2.886e+16  1.742e+12  1.864e-01 1.802e-06 7.754e-06 8.594e-05 1.252e-05 8.694e-05 1.634e-05  2.224e+08  4.418e-08  1.8700e-03  6.8267e-02
7.02070e+03  8.987e-01       2.141e+14    3.167e+16  1.916e+12  1.903e-01 1.807e-06 7.777e-06 8.594e-05 1.252e-05 8.694e-05 1.638e-05  2.469e+08  4.905e-08  1.8809e-03  6.8533e-02
6.97933e+03  9.079e-01       2.346e+14    3.469e+16  2.103e+12  1.942e-01 1.812e-06 7.800e-06 8.594e-05 1.252e-05 8.695e-05 1.641e-05  2.737e+08  5.437e-08  1.8919e-03  6.8800e-02
6.93804e+03  9.171e-01       2.566e+14    3.794e+16  2.304e+12  1.982e-01 1.818e-06 7.823e-06 8.594e-05 1.252e-05 8.696e-05 1.644e-05  3.029e+08  6.017e-08  1.9030e-03  6.9069e-02
6.89682e+03  9.263e-01       2.801e+14    4.142e+16  2.521e+12  2.022e-01 1.823e-06 7.846e-06 8.594e-05 1.252e-05 8.696e-05 1.647e-05  3.347e+08  6.648e-08  1.9142e-03  6.9340e-02
6.85569e+03  9.355e-01       3.054e+14    4.515e+16  2.754e+12  2.062e-01 1.829e-06 7.870e-06 8.594e-05 1.253e-05 8.697e-05 1.651e-05  3.692e+08  7.333e-08  1.9256e-03  6.9613e-02
6.81464e+03  9.447e-01       3.323e+14    4.914e+16  3.004e+12  2.103e-01 1.834e-06 7.894e-06 8.594e-05 1.253e-05 8.697e-05 1.654e-05  4.066e+08  8.077e-08  1.9370e-03  6.9888e-02
6.77369e+03  9.539e-01       3.611e+14    5.339e+16  3.271e+12  2.144e-01 1.840e-06 7.917e-06 8.594e-05 1.253e-05 8.698e-05 1.657e-05  4.472e+08  8.883e-08  1.9486e-03  7.0165e-02
6.73284e+03  9.632e-01       3.919e+14    5.793e+16  3.556e+12  2.186e-01 1.845e-06 7.941e-06 8.594e-05 1.253e-05 8.699e-05 1.661e-05  4.911e+08  9.755e-08  1.9603e-03  7.0443e-02
6.69209e+03  9.724e-01       4.245e+14    6.275e+16  3.861e+12  2.228e-01 1.851e-06 7.965e-06 8.594e-05 1.253e-05 8.699e-05 1.664e-05  5.385e+08  1.070e-07  1.9721e-03  7.0723e-02
6.65145e+03  9.816e-01       4.593e+14    6.788e+16  4.186e+12  2.270e-01 1.857e-06 7.990e-06 8.594e-05 1.253e-05 8.700e-05 1.667e-05  5.897e+08  1.171e-07  1.9840e-03  7.1005e-02
6.61092e+03  9.908e-01       4.961e+14    7.333e+16  4.532e+12  2.313e-01 1.862e-06 8.014e-06 8.594e-05 1.253e-05 8.701e-05 1.671e-05  6.448e+08  1.281e-07  1.9960e-03  7.1289e-02
6.57051e+03  1.000e+00       5.352e+14    7.910e+16  4.899e+12  2.356e-01 1.868e-06 8.039e-06 8.594e-05 1.253e-05 8.701e-05 1.674e-05  7.041e+08  1.399e-07  2.0081e-03  7.1574e-02
6.53023e+03  1.009e+00       5.766e+14    8.521e+16  5.289e+12  2.400e-01 1.874e-06 8.064e-06 8.594e-05 1.253e-05 8.702e-05 1.678e-05  7.679e+08  1.525e-07  2.0203e-03  7.1861e-02
6.49008e+03  1.018e+00       6.203e+14    9.166e+16  5.702e+12  2.444e-01 1.879e-06 8.088e-06 8.594e-05 1.253e-05 8.703e-05 1.681e-05  8.363e+08  1.661e-07  2.0327e-03  7.2150e-02
6.45006e+03  1.028e+00       6.665e+14    9.848e+16  6.140e+12  2.488e-01 1.885e-06 8.114e-06 8.594e-05 1.253e-05 8.703e-05 1.685e-05  9.097e+08  1.807e-07  2.0451e-03  7.2440e-02
6.41017e+03  1.037e+00       7.151e+14    1.057e+17  6.603e+12  2.533e-01 1.891e-06 8.139e-06 8.594e-05 1.253e-05 8.704e-05 1.688e-05  9.882e+08  1.963e-07  2.0577e-03  7.2732e-02
6.37043e+03  1.046e+00       7.664e+14    1.132e+17  7.092e+12  2.578e-01 1.897e-06 8.164e-06 8.594e-05 1.254e-05 8.705e-05 1.692e-05  1.072e+09  2.130e-07  2.0703e-03  7.3026e-02
6.33083e+03  1.055e+00       8.203e+14    1.212e+17  7.607e+12  2.624e-01 1.903e-06 8.190e-06 8.594e-05 1.254e-05 8.705e-05 1.695e-05  1.162e+09  2.308e-07  2.0831e-03  7.3321e-02
6.29138e+03  1.064e+00       8.769e+14    1.295e+17  8.151e+12  2.670e-01 1.909e-06 8.215e-06 8.594e-05 1.254e-05 8.706e-05 1.699e-05  1.258e+09  2.498e-07  2.0960e-03  7.3618e-02
6.25208e+03  1.074e+00       9.363e+14    1.383e+17  8.722e+12  2.716e-01 1.915e-06 8.241e-06 8.594e-05 1.254e-05 8.707e-05 1.703e-05  1.360e+09  2.701e-07  2.1090e-03  7.3916e-02
6.21294e+03  1.083e+00       9.986e+14    1.475e+17  9.323e+12  2.763e-01 1.921e-06 8.267e-06 8.594e-05 1.254e-05 8.708e-05 1.706e-05  1.468e+09  2.917e-07  2.1221e-03  7.4216e-02
6.17395e+03  1.092e+00       1.064e+15    1.571e+17  9.954e+12  2.810e-01 1.927e-06 8.293e-06 8.594e-05 1.254e-05 8.708e-05 1.710e-05  1.584e+09  3.146e-07  2.1353e-03  7.4518e-02
6.13513e+03  1.101e+00       1.132e+15    1.672e+17  1.062e+13  2.858e-01 1.933e-06 8.319e-06 8.594e-05 1.254e-05 8.709e-05 1.714e-05  1.707e+09  3.390e-07  2.1487e-03  7.4821e-02
6.09647e+03  1.111e+00       1.203e+15    1.777e+17  1.131e+13  2.906e-01 1.939e-06 8.346e-06 8.594e-05 1.254e-05 8.710e-05 1.718e-05  1.837e+09  3.649e-07  2.1621e-03  7.5125e-02
6.05799e+03  1.120e+00       1.277e+15    1.886e+17  1.203e+13  2.954e-01 1.945e-06 8.372e-06 8.594e-05 1.254e-05 8.711e-05 1.721e-05  1.975e+09  3.923e-07  2.1756e-03  7.5431e-02
6.01967e+03  1.129e+00       1.355e+15    2.000e+17  1.279e+13  3.003e-01 1.952e-06 8.399e-06 8.594e-05 1.254e-05 8.711e-05 1.725e-05  2.121e+09  4.214e-07  2.1893e-03  7.5739e-02
5.98153e+03  1.138e+00       1.435e+15    2.119e+17  1.359e+13  3.052e-01 1.958e-06 8.425e-06 8.594e-05 1.254e-05 8.712e-05 1.729e-05  2.276e+09  4.521e-07  2.2031e-03  7.6048e-02
5.94356e+03  1.147e+00       1.519e+15    2.243e+17  1.441e+13  3.102e-01 1.964e-06 8.452e-06 8.594e-05 1.255e-05 8.713e-05 1.733e-05  2.440e+09  4.846e-07  2.2169e-03  7.6358e-02
5.90577e+03  1.157e+00       1.606e+15    2.371e+17  1.527e+13  3.152e-01 1.970e-06 8.479e-06 8.594e-05 1.255e-05 8.714e-05 1.737e-05  2.613e+09  5.190e-07  2.2309e-03  7.6670e-02
5.86816e+03  1.166e+00       1.697e+15    2.504e+17  1.617e+13  3.202e-01 1.977e-06 8.506e-06 8.594e-05 1.255e-05 8.714e-05 1.741e-05  2.795e+09  5.552e-07  2.2450e-03  7.6983e-02
5.83074e+03  1.175e+00       1.791e+15    2.643e+17  1.711e+13  3.253e-01 1.983e-06 8.534e-06 8.594e-05 1.255e-05 8.715e-05 1.744e-05  2.987e+09  5.934e-07  2.2592e-03  7.7298e-02
5.79350e+03  1.184e+00       1.888e+15    2.786e+17  1.808e+13  3.304e-01 1.989e-06 8.561e-06 8.594e-05 1.255e-05 8.716e-05 1.748e-05  3.190e+09  6.336e-07  2.2735e-03  7.7614e-02
5.75645e+03  1.193e+00       1.988e+15    2.934e+17  1.908e+13  3.356e-01 1.996e-06 8.588e-06 8.594e-05 1.255e-05 8.717e-05 1.752e-05  3.403e+09  6.759e-07  2.2880e-03  7.7931e-02
5.71959e+03  1.203e+00       2.093e+15    3.087e+17  2.013e+13  3.408e-01 2.002e-06 8.616e-06 8.594e-05 1.255e-05 8.718e-05 1.756e-05  3.627e+09  7.204e-07  2.3025e-03  7.8250e-02
5.68292e+03  1.212e+00       2.200e+15    3.246e+17  2.121e+13  3.460e-01 2.009e-06 8.644e-06 8.594e-05 1.255e-05 8.718e-05 1.760e-05  3.862e+09  7.672e-07  2.3171e-03  7.8569e-02
5.64644e+03  1.221e+00       2.311e+15    3.409e+17  2.234e+13  3.513e-01 2.015e-06 8.672e-06 8.594e-05 1.255e-05 8.719e-05 1.764e-05  4.109e+09  8.163e-07  2.3319e-03  7.8891e-02
5.61015e+03  1.230e+00       2.426e+15    3.578e+17  2.350e+13  3.566e-01 2.022e-06 8.700e-06 8.594e-05 1.256e-05 8.720e-05 1.768e-05  4.369e+09  8.678e-07  2.3467e-03  7.9213e-02
5.57407e+03  1.239e+00       2.544e+15    3.752e+17  2.470e+13  3.620e-01 2.028e-06 8.728e-06 8.594e-05 1.256e-05 8.721e-05 1.772e-05  4.640e+09  9.218e-07  2.3617e-03  7.9537e-02
5.53818e+03  1.249e+00       2.665e+15    3.930e+17  2.594e+13  3.674e-01 2.035e-06 8.756e-06 8.594e-05 1.256e-05 8.722e-05 1.776e-05  4.925e+09  9.783e-07  2.3768e-03  7.9862e-02
5.50248e+03  1.258e+00       2.790e+15    4.115e+17  2.723e+13  3.728e-01 2.041e-06 8.784e-06 8.594e-05 1.256e-05 8.722e-05 1.781e-05  5.222e+09  1.037e-06  2.3920e-03  8.0189e-02
5.46699e+03  1.267e+00       2.919e+15    4.304e+17  2.855e+13  3.783e-01 2.048e-06 8.813e-06 8.594e-05 1.256e-05 8.723e-05 1.785e-05  5.534e+09  1.099e-06  2.4073e-03  8.0516e-02
5.43170e+03  1.276e+00       3.051e+15    4.498e+17  2.992e+13  3.838e-01 2.054e-06 8.841e-06 8.594e-05 1.256e-05 8.724e-05 1.789e-05  5.859e+09  1.164e-06  2.4227e-03  8.0845e-02
5.39661e+03  1.286e+00       3.187e+15    4.698e+17  3.132e+13  3.894e-01 2.061e-06 8.870e-06 8.594e-05 1.256e-05 8.725e-05 1.793e-05  6.199e+09  1.231e-06  2.4382e-03  8.1175e-02
5.36172e+03  1.295e+00       3.326e+15    4.902e+17  3.277e+13  3.950e-01 2.068e-06 8.899e-06 8.594e-05 1.256e-05 8.726e-05 1.797e-05  6.553e+09  1.302e-06  2.4538e-03  8.1506e-02
5.32704e+03  1.304e+00       3.468e+15    5.112e+17  3.426e+13  4.006e-01 2.075e-06 8.928e-06 8.594e-05 1.256e-05 8.727e-05 1.801e-05  6.923e+09  1.375e-06  2.4695e-03  8.1838e-02
5.29256e+03  1.313e+00       3.614e+15    5.327e+17  3.579e+13  4.063e-01 2.081e-06 8.957e-06 8.594e-05 1.256e-05 8.728e-05 1.806e-05  7.308e+09  1.452e-06  2.4853e-03  8.2172e-02
5.25829e+03  1.322e+00       3.764e+15    5.547e+17  3.736e+13  4.120e-01 2.088e-06 8.986e-06 8.594e-05 1.257e-05 8.728e-05 1.810e-05  7.709e+09  1.531e-06  2.5013e-03  8.2506e-02
5.22423e+03  1.332e+00       3.917e+15    5.772e+17  3.897e+13  4.178e-01 2.095e-06 9.015e-06 8.594e-05 1.257e-05 8.729e-05 1.814e-05  8.127e+09  1.614e-06  2.5173e-03  8.2842e-02
5.19037e+03  1.341e+00       4.073e+15    6.001e+17  4.062e+13  4.236e-01 2.102e-06 9.045e-06 8.594e-05 1.257e-05 8.730e-05 1.818e-05  8.561e+09  1.701e-06  2.5335e-03  8.3179e-02
5.15671e+03  1.350e+00       4.233e+15    6.236e+17  4.232e+13  4.294e-01 2.109e-06 9.074e-06 8.594e-05 1.257e-05 8.731e-05 1.823e-05  9.012e+09  1.790e-06  2.5498e-03  8.3517e-02
5.12327e+03  1.359e+00       4.396e+15    6.476e+17  4.406e+13  4.353e-01 2.115e-06 9.104e-06 8.594e-05 1.257e-05 8.732e-05 1.827e-05  9.481e+09  1.883e-06  2.5661e-03  8.3856e-02
5.09003e+03  1.368e+00       4.562e+15    6.720e+17  4.584e+13  4.412e-01 2.122e-06 9.133e-06 8.594e-05 1.257e-05 8.733e-05 1.831e-05  9.968e+09  1.980e-06  2.5826e-03  8.4196e-02
5.05700e+03  1.378e+00       4.731e+15    6.969e+17  4.766e+13  4.472e-01 2.129e-06 9.163e-06 8.594e-05 1.257e-05 8.734e-05 1.836e-05  1.047e+10  2.080e-06  2.5992e-03  8.4537e-02
5.02419e+03  1.387e+00       4.904e+15    7.222e+17  4.952e+13  4.532e-01 2.136e-06 9.193e-06 8.594e-05 1.257e-05 8.735e-05 1.840e-05  1.100e+10  2.184e-06  2.6159e-03  8.4879e-02
4.99157e+03  1.396e+00       5.080e+15    7.481e+17  5.143e+13  4.592e-01 2.143e-06 9.223e-06 8.594e-05 1.258e-05 8.736e-05 1.844e-05  1.154e+10  2.292e-06  2.6327e-03  8.5223e-02
4.95917e+03  1.405e+00       5.259e+15    7.743e+17  5.337e+13  4.653e-01 2.150e-06 9.253e-06 8.594e-05 1.258e-05 8.737e-05 1.849e-05  1.210e+10  2.404e-06  2.6496e-03  8.5567e-02
4.92698e+03  1.414e+00       5.441e+15    8.010e+17  5.535e+13  4.714e-01 2.157e-06 9.283e-06 8.594e-05 1.258e-05 8.738e-05 1.853e-05  1.268e+10  2.519e-06  2.6666e-03  8.5912e-02
4.89500e+03  1.424e+00       5.626e+15    8.282e+17  5.738e+13  4.776e-01 2.164e-06 9.314e-06 8.595e-05 1.258e-05 8.738e-05 1.858e-05  1.328e+10  2.639e-06  2.6838e-03  8.6258e-02
4.86322e+03  1.433e+00       5.813e+15    8.557e+17  5.944e+13  4.838e-01 2.171e-06 9.344e-06 8.595e-05 1.258e-05 8.739e-05 1.862e-05  1.391e+10  2.762e-06  2.7010e-03  8.6605e-02
4.83165e+03  1.442e+00       6.004e+15    8.837e+17  6.155e+13  4.900e-01 2.178e-06 9.374e-06 8.595e-05 1.258e-05 8.740e-05 1.867e-05  1.455e+10  2.890e-06  2.7184e-03  8.6953e-02
4.80030e+03  1.451e+00       6.198e+15    9.121e+17  6.369e+13  4.963e-01 2.185e-06 9.405e-06 8.595e-05 1.258e-05 8.741e-05 1.871e-05  1.521e+10  3.022e-06  2.7358e-03  8.7303e-02
4.76915e+03  1.461e+00       6.394e+15    9.409e+17  6.587e+13  5.026e-01 2.193e-06 9.436e-06 8.595e-05 1.258e-05 8.742e-05 1.876e-05  1.590e+10  3.158e-06  2.7534e-03  8.7653e-02
4.73821e+03  1.470e+00       6.594e+15    9.703e+17  6.812e+13  5.090e-01 2.200e-06 9.466e-06 8.595e-05 1.258e-05 8.743e-05 1.880e-05  1.661e+10  3.299e-06  2.7710e-03  8.7988e-02
4.70748e+03  1.479e+00       6.796e+15    9.999e+17  7.038e+13  5.154e-01 2.207e-06 9.497e-06 8.595e-05 1.259e-05 8.744e-05 1.885e-05  1.734e+10  3.444e-06  2.7888e-03  8.8340e-02
4.67695e+03  1.488e+00       7.000e+15    1.030e+18  7.268e+13  5.218e-01 2.214e-06 9.528e-06 8.595e-05 1.259e-05 8.745e-05 1.890e-05  1.809e+10  3.594e-06  2.8067e-03  8.8693e-02
4.64663e+03  1.497e+00       7.206e+15    1.060e+18  7.501e+13  5.283e-01 2.221e-06 9.559e-06 8.595e-05 1.259e-05 8.746e-05 1.894e-05  1.887e+10  3.748e-06  2.8246e-03  8.9046e-02
4.61652e+03  1.507e+00       7.415e+15    1.091e+18  7.738e+13  5.348e-01 2.228e-06 9.590e-06 8.595e-05 1.259e-05 8.747e-05 1.899e-05  1.967e+10  3.907e-06  2.8427e-03  8.9400e-02
4.58662e+03  1.516e+00       7.626e+15    1.122e+18  7.979e+13  5.414e-01 2.236e-06 9.622e-06 8.595e-05 1.259e-05 8.748e-05 1.903e-05  2.049e+10  4.070e-06  2.8609e-03  8.9755e-02
4.55692e+03  1.525e+00       7.840e+15    1.153e+18  8.223e+13  5.480e-01 2.243e-06 9.653e-06 8.595e-05 1.259e-05 8.749e-05 1.908e-05  2.134e+10  4.238e-06  2.8792e-03  9.0112e-02
4.52743e+03  1.534e+00       8.055e+15    1.184e+18  8.471e+13  5.546e-01 2.250e-06 9.684e-06 8.595e-05 1.259e-05 8.750e-05 1.913e-05  2.221e+10  4.411e-06  2.8977e-03  9.0468e-02
4.49815e+03  1.543e+00       8.273e+15    1.216e+18  8.722e+13  5.613e-01 2.258e-06 9.716e-06 8.595e-05 1.260e-05 8.751e-05 1.917e-05  2.310e+10  4.589e-06  2.9162e-03  9.0826e-02
4.46906e+03  1.553e+00       8.492e+15    1.248e+18  8.976e+13  5.680e-01 2.265e-06 9.747e-06 8.595e-05 1.260e-05 8.752e-05 1.922e-05  2.402e+10  4.772e-06  2.9348e-03  9.1184e-02
4.44019e+03  1.562e+00       8.713e+15    1.281e+18  9.234e+13  5.748e-01 2.272e-06 9.779e-06 8.595e-05 1.260e-05 8.753e-05 1.927e-05  2.497e+10  4.959e-06  2.9535e-03  9.1544e-02
4.41151e+03  1.571e+00       8.936e+15    1.313e+18  9.494e+13  5.816e-01 2.280e-06 9.811e-06 8.595e-05 1.260e-05 8.754e-05 1.931e-05  2.594e+10  5.152e-06  2.9724e-03  9.1904e-02
4.38304e+03  1.580e+00       9.161e+15    1.346e+18  9.758e+13  5.884e-01 2.287e-06 9.842e-06 8.595e-05 1.260e-05 8.756e-05 1.936e-05  2.693e+10  5.350e-06  2.9913e-03  9.2265e-02
4.35477e+03  1.589e+00       9.388e+15    1.379e+18  1.003e+14  5.953e-01 2.294e-06 9.874e-06 8.595e-05 1.260e-05 8.757e-05 1.941e-05  2.795e+10  5.553e-06  3.0104e-03  9.2626e-02
4.32670e+03  1.599e+00       9.616e+15    1.413e+18  1.030e+14  6.022e-01 2.302e-06 9.906e-06 8.595e-05 1.260e-05 8.758e-05 1.946e-05  2.900e+10  5.761e-06  3.0295e-03  9.2989e-02
4.29883e+03  1.608e+00       9.845e+15    1.446e+18  1.057e+14  6.092e-01 2.309e-06 9.938e-06 8.595e-05 1.260e-05 8.759e-05 1.951e-05  3.008e+10  5.975e-06  3.0488e-03  9.3352e-02
4.27116e+03  1.617e+00       1.008e+16    1.480e+18  1.084e+14  6.162e-01 2.317e-06 9.971e-06 8.595e-05 1.261e-05 8.760e-05 1.955e-05  3.118e+10  6.194e-06  3.0681e-03  9.3716e-02
4.24369e+03  1.626e+00       1.031e+16    1.514e+18  1.112e+14  6.232e-01 2.324e-06 1.000e-05 8.595e-05 1.261e-05 8.761e-05 1.960e-05  3.231e+10  6.418e-06  3.0876e-03  9.4080e-02
4.21642e+03  1.636e+00       1.054e+16    1.548e+18  1.140e+14  6.303e-01 2.332e-06 1.004e-05 8.595e-05 1.261e-05 8.762e-05 1.965e-05  3.347e+10  6.648e-06  3.1072e-03  9.4445e-02
4.18935e+03  1.645e+00       1.078e+16    1.582e+18  1.169e+14  6.374e-01 2.339e-06 1.007e-05 8.595e-05 1.261e-05 8.763e-05 1.970e-05  3.465e+10  6.883e-06  3.1269e-03  9.4811e-02
4.16247e+03  1.654e+00       1.101e+16    1.617e+18  1.197e+14  6.446e-01 2.347e-06 1.010e-05 8.595e-05 1.261e-05 8.764e-05 1.975e-05  3.586e+10  7.124e-06  3.1467e-03  9.5178e-02
4.13579e+03  1.663e+00       1.125e+16    1.651e+18  1.226e+14  6.518e-01 2.354e-06 1.013e-05 8.595e-05 1.261e-05 8.765e-05 1.980e-05  3.710e+10  7.370e-06  3.1666e-03  9.5545e-02
4.10930e+03  1.672e+00       1.149e+16    1.686e+18  1.255e+14  6.590e-01 2.362e-06 1.017e-05 8.595e-05 1.261e-05 8.766e-05 1.984e-05  3.837e+10  7.622e-06  3.1866e-03  9.5913e-02
4.08300e+03  1.682e+00       1.172e+16    1.721e+18  1.285e+14  6.663e-01 2.370e-06 1.020e-05 8.595e-05 1.262e-05 8.767e-05 1.989e-05  3.967e+10  7.880e-06  3.2067e-03  9.6282e-02
4.05690e+03  1.691e+00       1.196e+16    1.756e+18  1.314e+14  6.736e-01 2.377e-06 1.023e-05 8.595e-05 1.262e-05 8.769e-05 1.994e-05  4.099e+10  8.143e-06  3.2269e-03  9.6651e-02
4.03099e+03  1.700e+00       1.220e+16    1.791e+18  1.344e+14  6.810e-01 2.385e-06 1.026e-05 8.595e-05 1.262e-05 8.770e-05 1.999e-05  4.235e+10  8.412e-06  3.2472e-03  9.7021e-02
4.00527e+03  1.709e+00       1.244e+16    1.826e+18  1.374e+14  6.884e-01 2.392e-06 1.030e-05 8.595e-05 1.262e-05 8.771e-05 2.004e-05  4.373e+10  8.687e-06  3.2676e-03  9.7392e-02
3.97974e+03  1.718e+00       1.268e+16    1.861e+18  1.404e+14  6.958e-01 2.400e-06 1.033e-05 8.595e-05 1.262e-05 8.772e-05 2.009e-05  4.515e+10  8.968e-06  3.2882e-03  9.7763e-02
3.95440e+03  1.728e+00       1.292e+16    1.896e+18  1.435e+14  7.033e-01 2.408e-06 1.036e-05 8.595e-05 1.262e-05 8.773e-05 2.014e-05  4.659e+10  9.255e-06  3.3088e-03  9.8135e-02
3.92925e+03  1.737e+00       1.316e+16    1.931e+18  1.465e+14  7.108e-01 2.416e-06 1.040e-05 8.595e-05 1.262e-05 8.774e-05 2.019e-05  4.806e+10  9.548e-06  3.3295e-03  9.8508e-02
3.90428e+03  1.746e+00       1.341e+16    1.966e+18  1.496e+14  7.184e-01 2.423e-06 1.043e-05 8.595e-05 1.263e-05 8.775e-05 2.024e-05  4.957e+10  9.846e-06  3.3504e-03  9.8881e-02
3.87950e+03  1.755e+00       1.365e+16    2.001e+18  1.527e+14  7.260e-01 2.431e-06 1.046e-05 8.595e-05 1.263e-05 8.777e-05 2.029e-05  5.110e+10  1.015e-05  3.3713e-03  9.9254e-02
3.85490e+03  1.764e+00       1.389e+16    2.036e+18  1.558e+14  7.336e-01 2.439e-06 1.050e-05 8.595e-05 1.263e-05 8.778e-05 2.034e-05  5.267e+10  1.046e-05  3.3924e-03  9.9628e-02
3.83049e+03  1.774e+00       1.413e+16    2.072e+18  1.590e+14  7.413e-01 2.446e-06 1.053e-05 8.595e-05 1.263e-05 8.779e-05 2.039e-05  5.426e+10  1.078e-05  3.4135e-03  1.0000e-01
3.80626e+03  1.783e+00       1.437e+16    2.107e+18  1.621e+14  7.490e-01 2.454e-06 1.056e-05 8.595e-05 1.263e-05 8.780e-05 2.044e-05  5.589e+10  1.110e-05  3.4348e-03  1.0038e-01
3.78221e+03  1.792e+00       1.461e+16    2.142e+18  1.652e+14  7.568e-01 2.462e-06 1.060e-05 8.595e-05 1.263e-05 8.781e-05 2.049e-05  5.754e+10  1.143e-05  3.4561e-03  1.0075e-01
3.75835e+03  1.801e+00       1.485e+16    2.177e+18  1.684e+14  7.646e-01 2.470e-06 1.063e-05 8.595e-05 1.264e-05 8.782e-05 2.054e-05  5.923e+10  1.177e-05  3.4776e-03  1.0113e-01
3.73466e+03  1.811e+00       1.510e+16    2.212e+18  1.716e+14  7.724e-01 2.478e-06 1.066e-05 8.595e-05 1.264e-05 8.784e-05 2.060e-05  6.095e+10  1.211e-05  3.4992e-03  1.0151e-01
3.71115e+03  1.820e+00       1.534e+16    2.247e+18  1.748e+14  7.803e-01 2.485e-06 1.070e-05 8.595e-05 1.264e-05 8.785e-05 2.065e-05  6.270e+10  1.245e-05  3.5209e-03  1.0189e-01
3.68781e+03  1.829e+00       1.558e+16    2.282e+18  1.780e+14  7.882e-01 2.493e-06 1.073e-05 8.595e-05 1.264e-05 8.786e-05 2.070e-05  6.448e+10  1.281e-05  3.5426e-03  1.0226e-01
3.66466e+03  1.838e+00       1.582e+16    2.317e+18  1.812e+14  7.962e-01 2.501e-06 1.076e-05 8.595e-05 1.264e-05 8.787e-05 2.075e-05  6.629e+10  1.317e-05  3.5645e-03  1.0264e-01
3.64167e+03  1.847e+00       1.605e+16    2.351e+18  1.844e+14  8.042e-01 2.509e-06 1.080e-05 8.595e-05 1.264e-05 8.788e-05 2.080e-05  6.814e+10  1.354e-05  3.5865e-03  1.0302e-01
3.61886e+03  1.857e+00       1.629e+16    2.386e+18  1.876e+14  8.122e-01 2.517e-06 1.083e-05 8.595e-05 1.264e-05 8.790e-05 2.085e-05  7.001e+10  1.391e-05  3.6086e-03  1.0340e-01
3.59623e+03  1.866e+00       1.653e+16    2.420e+18  1.909e+14  8.203e-01 2.525e-06 1.087e-05 8.596e-05 1.265e-05 8.791e-05 2.090e-05  7.192e+10  1.429e-05  3.6308e-03  1.0378e-01
3.57376e+03  1.875e+00       1.677e+16    2.455e+18  1.941e+14  8.284e-01 2.533e-06 1.090e-05 8.596e-05 1.265e-05 8.792e-05 2.096e-05  7.386e+10  1.467e-05  3.6531e-03  1.0416e-01
3.55147e+03  1.884e+00       1.700e+16    2.489e+18  1.974e+14  8.365e-01 2.541e-06 1.093e-05 8.596e-05 1.265e-05 8.793e-05 2.101e-05  7.584e+10  1.506e-05  3.6755e-03  1.0454e-01
3.52934e+03  1.893e+00       1.724e+16    2.523e+18  2.006e+14  8.447e-01 2.549e-06 1.097e-05 8.596e-05 1.265e-05 8.795e-05 2.106e-05  7.784e+10  1.546e-05  3.6980e-03  1.0492e-01
3.50739e+03  1.903e+00       1.747e+16    2.557e+18  2.039e+14  8.530e-01 2.557e-06 1.100e-05 8.596e-05 1.265e-05 8.796e-05 2.111e-05  7.988e+10  1.587e-05  3.7206e-03  1.0530e-01
3.48560e+03  1.912e+00       1.771e+16    2.591e+18  2.071e+14  8.613e-01 2.565e-06 1.104e-05 8.596e-05 1.265e-05 8.797e-05 2.117e-05  8.195e+10  1.628e-05  3.7433e-03  1.0569e-01
3.46397e+03  1.921e+00       1.794e+16    2.624e+18  2.104e+14  8.696e-01 2.573e-06 1.107e-05 8.596e-05 1.266e-05 8.798e-05 2.122e-05  8.406e+10  1.670e-05  3.7662e-03  1.0607e-01
3.44251e+03  1.930e+00       1.817e+16    2.658e+18  2.137e+14  8.779e-01 2.581e-06 1.111e-05 8.596e-05 1.266e-05 8.800e-05 2.127e-05  8.619e+10  1.712e-05  3.7891e-03  1.0645e-01
3.42122e+03  1.939e+00       1.840e+16    2.691e+18  2.170e+14  8.863e-01 2.589e-06 1.114e-05 8.596e-05 1.266e-05 8.801e-05 2.132e-05  8.836e+10  1.755e-05  3.8121e-03  1.0684e-01
3.40008e+03  1.949e+00       1.863e+16    2.724e+18  2.202e+14  8.948e-01 2.597e-06 1.117e-05 8.596e-05 1.266e-05 8.802e-05 2.138e-05  9.056e+10  1.799e-05  3.8352e-03  1.0722e-01
3.37911e+03  1.958e+00       1.886e+16    2.757e+18  2.235e+14  9.033e-01 2.605e-06 1.121e-05 8.596e-05 1.266e-05 8.804e-05 2.143e-05  9.280e+10  1.843e-05  3.8584e-03  1.0760e-01
3.35830e+03  1.967e+00       1.908e+16    2.790e+18  2.268e+14  9.118e-01 2.613e-06 1.124e-05 8.596e-05 1.266e-05 8.805e-05 2.148e-05  9.507e+10  1.888e-05  3.8818e-03  1.0799e-01
3.33764e+03  1.976e+00       1.931e+16    2.822e+18  2.301e+14  9.203e-01 2.621e-06 1.128e-05 8.596e-05 1.267e-05 8.806e-05 2.154e-05  9.737e+10  1.934e-05  3.9052e-03  1.0837e-01
3.31715e+03  1.986e+00       1.953e+16    2.855e+18  2.333e+14  9.289e-01 2.629e-06 1.131e-05 8.596e-05 1.267e-05 8.807e-05 2.159e-05  9.970e+10  1.981e-05  3.9287e-03  1.0876e-01
3.29681e+03  1.995e+00       1.975e+16    2.887e+18  2.366e+14  9.376e-01 2.637e-06 1.135e-05 8.596e-05 1.267e-05 8.809e-05 2.164e-05  1.021e+11  2.028e-05  3.9524e-03  1.0915e-01
3.27663e+03  2.004e+00       1.997e+16    2.919e+18  2.399e+14  9.462e-01 2.645e-06 1.138e-05 8.596e-05 1.267e-05 8.810e-05 2.170e-05  1.045e+11  2.075e-05  3.9761e-03  1.0953e-01
3.25660e+03  2.013e+00       2.019e+16    2.950e+18  2.432e+14  9.550e-01 2.653e-06 1.142e-05 8.596e-05 1.267e-05 8.811e-05 2.175e-05  1.069e+11  2.124e-05  4.0000e-03  1.0992e-01
3.23672e+03  2.022e+00       2.041e+16    2.982e+18  2.464e+14  9.637e-01 2.661e-06 1.145e-05 8.596e-05 1.267e-05 8.813e-05 2.180e-05  1.094e+11  2.173e-05  4.0239e-03  1.1031e-01
3.21700e+03  2.032e+00       2.063e+16    3.013e+18  2.497e+14  9.725e-01 2.670e-06 1.149e-05 8.596e-05 1.268e-05 8.814e-05 2.186e-05  1.119e+11  2.222e-05  4.0479e-03  1.1069e-01
3.19742e+03  2.041e+00       2.084e+16    3.044e+18  2.529e+14  9.814e-01 2.678e-06 1.152e-05 8.596e-05 1.268e-05 8.815e-05 2.191e-05  1.144e+11  2.273e-05  4.0721e-03  1.1108e-01
3.17800e+03  2.050e+00       2.105e+16    3.074e+18  2.562e+14  9.902e-01 2.686e-06 1.156e-05 8.596e-05 1.268e-05 8.817e-05 2.197e-05  1.170e+11  2.324e-05  4.0963e-03  1.1147e-01
