Simulation Number PG.cFactor ExitSlit.openingHeight SU.photonEnergy SU.numberRays SU.electronSigmaX SU.electronSigmaY SU.electronSigmaYs
0                 2.25       0.02                   500             100000.0      17.15             2.43              0.81              
1                 2.25       0.02                   501             100000.0      17.15             2.43              0.81              
2                 2.25       0.02                   502             100000.0      17.15             2.43              0.81              
3                 2.25       0.02                   503             100000.0      17.15             2.43              0.81              
4                 2.25       0.02                   504             100000.0      17.15             2.43              0.81              
5                 2.25       0.02                   505             100000.0      17.15             2.43              0.81              
6                 2.25       0.02                   506             100000.0      17.15             2.43              0.81              
7                 2.25       0.02                   507             100000.0      17.15             2.43              0.81              
8                 2.25       0.02                   508             100000.0      17.15             2.43              0.81              
9                 2.25       0.02                   509             100000.0      17.15             2.43              0.81              
10                2.25       0.02                   510             100000.0      17.15             2.43              0.81              
11                2.25       0.02                   511             100000.0      17.15             2.43              0.81              
12                2.25       0.02                   512             100000.0      17.15             2.43              0.81              
13                2.25       0.02                   513             100000.0      17.15             2.43              0.81              
14                2.25       0.02                   514             100000.0      17.15             2.43              0.81              
15                2.25       0.02                   515             100000.0      17.15             2.43              0.81              
16                2.25       0.02                   516             100000.0      17.15             2.43              0.81              
17                2.25       0.02                   517             100000.0      17.15             2.43              0.81              
18                2.25       0.02                   518             100000.0      17.15             2.43              0.81              
19                2.25       0.02                   519             100000.0      17.15             2.43              0.81              
20                2.25       0.02                   520             100000.0      17.15             2.43              0.81              
21                2.25       0.02                   521             100000.0      17.15             2.43              0.81              
22                2.25       0.02                   522             100000.0      17.15             2.43              0.81              
23                2.25       0.02                   523             100000.0      17.15             2.43              0.81              
24                2.25       0.02                   524             100000.0      17.15             2.43              0.81              
25                2.25       0.02                   525             100000.0      17.15             2.43              0.81              
26                2.25       0.02                   526             100000.0      17.15             2.43              0.81              
27                2.25       0.02                   527             100000.0      17.15             2.43              0.81              
28                2.25       0.02                   528             100000.0      17.15             2.43              0.81              
29                2.25       0.02                   529             100000.0      17.15             2.43              0.81              
30                2.25       0.02                   530             100000.0      17.15             2.43              0.81              
31                2.25       0.02                   531             100000.0      17.15             2.43              0.81              
32                2.25       0.02                   532             100000.0      17.15             2.43              0.81              
33                2.25       0.02                   533             100000.0      17.15             2.43              0.81              
34                2.25       0.02                   534             100000.0      17.15             2.43              0.81              
35                2.25       0.02                   535             100000.0      17.15             2.43              0.81              
36                2.25       0.02                   536             100000.0      17.15             2.43              0.81              
37                2.25       0.02                   537             100000.0      17.15             2.43              0.81              
38                2.25       0.02                   538             100000.0      17.15             2.43              0.81              
39                2.25       0.02                   539             100000.0      17.15             2.43              0.81              
40                2.25       0.02                   540             100000.0      17.15             2.43              0.81              
41                2.25       0.02                   541             100000.0      17.15             2.43              0.81              
42                2.25       0.02                   542             100000.0      17.15             2.43              0.81              
43                2.25       0.02                   543             100000.0      17.15             2.43              0.81              
44                2.25       0.02                   544             100000.0      17.15             2.43              0.81              
45                2.25       0.02                   545             100000.0      17.15             2.43              0.81              
46                2.25       0.02                   546             100000.0      17.15             2.43              0.81              
47                2.25       0.02                   547             100000.0      17.15             2.43              0.81              
48                2.25       0.02                   548             100000.0      17.15             2.43              0.81              
49                2.25       0.02                   549             100000.0      17.15             2.43              0.81              
50                2.25       0.02                   550             100000.0      17.15             2.43              0.81              
51                2.25       0.02                   551             100000.0      17.15             2.43              0.81              
52                2.25       0.02                   552             100000.0      17.15             2.43              0.81              
53                2.25       0.02                   553             100000.0      17.15             2.43              0.81              
54                2.25       0.02                   554             100000.0      17.15             2.43              0.81              
55                2.25       0.02                   555             100000.0      17.15             2.43              0.81              
56                2.25       0.02                   556             100000.0      17.15             2.43              0.81              
57                2.25       0.02                   557             100000.0      17.15             2.43              0.81              
58                2.25       0.02                   558             100000.0      17.15             2.43              0.81              
59                2.25       0.02                   559             100000.0      17.15             2.43              0.81              
60                2.25       0.02                   560             100000.0      17.15             2.43              0.81              
61                2.25       0.02                   561             100000.0      17.15             2.43              0.81              
62                2.25       0.02                   562             100000.0      17.15             2.43              0.81              
63                2.25       0.02                   563             100000.0      17.15             2.43              0.81              
64                2.25       0.02                   564             100000.0      17.15             2.43              0.81              
65                2.25       0.02                   565             100000.0      17.15             2.43              0.81              
66                2.25       0.02                   566             100000.0      17.15             2.43              0.81              
67                2.25       0.02                   567             100000.0      17.15             2.43              0.81              
68                2.25       0.02                   568             100000.0      17.15             2.43              0.81              
69                2.25       0.02                   569             100000.0      17.15             2.43              0.81              
70                2.25       0.02                   570             100000.0      17.15             2.43              0.81              
71                2.25       0.02                   571             100000.0      17.15             2.43              0.81              
72                2.25       0.02                   572             100000.0      17.15             2.43              0.81              
73                2.25       0.02                   573             100000.0      17.15             2.43              0.81              
74                2.25       0.02                   574             100000.0      17.15             2.43              0.81              
75                2.25       0.02                   575             100000.0      17.15             2.43              0.81              
76                2.25       0.02                   576             100000.0      17.15             2.43              0.81              
77                2.25       0.02                   577             100000.0      17.15             2.43              0.81              
78                2.25       0.02                   578             100000.0      17.15             2.43              0.81              
79                2.25       0.02                   579             100000.0      17.15             2.43              0.81              
80                2.25       0.02                   580             100000.0      17.15             2.43              0.81              
81                2.25       0.02                   581             100000.0      17.15             2.43              0.81              
82                2.25       0.02                   582             100000.0      17.15             2.43              0.81              
83                2.25       0.02                   583             100000.0      17.15             2.43              0.81              
84                2.25       0.02                   584             100000.0      17.15             2.43              0.81              
85                2.25       0.02                   585             100000.0      17.15             2.43              0.81              
86                2.25       0.02                   586             100000.0      17.15             2.43              0.81              
87                2.25       0.02                   587             100000.0      17.15             2.43              0.81              
88                2.25       0.02                   588             100000.0      17.15             2.43              0.81              
89                2.25       0.02                   589             100000.0      17.15             2.43              0.81              
90                2.25       0.02                   590             100000.0      17.15             2.43              0.81              
91                2.25       0.02                   591             100000.0      17.15             2.43              0.81              
92                2.25       0.02                   592             100000.0      17.15             2.43              0.81              
93                2.25       0.02                   593             100000.0      17.15             2.43              0.81              
94                2.25       0.02                   594             100000.0      17.15             2.43              0.81              
95                2.25       0.02                   595             100000.0      17.15             2.43              0.81              
96                2.25       0.02                   596             100000.0      17.15             2.43              0.81              
97                2.25       0.02                   597             100000.0      17.15             2.43              0.81              
98                2.25       0.02                   598             100000.0      17.15             2.43              0.81              
99                2.25       0.02                   599             100000.0      17.15             2.43              0.81              
100               2.25       0.02                   600             100000.0      17.15             2.43              0.81              
101               2.25       0.02                   601             100000.0      17.15             2.43              0.81              
102               2.25       0.02                   602             100000.0      17.15             2.43              0.81              
103               2.25       0.02                   603             100000.0      17.15             2.43              0.81              
104               2.25       0.02                   604             100000.0      17.15             2.43              0.81              
105               2.25       0.02                   605             100000.0      17.15             2.43              0.81              
106               2.25       0.02                   606             100000.0      17.15             2.43              0.81              
107               2.25       0.02                   607             100000.0      17.15             2.43              0.81              
108               2.25       0.02                   608             100000.0      17.15             2.43              0.81              
109               2.25       0.02                   609             100000.0      17.15             2.43              0.81              
110               2.25       0.02                   610             100000.0      17.15             2.43              0.81              
111               2.25       0.02                   611             100000.0      17.15             2.43              0.81              
112               2.25       0.02                   612             100000.0      17.15             2.43              0.81              
113               2.25       0.02                   613             100000.0      17.15             2.43              0.81              
114               2.25       0.02                   614             100000.0      17.15             2.43              0.81              
115               2.25       0.02                   615             100000.0      17.15             2.43              0.81              
116               2.25       0.02                   616             100000.0      17.15             2.43              0.81              
117               2.25       0.02                   617             100000.0      17.15             2.43              0.81              
118               2.25       0.02                   618             100000.0      17.15             2.43              0.81              
119               2.25       0.02                   619             100000.0      17.15             2.43              0.81              
120               2.25       0.02                   620             100000.0      17.15             2.43              0.81              
121               2.25       0.02                   621             100000.0      17.15             2.43              0.81              
122               2.25       0.02                   622             100000.0      17.15             2.43              0.81              
123               2.25       0.02                   623             100000.0      17.15             2.43              0.81              
124               2.25       0.02                   624             100000.0      17.15             2.43              0.81              
125               2.25       0.02                   625             100000.0      17.15             2.43              0.81              
126               2.25       0.02                   626             100000.0      17.15             2.43              0.81              
127               2.25       0.02                   627             100000.0      17.15             2.43              0.81              
128               2.25       0.02                   628             100000.0      17.15             2.43              0.81              
129               2.25       0.02                   629             100000.0      17.15             2.43              0.81              
130               2.25       0.02                   630             100000.0      17.15             2.43              0.81              
131               2.25       0.02                   631             100000.0      17.15             2.43              0.81              
132               2.25       0.02                   632             100000.0      17.15             2.43              0.81              
133               2.25       0.02                   633             100000.0      17.15             2.43              0.81              
134               2.25       0.02                   634             100000.0      17.15             2.43              0.81              
135               2.25       0.02                   635             100000.0      17.15             2.43              0.81              
136               2.25       0.02                   636             100000.0      17.15             2.43              0.81              
137               2.25       0.02                   637             100000.0      17.15             2.43              0.81              
138               2.25       0.02                   638             100000.0      17.15             2.43              0.81              
139               2.25       0.02                   639             100000.0      17.15             2.43              0.81              
140               2.25       0.02                   640             100000.0      17.15             2.43              0.81              
141               2.25       0.02                   641             100000.0      17.15             2.43              0.81              
142               2.25       0.02                   642             100000.0      17.15             2.43              0.81              
143               2.25       0.02                   643             100000.0      17.15             2.43              0.81              
144               2.25       0.02                   644             100000.0      17.15             2.43              0.81              
145               2.25       0.02                   645             100000.0      17.15             2.43              0.81              
146               2.25       0.02                   646             100000.0      17.15             2.43              0.81              
147               2.25       0.02                   647             100000.0      17.15             2.43              0.81              
148               2.25       0.02                   648             100000.0      17.15             2.43              0.81              
149               2.25       0.02                   649             100000.0      17.15             2.43              0.81              
150               2.25       0.02                   650             100000.0      17.15             2.43              0.81              
151               2.25       0.02                   651             100000.0      17.15             2.43              0.81              
152               2.25       0.02                   652             100000.0      17.15             2.43              0.81              
153               2.25       0.02                   653             100000.0      17.15             2.43              0.81              
154               2.25       0.02                   654             100000.0      17.15             2.43              0.81              
155               2.25       0.02                   655             100000.0      17.15             2.43              0.81              
156               2.25       0.02                   656             100000.0      17.15             2.43              0.81              
157               2.25       0.02                   657             100000.0      17.15             2.43              0.81              
158               2.25       0.02                   658             100000.0      17.15             2.43              0.81              
159               2.25       0.02                   659             100000.0      17.15             2.43              0.81              
160               2.25       0.02                   660             100000.0      17.15             2.43              0.81              
161               2.25       0.02                   661             100000.0      17.15             2.43              0.81              
162               2.25       0.02                   662             100000.0      17.15             2.43              0.81              
163               2.25       0.02                   663             100000.0      17.15             2.43              0.81              
164               2.25       0.02                   664             100000.0      17.15             2.43              0.81              
165               2.25       0.02                   665             100000.0      17.15             2.43              0.81              
166               2.25       0.02                   666             100000.0      17.15             2.43              0.81              
167               2.25       0.02                   667             100000.0      17.15             2.43              0.81              
168               2.25       0.02                   668             100000.0      17.15             2.43              0.81              
169               2.25       0.02                   669             100000.0      17.15             2.43              0.81              
170               2.25       0.02                   670             100000.0      17.15             2.43              0.81              
171               2.25       0.02                   671             100000.0      17.15             2.43              0.81              
172               2.25       0.02                   672             100000.0      17.15             2.43              0.81              
173               2.25       0.02                   673             100000.0      17.15             2.43              0.81              
174               2.25       0.02                   674             100000.0      17.15             2.43              0.81              
175               2.25       0.02                   675             100000.0      17.15             2.43              0.81              
176               2.25       0.02                   676             100000.0      17.15             2.43              0.81              
177               2.25       0.02                   677             100000.0      17.15             2.43              0.81              
178               2.25       0.02                   678             100000.0      17.15             2.43              0.81              
179               2.25       0.02                   679             100000.0      17.15             2.43              0.81              
180               2.25       0.02                   680             100000.0      17.15             2.43              0.81              
181               2.25       0.02                   681             100000.0      17.15             2.43              0.81              
182               2.25       0.02                   682             100000.0      17.15             2.43              0.81              
183               2.25       0.02                   683             100000.0      17.15             2.43              0.81              
184               2.25       0.02                   684             100000.0      17.15             2.43              0.81              
185               2.25       0.02                   685             100000.0      17.15             2.43              0.81              
186               2.25       0.02                   686             100000.0      17.15             2.43              0.81              
187               2.25       0.02                   687             100000.0      17.15             2.43              0.81              
188               2.25       0.02                   688             100000.0      17.15             2.43              0.81              
189               2.25       0.02                   689             100000.0      17.15             2.43              0.81              
190               2.25       0.02                   690             100000.0      17.15             2.43              0.81              
191               2.25       0.02                   691             100000.0      17.15             2.43              0.81              
192               2.25       0.02                   692             100000.0      17.15             2.43              0.81              
193               2.25       0.02                   693             100000.0      17.15             2.43              0.81              
194               2.25       0.02                   694             100000.0      17.15             2.43              0.81              
195               2.25       0.02                   695             100000.0      17.15             2.43              0.81              
196               2.25       0.02                   696             100000.0      17.15             2.43              0.81              
197               2.25       0.02                   697             100000.0      17.15             2.43              0.81              
198               2.25       0.02                   698             100000.0      17.15             2.43              0.81              
199               2.25       0.02                   699             100000.0      17.15             2.43              0.81              
200               2.25       0.02                   700             100000.0      17.15             2.43              0.81              
201               2.25       0.02                   701             100000.0      17.15             2.43              0.81              
202               2.25       0.02                   702             100000.0      17.15             2.43              0.81              
203               2.25       0.02                   703             100000.0      17.15             2.43              0.81              
204               2.25       0.02                   704             100000.0      17.15             2.43              0.81              
205               2.25       0.02                   705             100000.0      17.15             2.43              0.81              
206               2.25       0.02                   706             100000.0      17.15             2.43              0.81              
207               2.25       0.02                   707             100000.0      17.15             2.43              0.81              
208               2.25       0.02                   708             100000.0      17.15             2.43              0.81              
209               2.25       0.02                   709             100000.0      17.15             2.43              0.81              
210               2.25       0.02                   710             100000.0      17.15             2.43              0.81              
211               2.25       0.02                   711             100000.0      17.15             2.43              0.81              
212               2.25       0.02                   712             100000.0      17.15             2.43              0.81              
213               2.25       0.02                   713             100000.0      17.15             2.43              0.81              
214               2.25       0.02                   714             100000.0      17.15             2.43              0.81              
215               2.25       0.02                   715             100000.0      17.15             2.43              0.81              
216               2.25       0.02                   716             100000.0      17.15             2.43              0.81              
217               2.25       0.02                   717             100000.0      17.15             2.43              0.81              
218               2.25       0.02                   718             100000.0      17.15             2.43              0.81              
219               2.25       0.02                   719             100000.0      17.15             2.43              0.81              
220               2.25       0.02                   720             100000.0      17.15             2.43              0.81              
221               2.25       0.02                   721             100000.0      17.15             2.43              0.81              
222               2.25       0.02                   722             100000.0      17.15             2.43              0.81              
223               2.25       0.02                   723             100000.0      17.15             2.43              0.81              
224               2.25       0.02                   724             100000.0      17.15             2.43              0.81              
225               2.25       0.02                   725             100000.0      17.15             2.43              0.81              
226               2.25       0.02                   726             100000.0      17.15             2.43              0.81              
227               2.25       0.02                   727             100000.0      17.15             2.43              0.81              
228               2.25       0.02                   728             100000.0      17.15             2.43              0.81              
229               2.25       0.02                   729             100000.0      17.15             2.43              0.81              
230               2.25       0.02                   730             100000.0      17.15             2.43              0.81              
231               2.25       0.02                   731             100000.0      17.15             2.43              0.81              
232               2.25       0.02                   732             100000.0      17.15             2.43              0.81              
233               2.25       0.02                   733             100000.0      17.15             2.43              0.81              
234               2.25       0.02                   734             100000.0      17.15             2.43              0.81              
235               2.25       0.02                   735             100000.0      17.15             2.43              0.81              
236               2.25       0.02                   736             100000.0      17.15             2.43              0.81              
237               2.25       0.02                   737             100000.0      17.15             2.43              0.81              
238               2.25       0.02                   738             100000.0      17.15             2.43              0.81              
239               2.25       0.02                   739             100000.0      17.15             2.43              0.81              
240               2.25       0.02                   740             100000.0      17.15             2.43              0.81              
241               2.25       0.02                   741             100000.0      17.15             2.43              0.81              
242               2.25       0.02                   742             100000.0      17.15             2.43              0.81              
243               2.25       0.02                   743             100000.0      17.15             2.43              0.81              
244               2.25       0.02                   744             100000.0      17.15             2.43              0.81              
245               2.25       0.02                   745             100000.0      17.15             2.43              0.81              
246               2.25       0.02                   746             100000.0      17.15             2.43              0.81              
247               2.25       0.02                   747             100000.0      17.15             2.43              0.81              
248               2.25       0.02                   748             100000.0      17.15             2.43              0.81              
249               2.25       0.02                   749             100000.0      17.15             2.43              0.81              
250               2.25       0.02                   750             100000.0      17.15             2.43              0.81              
251               2.25       0.02                   751             100000.0      17.15             2.43              0.81              
252               2.25       0.02                   752             100000.0      17.15             2.43              0.81              
253               2.25       0.02                   753             100000.0      17.15             2.43              0.81              
254               2.25       0.02                   754             100000.0      17.15             2.43              0.81              
255               2.25       0.02                   755             100000.0      17.15             2.43              0.81              
256               2.25       0.02                   756             100000.0      17.15             2.43              0.81              
257               2.25       0.02                   757             100000.0      17.15             2.43              0.81              
258               2.25       0.02                   758             100000.0      17.15             2.43              0.81              
259               2.25       0.02                   759             100000.0      17.15             2.43              0.81              
260               2.25       0.02                   760             100000.0      17.15             2.43              0.81              
261               2.25       0.02                   761             100000.0      17.15             2.43              0.81              
262               2.25       0.02                   762             100000.0      17.15             2.43              0.81              
263               2.25       0.02                   763             100000.0      17.15             2.43              0.81              
264               2.25       0.02                   764             100000.0      17.15             2.43              0.81              
265               2.25       0.02                   765             100000.0      17.15             2.43              0.81              
266               2.25       0.02                   766             100000.0      17.15             2.43              0.81              
267               2.25       0.02                   767             100000.0      17.15             2.43              0.81              
268               2.25       0.02                   768             100000.0      17.15             2.43              0.81              
269               2.25       0.02                   769             100000.0      17.15             2.43              0.81              
270               2.25       0.02                   770             100000.0      17.15             2.43              0.81              
271               2.25       0.02                   771             100000.0      17.15             2.43              0.81              
272               2.25       0.02                   772             100000.0      17.15             2.43              0.81              
273               2.25       0.02                   773             100000.0      17.15             2.43              0.81              
274               2.25       0.02                   774             100000.0      17.15             2.43              0.81              
275               2.25       0.02                   775             100000.0      17.15             2.43              0.81              
276               2.25       0.02                   776             100000.0      17.15             2.43              0.81              
277               2.25       0.02                   777             100000.0      17.15             2.43              0.81              
278               2.25       0.02                   778             100000.0      17.15             2.43              0.81              
279               2.25       0.02                   779             100000.0      17.15             2.43              0.81              
280               2.25       0.02                   780             100000.0      17.15             2.43              0.81              
281               2.25       0.02                   781             100000.0      17.15             2.43              0.81              
282               2.25       0.02                   782             100000.0      17.15             2.43              0.81              
283               2.25       0.02                   783             100000.0      17.15             2.43              0.81              
284               2.25       0.02                   784             100000.0      17.15             2.43              0.81              
285               2.25       0.02                   785             100000.0      17.15             2.43              0.81              
286               2.25       0.02                   786             100000.0      17.15             2.43              0.81              
287               2.25       0.02                   787             100000.0      17.15             2.43              0.81              
288               2.25       0.02                   788             100000.0      17.15             2.43              0.81              
289               2.25       0.02                   789             100000.0      17.15             2.43              0.81              
290               2.25       0.02                   790             100000.0      17.15             2.43              0.81              
291               2.25       0.02                   791             100000.0      17.15             2.43              0.81              
292               2.25       0.02                   792             100000.0      17.15             2.43              0.81              
293               2.25       0.02                   793             100000.0      17.15             2.43              0.81              
294               2.25       0.02                   794             100000.0      17.15             2.43              0.81              
295               2.25       0.02                   795             100000.0      17.15             2.43              0.81              
296               2.25       0.02                   796             100000.0      17.15             2.43              0.81              
297               2.25       0.02                   797             100000.0      17.15             2.43              0.81              
298               2.25       0.02                   798             100000.0      17.15             2.43              0.81              
299               2.25       0.02                   799             100000.0      17.15             2.43              0.81              
300               2.25       0.02                   800             100000.0      17.15             2.43              0.81              
301               2.25       0.02                   801             100000.0      17.15             2.43              0.81              
302               2.25       0.02                   802             100000.0      17.15             2.43              0.81              
303               2.25       0.02                   803             100000.0      17.15             2.43              0.81              
304               2.25       0.02                   804             100000.0      17.15             2.43              0.81              
305               2.25       0.02                   805             100000.0      17.15             2.43              0.81              
306               2.25       0.02                   806             100000.0      17.15             2.43              0.81              
307               2.25       0.02                   807             100000.0      17.15             2.43              0.81              
308               2.25       0.02                   808             100000.0      17.15             2.43              0.81              
309               2.25       0.02                   809             100000.0      17.15             2.43              0.81              
310               2.25       0.02                   810             100000.0      17.15             2.43              0.81              
311               2.25       0.02                   811             100000.0      17.15             2.43              0.81              
312               2.25       0.02                   812             100000.0      17.15             2.43              0.81              
313               2.25       0.02                   813             100000.0      17.15             2.43              0.81              
314               2.25       0.02                   814             100000.0      17.15             2.43              0.81              
315               2.25       0.02                   815             100000.0      17.15             2.43              0.81              
316               2.25       0.02                   816             100000.0      17.15             2.43              0.81              
317               2.25       0.02                   817             100000.0      17.15             2.43              0.81              
318               2.25       0.02                   818             100000.0      17.15             2.43              0.81              
319               2.25       0.02                   819             100000.0      17.15             2.43              0.81              
320               2.25       0.02                   820             100000.0      17.15             2.43              0.81              
321               2.25       0.02                   821             100000.0      17.15             2.43              0.81              
322               2.25       0.02                   822             100000.0      17.15             2.43              0.81              
323               2.25       0.02                   823             100000.0      17.15             2.43              0.81              
324               2.25       0.02                   824             100000.0      17.15             2.43              0.81              
325               2.25       0.02                   825             100000.0      17.15             2.43              0.81              
326               2.25       0.02                   826             100000.0      17.15             2.43              0.81              
327               2.25       0.02                   827             100000.0      17.15             2.43              0.81              
328               2.25       0.02                   828             100000.0      17.15             2.43              0.81              
329               2.25       0.02                   829             100000.0      17.15             2.43              0.81              
330               2.25       0.02                   830             100000.0      17.15             2.43              0.81              
331               2.25       0.02                   831             100000.0      17.15             2.43              0.81              
332               2.25       0.02                   832             100000.0      17.15             2.43              0.81              
333               2.25       0.02                   833             100000.0      17.15             2.43              0.81              
334               2.25       0.02                   834             100000.0      17.15             2.43              0.81              
335               2.25       0.02                   835             100000.0      17.15             2.43              0.81              
336               2.25       0.02                   836             100000.0      17.15             2.43              0.81              
337               2.25       0.02                   837             100000.0      17.15             2.43              0.81              
338               2.25       0.02                   838             100000.0      17.15             2.43              0.81              
339               2.25       0.02                   839             100000.0      17.15             2.43              0.81              
340               2.25       0.02                   840             100000.0      17.15             2.43              0.81              
341               2.25       0.02                   841             100000.0      17.15             2.43              0.81              
342               2.25       0.02                   842             100000.0      17.15             2.43              0.81              
343               2.25       0.02                   843             100000.0      17.15             2.43              0.81              
344               2.25       0.02                   844             100000.0      17.15             2.43              0.81              
345               2.25       0.02                   845             100000.0      17.15             2.43              0.81              
346               2.25       0.02                   846             100000.0      17.15             2.43              0.81              
347               2.25       0.02                   847             100000.0      17.15             2.43              0.81              
348               2.25       0.02                   848             100000.0      17.15             2.43              0.81              
349               2.25       0.02                   849             100000.0      17.15             2.43              0.81              
350               2.25       0.02                   850             100000.0      17.15             2.43              0.81              
351               2.25       0.02                   851             100000.0      17.15             2.43              0.81              
352               2.25       0.02                   852             100000.0      17.15             2.43              0.81              
353               2.25       0.02                   853             100000.0      17.15             2.43              0.81              
354               2.25       0.02                   854             100000.0      17.15             2.43              0.81              
355               2.25       0.02                   855             100000.0      17.15             2.43              0.81              
356               2.25       0.02                   856             100000.0      17.15             2.43              0.81              
357               2.25       0.02                   857             100000.0      17.15             2.43              0.81              
358               2.25       0.02                   858             100000.0      17.15             2.43              0.81              
359               2.25       0.02                   859             100000.0      17.15             2.43              0.81              
360               2.25       0.02                   860             100000.0      17.15             2.43              0.81              
361               2.25       0.02                   861             100000.0      17.15             2.43              0.81              
362               2.25       0.02                   862             100000.0      17.15             2.43              0.81              
363               2.25       0.02                   863             100000.0      17.15             2.43              0.81              
364               2.25       0.02                   864             100000.0      17.15             2.43              0.81              
365               2.25       0.02                   865             100000.0      17.15             2.43              0.81              
366               2.25       0.02                   866             100000.0      17.15             2.43              0.81              
367               2.25       0.02                   867             100000.0      17.15             2.43              0.81              
368               2.25       0.02                   868             100000.0      17.15             2.43              0.81              
369               2.25       0.02                   869             100000.0      17.15             2.43              0.81              
370               2.25       0.02                   870             100000.0      17.15             2.43              0.81              
371               2.25       0.02                   871             100000.0      17.15             2.43              0.81              
372               2.25       0.02                   872             100000.0      17.15             2.43              0.81              
373               2.25       0.02                   873             100000.0      17.15             2.43              0.81              
374               2.25       0.02                   874             100000.0      17.15             2.43              0.81              
375               2.25       0.02                   875             100000.0      17.15             2.43              0.81              
376               2.25       0.02                   876             100000.0      17.15             2.43              0.81              
377               2.25       0.02                   877             100000.0      17.15             2.43              0.81              
378               2.25       0.02                   878             100000.0      17.15             2.43              0.81              
379               2.25       0.02                   879             100000.0      17.15             2.43              0.81              
380               2.25       0.02                   880             100000.0      17.15             2.43              0.81              
381               2.25       0.02                   881             100000.0      17.15             2.43              0.81              
382               2.25       0.02                   882             100000.0      17.15             2.43              0.81              
383               2.25       0.02                   883             100000.0      17.15             2.43              0.81              
384               2.25       0.02                   884             100000.0      17.15             2.43              0.81              
385               2.25       0.02                   885             100000.0      17.15             2.43              0.81              
386               2.25       0.02                   886             100000.0      17.15             2.43              0.81              
387               2.25       0.02                   887             100000.0      17.15             2.43              0.81              
388               2.25       0.02                   888             100000.0      17.15             2.43              0.81              
389               2.25       0.02                   889             100000.0      17.15             2.43              0.81              
390               2.25       0.02                   890             100000.0      17.15             2.43              0.81              
391               2.25       0.02                   891             100000.0      17.15             2.43              0.81              
392               2.25       0.02                   892             100000.0      17.15             2.43              0.81              
393               2.25       0.02                   893             100000.0      17.15             2.43              0.81              
394               2.25       0.02                   894             100000.0      17.15             2.43              0.81              
395               2.25       0.02                   895             100000.0      17.15             2.43              0.81              
396               2.25       0.02                   896             100000.0      17.15             2.43              0.81              
397               2.25       0.02                   897             100000.0      17.15             2.43              0.81              
398               2.25       0.02                   898             100000.0      17.15             2.43              0.81              
399               2.25       0.02                   899             100000.0      17.15             2.43              0.81              
400               2.25       0.02                   900             100000.0      17.15             2.43              0.81              
401               2.25       0.02                   901             100000.0      17.15             2.43              0.81              
402               2.25       0.02                   902             100000.0      17.15             2.43              0.81              
403               2.25       0.02                   903             100000.0      17.15             2.43              0.81              
404               2.25       0.02                   904             100000.0      17.15             2.43              0.81              
405               2.25       0.02                   905             100000.0      17.15             2.43              0.81              
406               2.25       0.02                   906             100000.0      17.15             2.43              0.81              
407               2.25       0.02                   907             100000.0      17.15             2.43              0.81              
408               2.25       0.02                   908             100000.0      17.15             2.43              0.81              
409               2.25       0.02                   909             100000.0      17.15             2.43              0.81              
410               2.25       0.02                   910             100000.0      17.15             2.43              0.81              
411               2.25       0.02                   911             100000.0      17.15             2.43              0.81              
412               2.25       0.02                   912             100000.0      17.15             2.43              0.81              
413               2.25       0.02                   913             100000.0      17.15             2.43              0.81              
414               2.25       0.02                   914             100000.0      17.15             2.43              0.81              
415               2.25       0.02                   915             100000.0      17.15             2.43              0.81              
416               2.25       0.02                   916             100000.0      17.15             2.43              0.81              
417               2.25       0.02                   917             100000.0      17.15             2.43              0.81              
418               2.25       0.02                   918             100000.0      17.15             2.43              0.81              
419               2.25       0.02                   919             100000.0      17.15             2.43              0.81              
420               2.25       0.02                   920             100000.0      17.15             2.43              0.81              
421               2.25       0.02                   921             100000.0      17.15             2.43              0.81              
422               2.25       0.02                   922             100000.0      17.15             2.43              0.81              
423               2.25       0.02                   923             100000.0      17.15             2.43              0.81              
424               2.25       0.02                   924             100000.0      17.15             2.43              0.81              
425               2.25       0.02                   925             100000.0      17.15             2.43              0.81              
426               2.25       0.02                   926             100000.0      17.15             2.43              0.81              
427               2.25       0.02                   927             100000.0      17.15             2.43              0.81              
428               2.25       0.02                   928             100000.0      17.15             2.43              0.81              
429               2.25       0.02                   929             100000.0      17.15             2.43              0.81              
430               2.25       0.02                   930             100000.0      17.15             2.43              0.81              
431               2.25       0.02                   931             100000.0      17.15             2.43              0.81              
432               2.25       0.02                   932             100000.0      17.15             2.43              0.81              
433               2.25       0.02                   933             100000.0      17.15             2.43              0.81              
434               2.25       0.02                   934             100000.0      17.15             2.43              0.81              
435               2.25       0.02                   935             100000.0      17.15             2.43              0.81              
436               2.25       0.02                   936             100000.0      17.15             2.43              0.81              
437               2.25       0.02                   937             100000.0      17.15             2.43              0.81              
438               2.25       0.02                   938             100000.0      17.15             2.43              0.81              
439               2.25       0.02                   939             100000.0      17.15             2.43              0.81              
440               2.25       0.02                   940             100000.0      17.15             2.43              0.81              
441               2.25       0.02                   941             100000.0      17.15             2.43              0.81              
442               2.25       0.02                   942             100000.0      17.15             2.43              0.81              
443               2.25       0.02                   943             100000.0      17.15             2.43              0.81              
444               2.25       0.02                   944             100000.0      17.15             2.43              0.81              
445               2.25       0.02                   945             100000.0      17.15             2.43              0.81              
446               2.25       0.02                   946             100000.0      17.15             2.43              0.81              
447               2.25       0.02                   947             100000.0      17.15             2.43              0.81              
448               2.25       0.02                   948             100000.0      17.15             2.43              0.81              
449               2.25       0.02                   949             100000.0      17.15             2.43              0.81              
450               2.25       0.02                   950             100000.0      17.15             2.43              0.81              
451               2.25       0.02                   951             100000.0      17.15             2.43              0.81              
452               2.25       0.02                   952             100000.0      17.15             2.43              0.81              
453               2.25       0.02                   953             100000.0      17.15             2.43              0.81              
454               2.25       0.02                   954             100000.0      17.15             2.43              0.81              
455               2.25       0.02                   955             100000.0      17.15             2.43              0.81              
456               2.25       0.02                   956             100000.0      17.15             2.43              0.81              
457               2.25       0.02                   957             100000.0      17.15             2.43              0.81              
458               2.25       0.02                   958             100000.0      17.15             2.43              0.81              
459               2.25       0.02                   959             100000.0      17.15             2.43              0.81              
460               2.25       0.02                   960             100000.0      17.15             2.43              0.81              
461               2.25       0.02                   961             100000.0      17.15             2.43              0.81              
462               2.25       0.02                   962             100000.0      17.15             2.43              0.81              
463               2.25       0.02                   963             100000.0      17.15             2.43              0.81              
464               2.25       0.02                   964             100000.0      17.15             2.43              0.81              
465               2.25       0.02                   965             100000.0      17.15             2.43              0.81              
466               2.25       0.02                   966             100000.0      17.15             2.43              0.81              
467               2.25       0.02                   967             100000.0      17.15             2.43              0.81              
468               2.25       0.02                   968             100000.0      17.15             2.43              0.81              
469               2.25       0.02                   969             100000.0      17.15             2.43              0.81              
470               2.25       0.02                   970             100000.0      17.15             2.43              0.81              
471               2.25       0.02                   971             100000.0      17.15             2.43              0.81              
472               2.25       0.02                   972             100000.0      17.15             2.43              0.81              
473               2.25       0.02                   973             100000.0      17.15             2.43              0.81              
474               2.25       0.02                   974             100000.0      17.15             2.43              0.81              
475               2.25       0.02                   975             100000.0      17.15             2.43              0.81              
476               2.25       0.02                   976             100000.0      17.15             2.43              0.81              
477               2.25       0.02                   977             100000.0      17.15             2.43              0.81              
478               2.25       0.02                   978             100000.0      17.15             2.43              0.81              
479               2.25       0.02                   979             100000.0      17.15             2.43              0.81              
480               2.25       0.02                   980             100000.0      17.15             2.43              0.81              
481               2.25       0.02                   981             100000.0      17.15             2.43              0.81              
482               2.25       0.02                   982             100000.0      17.15             2.43              0.81              
483               2.25       0.02                   983             100000.0      17.15             2.43              0.81              
484               2.25       0.02                   984             100000.0      17.15             2.43              0.81              
485               2.25       0.02                   985             100000.0      17.15             2.43              0.81              
486               2.25       0.02                   986             100000.0      17.15             2.43              0.81              
487               2.25       0.02                   987             100000.0      17.15             2.43              0.81              
488               2.25       0.02                   988             100000.0      17.15             2.43              0.81              
489               2.25       0.02                   989             100000.0      17.15             2.43              0.81              
490               2.25       0.02                   990             100000.0      17.15             2.43              0.81              
491               2.25       0.02                   991             100000.0      17.15             2.43              0.81              
492               2.25       0.02                   992             100000.0      17.15             2.43              0.81              
493               2.25       0.02                   993             100000.0      17.15             2.43              0.81              
494               2.25       0.02                   994             100000.0      17.15             2.43              0.81              
495               2.25       0.02                   995             100000.0      17.15             2.43              0.81              
496               2.25       0.02                   996             100000.0      17.15             2.43              0.81              
497               2.25       0.02                   997             100000.0      17.15             2.43              0.81              
498               2.25       0.02                   998             100000.0      17.15             2.43              0.81              
499               2.25       0.02                   999             100000.0      17.15             2.43              0.81              
500               2.25       0.02                   1000            100000.0      17.15             2.43              0.81              
501               2.25       0.02                   1001            100000.0      17.15             2.43              0.81              
502               2.25       0.02                   1002            100000.0      17.15             2.43              0.81              
503               2.25       0.02                   1003            100000.0      17.15             2.43              0.81              
504               2.25       0.02                   1004            100000.0      17.15             2.43              0.81              
505               2.25       0.02                   1005            100000.0      17.15             2.43              0.81              
506               2.25       0.02                   1006            100000.0      17.15             2.43              0.81              
507               2.25       0.02                   1007            100000.0      17.15             2.43              0.81              
508               2.25       0.02                   1008            100000.0      17.15             2.43              0.81              
509               2.25       0.02                   1009            100000.0      17.15             2.43              0.81              
510               2.25       0.02                   1010            100000.0      17.15             2.43              0.81              
511               2.25       0.02                   1011            100000.0      17.15             2.43              0.81              
512               2.25       0.02                   1012            100000.0      17.15             2.43              0.81              
513               2.25       0.02                   1013            100000.0      17.15             2.43              0.81              
514               2.25       0.02                   1014            100000.0      17.15             2.43              0.81              
515               2.25       0.02                   1015            100000.0      17.15             2.43              0.81              
516               2.25       0.02                   1016            100000.0      17.15             2.43              0.81              
517               2.25       0.02                   1017            100000.0      17.15             2.43              0.81              
518               2.25       0.02                   1018            100000.0      17.15             2.43              0.81              
519               2.25       0.02                   1019            100000.0      17.15             2.43              0.81              
520               2.25       0.02                   1020            100000.0      17.15             2.43              0.81              
521               2.25       0.02                   1021            100000.0      17.15             2.43              0.81              
522               2.25       0.02                   1022            100000.0      17.15             2.43              0.81              
523               2.25       0.02                   1023            100000.0      17.15             2.43              0.81              
524               2.25       0.02                   1024            100000.0      17.15             2.43              0.81              
525               2.25       0.02                   1025            100000.0      17.15             2.43              0.81              
526               2.25       0.02                   1026            100000.0      17.15             2.43              0.81              
527               2.25       0.02                   1027            100000.0      17.15             2.43              0.81              
528               2.25       0.02                   1028            100000.0      17.15             2.43              0.81              
529               2.25       0.02                   1029            100000.0      17.15             2.43              0.81              
530               2.25       0.02                   1030            100000.0      17.15             2.43              0.81              
531               2.25       0.02                   1031            100000.0      17.15             2.43              0.81              
532               2.25       0.02                   1032            100000.0      17.15             2.43              0.81              
533               2.25       0.02                   1033            100000.0      17.15             2.43              0.81              
534               2.25       0.02                   1034            100000.0      17.15             2.43              0.81              
535               2.25       0.02                   1035            100000.0      17.15             2.43              0.81              
536               2.25       0.02                   1036            100000.0      17.15             2.43              0.81              
537               2.25       0.02                   1037            100000.0      17.15             2.43              0.81              
538               2.25       0.02                   1038            100000.0      17.15             2.43              0.81              
539               2.25       0.02                   1039            100000.0      17.15             2.43              0.81              
540               2.25       0.02                   1040            100000.0      17.15             2.43              0.81              
541               2.25       0.02                   1041            100000.0      17.15             2.43              0.81              
542               2.25       0.02                   1042            100000.0      17.15             2.43              0.81              
543               2.25       0.02                   1043            100000.0      17.15             2.43              0.81              
544               2.25       0.02                   1044            100000.0      17.15             2.43              0.81              
545               2.25       0.02                   1045            100000.0      17.15             2.43              0.81              
546               2.25       0.02                   1046            100000.0      17.15             2.43              0.81              
547               2.25       0.02                   1047            100000.0      17.15             2.43              0.81              
548               2.25       0.02                   1048            100000.0      17.15             2.43              0.81              
549               2.25       0.02                   1049            100000.0      17.15             2.43              0.81              
550               2.25       0.02                   1050            100000.0      17.15             2.43              0.81              
551               2.25       0.02                   1051            100000.0      17.15             2.43              0.81              
552               2.25       0.02                   1052            100000.0      17.15             2.43              0.81              
553               2.25       0.02                   1053            100000.0      17.15             2.43              0.81              
554               2.25       0.02                   1054            100000.0      17.15             2.43              0.81              
555               2.25       0.02                   1055            100000.0      17.15             2.43              0.81              
556               2.25       0.02                   1056            100000.0      17.15             2.43              0.81              
557               2.25       0.02                   1057            100000.0      17.15             2.43              0.81              
558               2.25       0.02                   1058            100000.0      17.15             2.43              0.81              
559               2.25       0.02                   1059            100000.0      17.15             2.43              0.81              
560               2.25       0.02                   1060            100000.0      17.15             2.43              0.81              
561               2.25       0.02                   1061            100000.0      17.15             2.43              0.81              
562               2.25       0.02                   1062            100000.0      17.15             2.43              0.81              
563               2.25       0.02                   1063            100000.0      17.15             2.43              0.81              
564               2.25       0.02                   1064            100000.0      17.15             2.43              0.81              
565               2.25       0.02                   1065            100000.0      17.15             2.43              0.81              
566               2.25       0.02                   1066            100000.0      17.15             2.43              0.81              
567               2.25       0.02                   1067            100000.0      17.15             2.43              0.81              
568               2.25       0.02                   1068            100000.0      17.15             2.43              0.81              
569               2.25       0.02                   1069            100000.0      17.15             2.43              0.81              
570               2.25       0.02                   1070            100000.0      17.15             2.43              0.81              
571               2.25       0.02                   1071            100000.0      17.15             2.43              0.81              
572               2.25       0.02                   1072            100000.0      17.15             2.43              0.81              
573               2.25       0.02                   1073            100000.0      17.15             2.43              0.81              
574               2.25       0.02                   1074            100000.0      17.15             2.43              0.81              
575               2.25       0.02                   1075            100000.0      17.15             2.43              0.81              
576               2.25       0.02                   1076            100000.0      17.15             2.43              0.81              
577               2.25       0.02                   1077            100000.0      17.15             2.43              0.81              
578               2.25       0.02                   1078            100000.0      17.15             2.43              0.81              
579               2.25       0.02                   1079            100000.0      17.15             2.43              0.81              
580               2.25       0.02                   1080            100000.0      17.15             2.43              0.81              
581               2.25       0.02                   1081            100000.0      17.15             2.43              0.81              
582               2.25       0.02                   1082            100000.0      17.15             2.43              0.81              
583               2.25       0.02                   1083            100000.0      17.15             2.43              0.81              
584               2.25       0.02                   1084            100000.0      17.15             2.43              0.81              
585               2.25       0.02                   1085            100000.0      17.15             2.43              0.81              
586               2.25       0.02                   1086            100000.0      17.15             2.43              0.81              
587               2.25       0.02                   1087            100000.0      17.15             2.43              0.81              
588               2.25       0.02                   1088            100000.0      17.15             2.43              0.81              
589               2.25       0.02                   1089            100000.0      17.15             2.43              0.81              
590               2.25       0.02                   1090            100000.0      17.15             2.43              0.81              
591               2.25       0.02                   1091            100000.0      17.15             2.43              0.81              
592               2.25       0.02                   1092            100000.0      17.15             2.43              0.81              
593               2.25       0.02                   1093            100000.0      17.15             2.43              0.81              
594               2.25       0.02                   1094            100000.0      17.15             2.43              0.81              
595               2.25       0.02                   1095            100000.0      17.15             2.43              0.81              
596               2.25       0.02                   1096            100000.0      17.15             2.43              0.81              
597               2.25       0.02                   1097            100000.0      17.15             2.43              0.81              
598               2.25       0.02                   1098            100000.0      17.15             2.43              0.81              
599               2.25       0.02                   1099            100000.0      17.15             2.43              0.81              
